1480000 1951
1480010 1943
1480020 1936
1480030 1936
1480040 1929
1480050 1923
1480060 1923
1480070 1915
1480080 1907
1480090 1907
1480100 1900
1480110 1892
1480120 1885
1480130 1885
1480140 1878
1480150 1872
1480160 1872
1480170 1865
1480180 1859
1480190 1859
1480200 1852
1480210 1846
1480220 1846
1480230 1840
1480240 1833
1480250 1833
1480260 1828
1480270 1823
1480280 1819
1480290 1819
1480300 1815
1480310 1813
1480320 1813
1480330 1811
1480340 1810
1480350 1810
1480360 1808
1480370 1807
1480380 1807
1480390 1806
1480400 1804
1480410 1804
1480420 1803
1480430 1802
1480440 1803
1480450 1803
1480460 1802
1480470 1801
1480480 1801
1480490 1799
1480500 1797
1480510 1797
1480520 1794
1480530 1791
1480540 1791
1480550 1789
1480560 1791
1480570 1791
1480580 1795
1480590 1799
1480600 1802
1480610 1802
1480620 1804
1480630 1808
1480640 1808
1480650 1812
1480660 1818
1480670 1818
1480680 1822
1480690 1822
1480700 1822
1480710 1826
1480720 1840
1480730 1876
1480740 1876
1480750 1912
1480760 1923
1480770 1923
1480780 1926
1480790 1929
1480800 1929
1480810 1930
1480820 1934
1480830 1934
1480840 1938
1480850 1943
1480860 1943
1480870 1945
1480880 1939
1480890 1930
1480900 1930
1480910 1918
1480920 1901
1480930 1901
1480940 1882
1480950 1865
1480960 1865
1480970 1857
1480980 1848
1480990 1848
1481000 1843
1481010 1841
1481020 1841
1481030 1838
1481040 1833
1481050 1834
1481060 1834
1481070 1839
1481080 1844
1481090 1844
1481100 1851
1481110 1856
1481120 1856
1481130 1861
1481140 1866
1481150 1866
1481160 1868
1481170 1867
1481180 1867
1481190 1882
1481200 1921
1481210 1940
1481220 1940
1481230 1943
1481240 1945
1481250 1945
1481260 1943
1481270 1934
1481280 1934
1481290 1923
1481300 1911
1481310 1911
1481320 1895
1481330 1881
1481340 1907
1481350 1907
1481360 1930
1481370 1946
1481380 1946
1481390 1968
1481400 1976
1481410 1976
1481420 1993
1481430 1995
1481440 1995
1481450 2006
1481460 2008
1481470 2008
1481480 2010
1481490 2011
1481500 1995
1481510 1995
1481520 1961
1481530 1967
1481540 1967
1481550 1984
1481560 1995
1481570 1995
1481580 2006
1481590 2022
1481600 2022
1481610 2041
1481620 2057
1481630 2057
1481640 2050
1481650 2028
1481660 1998
1481670 1998
1481680 1959
1481690 1939
1481700 1939
1481710 1927
1481720 1921
1481730 1921
1481740 1913
1481750 1891
1481760 1891
1481770 1867
1481780 1864
1481790 1864
1481800 1862
1481810 1859
1481820 1855
1481830 1855
1481840 1852
1481850 1850
1481860 1850
1481870 1849
1481880 1855
1481890 1855
1481900 1861
1481910 1866
1481920 1866
1481930 1869
1481940 1870
1481950 1870
1481960 1853
1481970 1840
1481980 1849
1481990 1849
1482000 1859
1482010 1853
1482020 1853
1482030 1855
1482040 1855
1482050 1855
1482060 1838
1482070 1833
1482080 1833
1482090 1850
1482100 1865
1482110 1874
1482120 1874
1482130 1870
1482140 1867
1482150 1867
1482160 1870
1482170 1877
1482180 1877
1482190 1872
1482200 1846
1482210 1846
1482220 1823
1482230 1815
1482240 1815
1482250 1808
1482260 1801
1482270 1793
1482280 1793
1482290 1785
1482300 1778
1482310 1778
1482320 1772
1482330 1767
1482340 1767
1482350 1763
1482360 1757
1482370 1757
1482380 1752
1482390 1746
1482400 1746
1482410 1737
1482420 1724
1482430 1714
1482440 1714
1482450 1708
1482460 1706
1482470 1706
1482480 1703
1482490 1695
1482500 1695
1482510 1689
1482520 1683
1482530 1683
1482540 1678
1482550 1674
1482560 1674
1482570 1673
1482580 1671
1482590 1665
1482600 1665
1482610 1658
1482620 1651
1482630 1651
1482640 1646
1482650 1644
1482660 1644
1482670 1641
1482680 1637
1482690 1637
1482700 1634
1482710 1632
1482720 1628
1482730 1628
1482740 1621
1482750 1615
1482760 1615
1482770 1609
1482780 1596
1482790 1596
1482800 1588
1482810 1581
1482820 1581
1482830 1574
1482840 1570
1482850 1570
1482860 1567
1482870 1562
1482880 1559
1482890 1559
1482900 1556
1482910 1553
1482920 1553
1482930 1551
1482940 1549
1482950 1549
1482960 1548
1482970 1547
1482980 1547
1482990 1545
1483000 1544
1483010 1544
1483020 1542
1483030 1541
1483040 1540
1483050 1540
1483060 1537
1483070 1533
1483080 1533
1483090 1528
1483100 1517
1483110 1517
1483120 1506
1483130 1498
1483140 1498
1483150 1493
1483160 1487
1483170 1487
1483180 1480
1483190 1472
1483200 1465
1483210 1465
1483220 1456
1483230 1454
1483240 1454
1483250 1453
1483260 1447
1483270 1447
1483280 1441
1483290 1442
1483300 1442
1483310 1439
1483320 1433
1483330 1429
1483340 1429
1483350 1423
1483360 1421
1483370 1421
1483380 1425
1483390 1430
1483400 1430
1483410 1433
1483420 1440
1483430 1440
1483440 1445
1483450 1448
1483460 1448
1483470 1451
1483480 1454
1483490 1455
1483500 1455
1483510 1457
1483520 1458
1483530 1458
1483540 1454
1483550 1447
1483560 1447
1483570 1440
1483580 1434
1483590 1434
1483600 1428
1483610 1422
1483620 1422
1483630 1416
1483640 1408
1483650 1402
1483660 1402
1483670 1397
1483680 1391
1483690 1391
1483700 1383
1483710 1377
1483720 1377
1483730 1375
1483740 1376
1483750 1376
1483760 1378
1483770 1377
1483780 1377
1483790 1374
1483800 1370
1483810 1367
1483820 1367
1483830 1361
1483840 1354
1483850 1354
1483860 1346
1483870 1338
1483880 1338
1483890 1332
1483900 1326
1483910 1326
1483920 1322
1483930 1318
1483940 1313
1483950 1313
1483960 1307
1483970 1302
1483980 1302
1483990 1297
1484000 1292
1484010 1292
1484020 1286
1484030 1281
1484040 1281
1484050 1276
1484060 1271
1484070 1271
1484080 1265
1484090 1260
1484100 1256
1484110 1256
1484120 1251
1484130 1246
1484140 1246
1484150 1242
1484160 1239
1484170 1239
1484180 1237
1484190 1235
1484200 1235
1484210 1229
1484220 1224
1484230 1224
1484240 1220
1484250 1220
1484260 1219
1484270 1219
1484280 1219
1484290 1219
1484300 1219
1484310 1218
1484320 1214
1484330 1214
1484340 1216
1484350 1224
1484360 1224
1484370 1230
1484380 1235
1484390 1235
1484400 1240
1484410 1242
1484420 1246
1484430 1246
1484440 1247
1484450 1245
1484460 1245
1484470 1242
1484480 1247
1484490 1247
1484500 1254
1484510 1260
1484520 1260
1484530 1267
1484540 1272
1484550 1276
1484560 1276
1484570 1281
1484580 1288
1484590 1288
1484600 1293
1484610 1297
1484620 1297
1484630 1301
1484640 1305
1484650 1305
1484660 1310
1484670 1315
1484680 1315
1484690 1320
1484700 1326
1484710 1332
1484720 1332
1484730 1339
1484740 1345
1484750 1345
1484760 1351
1484770 1358
1484780 1358
1484790 1366
1484800 1375
1484810 1375
1484820 1382
1484830 1384
1484840 1384
1484850 1384
1484860 1387
1484870 1395
1484880 1395
1484890 1403
1484900 1415
1484910 1415
1484920 1430
1484930 1442
1484940 1442
1484950 1455
1484960 1463
1484970 1463
1484980 1468
1484990 1473
1485000 1473
1485010 1475
1485020 1477
1485030 1482
1485040 1482
1485050 1488
1485060 1497
1485070 1497
1485080 1506
1485090 1514
1485100 1514
1485110 1521
1485120 1527
1485130 1527
1485140 1535
1485150 1544
1485160 1544
1485170 1554
1485180 1567
1485190 1585
1485200 1585
1485210 1597
1485220 1608
1485230 1608
1485240 1617
1485250 1626
1485260 1626
1485270 1633
1485280 1637
1485290 1637
1485300 1640
1485310 1644
1485320 1649
1485330 1649
1485340 1652
1485350 1655
1485360 1655
1485370 1657
1485380 1660
1485390 1660
1485400 1663
1485410 1667
1485420 1667
1485430 1670
1485440 1672
1485450 1672
1485460 1676
1485470 1684
1485480 1692
1485490 1692
1485500 1697
1485510 1702
1485520 1702
1485530 1708
1485540 1716
1485550 1716
1485560 1723
1485570 1729
1485580 1729
1485590 1735
1485600 1741
1485610 1741
1485620 1748
1485630 1748
1485640 1740
1485650 1740
1485660 1735
1485670 1730
1485680 1730
1485690 1738
1485700 1747
1485710 1747
1485720 1756
1485730 1765
1485740 1765
1485750 1774
1485760 1784
1485770 1784
1485780 1792
1485790 1795
1485800 1797
1485810 1797
1485820 1794
1485830 1788
1485840 1788
1485850 1778
1485860 1769
1485870 1769
1485880 1761
1485890 1750
1485900 1750
1485910 1741
1485920 1731
1485930 1723
1485940 1723
1485950 1716
1485960 1709
1485970 1709
1485980 1699
1485990 1688
1486000 1688
1486010 1676
1486020 1667
1486030 1667
1486040 1661
1486050 1654
1486060 1654
1486070 1648
1486080 1641
1486090 1636
1486100 1636
1486110 1630
1486120 1622
1486130 1622
1486140 1612
1486150 1607
1486160 1607
1486170 1604
1486180 1606
1486190 1606
1486200 1607
1486210 1606
1486220 1606
1486230 1604
1486240 1600
1486250 1602
1486260 1602
1486270 1602
1486280 1602
1486290 1602
1486300 1601
1486310 1600
1486320 1600
1486330 1595
1486340 1592
1486350 1592
1486360 1597
1486370 1603
1486380 1603
1486390 1604
1486400 1606
1486410 1603
1486420 1603
1486430 1601
1486440 1597
1486450 1597
1486460 1592
1486470 1587
1486480 1587
1486490 1580
1486500 1572
1486510 1572
1486520 1562
1486530 1554
1486540 1548
1486550 1548
1486560 1542
1486570 1535
1486580 1535
1486590 1528
1486600 1521
1486610 1521
1486620 1515
1486630 1508
1486640 1508
1486650 1502
1486660 1497
1486670 1497
1486680 1492
1486690 1488
1486700 1485
1486710 1485
1486720 1482
1486730 1479
1486740 1479
1486750 1475
1486760 1472
1486770 1472
1486780 1468
1486790 1465
1486800 1465
1486810 1463
1486820 1460
1486830 1460
1486840 1458
1486850 1456
1486860 1452
1486870 1452
1486880 1448
1486890 1442
1486900 1442
1486910 1430
1486920 1418
1486930 1418
1486940 1413
1486950 1419
1486960 1419
1486970 1426
1486980 1433
1486990 1433
1487000 1437
1487010 1441
1487020 1443
1487030 1443
1487040 1446
1487050 1449
1487060 1449
1487070 1452
1487080 1452
1487090 1452
1487100 1452
1487110 1451
1487120 1451
1487130 1449
1487140 1447
1487150 1442
1487160 1442
1487170 1441
1487180 1441
1487190 1441
1487200 1439
1487210 1436
1487220 1436
1487230 1434
1487240 1431
1487250 1431
1487260 1430
1487270 1429
1487280 1429
1487290 1429
1487300 1428
1487310 1429
1487320 1429
1487330 1425
1487340 1421
1487350 1421
1487360 1420
1487370 1424
1487380 1424
1487390 1430
1487400 1436
1487410 1436
1487420 1440
1487430 1441
1487440 1441
1487450 1442
1487460 1444
1487470 1447
1487480 1447
1487490 1450
1487500 1450
1487510 1450
1487520 1451
1487530 1456
1487540 1456
1487550 1459
1487560 1464
1487570 1464
1487580 1467
1487590 1470
1487600 1470
1487610 1474
1487620 1476
1487630 1478
1487640 1478
1487650 1481
1487660 1484
1487670 1484
1487680 1488
1487690 1490
1487700 1490
1487710 1490
1487720 1490
1487730 1490
1487740 1490
1487750 1491
1487760 1491
1487770 1493
1487780 1496
1487790 1499
1487800 1499
1487810 1502
1487820 1505
1487830 1505
1487840 1509
1487850 1513
1487860 1513
1487870 1518
1487880 1522
1487890 1522
1487900 1526
1487910 1528
1487920 1530
1487930 1530
1487940 1533
1487950 1532
1487960 1532
1487970 1532
1487980 1533
1487990 1533
1488000 1534
1488010 1535
1488020 1535
1488030 1535
1488040 1535
1488050 1535
1488060 1534
1488070 1532
1488080 1532
1488090 1532
1488100 1536
1488110 1539
1488120 1539
1488130 1540
1488140 1539
1488150 1539
1488160 1539
1488170 1538
1488180 1538
1488190 1536
1488200 1536
1488210 1536
1488220 1537
1488230 1538
1488240 1538
1488250 1538
1488260 1539
1488270 1539
1488280 1539
1488290 1540
1488300 1541
1488310 1541
1488320 1541
1488330 1542
1488340 1542
1488350 1543
1488360 1543
1488370 1543
1488380 1543
1488390 1544
1488400 1544
1488410 1544
1488420 1544
1488430 1544
1488440 1544
1488450 1544
1488460 1544
1488470 1544
1488480 1545
1488490 1547
1488500 1547
1488510 1547
1488520 1546
1488530 1543
1488540 1543
1488550 1542
1488560 1543
1488570 1543
1490340 1466
1490350 1462
1490360 1459
1490370 1459
1490380 1454
1490390 1451
1490400 1451
1490410 1448
1490420 1446
1490430 1446
1490440 1445
1490450 1444
1490460 1444
1490470 1445
1490480 1445
1490490 1445
1490500 1447
1490510 1449
1490520 1452
1490530 1452
1490540 1455
1490550 1457
1490560 1457
1490570 1459
1490580 1460
1490590 1460
1490600 1463
1490610 1466
1490620 1466
1490630 1468
1490640 1471
1490650 1471
1490660 1474
1490670 1478
1490680 1482
1490690 1482
1490700 1486
1490710 1490
1490720 1490
1490730 1494
1490740 1499
1490750 1499
1490760 1503
1490770 1507
1490780 1507
1490790 1511
1490800 1515
1490810 1515
1490820 1519
1490830 1523
1490840 1529
1490850 1529
1490860 1534
1490870 1539
1490880 1539
1490890 1543
1490900 1548
1490910 1548
1490920 1553
1490930 1558
1490940 1558
1490950 1561
1490960 1566
1490970 1566
1490980 1569
1490990 1573
1491000 1577
1491010 1577
1491020 1581
1491030 1583
1491040 1583
1491050 1584
1491060 1585
1491070 1585
1491080 1588
1491090 1591
1491100 1591
1491110 1594
1491120 1595
1491130 1598
1491140 1598
1491150 1602
1491160 1605
1491170 1605
1491180 1609
1491190 1612
1491200 1612
1491210 1614
1491220 1616
1491230 1616
1491240 1618
1491250 1620
1491260 1620
1491270 1622
1491280 1626
1491290 1629
1491300 1629
1491310 1631
1491320 1632
1491330 1632
1491340 1632
1491350 1633
1491360 1633
1491370 1634
1491380 1636
1491390 1636
1491400 1638
1491410 1641
1491420 1641
1491430 1644
1491440 1647
1491450 1648
1491460 1648
1491470 1649
1491480 1651
1491490 1651
1491500 1652
1491510 1653
1491520 1653
1491530 1656
1491540 1658
1491550 1658
1491560 1660
1491570 1662
1491580 1662
1491590 1662
1491600 1663
1491610 1664
1491620 1664
1491630 1665
1491640 1666
1491650 1666
1491660 1667
1491670 1668
1491680 1668
1491690 1668
1491700 1668
1491710 1668
1491720 1668
1491730 1668
1491740 1667
1491750 1667
1491760 1667
1491770 1665
1491780 1665
1491790 1663
1491800 1663
1491810 1663
1491820 1662
1491830 1663
1491840 1663
1491850 1665
1491860 1668
1491870 1668
1491880 1670
1491890 1674
1491900 1677
1491910 1677
1491920 1679
1491930 1680
1491940 1680
1491950 1681
1491960 1681
1491970 1681
1491980 1681
1491990 1682
1492000 1682
1492010 1683
1492020 1684
1492030 1684
1492040 1683
1492050 1683
1492060 1685
1492070 1685
1492080 1688
1492090 1692
1492100 1692
1492110 1696
1492120 1700
1492130 1700
1492140 1704
1492150 1706
1492160 1706
1492170 1709
1492180 1711
1492190 1711
1492200 1713
1492210 1714
1492220 1716
1492230 1716
1492240 1717
1492250 1719
1492260 1719
1492270 1720
1492280 1721
1492290 1721
1492300 1722
1492310 1722
1492320 1722
1492330 1723
1492340 1724
1492350 1725
1492360 1725
1492370 1727
1492380 1730
1492390 1730
1492400 1733
1492410 1737
1492420 1737
1492430 1741
1492440 1744
1492450 1744
1492460 1747
1492470 1750
1492480 1750
1492490 1754
1492500 1756
1492510 1758
1492520 1758
1492530 1760
1492540 1761
1492550 1761
1492560 1762
1492570 1763
1492580 1763
1492590 1764
1492600 1764
1492610 1764
1492620 1765
1492630 1766
1492640 1766
1492650 1766
1492660 1765
1492670 1764
1492680 1764
1492690 1763
1492700 1765
1492710 1765
1492720 1766
1492730 1768
1492740 1768
1492750 1772
1492760 1774
1492770 1774
1492780 1777
1492790 1780
1492800 1780
1492810 1784
1492820 1788
1492830 1793
1492840 1793
1492850 1797
1492860 1799
1492870 1799
1492880 1801
1492890 1802
1492900 1802
1492910 1803
1492920 1802
1492930 1802
1492940 1801
1492950 1801
1492960 1800
1492970 1800
1492980 1798
1492990 1796
1493000 1796
1493010 1795
1493020 1794
1493030 1794
1493040 1793
1493050 1792
1493060 1792
1493070 1789
1493080 1785
1493090 1785
1493100 1780
1493110 1775
1493120 1771
1493130 1771
1493140 1767
1493150 1761
1493160 1761
1493170 1755
1493180 1748
1493190 1748
1493200 1741
1493210 1735
1493220 1735
1493230 1729
1493240 1723
1493250 1723
1493260 1718
1493270 1713
1493280 1708
1493290 1708
1493300 1706
1493310 1706
1493320 1706
1493330 1705
1493340 1703
1493350 1703
1493360 1704
1493370 1704
1493380 1704
1493390 1704
1493400 1704
1493410 1704
1493420 1703
1493430 1703
1493440 1703
1493450 1703
1493460 1704
1493470 1704
1493480 1704
1493490 1703
1493500 1702
1493510 1702
1493520 1702
1493530 1698
1493540 1698
1493550 1700
1493560 1702
1493570 1704
1493580 1704
1493590 1706
1493600 1708
1493610 1708
1493620 1710
1493630 1712
1493640 1712
1493650 1714
1493660 1715
1493670 1715
1493680 1716
1493690 1717
1493700 1717
1493710 1717
1493720 1717
1493730 1717
1493740 1717
1493750 1720
1493760 1723
1493770 1723
1493780 1726
1493790 1729
1493800 1729
1493810 1732
1493820 1734
1493830 1734
1493840 1736
1493850 1738
1493860 1738
1493870 1739
1493880 1739
1493890 1738
1493900 1738
1493910 1737
1493920 1736
1493930 1736
1493940 1734
1493950 1730
1493960 1730
1493970 1726
1493980 1722
1493990 1722
1494000 1718
1494010 1713
1494020 1713
1494030 1707
1494040 1702
1494050 1697
1494060 1697
1494070 1691
1494080 1686
1494090 1686
1494100 1683
1494110 1679
1494120 1679
1494130 1674
1494140 1673
1494150 1673
1494160 1674
1494170 1672
1494180 1672
1494190 1669
1494200 1667
1494210 1666
1494220 1666
1494230 1666
1494240 1665
1494250 1665
1494260 1664
1494270 1663
1494280 1663
1494290 1660
1494300 1655
1494310 1655
1494320 1651
1494330 1649
1494340 1647
1494350 1647
1494360 1644
1494370 1641
1494380 1641
1494390 1638
1494400 1634
1494410 1634
1494420 1630
1494430 1626
1494440 1626
1494450 1621
1494460 1617
1494470 1617
1494480 1612
1494490 1608
1494500 1605
1494510 1605
1494520 1602
1494530 1599
1494540 1599
1494550 1595
1494560 1592
1494570 1592
1494580 1588
1494590 1585
1494600 1585
1494610 1581
1494620 1578
1494630 1578
1494640 1574
1494650 1568
1494660 1564
1494670 1564
1494680 1559
1494690 1555
1494700 1555
1494710 1551
1494720 1547
1494730 1547
1494740 1543
1494750 1539
1494760 1539
1494770 1535
1494780 1530
1494790 1530
1494800 1526
1494810 1521
1494820 1517
1494830 1517
1494840 1513
1494850 1508
1494860 1508
1494870 1501
1494880 1496
1494890 1496
1494900 1491
1494910 1487
1494920 1487
1494930 1482
1494940 1478
1494950 1474
1494960 1474
1494970 1470
1494980 1466
1494990 1466
1495000 1462
1495010 1459
1495020 1459
1495030 1455
1495040 1451
1495050 1451
1495060 1448
1495070 1445
1495080 1445
1495090 1441
1495100 1437
1495110 1434
1495120 1434
1495130 1430
1495140 1426
1495150 1426
1495160 1424
1495170 1420
1495180 1420
1495190 1416
1495200 1413
1495210 1413
1495220 1412
1495230 1410
1495240 1410
1495250 1407
1495260 1405
1495270 1403
1495280 1403
1495290 1400
1495300 1397
1495310 1397
1495320 1393
1495330 1388
1495340 1388
1495350 1381
1495360 1373
1495370 1373
1495380 1365
1495390 1359
1495400 1359
1495410 1352
1495420 1345
1495430 1339
1495440 1339
1495450 1334
1495460 1330
1495470 1330
1495480 1325
1495490 1320
1495500 1320
1495510 1315
1495520 1307
1495530 1307
1495540 1296
1495550 1293
1495560 1296
1495570 1296
1495580 1307
1495590 1318
1495600 1318
1495610 1326
1495620 1333
1495630 1333
1495640 1339
1495650 1348
1495660 1348
1495670 1357
1495680 1363
1495690 1363
1495700 1370
1495710 1374
1495720 1380
1495730 1380
1495740 1385
1495750 1391
1495760 1391
1495770 1397
1495780 1403
1495790 1403
1495800 1410
1495810 1417
1495820 1417
1495830 1425
1495840 1432
1495850 1432
1495860 1439
1495870 1445
1495880 1452
1495890 1452
1495900 1459
1495910 1465
1495920 1465
1495930 1470
1495940 1471
1495950 1471
1495960 1475
1495970 1479
1495980 1479
1495990 1483
1496000 1483
1496010 1483
1496020 1485
1496030 1488
1496040 1495
1496050 1495
1496060 1500
1496070 1501
1496080 1501
1496090 1503
1496100 1503
1496110 1503
1496120 1500
1496130 1496
1496140 1496
1496150 1496
1496160 1493
1496170 1493
1496180 1493
1496190 1493
1496200 1493
1496210 1493
1496220 1494
1496230 1497
1496240 1497
1496250 1502
1496260 1508
1496270 1508
1496280 1513
1496290 1515
1496300 1515
1496310 1518
1496320 1518
1496330 1517
1496340 1517
1496350 1514
1496360 1506
1496370 1506
1496380 1507
1496390 1513
1496400 1513
1496410 1513
1496420 1507
1496430 1507
1496440 1493
1496450 1482
1496460 1482
1496470 1476
1496480 1475
1496490 1477
1496500 1477
1496510 1484
1496520 1503
1496530 1503
1496540 1523
1496550 1525
1496560 1525
1496570 1523
1496580 1521
1496590 1521
1496600 1519
1496610 1516
1496620 1516
1496630 1513
1496640 1507
1496650 1499
1496660 1499
1496670 1499
1496680 1504
1496690 1504
1496700 1505
1496710 1495
1496720 1495
1496730 1485
1496740 1495
1496750 1495
1496760 1505
1496770 1504
1496780 1501
1496790 1501
1496800 1497
1496810 1495
1496820 1495
1496830 1493
1496840 1491
1496850 1491
1496860 1487
1496870 1484
1496880 1484
1496890 1479
1496900 1469
1496910 1469
1496920 1456
1496930 1444
1496940 1434
1496950 1434
1496960 1423
1496970 1408
1496980 1408
1496990 1398
1497000 1392
1497010 1392
1497020 1388
1497030 1391
1497040 1391
1497050 1395
1497060 1392
1497070 1392
1497080 1385
1497090 1383
1497100 1379
1497110 1379
1497120 1377
1497130 1373
1497140 1373
1497150 1370
1497160 1368
1497170 1368
1497180 1367
1497190 1363
1497200 1363
1497210 1359
1497220 1357
1497230 1357
1497240 1349
1497250 1340
1497260 1334
1497270 1334
1497280 1331
1497290 1328
1497300 1328
1497310 1326
1497320 1324
1497330 1324
1497340 1327
1497350 1330
1497360 1330
1497370 1329
1497380 1328
1497390 1333
1497400 1333
1497410 1344
1497420 1347
1497430 1347
1497440 1343
1497450 1341
1497460 1341
1497470 1337
1497480 1334
1497490 1334
1497500 1341
1497510 1343
1497520 1343
1497530 1344
1497540 1344
1497550 1346
1497560 1346
1497570 1346
1497580 1336
1497590 1336
1497600 1333
1497610 1336
1497620 1336
1497630 1339
1497640 1339
1497650 1339
1497660 1337
1497670 1336
1497680 1336
1497690 1334
1497700 1331
1497710 1329
1497720 1329
1497730 1327
1497740 1322
1497750 1322
1497760 1316
1497770 1311
1497780 1311
1497790 1309
1497800 1309
1497810 1309
1497820 1309
1497830 1311
1497840 1311
1497850 1312
1497860 1314
1497870 1315
1497880 1315
1497890 1315
1497900 1313
1497910 1313
1497920 1310
1497930 1306
1497940 1306
1497950 1304
1497960 1309
1497970 1309
1497980 1313
1497990 1314
1498000 1314
1498010 1315
1498020 1317
1498030 1317
1498040 1317
1498050 1316
1498060 1315
1498070 1315
1498080 1313
1498090 1310
1498100 1310
1498110 1308
1498120 1306
1498130 1306
1498140 1305
1498150 1303
1498160 1303
1498170 1303
1498180 1302
1498190 1302
1498200 1302
1498210 1301
1498220 1300
1498230 1300
1498240 1298
1498250 1298
1498260 1298
1498270 1299
1498280 1299
1498290 1299
1498300 1297
1498310 1295
1498320 1291
1498330 1291
1498340 1290
1498350 1290
1498360 1290
1498370 1289
1498380 1287
1498390 1287
1498400 1285
1498410 1285
1498420 1285
1498430 1283
1498440 1282
1498450 1282
1498460 1281
1498470 1279
1498480 1277
1498490 1277
1498500 1276
1498510 1274
1498520 1274
1498530 1270
1498540 1266
1498550 1266
1498560 1263
1498570 1260
1498580 1260
1498590 1257
1498600 1256
1498610 1256
1498620 1256
1498630 1255
1498640 1254
1498650 1254
1498660 1253
1498670 1252
1498680 1252
1498690 1250
1498700 1247
1498710 1247
1498720 1242
1498730 1238
1498740 1238
1498750 1234
1498760 1232
1498770 1229
1498780 1229
1498790 1227
1498800 1224
1498810 1224
1498820 1221
1498830 1217
1498840 1217
1498850 1215
1498860 1214
1498870 1214
1498880 1214
1498890 1215
1498900 1215
1498910 1214
1498920 1214
1498930 1211
1498940 1211
1498950 1208
1498960 1205
1498970 1205
1498980 1203
1498990 1202
1499000 1202
1499010 1202
1499020 1202
1499030 1202
1499040 1201
1499050 1199
1499060 1199
1499070 1197
1499080 1194
1499090 1190
1499100 1190
1499110 1186
1499120 1183
1499130 1183
1499140 1180
1499150 1179
1499160 1179
1499170 1179
1499180 1179
1499190 1179
1499200 1179
1499210 1178
1499220 1178
1499230 1174
1499240 1170
1499250 1166
1499260 1166
1499270 1160
1499280 1160
1499290 1160
1499300 1162
1499310 1166
1499320 1166
1499330 1165
1499340 1161
1499350 1161
1499360 1163
1499370 1166
1499380 1168
1499390 1168
1499400 1169
1499410 1170
1499420 1170
1499430 1173
1499440 1175
1499450 1175
1499460 1177
1499470 1179
1499480 1179
1499490 1179
1499500 1180
1499510 1180
1499520 1180
1499530 1180
1499540 1179
1499550 1179
1499560 1180
1499570 1181
1499580 1181
1499590 1184
1499600 1188
1499610 1188
1499620 1191
1499630 1193
1499640 1193
1499650 1193
1499660 1192
1499670 1192
1499680 1192
1499690 1192
1499700 1192
1499710 1192
1499720 1191
1499730 1193
1499740 1193
1499750 1198
1499760 1203
1499770 1203
1499780 1205
1499790 1209
1499800 1209
1499810 1214
1499820 1218
1499830 1218
1499840 1223
1499850 1230
1499860 1235
1499870 1235
1499880 1239
1499890 1242
1499900 1242
1499910 1247
1499920 1254
1499930 1254
1499940 1254
1499950 1254
1499960 1254
1499970 1254
1499980 1254
1499990 1257
