1480000 1435
1480010 1449
1480020 1466
1480030 1466
1480040 1471
1480050 1478
1480060 1478
1480070 1501
1480080 1520
1480090 1520
1480100 1535
1480110 1548
1480120 1558
1480130 1558
1480140 1567
1480150 1576
1480160 1576
1480170 1584
1480180 1587
1480190 1587
1480200 1590
1480210 1594
1480220 1594
1480230 1598
1480240 1599
1480250 1599
1480260 1599
1480270 1598
1480280 1597
1480290 1597
1480300 1598
1480310 1602
1480320 1602
1480330 1606
1480340 1607
1480350 1607
1480360 1607
1480370 1609
1480380 1609
1480390 1609
1480400 1610
1480410 1609
1480420 1609
1480430 1608
1480440 1608
1480450 1608
1480460 1610
1480470 1613
1480480 1613
1480490 1616
1480500 1619
1480510 1619
1480520 1621
1480530 1623
1480540 1623
1480550 1624
1480560 1627
1480570 1631
1480580 1631
1480590 1635
1480600 1641
1480610 1641
1480620 1646
1480630 1651
1480640 1651
1480650 1653
1480660 1655
1480670 1655
1480680 1659
1480690 1662
1480700 1662
1480710 1665
1480720 1669
1480730 1674
1480740 1674
1480750 1679
1480760 1683
1480770 1683
1480780 1688
1480790 1696
1480800 1696
1480810 1704
1480820 1706
1480830 1706
1480840 1703
1480850 1701
1480860 1701
1480870 1704
1480880 1705
1480890 1703
1480900 1703
1480910 1702
1480920 1702
1480930 1702
1480940 1703
1480950 1707
1480960 1707
1480970 1711
1480980 1713
1480990 1713
1481000 1722
1481010 1729
1481020 1731
1481030 1731
1481040 1744
1481050 1755
1481060 1755
1481070 1759
1481080 1769
1481090 1769
1481100 1781
1481110 1796
1481120 1796
1481130 1807
1481140 1815
1481150 1815
1481160 1809
1481170 1813
1481180 1815
1481190 1815
1481200 1816
1481210 1811
1481220 1811
1481230 1806
1481240 1805
1481250 1805
1481260 1802
1481270 1802
1481280 1802
1481290 1797
1481300 1792
1481310 1792
1481320 1792
1481330 1788
1481340 1782
1481350 1782
1481360 1776
1481370 1771
1481380 1771
1481390 1765
1481400 1761
1481410 1761
1481420 1755
1481430 1750
1481440 1750
1481450 1745
1481460 1741
1481470 1741
1481480 1736
1481490 1731
1481500 1724
1481510 1724
1481520 1716
1481530 1709
1481540 1709
1481550 1703
1481560 1698
1481570 1698
1481580 1694
1481590 1691
1481600 1691
1481610 1689
1481620 1686
1481630 1682
1481640 1682
1481650 1679
1481660 1675
1481670 1675
1481680 1670
1481690 1664
1481700 1664
1481710 1661
1481720 1655
1481730 1655
1481740 1650
1481750 1647
1481760 1647
1481770 1642
1481780 1639
1481790 1636
1481800 1636
1481810 1633
1481820 1630
1481830 1630
1481840 1625
1481850 1621
1481860 1621
1481870 1617
1481880 1613
1481890 1613
1481900 1608
1481910 1603
1481920 1603
1481930 1598
1481940 1592
1481950 1587
1481960 1587
1481970 1584
1481980 1581
1481990 1581
1482000 1571
1482010 1561
1482020 1561
1482030 1555
1482040 1549
1482050 1549
1482060 1545
1482070 1541
1482080 1541
1482090 1537
1482100 1533
1482110 1529
1482120 1529
1482130 1526
1482140 1522
1482150 1522
1482160 1520
1482170 1517
1482180 1517
1482190 1514
1482200 1512
1482210 1512
1482220 1509
1482230 1506
1482240 1506
1482250 1503
1482260 1501
1482270 1497
1482280 1497
1482290 1493
1482300 1489
1482310 1489
1482320 1485
1482330 1483
1482340 1483
1482350 1480
1482360 1478
1482370 1478
1482380 1476
1482390 1472
1482400 1469
1482410 1469
1482420 1467
1482430 1464
1482440 1464
1482450 1462
1482460 1460
1482470 1460
1482480 1457
1482490 1454
1482500 1454
1482510 1451
1482520 1448
1482530 1448
1482540 1447
1482550 1445
1482560 1444
1482570 1444
1482580 1444
1482590 1444
1482600 1444
1482610 1444
1482620 1444
1482630 1444
1482640 1444
1482650 1443
1482660 1443
1482670 1441
1482680 1438
1482690 1438
1482700 1437
1482710 1434
1482720 1431
1482730 1431
1482740 1429
1482750 1423
1482760 1423
1482770 1418
1482780 1414
1482790 1414
1482800 1410
1482810 1407
1482820 1407
1482830 1404
1482840 1408
1482850 1408
1482860 1412
1482870 1412
1482880 1409
1482890 1409
1482900 1406
1482910 1404
1482920 1404
1482930 1405
1482940 1405
1482950 1405
1482960 1404
1482970 1403
1482980 1403
1482990 1401
1483000 1400
1483010 1400
1483020 1397
1483030 1397
1483040 1397
1483050 1397
1483060 1396
1483070 1396
1483080 1396
1483090 1396
1483100 1393
1483110 1393
1483120 1390
1483130 1387
1483140 1387
1483150 1384
1483160 1379
1483170 1376
1483180 1376
1483190 1374
1483200 1371
1483210 1371
1483220 1371
1483230 1371
1483240 1371
1483250 1368
1483260 1365
1483270 1365
1483280 1363
1483290 1360
1483300 1360
1483310 1357
1483320 1354
1483330 1351
1483340 1351
1483350 1348
1483360 1345
1483370 1345
1483380 1342
1483390 1338
1483400 1338
1483410 1334
1483420 1330
1483430 1330
1483440 1325
1483450 1322
1483460 1322
1483470 1319
1483480 1318
1483490 1318
1483500 1318
1483510 1316
1483520 1315
1483530 1315
1483540 1313
1483550 1308
1483560 1308
1483570 1303
1483580 1298
1483590 1298
1483600 1293
1483610 1288
1483620 1288
1483630 1287
1483640 1289
1483650 1291
1483660 1291
1483670 1295
1483680 1295
1483690 1295
1483700 1291
1483710 1289
1483720 1289
1483730 1291
1483740 1292
1483750 1292
1483760 1290
1483770 1281
1483780 1281
1483790 1271
1483800 1271
1483810 1274
1483820 1274
1483830 1272
1483840 1265
1483850 1265
1483860 1258
1483870 1245
1483880 1245
1483890 1221
1483900 1177
1483910 1177
1483920 1160
1483930 1150
1483940 1139
1483950 1139
1483960 1121
1483970 1108
1483980 1108
1483990 1113
1484000 1142
1484010 1142
1484020 1158
1484030 1169
1484040 1169
1484050 1176
1484060 1180
1484070 1180
1484080 1208
1484090 1234
1484100 1245
1484110 1245
1484120 1254
1484130 1258
1484140 1258
1484150 1261
1484160 1264
1484170 1264
1484180 1267
1484190 1269
1484200 1269
1484210 1273
1484220 1277
1484230 1277
1484240 1281
1484250 1281
1484260 1284
1484270 1284
1484280 1292
1484290 1299
1484300 1299
1484310 1300
1484320 1305
1484330 1305
1484340 1319
1484350 1328
1484360 1328
1484370 1333
1484380 1338
1484390 1338
1484400 1339
1484410 1334
1484420 1327
1484430 1327
1484440 1320
1484450 1323
1484460 1323
1484470 1332
1484480 1334
1484490 1334
1484500 1334
1484510 1333
1484520 1333
1484530 1332
1484540 1332
1484550 1332
1484560 1332
1484570 1333
1484580 1338
1484590 1338
1484600 1346
1484610 1355
1484620 1355
1484630 1363
1484640 1372
1484650 1372
1484660 1384
1484670 1393
1484680 1393
1484690 1400
1484700 1407
1484710 1413
1484720 1413
1484730 1419
1484740 1424
1484750 1424
1484760 1430
1484770 1435
1484780 1435
1484790 1440
1484800 1445
1484810 1445
1484820 1450
1484830 1456
1484840 1456
1484850 1460
1484860 1461
1484870 1463
1484880 1463
1484890 1467
1484900 1471
1484910 1471
1484920 1476
1484930 1480
1484940 1480
1484950 1485
1484960 1489
1484970 1489
1484980 1493
1484990 1496
1485000 1496
1485010 1500
1485020 1504
1485030 1506
1485040 1506
1485050 1508
1485060 1512
1485070 1512
1485080 1516
1485090 1520
1485100 1520
1485110 1524
1485120 1527
1485130 1527
1485140 1529
1485150 1529
1485160 1529
1485170 1530
1485180 1530
1485190 1529
1485200 1529
1485210 1530
1485220 1530
1485230 1530
1485240 1534
1485250 1536
1485260 1536
1485270 1534
1485280 1532
1485290 1532
1485300 1531
1485310 1529
1485320 1525
1485330 1525
1485340 1521
1485350 1517
1485360 1517
1485370 1515
1485380 1516
1485390 1516
1485400 1519
1485410 1521
1485420 1521
1485430 1522
1485440 1520
1485450 1520
1485460 1516
1485470 1511
1485480 1506
1485490 1506
1485500 1502
1485510 1499
1485520 1499
1485530 1502
1485540 1505
1485550 1505
1485560 1504
1485570 1503
1485580 1503
1485590 1504
1485600 1504
1485610 1504
1485620 1502
1485630 1499
1485640 1500
1485650 1500
1485660 1501
1485670 1504
1485680 1504
1485690 1505
1485700 1502
1485710 1502
1485720 1497
1485730 1492
1485740 1492
1485750 1486
1485760 1478
1485770 1478
1485780 1471
1485790 1469
1485800 1467
1485810 1467
1485820 1469
1485830 1471
1485840 1471
1485850 1476
1485860 1479
1485870 1479
1485880 1480
1485890 1479
1485900 1479
1485910 1477
1485920 1473
1485930 1473
1485940 1470
1485950 1467
1485960 1464
1485970 1464
1485980 1460
1485990 1456
1486000 1456
1486010 1453
1486020 1449
1486030 1449
1486040 1442
1486050 1434
1486060 1434
1486070 1429
1486080 1431
1486090 1435
1486100 1435
1486110 1436
1486120 1436
1486130 1436
1486140 1437
1486150 1442
1486160 1442
1486170 1441
1486180 1436
1486190 1436
1486200 1430
1486210 1428
1486220 1428
1486230 1426
1486240 1425
1486250 1429
1486260 1429
1486270 1437
1486280 1445
1486290 1445
1486300 1452
1486310 1456
1486320 1456
1486330 1460
1486340 1463
1486350 1463
1486360 1467
1486370 1469
1486380 1469
1486390 1471
1486400 1473
1486410 1473
1486420 1473
1486430 1475
1486440 1477
1486450 1477
1486460 1479
1486470 1481
1486480 1481
1486490 1484
1486500 1487
1486510 1487
1486520 1491
1486530 1494
1486540 1494
1486550 1497
1486560 1502
1486570 1506
1486580 1506
1486590 1508
1486600 1511
1486610 1511
1486620 1509
1486630 1509
1486640 1509
1486650 1509
1486660 1508
1486670 1508
1486680 1509
1486690 1510
1486700 1510
1486710 1511
1486720 1511
1486730 1514
1486740 1514
1486750 1516
1486760 1519
1486770 1519
1486780 1523
1486790 1526
1486800 1526
1486810 1526
1486820 1525
1486830 1525
1486840 1522
1486850 1519
1486860 1517
1486870 1517
1486880 1514
1486890 1511
1486900 1511
1486910 1511
1486920 1512
1486930 1512
1486940 1512
1486950 1512
1486960 1512
1486970 1512
1486980 1510
1486990 1510
1487000 1507
1487010 1505
1487020 1503
1487030 1503
1487040 1504
1487050 1503
1487060 1503
1487070 1502
1487080 1499
1487090 1499
1487100 1496
1487110 1492
1487120 1492
1487130 1488
1487140 1485
1487150 1485
1487160 1482
1487170 1477
1487180 1474
1487190 1474
1487200 1472
1487210 1469
1487220 1469
1487230 1462
1487240 1454
1487250 1454
1487260 1442
1487270 1432
1487280 1432
1487290 1423
1487300 1411
1487310 1411
1487320 1395
1487330 1377
1487340 1354
1487350 1354
1487360 1305
1487370 1274
1487380 1274
1487390 1257
1487400 1257
1487410 1257
1487420 1270
1487430 1303
1487440 1303
1487450 1334
1487460 1350
1487470 1350
1487480 1365
1487490 1376
1487500 1382
1487510 1382
1487520 1386
1487530 1387
1487540 1387
1487550 1391
1487560 1400
1487570 1400
1487580 1421
1487590 1431
1487600 1431
1487610 1434
1487620 1436
1487630 1441
1487640 1441
1487650 1445
1487660 1448
1487670 1448
1487680 1453
1487690 1460
1487700 1460
1487710 1465
1487720 1471
1487730 1471
1487740 1474
1487750 1477
1487760 1477
1487770 1482
1487780 1485
1487790 1492
1487800 1492
1487810 1497
1487820 1499
1487830 1499
1487840 1499
1487850 1500
1487860 1500
1487870 1501
1487880 1502
1487890 1502
1487900 1503
1487910 1502
1487920 1502
1487930 1500
1487940 1499
1487950 1498
1487960 1498
1487970 1497
1487980 1497
1487990 1497
1488000 1496
1488010 1494
1488020 1494
1488030 1494
1488040 1494
1488050 1494
1488060 1496
1488070 1500
1488080 1500
1488090 1502
1488100 1500
1488110 1498
1488120 1498
1488130 1494
1488140 1491
1488150 1491
1488160 1487
1488170 1485
1488180 1485
1488190 1486
1488200 1485
1488210 1485
1488220 1484
1488230 1482
1488240 1480
1488250 1480
1488260 1479
1488270 1477
1488280 1477
1488290 1476
1488300 1475
1488310 1475
1488320 1475
1488330 1473
1488340 1473
1488350 1471
1488360 1470
1488370 1470
1488380 1470
1488390 1469
1488400 1467
1488410 1467
1488420 1465
1488430 1463
1488440 1463
1488450 1460
1488460 1457
1488470 1457
1488480 1456
1488490 1455
1488500 1455
1488510 1454
1488520 1453
1488530 1453
1488540 1453
1488550 1451
1488560 1450
1488570 1450
1488580 1448
1488590 1447
1488600 1447
1488610 1445
1488620 1443
1488630 1443
1488640 1441
1488650 1440
1488660 1440
1488670 1440
1488680 1439
1488690 1439
1488700 1439
1488710 1438
1488720 1437
1488730 1437
1488740 1436
1488750 1435
1488760 1435
1488770 1434
1488780 1433
1488790 1433
1488800 1433
1488810 1432
1488820 1432
1488830 1431
1488840 1431
1488850 1431
1488860 1430
1488870 1429
1488880 1428
1488890 1428
1488900 1427
1488910 1425
1488920 1425
1488930 1424
1488940 1424
1488950 1424
1488960 1423
1488970 1423
1488980 1423
1488990 1421
1489000 1421
1489010 1421
1489020 1421
1489030 1420
1489040 1419
1489050 1419
1489060 1418
1489070 1418
1489080 1418
1489090 1417
1489100 1414
1489110 1414
1489120 1415
1489130 1414
1489140 1414
1489150 1413
1489160 1413
1489170 1411
1489180 1411
1489190 1410
1489200 1410
1489210 1410
1489220 1409
1489230 1408
1489240 1408
1489250 1407
1489260 1407
1489270 1407
1489280 1407
1489290 1406
1489300 1406
1489310 1406
1489320 1407
1489330 1407
1489340 1407
1489350 1407
1489360 1408
1489370 1408
1489380 1408
1489390 1407
1489400 1407
1489410 1407
1489420 1407
1489430 1407
1489440 1407
1489450 1407
1489460 1407
1489470 1408
1489480 1408
1489490 1407
1489500 1407
1489510 1403
1489520 1404
1489530 1404
1489540 1408
1489550 1410
1489560 1410
1489570 1410
1489580 1410
1489590 1410
1489600 1411
1489610 1410
1489620 1410
1489630 1408
1489640 1407
1489650 1407
1489660 1407
1489670 1407
1489680 1408
1489690 1408
1489700 1408
1489710 1409
1489720 1409
1489730 1409
1489740 1408
1489750 1408
1489760 1408
1489770 1408
1489780 1408
1489790 1408
1489800 1408
1489810 1408
1489820 1408
1489830 1408
1489840 1408
1489850 1408
1489860 1408
1489870 1408
1489880 1408
1489890 1408
1489900 1408
1489910 1408
1489920 1408
1489930 1408
1489940 1408
1489950 1408
1489960 1408
1489970 1408
1489980 1408
1489990 1408
1490000 1408
1490010 1408
1490020 1408
1490030 1408
1490040 1408
1490050 1408
1490060 1408
1490070 1408
1490080 1408
1490090 1408
1490100 1408
1490110 1408
1490120 1408
1490130 1409
1490140 1409
1490150 1409
1490160 1409
1490170 1409
1490180 1410
1490190 1410
1490200 1410
1490210 1411
1490220 1412
1490230 1412
1490240 1413
1490250 1413
1490260 1414
1490270 1414
1490280 1415
1490290 1416
1490300 1416
1490310 1417
1490320 1419
1490330 1419
1490340 1421
1490350 1423
1490360 1423
1490370 1425
1490380 1426
1490390 1426
1490400 1427
1490410 1428
1490420 1429
1490430 1429
1490440 1431
1490450 1433
1490460 1433
1490470 1434
1490480 1435
1490490 1435
1490500 1437
1490510 1439
1490520 1439
1490530 1440
1490540 1441
1490550 1442
1490560 1442
1490570 1444
1490580 1445
1490590 1445
1490600 1447
1490610 1448
1490620 1448
1490630 1449
1490640 1450
1490650 1450
1490660 1450
1490670 1451
1490680 1451
1490690 1452
1490700 1453
1490710 1455
1490720 1455
1490730 1455
1490740 1456
1490750 1456
1490760 1457
1490770 1459
1490780 1459
1490790 1461
1490800 1463
1490810 1463
1490820 1464
1490830 1463
1490840 1463
1490850 1464
1490860 1463
1490870 1461
1490880 1461
1490890 1461
1490900 1462
1490910 1462
1490920 1463
1490930 1465
1490940 1465
1490950 1466
1490960 1468
1490970 1468
1490980 1469
1490990 1470
1491000 1470
1491010 1471
1491020 1472
1491030 1472
1491040 1472
1491050 1471
1491060 1471
1491070 1471
1491080 1471
1491090 1471
1491100 1471
1491110 1470
1491120 1470
1491130 1470
1491140 1470
1491150 1470
1491160 1470
1491170 1470
1491180 1470
1491190 1470
1491200 1470
1491210 1470
1491220 1470
1491230 1470
1491240 1469
1491250 1467
1491260 1467
1491270 1466
1491280 1464
1491290 1464
1491300 1463
1491310 1461
1491320 1461
1491330 1461
1491340 1461
1491350 1462
1491360 1462
1491370 1462
1491380 1462
1491390 1462
1491400 1462
1491410 1462
1491420 1462
1491430 1462
1491440 1462
1491450 1462
1491460 1461
1491470 1460
1491480 1459
1491490 1459
1491500 1459
1491510 1458
1491520 1458
1491530 1458
1491540 1457
1491550 1457
1491560 1457
1491570 1457
1491580 1457
1491590 1457
1491600 1455
1491610 1455
1491620 1453
1491630 1453
1491640 1452
1491650 1452
1491660 1451
1491670 1450
1491680 1450
1491690 1450
1491700 1450
1491710 1450
1491720 1449
1491730 1448
1491740 1448
1491750 1447
1491760 1448
1491770 1448
1491780 1449
1491790 1450
1491800 1451
1491810 1451
1491820 1451
1491830 1450
1491840 1450
1491850 1450
1491860 1450
1491870 1450
1491880 1450
1491890 1450
1491900 1450
1491910 1450
1491920 1449
1491930 1449
1491940 1449
1491950 1449
1491960 1448
1491970 1448
1491980 1447
1491990 1446
1492000 1446
1492010 1446
1492020 1445
1492030 1445
1492040 1445
1492050 1444
1492060 1444
1492070 1442
1492080 1441
1492090 1440
1492100 1440
1492110 1439
1492120 1438
1492130 1438
1492140 1436
1492150 1435
1492160 1435
1492170 1433
1492180 1433
1492190 1433
1492200 1433
1492210 1433
1492220 1433
1492230 1433
1492240 1432
1492250 1431
1492260 1431
1492270 1430
1492280 1428
1492290 1428
1492300 1426
1492310 1425
1492320 1425
1492330 1422
1492340 1421
1492350 1421
1492360 1419
1492370 1419
1492380 1419
1492390 1419
1492400 1419
1492410 1420
1492420 1420
1492430 1420
1492440 1421
1492450 1421
1492460 1421
1492470 1421
1492480 1421
1492490 1421
1492500 1420
1492510 1420
1492520 1421
1492530 1422
1492540 1422
1492550 1422
1492560 1421
1492570 1423
1492580 1423
1492590 1424
1492600 1421
1492610 1421
1492620 1419
1492630 1421
1492640 1421
1492650 1421
1492660 1418
1492670 1418
1492680 1418
1492690 1419
1492700 1417
1492710 1417
1492720 1418
1492730 1420
1492740 1420
1492750 1418
1492760 1417
1492770 1417
1492780 1417
1492790 1414
1492800 1414
1492810 1415
1492820 1416
1492830 1416
1492840 1414
1492850 1413
1492860 1416
1492870 1416
1492880 1417
1492890 1417
1492900 1417
1492910 1417
1492920 1418
1492930 1418
1492940 1417
1492950 1417
1492960 1417
1492970 1417
1492980 1417
1492990 1417
1493000 1416
1493010 1415
1493020 1415
1493030 1415
1493040 1415
1493050 1414
1493060 1414
1493070 1413
1493080 1412
1493090 1412
1493100 1412
1493110 1411
1493120 1411
1493130 1410
1493140 1409
1493150 1409
1493160 1409
1493170 1409
1493180 1408
1493190 1408
1493200 1408
1493210 1406
1493220 1406
1493230 1405
1493240 1402
1493250 1402
1493260 1401
1493270 1400
1493280 1400
1493290 1398
1493300 1396
1493310 1393
1493320 1393
1493330 1391
1493340 1389
1493350 1389
1493360 1388
1493370 1387
1493380 1387
1493390 1387
1493400 1387
1493410 1387
1493420 1389
1493430 1390
1493440 1390
1493450 1390
1493460 1391
1493470 1393
1493480 1393
1493490 1394
1493500 1394
1493510 1394
1493520 1395
1493530 1396
1493540 1396
1493550 1397
1493560 1398
1493570 1398
1493580 1399
1493590 1400
1493600 1400
1493610 1401
1493620 1399
1493630 1399
1493640 1399
1493650 1399
1493660 1399
1493670 1399
1493680 1398
1493690 1397
1493700 1397
1493710 1396
1493720 1395
1493730 1395
1493740 1395
1493750 1394
1493760 1394
1493770 1393
1493780 1392
1493790 1392
1493800 1392
1493810 1392
1493820 1392
1493830 1392
1493840 1392
1493850 1391
1493860 1391
1493870 1390
1493880 1389
1493890 1389
1493900 1388
1493910 1387
1493920 1387
1493930 1387
1493940 1386
1493950 1384
1493960 1384
1493970 1383
1493980 1383
1493990 1383
1494000 1384
1494010 1385
1494020 1385
1494030 1386
1494040 1386
1494050 1386
1494060 1388
1494070 1389
1494080 1390
1494090 1390
1494100 1390
1494110 1389
1494120 1389
1494130 1389
1494140 1391
1494150 1391
1494160 1392
1494170 1392
1494180 1392
1494190 1392
1494200 1392
1494210 1392
1494220 1392
1494230 1392
1494240 1391
1494250 1391
1494260 1391
1494270 1390
1494280 1390
1494290 1391
1494300 1391
1494310 1391
1494320 1390
1494330 1388
1494340 1388
1494350 1387
1494360 1385
1494370 1385
1494380 1382
1494390 1379
1494400 1378
1494410 1378
1494420 1378
1494430 1377
1494440 1377
1494450 1377
1494460 1377
1494470 1377
1494480 1378
1494490 1378
1494500 1378
1494510 1379
1494520 1379
1494530 1379
1494540 1379
1494550 1379
1494560 1378
1494570 1378
1494580 1377
1494590 1376
1494600 1376
1494610 1374
1494620 1373
1494630 1373
1494640 1372
1494650 1372
1494660 1372
1494670 1371
1494680 1370
1494690 1370
1494700 1370
1494710 1369
1494720 1369
1494730 1369
1494740 1369
1494750 1368
1494760 1368
1494770 1367
1494780 1367
1494790 1367
1494800 1367
1494810 1365
1494820 1365
1494830 1364
1494840 1363
1494850 1361
1494860 1361
1494870 1360
1494880 1358
1494890 1358
1494900 1357
1494910 1355
1494920 1355
1494930 1355
1494940 1355
1494950 1355
1494960 1354
1494970 1353
1494980 1353
1494990 1352
1495000 1352
1495010 1351
1495020 1351
1495030 1351
1495040 1350
1495050 1350
1495060 1350
1495070 1350
1495080 1350
1495090 1350
1495100 1350
1495110 1350
1495120 1349
1495130 1349
1495140 1349
1495150 1349
1495160 1350
1495170 1350
1495180 1350
1495190 1348
1495200 1347
1495210 1347
1495220 1346
1495230 1345
1495240 1345
1495250 1345
1495260 1344
1495270 1344
1495280 1344
1495290 1345
1495300 1345
1495310 1346
1495320 1347
1495330 1347
1495340 1347
1495350 1347
1495360 1347
1495370 1347
1495380 1347
1495390 1346
1495400 1346
1495410 1346
1495420 1345
1495430 1345
1495440 1344
1495450 1345
1495460 1345
1495470 1345
1495480 1345
1495490 1345
1495500 1345
1495510 1345
1495520 1344
1495530 1344
1495540 1344
1495550 1344
1495560 1344
1495570 1344
1495580 1345
1495590 1345
1495600 1345
1495610 1343
1495620 1342
1495630 1342
1495640 1341
1495650 1340
1495660 1340
1495670 1339
1495680 1338
1495690 1338
1495700 1340
1495710 1341
1495720 1341
1495730 1340
1495740 1340
1495750 1340
1495760 1341
1495770 1342
1495780 1342
1495790 1342
1495800 1343
1495810 1344
1495820 1344
1495830 1344
1495840 1344
1495850 1344
1495860 1343
1495870 1342
1495880 1342
1495890 1342
1495900 1341
1495910 1341
1495920 1341
1495930 1339
1495940 1337
1495950 1337
1495960 1336
1495970 1335
1495980 1335
1495990 1335
1496000 1336
1496010 1336
1496020 1337
1496030 1338
1496040 1338
1496050 1338
1496060 1337
1496070 1337
1496080 1337
1496090 1337
1496100 1336
1496110 1336
1496120 1336
1496130 1336
1496140 1336
1496150 1335
1496160 1335
1496170 1335
1496180 1334
1496190 1333
1496200 1333
1496210 1332
1496220 1331
1496230 1330
1496240 1330
1496250 1328
1496260 1321
1496270 1321
1496280 1314
1496290 1307
1496300 1307
1496310 1302
1496320 1296
1496330 1296
1496340 1294
1496350 1295
1496360 1295
1496370 1300
1496380 1306
1496390 1311
1496400 1311
1496410 1316
1496420 1320
1496430 1320
1496440 1323
1496450 1327
1496460 1327
1496470 1330
1496480 1333
1496490 1333
1496500 1335
1496510 1336
1496520 1336
1496530 1336
1496540 1337
1496550 1337
1496560 1337
1496570 1338
1496580 1341
1496590 1341
1496600 1343
1496610 1344
1496620 1344
1496630 1345
1496640 1345
1496650 1345
1496660 1346
1496670 1347
1496680 1347
1496690 1350
1496700 1352
1496710 1353
1496720 1353
1496730 1354
1496740 1353
1496750 1353
1496760 1350
1496770 1347
1496780 1347
1496790 1349
1496800 1351
1496810 1351
1496820 1350
1496830 1347
1496840 1347
1496850 1343
1496860 1339
1496870 1342
1496880 1342
1496890 1344
1496900 1347
1496910 1347
1496920 1348
1496930 1350
1496940 1350
1496950 1353
1496960 1356
1496970 1356
1496980 1359
1496990 1363
1497000 1366
1497010 1366
1497020 1367
1497030 1368
1497040 1368
1497050 1370
1497060 1371
1497070 1371
1497080 1372
1497090 1374
1497100 1374
1497110 1375
1497120 1377
1497130 1377
1497140 1379
1497150 1382
1497160 1387
1497170 1387
1497180 1390
1497190 1394
1497200 1394
1497210 1396
1497220 1399
1497230 1399
1497240 1403
1497250 1407
1497260 1407
1497270 1409
1497280 1413
1497290 1413
1497300 1417
1497310 1421
1497320 1425
1497330 1425
1497340 1429
1497350 1434
1497360 1434
1497370 1439
1497380 1443
1497390 1443
1497400 1449
1497410 1454
1497420 1454
1497430 1459
1497440 1465
1497450 1465
1497460 1469
1497470 1475
1497480 1480
1497490 1480
1497500 1485
1497510 1489
1497520 1489
1497530 1492
1497540 1495
1497550 1495
1497560 1498
1497570 1500
1497580 1500
1497590 1503
1497600 1504
1497610 1504
1497620 1504
1497630 1505
1497640 1505
1497650 1505
1497660 1505
1497670 1505
1497680 1505
1497690 1505
1497700 1505
1497710 1505
1497720 1505
1497730 1505
1497740 1505
1497750 1504
1497760 1503
1497770 1502
1497780 1502
1497790 1502
1497800 1502
1497810 1502
1497820 1501
1497830 1500
1497840 1500
1497850 1499
1497860 1497
1497870 1497
1497880 1496
1497890 1495
1497900 1495
1497910 1494
1497920 1494
1497930 1493
1497940 1493
1497950 1492
1497960 1492
1497970 1492
1497980 1492
1497990 1493
1498000 1493
1498010 1494
1498020 1495
1498030 1495
1498040 1496
1498050 1497
1498060 1497
1498070 1496
1498080 1496
1498090 1495
1498100 1495
1498110 1495
1498120 1495
1498130 1495
1498140 1496
1498150 1496
1498160 1496
1498170 1496
1498180 1496
1498190 1496
1498200 1496
1498210 1496
1498220 1496
1498230 1495
1498240 1494
1498250 1494
1498260 1494
1498270 1493
1498280 1492
1498290 1492
1498300 1491
1498310 1490
1498320 1490
1498330 1489
1498340 1488
1498350 1488
1498360 1487
1498370 1486
1498380 1485
1498390 1485
1498400 1484
1498410 1483
1498420 1483
1498430 1482
1498440 1481
1498450 1481
1498460 1480
1498470 1479
1498480 1479
1498490 1478
1498500 1478
1498510 1478
1498520 1477
1498530 1477
1498540 1476
1498550 1476
1498560 1476
1498570 1476
1498580 1476
1498590 1476
1498600 1476
1498610 1476
1498620 1476
1498630 1476
1498640 1476
1498650 1475
1498660 1473
1498670 1473
1498680 1471
1498690 1468
1498700 1464
1498710 1464
1498720 1458
1498730 1458
1498740 1458
1498750 1458
1498760 1458
1498770 1458
1498780 1457
1498790 1455
1498800 1455
1498810 1455
1498820 1454
1498830 1454
1498840 1453
1498850 1452
1498860 1450
1498870 1450
1498880 1449
1498890 1447
1498900 1447
1498910 1446
1498920 1444
1498930 1444
1498940 1440
1498950 1434
1498960 1434
1498970 1428
1498980 1422
1498990 1422
1499000 1415
1499010 1412
1499020 1412
1499030 1412
1499040 1412
1499050 1411
1499060 1411
1499070 1409
1499080 1409
1499090 1409
1499100 1409
1499110 1409
1499120 1409
1499130 1410
1499140 1412
1499150 1412
1499160 1412
1499170 1412
1499180 1411
1499190 1411
1499200 1413
1499210 1414
1499220 1414
1499230 1414
1499240 1414
1499250 1414
1499260 1414
1499270 1414
1499280 1414
1499290 1415
1499300 1416
1499310 1416
1499320 1416
1499330 1417
1499340 1416
1499350 1416
1499360 1416
1499370 1414
1499380 1414
1499390 1413
1499400 1414
1499410 1414
1499420 1416
1499430 1418
1499440 1418
1499450 1418
1499460 1417
1499470 1414
1499480 1414
1499490 1411
1499500 1408
1499510 1408
1499520 1406
1499530 1404
1499540 1404
1499550 1403
1499560 1403
1499570 1403
1499580 1402
1499590 1402
1499600 1402
1499610 1400
1499620 1398
1499630 1397
1499640 1397
1499650 1395
1499660 1394
1499670 1394
1499680 1394
1499690 1392
1499700 1392
1499710 1390
1499720 1388
1499730 1388
1499740 1385
1499750 1383
1499760 1383
1499770 1380
1499780 1378
1499790 1376
1499800 1376
1499810 1375
1499820 1375
1499830 1375
1499840 1375
1499850 1374
1499860 1374
1499870 1373
1499880 1371
1499890 1371
1499900 1370
1499910 1369
1499920 1368
1499930 1368
1499940 1367
1499950 1367
1499960 1367
1499970 1366
1499980 1362
1499990 1362
