1480000 690
1480010 690
1480020 697
1480030 697
1480040 717
1480050 727
1480060 742
1480070 742
1480080 750
1480090 751
1480100 751
1480110 753
1480120 757
1480130 757
1480140 761
1480150 762
1480160 762
1480170 763
1480180 766
1480190 766
1480200 768
1480210 770
1480220 771
1480230 771
1480240 772
1480250 772
1480260 772
1480270 771
1480280 770
1480290 770
1480300 768
1480310 765
1480320 765
1480330 765
1480340 767
1480350 767
1480360 767
1480370 767
1480380 767
1480390 767
1480400 767
1480410 766
1480420 766
1480430 765
1480440 764
1480450 764
1480460 763
1480470 763
1480480 763
1480490 763
1480500 762
1480510 765
1480520 765
1480530 767
1480540 766
1480550 766
1480560 765
1480570 764
1480580 764
1480590 762
1480600 761
1480610 761
1480620 762
1480630 763
1480640 763
1480650 764
1480660 765
1480670 766
1480680 766
1480690 766
1480700 763
1480710 763
1480720 761
1480730 762
1480740 762
1480750 766
1480760 769
1480770 769
1480780 770
1480790 770
1480800 770
1480810 770
1480820 770
1480830 771
1480840 771
1480850 771
1480860 772
1480870 772
1480880 773
1480890 773
1480900 773
1480910 774
1480920 774
1480930 774
1480940 774
1480950 775
1480960 775
1480970 774
1480980 773
1480990 771
1481000 771
1481010 772
1481020 772
1481030 772
1481040 769
1481050 766
1481060 766
1481070 765
1481080 766
1481090 766
1481100 765
1481110 765
1481120 765
1481130 767
1481140 770
1481150 773
1481160 773
1481170 774
1481180 774
1481190 774
1481200 771
1481210 765
1481220 765
1481230 760
1481240 756
1481250 756
1481260 754
1481270 750
1481280 750
1481290 747
1481300 744
1481310 740
1481320 740
1481330 735
1481340 728
1481350 728
1481360 722
1481370 716
1481380 716
1481390 715
1481400 723
1481410 723
1481420 726
1481430 725
1481440 724
1481450 724
1481460 717
1481470 710
1481480 710
1481490 719
1481500 729
1481510 729
1481520 736
1481530 738
1481540 738
1481550 744
1481560 750
1481570 750
1481580 749
1481590 754
1481600 753
1481610 753
1481620 751
1481630 746
1481640 746
1481650 745
1481660 745
1481670 745
1481680 742
1481690 738
1481700 738
1481710 737
1481720 738
1481730 738
1481740 737
1481750 730
1481760 721
1481770 721
1481780 714
1481790 709
1481800 709
1481810 707
1481820 710
1481830 710
1481840 717
1481850 719
1481860 719
1481870 712
1481880 706
1481890 706
1481900 700
1481910 698
1481920 702
1481930 702
1481940 710
1481950 719
1481960 719
1481970 727
1481980 732
1481990 732
1482000 735
1482010 736
1482020 736
1482030 736
1482040 734
1482050 734
1482060 732
1482070 731
1482080 731
1482090 731
1482100 731
1482110 731
1482120 731
1482130 732
1482140 731
1482150 731
1482160 729
1482170 730
1482180 730
1482190 730
1482200 729
1482210 729
1482220 732
1482230 736
1482240 733
1482250 733
1482260 732
1482270 738
1482280 738
1482290 743
1482300 746
1482310 746
1482320 739
1482330 731
1482340 731
1482350 726
1482360 732
1482370 732
1482380 742
1482390 742
1482400 732
1482410 732
1482420 725
1482430 732
1482440 732
1482450 736
1482460 740
1482470 740
1482480 740
1482490 738
1482500 738
1482510 737
1482520 736
1482530 735
1482540 735
1482550 735
1482560 740
1482570 740
1482580 747
1482590 754
1482600 754
1482610 761
1482620 766
1482630 766
1482640 770
1482650 774
1482660 774
1482670 776
1482680 779
1482690 780
1482700 780
1482710 780
1482720 782
1482730 782
1482740 784
1482750 785
1482760 785
1482770 785
1482780 785
1482790 785
1482800 785
1482810 785
1482820 785
1482830 786
1482840 786
1482850 786
1482860 786
1482870 787
1482880 786
1482890 786
1482900 786
1482910 785
1482920 785
1482930 782
1482940 779
1482950 779
1482960 780
1482970 779
1482980 779
1482990 778
1483000 778
1483010 778
1483020 778
1483030 779
1483040 780
1483050 780
1483060 780
1483070 781
1483080 781
1483090 781
1483100 782
1483110 782
1483120 782
1483130 782
1483140 782
1483150 779
1483160 777
1483170 772
1483180 772
1483190 766
1483200 763
1483210 763
1483220 763
1483230 763
1483240 763
1483250 765
1483260 766
1483270 766
1483280 767
1483290 768
1483300 768
1483310 769
1483320 769
1483330 767
1483340 767
1483350 766
1483360 765
1483370 765
1483380 763
1483390 763
1483400 763
1483410 763
1483420 763
1483430 763
1483440 763
1483450 763
1483460 763
1483470 763
1483480 762
1483490 761
1483500 761
1483510 762
1483520 762
1483530 762
1483540 763
1483550 762
1483560 762
1483570 761
1483580 761
1483590 761
1483600 762
1483610 762
1483620 761
1483630 761
1483640 760
1483650 759
1483660 759
1483670 758
1483680 757
1483690 757
1483700 756
1483710 755
1483720 755
1483730 754
1483740 754
1483750 754
1483760 754
1483770 753
1483780 753
1483790 753
1483800 752
1483810 750
1483820 750
1483830 751
1483840 751
1483850 751
1483860 750
1483870 745
1483880 745
1483890 735
1483900 733
1483910 733
1483920 742
1483930 742
1483940 736
1483950 736
1483960 737
1483970 739
1483980 739
1483990 741
1484000 743
1484010 743
1484020 743
1484030 741
1484040 741
1484050 738
1484060 731
1484070 731
1484080 733
1484090 736
1484100 735
1484110 735
1484120 735
1484130 738
1484140 738
1484150 736
1484160 732
1484170 732
1484180 730
1484190 734
1484200 734
1484210 738
1484220 740
1484230 740
1484240 736
1484250 729
1484260 723
1484270 723
1484280 720
1484290 719
1484300 719
1484310 717
1484320 709
1484330 709
1484340 699
1484350 706
1484360 706
1484370 716
1484380 718
1484390 718
1484400 714
1484410 710
1484420 714
1484430 714
1484440 717
1484450 719
1484460 719
1484470 721
1484480 724
1484490 724
1484500 724
1484510 720
1484520 720
1484530 716
1484540 713
1484550 709
1484560 709
1484570 705
1484580 701
1484590 701
1484600 700
1484610 701
1484620 701
1484630 704
1484640 705
1484650 705
1484660 702
1484670 699
1484680 699
1484690 701
1484700 703
1484710 707
1484720 707
1484730 707
1484740 703
1484750 703
1484760 702
1484770 700
1484780 700
1484790 694
1484800 687
1484810 687
1484820 683
1484830 683
1484840 683
1484850 685
1484860 683
1484870 680
1484880 680
1484890 678
1484900 676
1484910 676
1484920 673
1484930 670
1484940 670
1484950 674
1484960 676
1484970 676
1484980 675
1484990 674
1485000 674
1485010 672
1485020 670
1485030 670
1485040 670
1485050 671
1485060 674
1485070 674
1485080 676
1485090 680
1485100 680
1485110 686
1485120 693
1485130 693
1485140 699
1485150 704
1485160 704
1485170 705
1485180 705
1485190 703
1485200 703
1485210 699
1485220 694
1485230 694
1485240 688
1485250 684
1485260 684
1485270 685
1485280 689
1485290 689
1485300 693
1485310 697
1485320 697
1485330 701
1485340 702
1485350 703
1485360 703
1485370 703
1485380 703
1485390 703
1485400 700
1485410 697
1485420 697
1485430 696
1485440 695
1485450 695
1485460 699
1485470 700
1485480 700
1485490 701
1485500 700
1485510 702
1485520 702
1485530 701
1485540 698
1485550 698
1485560 695
1485570 700
1485580 700
1485590 703
1485600 703
1485610 703
1485620 702
1485630 699
1485640 697
1485650 697
1485660 696
1485670 695
1485680 695
1485690 695
1485700 695
1485710 695
1485720 694
1485730 691
1485740 691
1485750 688
1485760 689
1485770 689
1485780 687
1485790 681
1485800 671
1485810 671
1485820 671
1485830 678
1485840 678
1485850 683
1485860 683
1485870 683
1485880 679
1485890 678
1485900 678
1485910 680
1485920 680
1485930 680
1485940 680
1485950 677
1485960 670
1485970 670
1485980 662
1485990 655
1486000 655
1486010 658
1486020 663
1486030 663
1486040 665
1486050 664
1486060 664
1486070 661
1486080 660
1486090 660
1486100 664
1486110 667
1486120 668
1486130 668
1486140 667
1486150 668
1486160 668
1486170 667
1486180 664
1486190 664
1486200 661
1486210 655
1486220 655
1486230 649
1486240 642
1486250 642
1486260 635
1486270 628
1486280 630
1486290 630
1486300 640
1486310 646
1486320 646
1486330 650
1486340 647
1486350 647
1486360 641
1486370 636
1486380 636
1486390 633
1486400 638
1486410 638
1486420 645
1486430 650
1486440 649
1486450 649
1486460 647
1486470 649
1486480 649
1486490 651
1486500 650
1486510 650
1486520 648
1486530 645
1486540 645
1486550 646
1486560 649
1486570 649
1486580 649
1486590 646
1486600 641
1486610 641
1486620 638
1486630 633
1486640 633
1486650 630
1486660 632
1486670 632
1486680 637
1486690 638
1486700 638
1486710 632
1486720 624
1486730 630
1486740 630
1486750 636
1486760 639
1486770 639
1486780 639
1486790 635
1486800 635
1486810 635
1486820 638
1486830 638
1486840 639
1486850 638
1486860 638
1486870 634
1486880 632
1486890 635
1486900 635
1486910 638
1486920 640
1486930 640
1486940 641
1486950 642
1486960 642
1486970 643
1486980 647
1486990 647
1487000 647
1487010 645
1487020 645
1487030 643
1487040 646
1487050 647
1487060 647
1487070 647
1487080 645
1487090 645
1487100 645
1487110 645
1487120 645
1487130 645
1487140 644
1487150 644
1487160 643
1487170 643
1487180 643
1487190 644
1487200 644
1487210 644
1487220 644
1487230 645
1487240 645
1487250 645
1487260 646
1487270 646
1487280 646
1487290 647
1487300 648
1487310 648
1487320 649
1487330 650
1487340 650
1487350 652
1487360 653
1487370 653
1487380 653
1487390 653
1487400 653
1487410 653
1487420 652
1487430 652
1487440 652
1487450 652
1487460 652
1487470 652
1487480 651
1487490 650
1487500 650
1487510 650
1487520 649
1487530 647
1487540 647
1487550 645
1487560 642
1487570 642
1487580 638
1487590 634
1487600 634
1487610 630
1487620 625
1487630 625
1487640 622
1487650 618
1487660 614
1487670 614
1487680 610
1487690 605
1487700 605
1487710 602
1487720 602
1487730 602
1487740 603
1487750 603
1487760 603
1487770 603
1487780 604
1487790 604
1487800 604
1487810 605
1487820 605
1487830 605
1487840 605
1487850 606
1487860 606
1487870 605
1487880 605
1487890 605
1487900 605
1487910 605
1487920 605
1487930 606
1487940 606
1487950 606
1487960 606
1487970 605
1487980 605
1487990 605
1488000 605
1488010 605
1488020 605
1488030 604
1488040 602
1488050 602
1488060 602
1488070 602
1488080 602
1488090 601
1488100 598
1488110 598
1488120 596
1488130 596
1488140 597
1488150 597
1488160 596
1488170 594
1488180 594
1488190 592
1488200 592
1488210 592
1488220 593
1488230 595
1488240 595
1488250 596
1488260 597
1488270 597
1488280 597
1488290 596
1488300 596
1488310 596
1488320 596
1488330 596
1488340 596
1488350 595
1488360 595
1488370 595
1488380 596
1488390 595
1488400 595
1488410 597
1488420 598
1488430 598
1488440 598
1488450 598
1488460 598
1488470 598
1488480 597
1488490 597
1488500 597
1488510 596
1488520 596
1488530 596
1488540 596
1488550 595
1488560 595
1488570 595
1488580 594
1488590 594
1488600 594
1488610 593
1488620 593
1488630 593
1488640 593
1488650 592
1488660 592
1488670 592
1488680 591
1488690 591
1488700 591
1488710 591
1488720 591
1488730 591
1488740 590
1488750 590
1488760 590
1488770 590
1488780 589
1488790 589
1488800 589
1488810 588
1488820 588
1488830 588
1488840 588
1488850 588
1488860 588
1488870 588
1488880 588
1488890 587
1488900 587
1488910 586
1488920 586
1488930 586
1488940 586
1488950 586
1488960 585
1488970 585
1488980 585
1488990 585
1489000 584
1489010 584
1489020 584
1489030 584
1489040 584
1489050 584
1489060 583
1489070 583
1489080 583
1489090 583
1489100 582
1489110 582
1489120 582
1489130 582
1489140 582
1489150 582
1489160 581
1489170 581
1489180 581
1489190 581
1489200 581
1489210 581
1489220 581
1489230 582
1489240 582
1489250 582
1489260 582
1489270 582
1489280 582
1489290 582
1489300 582
1489310 582
1489320 581
1489330 581
1489340 581
1489350 580
1489360 580
1489370 579
1489380 578
1489390 578
1489400 578
1489410 578
1489420 578
1489430 578
1489440 578
1489450 577
1489460 577
1489470 577
1489480 576
1489490 576
1489500 574
1489510 572
1489520 572
1489530 572
1489540 572
1489550 572
1489560 572
1489570 572
1489580 572
1489590 572
1489600 572
1489610 572
1489620 572
1489630 572
1489640 572
1489650 572
1489660 572
1489670 572
1489680 572
1489690 572
1489700 572
1489710 572
1489720 572
1489730 572
1489740 572
1489750 572
1489760 572
1489770 572
1489780 572
1489790 572
1489800 572
1489810 572
1489820 572
1489830 571
1489840 571
1489850 571
1489860 571
1489870 571
1489880 571
1489890 571
1489900 571
1489910 571
1489920 571
1489930 571
1489940 571
1489950 571
1489960 571
1489970 571
1489980 571
1489990 571
1490000 571
1490010 571
1490020 571
1490030 571
1490040 571
1490050 571
1490060 571
1490070 571
1490080 571
1490090 571
1490100 571
1490110 571
1490120 571
1490130 571
1490140 571
1490150 571
1490160 571
1490170 571
1490180 571
1490190 571
1490200 571
1490210 571
1490220 571
1490230 571
1490240 571
1490250 571
1490260 571
1490270 571
1490280 571
1490290 571
1490300 571
1490310 571
1490320 571
1490330 571
1490340 571
1490350 571
1490360 571
1490370 571
1490380 571
1490390 571
1490400 571
1490410 571
1490420 571
1490430 571
1490440 571
1490450 571
1490460 571
1490470 571
1490480 571
1490490 571
1490500 571
1490510 570
1490520 570
1490530 570
1490540 570
1490550 570
1490560 570
1490570 570
1490580 570
1490590 570
1490600 571
1490610 571
1490620 570
1490630 571
1490640 571
1490650 571
1490660 571
1490670 571
1490680 571
1490690 571
1490700 571
1490710 571
1490720 571
1490730 571
1490740 571
1490750 571
1490760 571
1490770 571
1490780 571
1490790 571
1490800 571
1490810 571
1490820 570
1490830 570
1490840 570
1490850 570
1490860 570
1490870 570
1490880 570
1490890 570
1490900 570
1490910 570
1490920 570
1490930 570
1490940 570
1490950 570
1490960 570
1490970 570
1490980 570
1490990 570
1491000 570
1491010 570
1491020 570
1491030 570
1491040 570
1491050 570
1491060 570
1491070 570
1491080 570
1491090 570
1491100 570
1491110 570
1491120 570
1491130 570
1491140 570
1491150 570
1491160 570
1491170 570
1491180 570
1491190 570
1491200 570
1491210 570
1491220 570
1491230 570
1491240 570
1491250 570
1491260 570
1491270 570
1491280 570
1491290 570
1491300 570
1491310 570
1491320 570
1491330 570
1491340 570
1491350 570
1491360 570
1491370 570
1491380 570
1491390 570
1491400 569
1491410 569
1491420 569
1491430 569
1491440 569
1491450 569
1491460 569
1491470 569
1491480 569
1491490 569
1491500 569
1491510 569
1491520 569
1491530 569
1491540 569
1491550 569
1491560 569
1491570 569
1491580 569
1491590 569
1491600 569
1491610 569
1491620 569
1491630 569
1491640 569
1491650 569
1491660 569
1491670 569
1491680 569
1491690 569
1491700 569
1491710 569
1491720 569
1491730 569
1491740 569
1491750 569
1491760 569
1491770 569
1491780 569
1491790 569
1491800 569
1491810 569
1491820 569
1491830 569
1491840 569
1491850 569
1491860 569
1491870 569
1491880 569
1491890 569
1491900 569
1491910 569
1491920 569
1491930 569
1491940 569
1491950 569
1491960 569
1491970 569
1491980 569
1491990 569
1492000 569
1492010 569
1492020 569
1492030 569
1492040 569
1492050 569
1492060 569
1492070 569
1492080 569
1492090 569
1492100 569
1492110 569
1492120 569
1492130 569
1492140 569
1492150 569
1492160 569
1492170 569
1492180 569
1492190 569
1492200 569
1492210 569
1492220 569
1492230 569
1492240 568
1492250 568
1492260 568
1492270 568
1492280 568
1492290 568
1492300 569
1492310 569
1492320 568
1492330 568
1492340 568
1492350 568
1492360 568
1492370 568
1492380 568
1492390 568
1492400 568
1492410 568
1492420 568
1492430 568
1492440 568
1492450 568
1492460 568
1492470 568
1492480 568
1492490 568
1492500 568
1492510 568
1492520 568
1492530 568
1492540 568
1492550 568
1492560 568
1492570 568
1492580 568
1492590 568
1492600 568
1492610 568
1492620 568
1492630 568
1492640 568
1492650 568
1492660 568
1492670 568
1492680 568
1492690 568
1492700 568
1492710 568
1492720 567
1492730 567
1492740 567
1492750 567
1492760 567
1492770 567
1492780 567
1492790 567
1492800 567
1492810 567
1492820 567
1492830 567
1492840 567
1492850 568
1492860 568
1492870 568
1492880 568
1492890 568
1492900 568
1492910 568
1492920 568
1492930 568
1492940 568
1492950 568
1492960 568
1492970 568
1492980 568
1492990 568
1493000 568
1493010 568
1493020 568
1493030 568
1493040 568
1493050 568
1493060 568
1493070 568
1493080 568
1493090 568
1493100 568
1493110 568
1493120 568
1493130 568
1493140 568
1493150 568
1493160 568
1493170 568
1493180 568
1493190 568
1493200 568
1493210 568
1493220 568
1493230 568
1493240 568
1493250 569
1493260 570
1493270 570
1493280 570
1493290 570
1493300 568
1493310 568
1493320 566
1493330 566
1493340 566
1493350 566
1493360 566
1493370 566
1493380 566
1493390 566
1493400 566
1493410 568
1493420 569
1493430 570
1493440 570
1493450 571
1493460 571
1493470 571
1493480 571
1493490 569
1493500 569
1493510 568
1493520 567
1493530 567
1493540 567
1493550 567
1493560 567
1493570 567
1493580 567
1493590 567
1493600 567
1493610 567
1493620 567
1493630 567
1493640 567
1493650 567
1493660 567
1493670 567
1493680 567
1493690 567
1493700 567
1493710 567
1493720 567
1493730 567
1493740 567
1493750 567
1493760 567
1493770 567
1493780 567
1493790 567
1493800 567
1493810 566
1493820 566
1493830 566
1493840 566
1493850 566
1493860 566
1493870 566
1493880 566
1493890 566
1493900 566
1493910 566
1493920 566
1493930 566
1493940 566
1493950 566
1493960 566
1493970 566
1493980 566
1493990 566
1494000 566
1494010 566
1494020 566
1494030 566
1494040 566
1494050 566
1494060 566
1494070 566
1494080 566
1494090 566
1494100 566
1494110 566
1494120 566
1494130 567
1494140 567
1494150 567
1494160 567
1494170 567
1494180 567
1494190 567
1494200 566
1494210 566
1494220 566
1494230 566
1494240 566
1494250 566
1494260 566
1494270 566
1494280 566
1494290 566
1494300 566
1494310 566
1494320 566
1494330 566
1494340 566
1494350 566
1494360 566
1494370 566
1494380 566
1494390 566
1494400 566
1494410 566
1494420 566
1494430 566
1494440 566
1494450 566
1494460 566
1494470 566
1494480 566
1494490 566
1494500 566
1494510 566
1494520 566
1494530 566
1494540 565
1494550 565
1494560 565
1494570 565
1494580 565
1494590 565
1494600 565
1494610 565
1494620 565
1494630 565
1494640 565
1494650 565
1494660 565
1494670 565
1494680 566
1494690 566
1494700 566
1494710 566
1494720 566
1494730 566
1494740 566
1494750 566
1494760 566
1494770 566
1494780 566
1494790 565
1494800 565
1494810 565
1494820 565
1494830 565
1494840 565
1494850 565
1494860 565
1494870 565
1494880 565
1494890 565
1494900 565
1494910 565
1494920 565
1494930 565
1494940 565
1494950 565
1494960 565
1494970 565
1494980 565
1494990 565
1495000 565
1495010 565
1495020 565
1495030 565
1495040 565
1495050 565
1495060 565
1495070 565
1495080 565
1495090 565
1495100 565
1495110 565
1495120 565
1495130 565
1495140 565
1495150 565
1495160 565
1495170 565
1495180 565
1495190 565
1495200 565
1495210 565
1495220 565
1495230 565
1495240 565
1495250 565
1495260 565
1495270 565
1495280 565
1495290 565
1495300 565
1495310 567
1495320 571
1495330 571
1495340 576
1495350 581
1495360 581
1495370 583
1495380 583
1495390 583
1495400 583
1495410 583
1495420 583
1495430 584
1495440 585
1495450 584
1495460 584
1495470 584
1495480 584
1495490 584
1495500 585
1495510 586
1495520 586
1495530 589
1495540 592
1495550 592
1495560 593
1495570 596
1495580 596
1495590 597
1495600 597
1495610 598
1495620 598
1495630 600
1495640 600
1495650 600
1495660 599
1495670 599
1495680 599
1495690 599
1495700 597
1495710 597
1495720 596
1495730 594
1495740 594
1495750 593
1495760 592
1495770 590
1495780 590
1495790 587
1495800 587
1495810 587
1495820 586
1495830 585
1495840 585
1495850 584
1495860 584
1495870 584
1495880 584
1495890 583
1495900 583
1495910 583
1495920 582
1495930 582
1495940 582
1495950 581
1495960 581
1495970 581
1495980 581
1495990 581
1496000 581
1496010 581
1496020 581
1496030 581
1496040 581
1496050 582
1496060 583
1496070 583
1496080 583
1496090 583
1496100 583
1496110 583
1496120 584
1496130 584
1496140 586
1496150 588
1496160 588
1496170 589
1496180 591
1496190 591
1496200 594
1496210 595
1496220 594
1496230 594
1496240 592
1496250 591
1496260 591
1496270 590
1496280 589
1496290 589
1496300 588
1496310 585
1496320 585
1496330 583
1496340 582
1496350 582
1496360 581
1496370 581
1496380 580
1496390 580
1496400 580
1496410 579
1496420 579
1496430 579
1496440 578
1496450 578
1496460 578
1496470 577
1496480 577
1496490 577
1496500 577
1496510 577
1496520 576
1496530 576
1496540 577
1496550 577
1496560 577
1496570 576
1496580 576
1496590 576
1496600 575
1496610 575
1496620 575
1496630 575
1496640 575
1496650 574
1496660 574
1496670 574
1496680 573
1496690 573
1496700 572
1496710 572
1496720 570
1496730 569
1496740 569
1496750 567
1496760 566
1496770 566
1496780 565
1496790 565
1496800 565
1496810 566
1496820 565
1496830 565
1496840 564
1496850 564
1496860 564
1496870 564
1496880 564
1496890 564
1496900 564
1496910 564
1496920 564
1496930 564
1496940 564
1496950 564
1496960 564
1496970 563
1496980 563
1496990 563
1497000 563
1497010 563
1497020 563
1497030 563
1497040 563
1497050 563
1497060 563
1497070 563
1497080 563
1497090 563
1497100 563
1497110 563
1497120 563
1497130 563
1497140 563
1497150 563
1497160 563
1497170 563
1497180 563
1497190 563
1497200 563
1497210 563
1497220 563
1497230 563
1497240 563
1497250 563
1497260 563
1497270 563
1497280 563
1497290 563
1497300 563
1497310 563
1497320 563
1497330 563
1497340 563
1497350 563
1497360 563
1497370 563
1497380 563
1497390 563
1497400 563
1497410 563
1497420 563
1497430 563
1497440 563
1497450 563
1497460 563
1497470 563
1497480 563
1497490 563
1497500 563
1497510 563
1497520 563
1497530 563
1497540 563
1497550 563
1497560 563
1497570 563
1497580 563
1497590 563
1497600 563
1497610 563
1497620 563
1497630 563
1497640 563
1497650 563
1497660 563
1497670 563
1497680 563
1497690 563
1497700 563
1497710 563
1497720 564
1497730 564
1497740 564
1497750 565
1497760 565
1497770 566
1497780 566
1497790 567
1497800 567
1497810 567
1497820 566
1497830 566
1497840 566
1497850 565
1497860 565
1497870 565
1497880 564
1497890 564
1497900 564
1497910 563
1497920 563
1497930 563
1497940 562
1497950 561
1497960 561
1497970 561
1497980 561
1497990 561
1498000 561
1498010 561
1498020 561
1498030 561
1498040 561
1498050 561
1498060 561
1498070 561
1498080 561
1498090 561
1498100 561
1498110 562
1498120 562
1498130 562
1498140 563
1498150 563
1498160 564
1498170 564
1498180 564
1498190 565
1498200 565
1498210 565
1498220 566
1498230 566
1498240 567
1498250 567
1498260 567
1498270 566
1498280 566
1498290 565
1498300 564
1498310 564
1498320 564
1498330 563
1498340 563
1498350 563
1498360 563
1498370 563
1498380 563
1498390 563
1498400 563
1498410 563
1498420 562
1498430 562
1498440 562
1498450 564
1498460 568
1498470 568
1498480 567
1498490 564
1498500 564
1498510 563
1498520 562
1498530 562
1498540 562
1498550 562
1498560 562
1498570 562
1498580 562
1498590 562
1498600 562
1498610 562
1498620 562
1498630 562
1498640 562
1498650 562
1498660 562
1498670 562
1498680 562
1498690 562
1498700 562
1498710 562
1498720 562
1498730 562
1498740 562
1498750 562
1498760 562
1498770 562
1498780 562
1498790 562
1498800 562
1498810 562
1498820 562
1498830 562
1498840 562
1498850 562
1498860 562
1498870 561
1498880 561
1498890 561
1498900 562
1498910 561
1498920 561
1498930 561
1498940 561
1498950 561
1498960 561
1498970 561
1498980 561
1498990 561
1499000 561
1499010 561
1499020 561
1499030 561
1499040 561
1499050 561
1499060 561
1499070 562
1499080 562
1499090 562
1499100 561
1499110 561
1499120 561
1499130 561
1499140 561
1499150 561
1499160 561
1499170 561
1499180 561
1499190 561
1499200 561
1499210 561
1499220 561
1499230 561
1499240 561
1499250 561
1499260 561
1499270 561
1499280 561
1499290 561
1499300 561
1499310 561
1499320 561
1499330 561
1499340 561
1499350 561
1499360 561
1499370 561
1499380 561
1499390 561
1499400 561
1499410 561
1499420 561
1499430 561
1499440 561
1499450 561
1499460 561
1499470 561
1499480 561
1499490 561
1499500 561
1499510 561
1499520 561
1499530 561
1499540 561
1499550 561
1499560 561
1499570 561
1499580 561
1499590 561
1499600 561
1499610 561
1499620 561
1499630 561
1499640 561
1499650 561
1499660 561
1499670 561
1499680 561
1499690 561
1499700 561
1499710 561
1499720 561
1499730 561
1499740 561
1499750 561
1499760 561
1499770 561
1499780 561
1499790 561
1499800 561
1499810 561
1499820 561
1499830 560
1499840 560
1499850 560
1499860 560
1499870 560
1499880 560
1499890 560
1499900 560
1499910 560
1499920 560
1499930 560
1499940 560
1499950 561
1499960 560
1499970 560
1499980 560
1499990 560
