1480000 1264
1480010 1264
1480020 1267
1480030 1270
1480040 1270
1480050 1273
1480060 1275
1480070 1275
1480080 1278
1480090 1281
1480100 1284
1480110 1284
1480120 1287
1480130 1291
1480140 1291
1480150 1295
1480160 1299
1480170 1299
1480180 1302
1480190 1305
1480200 1305
1480210 1309
1480220 1313
1480230 1313
1480240 1316
1480250 1318
1480260 1320
1480270 1320
1480280 1323
1480290 1325
1480300 1325
1480310 1327
1480320 1329
1480330 1329
1480340 1331
1480350 1333
1480360 1333
1480370 1334
1480380 1335
1480390 1335
1480400 1336
1480410 1337
1480420 1339
1480430 1339
1480440 1340
1480450 1341
1480460 1341
1480470 1343
1480480 1344
1480490 1344
1480500 1345
1480510 1345
1480520 1345
1480530 1346
1480540 1346
1480550 1346
1480560 1347
1480570 1348
1480580 1350
1480590 1350
1480600 1351
1480610 1351
1480620 1351
1480630 1351
1480640 1352
1480650 1352
1480660 1352
1480670 1352
1480680 1352
1480690 1351
1480700 1351
1480710 1351
1480720 1351
1480730 1350
1480740 1349
1480750 1349
1480760 1348
1480770 1348
1480780 1348
1480790 1347
1480800 1346
1480810 1346
1480820 1345
1480830 1345
1480840 1345
1480850 1345
1480860 1345
1480870 1345
1480880 1345
1480890 1345
1480900 1345
1480910 1345
1480920 1344
1480930 1344
1480940 1344
1480950 1344
1480960 1344
1480970 1344
1480980 1343
1480990 1343
1481000 1343
1481010 1342
1481020 1341
1481030 1341
1481040 1341
1481050 1340
1481060 1340
1481070 1340
1481080 1339
1481090 1339
1481100 1339
1481110 1338
1481120 1337
1481130 1337
1481140 1336
1481150 1336
1481160 1336
1481170 1336
1481180 1336
1481190 1336
1481200 1337
1481210 1337
1481220 1337
1481230 1337
1481240 1336
1481250 1336
1481260 1336
1481270 1336
1481280 1335
1481290 1335
1481300 1334
1481310 1334
1481320 1334
1481330 1333
1481340 1332
1481350 1332
1481360 1332
1481370 1332
1481380 1332
1481390 1332
1481400 1331
1481410 1330
1481420 1330
1481430 1330
1481440 1329
1481450 1329
1481460 1328
1481470 1327
1481480 1327
1481490 1326
1481500 1325
1481510 1325
1481520 1322
1481530 1318
1481540 1314
1481550 1314
1481560 1312
1481570 1309
1481580 1309
1481590 1306
1481600 1303
1481610 1303
1481620 1301
1481630 1301
1481640 1301
1481650 1301
1481660 1300
1481670 1300
1481680 1300
1481690 1298
1481700 1295
1481710 1295
1481720 1293
1481730 1292
1481740 1292
1481750 1291
1481760 1291
1481770 1291
1481780 1291
1481790 1290
1481800 1290
1481810 1289
1481820 1288
1481830 1288
1481840 1287
1481850 1287
1481860 1287
1481870 1287
1481880 1285
1481890 1283
1481900 1283
1481910 1280
1481920 1278
1481930 1278
1481940 1276
1481950 1275
1481960 1275
1481970 1274
1481980 1273
1481990 1273
1482000 1271
1482010 1268
1482020 1265
1482030 1265
1482040 1262
1482050 1260
1482060 1260
1482070 1259
1482080 1259
1482090 1259
1482100 1259
1482110 1259
1482120 1259
1482130 1257
1482140 1255
1482150 1255
1482160 1253
1482170 1251
1482180 1248
1482190 1248
1482200 1246
1482210 1243
1482220 1243
1482230 1239
1482240 1237
1482250 1237
1482260 1233
1482270 1229
1482280 1229
1482290 1224
1482300 1219
1482310 1219
1482320 1212
1482330 1204
1482340 1198
1482350 1198
1482360 1192
1482370 1188
1482380 1188
1482390 1184
1482400 1178
1482410 1178
1482420 1173
1482430 1167
1482440 1167
1482450 1162
1482460 1157
1482470 1157
1482480 1153
1482490 1150
1482500 1147
1482510 1147
1482520 1144
1482530 1140
1482540 1140
1482550 1134
1482560 1128
1482570 1128
1482580 1122
1482590 1117
1482600 1117
1482610 1112
1482620 1108
1482630 1108
1482640 1105
1482650 1102
1482660 1097
1482670 1097
1482680 1093
1482690 1089
1482700 1089
1482710 1085
1482720 1081
1482730 1081
1482740 1077
1482750 1074
1482760 1074
1482770 1070
1482780 1066
1482790 1066
1482800 1061
1482810 1057
1482820 1054
1482830 1054
1482840 1051
1482850 1047
1482860 1047
1482870 1041
1482880 1037
1482890 1037
1482900 1034
1482910 1028
1482920 1028
1482930 1022
1482940 1015
1482950 1015
1482960 1007
1482970 1003
1482980 1001
1482990 1001
1483000 996
1483010 991
1483020 991
1483030 985
1483040 979
1483050 979
1483060 975
1483070 971
1483080 971
1483090 967
1483100 963
1483110 963
1483120 959
1483130 955
1483140 947
1483150 947
1483160 937
1483170 930
1483180 930
1483190 925
1483200 919
1483210 919
1483220 913
1483230 907
1483240 907
1483250 903
1483260 899
1483270 899
1483280 893
1483290 888
1483300 887
1483310 887
1483320 885
1483330 886
1483340 886
1483350 888
1483360 889
1483370 889
1483380 890
1483390 889
1483400 889
1483410 887
1483420 886
1483430 886
1483440 880
1483450 873
1483460 868
1483470 868
1483480 864
1483490 862
1483500 862
1483510 858
1483520 859
1483530 859
1483540 857
1483550 856
1483560 856
1483570 855
1483580 853
1483590 853
1483600 853
1483610 852
1483620 850
1483630 850
1483640 848
1483650 847
1483660 847
1483670 844
1483680 840
1483690 840
1483700 837
1483710 834
1483720 834
1483730 830
1483740 828
1483750 826
1483760 826
1483770 823
1483780 822
1483790 822
1483800 819
1483810 818
1483820 818
1483830 817
1483840 821
1483850 821
1483860 831
1483870 838
1483880 838
1483890 842
1483900 845
1483910 846
1483920 846
1483930 843
1483940 839
1483950 839
1483960 835
1483970 833
1483980 833
1483990 833
1484000 831
1484010 831
1484020 826
1484030 819
1484040 819
1484050 812
1484060 802
1484070 804
1484080 804
1484090 808
1484100 807
1484110 807
1484120 806
1484130 807
1484140 807
1484150 804
1484160 801
1484170 801
1484180 800
1484190 797
1484200 797
1484210 795
1484220 793
1484230 793
1484240 793
1484250 791
1484260 789
1484270 789
1484280 788
1484290 787
1484300 787
1484310 786
1484320 784
1484330 784
1484340 781
1484350 778
1484360 778
1484370 775
1484380 773
1484390 772
1484400 772
1484410 770
1484420 768
1484430 768
1484440 765
1484450 761
1484460 761
1484470 758
1484480 756
1484490 756
1484500 754
1484510 750
1484520 750
1484530 744
1484540 739
1484550 738
1484560 738
1484570 738
1484580 737
1484590 737
1484600 734
1484610 731
1484620 731
1484630 728
1484640 724
1484650 724
1484660 722
1484670 720
1484680 720
1484690 718
1484700 714
1484710 712
1484720 712
1484730 710
1484740 706
1484750 706
1484760 701
1484770 697
1484780 697
1484790 692
1484800 689
1484810 689
1484820 687
1484830 686
1484840 686
1484850 684
1484860 680
1484870 677
1484880 677
1484890 675
1484900 674
1484910 674
1484920 674
1484930 674
1484940 674
1484950 675
1484960 676
1484970 676
1484980 675
1484990 673
1485000 673
1485010 672
1485020 672
1485030 672
1485040 672
1485050 672
1485060 672
1485070 672
1485080 672
1485090 673
1485100 673
1485110 672
1485120 671
1485130 671
1485140 670
1485150 670
1485160 670
1485170 669
1485180 669
1485190 669
1485200 669
1485210 668
1485220 668
1485230 668
1485240 667
1485250 667
1485260 667
1485270 666
1485280 666
1485290 666
1485300 665
1485310 664
1485320 664
1485330 665
1485340 666
1485350 667
1485360 667
1485370 668
1485380 669
1485390 669
1485400 669
1485410 670
1485420 670
1485430 671
1485440 671
1485450 671
1485460 671
1485470 670
1485480 670
1485490 670
1485500 670
1485510 670
1485520 670
1485530 671
1485540 671
1485550 671
1485560 672
1485570 674
1485580 674
1485590 676
1485600 677
1485610 677
1485620 674
1485630 668
1485640 668
1485650 663
1485660 660
1485670 656
1485680 656
1485690 653
1485700 650
1485710 650
1485720 646
1485730 643
1485740 643
1485750 640
1485760 638
1485770 638
1485780 636
1485790 632
1485800 632
1485810 629
1485820 628
1485830 628
1485840 628
1485850 628
1485860 628
1485870 628
1485880 627
1485890 627
1485900 627
1485910 627
1485920 627
1485930 627
1485940 626
1485950 626
1485960 626
1485970 626
1485980 626
1485990 626
1486000 626
1486010 626
1486020 625
1486030 625
1486040 625
1486050 631
1486060 631
1486070 639
1486080 646
1486090 646
1486100 649
1486110 650
1486120 650
1486130 652
1486140 653
1486150 655
1486160 655
1486170 658
1486180 661
1486190 661
1486200 664
1486210 668
1486220 668
1486230 673
1486240 679
1486250 679
1486260 684
1486270 685
1486280 685
1486290 681
1486300 678
1486310 678
1486320 678
1486330 680
1486340 683
1486350 683
1486360 684
1486370 685
1486380 685
1486390 686
1486400 687
1486410 687
1486420 689
1486430 693
1486440 693
1486450 700
1486460 707
1486470 714
1486480 714
1486490 719
1486500 720
1486510 720
1486520 720
1486530 720
1486540 720
1486550 720
1486560 720
1486570 720
1486580 720
1486590 720
1486600 720
1486610 720
1486620 719
1486630 718
1486640 718
1486650 717
1486660 717
1486670 717
1486680 717
1486690 718
1486700 718
1486710 719
1486720 719
1486730 719
1486740 720
1486750 720
1486760 720
1486770 721
1486780 722
1486790 724
1486800 724
1486810 725
1486820 726
1486830 726
1486840 728
1486850 729
1486860 729
1486870 731
1486880 733
1486890 733
1486900 734
1486910 736
1486920 736
1486930 737
1486940 738
1486950 739
1486960 739
1486970 739
1486980 739
1486990 739
1487000 739
1487010 738
1487020 738
1487030 737
1487040 736
1487050 736
1487060 736
1487070 736
1487080 736
1487090 737
1487100 738
1487110 739
1487120 739
1487130 739
1487140 739
1487150 739
1487160 739
1487170 740
1487180 740
1487190 740
1487200 739
1487210 739
1487220 739
1487230 739
1487240 739
1487250 739
1487260 740
1487270 740
1487280 740
1487290 740
1487300 740
1487310 740
1487320 740
1487330 741
1487340 741
1487350 741
1487360 741
1487370 741
1487380 740
1487390 740
1487400 740
1487410 739
1487420 738
1487430 737
1487440 737
1487450 735
1487460 732
1487470 732
1487480 728
1487490 725
1487500 725
1487510 722
1487520 720
1487530 720
1487540 718
1487550 717
1487560 717
1487570 716
1487580 716
1487590 715
1487600 715
1487610 715
1487620 715
1487630 715
1487640 715
1487650 715
1487660 715
1487670 715
1487680 715
1487690 715
1487700 716
1487710 716
1487720 716
1487730 715
1487740 714
1487750 713
1487760 713
1487770 713
1487780 713
1487790 713
1487800 713
1487810 713
1487820 713
1487830 713
1487840 712
1487850 712
1487860 713
1487870 714
1487880 714
1487890 712
1487900 711
1487910 711
1487920 711
1487930 711
1487940 710
1487950 710
1487960 709
1487970 709
1487980 709
1487990 709
1488000 709
1488010 709
1488020 708
1488030 708
1488040 708
1488050 709
1488060 708
1488070 708
1488080 708
1488090 707
1488100 707
1488110 707
1488120 707
1488130 707
1488140 707
1488150 707
1488160 706
1488170 706
1488180 706
1488190 705
1488200 705
1488210 704
1488220 703
1488230 703
1488240 703
1488250 702
1488260 702
1488270 702
1488280 702
1488290 701
1488300 701
1488310 701
1488320 700
1488330 700
1488340 700
1488350 699
1488360 699
1488370 699
1488380 699
1488390 698
1488400 698
1488410 698
1488420 698
1488430 698
1488440 697
1488450 697
1488460 697
1488470 697
1488480 696
1488490 696
1488500 696
1488510 696
1488520 696
1488530 696
1488540 696
1488550 696
1488560 696
1488570 696
1488580 696
1488590 696
1488600 695
1488610 695
1488620 695
1488630 695
1488640 695
1488650 695
1488660 695
1488670 696
1488680 696
1488690 697
1488700 698
1488710 697
1488720 697
1488730 697
1488740 697
1488750 697
1488760 697
1488770 697
1488780 697
1488790 698
1488800 698
1488810 698
1488820 699
1488830 699
1488840 699
1488850 700
1488860 700
1488870 700
1488880 700
1488890 700
1488900 701
1488910 701
1488920 701
1488930 702
1488940 702
1488950 702
1488960 702
1488970 702
1488980 702
1488990 702
1489000 702
1489010 702
1489020 702
1489030 702
1489040 702
1489050 703
1489060 703
1489070 703
1489080 704
1489090 705
1489100 705
1489110 704
1489120 703
1489130 703
1489140 705
1489150 705
1489160 705
1489170 705
1489180 706
1489190 705
1489200 705
1489210 706
1489220 706
1489230 706
1489240 705
1489250 705
1489260 705
1489270 706
1489280 705
1489290 705
1489300 705
1489310 706
1489320 706
1489330 707
1489340 708
1489350 709
1489360 709
1489370 711
1489380 713
1489390 713
1489400 714
1489410 716
1489420 716
1489430 716
1489440 717
1489450 717
1489460 717
1489470 718
1489480 718
1489490 719
1489500 719
1489510 720
1489520 720
1489530 721
1489540 722
1489550 722
1489560 723
1489570 723
1489580 723
1489590 725
1489600 725
1489610 725
1489620 727
1489630 728
1489640 728
1489650 728
1489660 728
1489670 727
1489680 727
1489690 729
1489700 730
1489710 730
1489720 731
1489730 732
1489740 732
1489750 733
1489760 732
1489770 732
1489780 731
1489790 732
1489800 731
1489810 731
1489820 731
1489830 731
1489840 731
1489850 731
1489860 731
1489870 731
1489880 731
1489890 731
1489900 731
1489910 731
1489920 731
1489930 731
1489940 732
1489950 731
1489960 730
1489970 730
1489980 730
1489990 728
1490000 728
1490010 728
1490020 729
1490030 729
1490040 730
1490050 732
1490060 732
1490070 733
1490080 733
1490090 733
1490100 734
1490110 734
1490120 735
1490130 735
1490140 735
1490150 736
1490160 736
1490170 737
1490180 738
1490190 738
1490200 740
1490210 743
1490220 743
1490230 745
1490240 747
1490250 747
1490260 749
1490270 750
1490280 752
1490290 752
1490300 754
1490310 756
1490320 756
1490330 755
1490340 757
1490350 757
1490360 759
1490370 760
1490380 760
1490390 761
1490400 762
1490410 762
1490420 763
1490430 763
1490440 763
1490450 763
1490460 764
1490470 766
1490480 766
1490490 770
1490500 773
1490510 773
1490520 776
1490530 780
1490540 780
1490550 783
1490560 786
1490570 786
1490580 791
1490590 795
1490600 798
1490610 798
1490620 802
1490630 806
1490640 806
1490650 809
1490660 810
1490670 810
1490680 810
1490690 809
1490700 809
1490710 808
1490720 809
1490730 809
1490740 812
1490750 816
1490760 821
1490770 821
1490780 828
1490790 835
1490800 835
1490810 843
1490820 850
1490830 850
1490840 856
1490850 859
1490860 859
1490870 862
1490880 865
1490890 865
1490900 869
1490910 873
1490920 877
1490930 877
1490940 883
1490950 889
1490960 889
1490970 894
1490980 900
1490990 900
1491000 905
1491010 910
1491020 910
1491030 915
1491040 924
1491050 924
1491060 930
1491070 933
1491080 938
1491090 938
1491100 945
1491110 949
1491120 949
1491130 951
1491140 954
1491150 954
1491160 957
1491170 959
1491180 959
1491190 962
1491200 965
1491210 965
1491220 969
1491230 971
1491240 974
1491250 974
1491260 976
1491270 979
1491280 979
1491290 981
1491300 984
1491310 984
1491320 987
1491330 990
1491340 990
1491350 994
1491360 999
1491370 999
1491380 1004
1491390 1010
1491400 1015
1491410 1015
1491420 1019
1491430 1022
1491440 1022
1491450 1025
1491460 1026
1491470 1026
1491480 1026
1491490 1028
1491500 1028
1491510 1029
1491520 1030
1491530 1030
1491540 1032
1491550 1033
1491560 1033
1491570 1033
1491580 1033
1491590 1031
1491600 1031
1491610 1027
1491620 1025
1491630 1025
1491640 1026
1491650 1030
1491660 1030
1491670 1032
1491680 1030
1491690 1030
1491700 1035
1491710 1039
1491720 1041
1491730 1041
1491740 1043
1491750 1045
1491760 1045
1491770 1046
1491780 1046
1491790 1046
1491800 1046
1491810 1046
1491820 1046
1491830 1047
1491840 1048
1491850 1048
1491860 1049
1491870 1051
1491880 1054
1491890 1054
1491900 1056
1491910 1059
1491920 1059
1491930 1063
1491940 1068
1491950 1068
1491960 1073
1491970 1077
1491980 1077
1491990 1080
1492000 1081
1492010 1081
1492020 1082
1492030 1083
1492040 1084
1492050 1084
1492060 1085
1492070 1086
1492080 1086
1492090 1085
1492100 1084
1492110 1084
1492120 1083
1492130 1083
1492140 1083
1492150 1082
1492160 1081
1492170 1081
1492180 1080
1492190 1080
1492200 1081
1492210 1081
1492220 1081
1492230 1079
1492240 1079
1492250 1077
1492260 1075
1492270 1075
1492280 1073
1492290 1071
1492300 1071
1492310 1071
1492320 1071
1492330 1071
1492340 1072
1492350 1074
1492360 1075
1492370 1075
1492380 1076
1492390 1078
1492400 1078
1492410 1080
1492420 1082
1492430 1082
1492440 1083
1492450 1083
1492460 1083
1492470 1082
1492480 1078
1492490 1078
1492500 1072
1492510 1077
1492520 1080
1492530 1080
1492540 1081
1492550 1081
1492560 1081
1492570 1080
1492580 1080
1492590 1080
1492600 1079
1492610 1078
1492620 1078
1492630 1079
1492640 1081
1492650 1081
1492660 1083
1492670 1084
1492680 1082
1492690 1082
1492700 1079
1492710 1081
1492720 1081
1492730 1083
1492740 1085
1492750 1085
1492760 1088
1492770 1090
1492780 1090
1492790 1093
1492800 1096
1492810 1096
1492820 1098
1492830 1099
1492840 1100
1492850 1100
1492860 1101
1492870 1102
1492880 1102
1492890 1101
1492900 1101
1492910 1101
1492920 1102
1492930 1104
1492940 1104
1492950 1104
1492960 1105
1492970 1105
1492980 1108
1492990 1110
1493000 1111
1493010 1111
1493020 1112
1493030 1115
1493040 1115
1493050 1118
1493060 1121
1493070 1121
1493080 1123
1493090 1125
1493100 1125
1493110 1125
1493120 1124
1493130 1124
1493140 1124
1493150 1124
1493160 1125
1493170 1125
1493180 1127
1493190 1130
1493200 1130
1493210 1132
1493220 1133
1493230 1133
1493240 1132
1493250 1132
1493260 1132
1493270 1131
1493280 1130
1493290 1130
1493300 1130
1493310 1131
1493320 1131
1493330 1131
1493340 1130
1493350 1130
1493360 1130
1493370 1130
1493380 1131
1493390 1131
1493400 1132
1493410 1132
1493420 1132
1493430 1133
1493440 1132
1493450 1132
1493460 1132
1493470 1132
1493480 1132
1493490 1132
1493500 1130
1493510 1128
1493520 1128
1493530 1127
1493540 1128
1493550 1128
1493560 1128
1493570 1129
1493580 1129
1493590 1131
1493600 1133
1493610 1133
1493620 1134
1493630 1135
1493640 1136
1493650 1136
1493660 1139
1493670 1140
1493680 1140
1493690 1141
1493700 1141
1493710 1141
1493720 1143
1493730 1143
1493740 1143
1493750 1143
1493760 1143
1493770 1143
1493780 1144
1493790 1145
1493800 1144
1493810 1144
1493820 1142
1493830 1141
1493840 1141
1493850 1138
1493860 1139
1493870 1139
1493880 1140
1493890 1140
1493900 1140
1493910 1139
1493920 1136
1493930 1136
1493940 1131
1493950 1134
1493960 1126
1493970 1126
1493980 1118
1493990 1119
1494000 1119
1494010 1106
1494020 1091
1494030 1091
1494040 1082
1494050 1080
1494060 1080
1494070 1069
1494080 1055
1494090 1063
1494100 1050
1494110 1040
1494120 1030
1494130 1030
1494140 1021
1494150 1014
1494160 1014
1494170 1014
1494180 1021
1494190 1021
1494200 1021
1494210 1019
1494220 1019
1494230 1025
1494240 1039
1494250 1039
1494260 1046
1494270 1039
1494280 1027
1494290 1027
1494300 1020
1494310 1012
1494320 1012
1494330 1005
1494340 1001
1494350 1001
1494360 998
1494370 1000
1494380 1000
1494390 997
1494400 991
1494410 991
1494420 985
1494430 970
1494440 941
1494450 941
1494460 936
1494470 937
1494480 937
1494490 942
1494500 948
1494510 948
1494520 954
1494530 961
1494540 961
1494550 968
1494560 977
1494570 977
1494580 986
1494590 997
1494600 1006
1494610 1006
1494620 1016
1494630 1025
1494640 1025
1494650 1034
1494660 1046
1494670 1046
1494680 1060
1494690 1071
1494700 1071
1494710 1077
1494720 1084
1494730 1084
1494740 1090
1494750 1099
1494760 1110
1494770 1110
1494780 1121
1494790 1130
1494800 1130
1494810 1136
1494820 1138
1494830 1138
1494840 1143
1494850 1149
1494860 1149
1494870 1153
1494880 1159
1494890 1166
1494900 1166
1494910 1173
1494920 1180
1494930 1180
1494940 1186
1494950 1191
1494960 1191
1494970 1193
1494980 1196
1494990 1196
1495000 1200
1495010 1205
1495020 1205
1495030 1211
1495040 1217
1495050 1224
1495060 1224
1495070 1232
1495080 1239
1495090 1239
1495100 1248
1495110 1257
1495120 1257
1495130 1258
1495140 1254
1495150 1254
1495160 1248
1495170 1245
1495180 1245
1495190 1244
1495200 1243
1495210 1245
1495220 1245
1495230 1245
1495240 1244
1495250 1244
1495260 1243
1495270 1243
1495280 1243
1495290 1247
1495300 1254
1495310 1254
1495320 1265
1495330 1274
1495340 1274
1495350 1277
1495360 1278
1495370 1278
1495380 1278
1495390 1279
1495400 1278
1495410 1278
1495420 1277
1495430 1275
1495440 1275
1495450 1274
1495460 1275
1495470 1275
1495480 1274
1495490 1272
1495500 1272
1495510 1269
1495520 1266
1495530 1263
1495540 1263
1495550 1260
1495560 1257
1495570 1257
1495580 1253
1495590 1251
1495600 1251
1495610 1249
1495620 1248
1495630 1248
1495640 1247
1495650 1245
1495660 1245
1495670 1243
1495680 1240
1495690 1237
1495700 1237
1495710 1234
1495720 1232
1495730 1232
1495740 1229
1495750 1226
1495760 1226
1495770 1224
1495780 1221
1495790 1221
1495800 1216
1495810 1212
1495820 1212
1495830 1208
1495840 1204
1495850 1198
1495860 1198
1495870 1192
1495880 1186
1495890 1186
1495900 1181
1495910 1176
1495920 1176
1495930 1172
1495940 1169
1495950 1169
1495960 1168
1495970 1166
1495980 1166
1495990 1166
1496000 1164
1496010 1158
1496020 1158
1496030 1152
1496040 1146
1496050 1146
1496060 1141
1496070 1136
1496080 1136
1496090 1131
1496100 1127
1496110 1127
1496120 1124
1496130 1122
1496140 1122
1496150 1125
1496160 1132
1496170 1138
1496180 1138
1496190 1139
1496200 1136
1496210 1136
1496220 1134
1496230 1137
1496240 1137
1496250 1141
1496260 1142
1496270 1142
1496280 1139
1496290 1134
1496300 1134
1496310 1128
1496320 1122
1496330 1116
1496340 1116
1496350 1111
1496360 1108
1496370 1108
1496380 1103
1496390 1102
1496400 1102
1496410 1102
1496420 1105
1496430 1105
1496440 1112
1496450 1118
1496460 1118
1496470 1124
1496480 1130
1496490 1137
1496500 1137
1496510 1144
1496520 1151
1496530 1151
1496540 1152
1496550 1153
1496560 1153
1496570 1155
1496580 1154
1496590 1154
1496600 1148
1496610 1140
1496620 1140
1496630 1133
1496640 1126
1496650 1120
1496660 1120
1496670 1114
1496680 1113
1496690 1113
1496700 1117
1496710 1124
1496720 1124
1496730 1130
1496740 1133
1496750 1133
1496760 1137
1496770 1141
1496780 1141
1496790 1147
1496800 1152
1496810 1152
1496820 1152
1496830 1151
1496840 1149
1496850 1149
1496860 1148
1496870 1145
1496880 1145
1496890 1145
1496900 1146
1496910 1146
1496920 1148
1496930 1150
1496940 1150
1496950 1152
1496960 1153
1496970 1153
1496980 1153
1496990 1153
1497000 1152
1497010 1152
1497020 1151
1497030 1150
1497040 1150
1497050 1150
1497060 1149
1497070 1149
1497080 1149
1497090 1148
1497100 1148
1497110 1147
1497120 1143
1497130 1140
1497140 1140
1497150 1137
1497160 1133
1497170 1133
1497180 1130
1497190 1126
1497200 1126
1497210 1121
1497220 1116
1497230 1116
1497240 1111
1497250 1105
1497260 1105
1497270 1099
1497280 1093
1497290 1088
1497300 1088
1497310 1083
1497320 1078
1497330 1078
1497340 1073
1497350 1068
1497360 1068
1497370 1062
1497380 1058
1497390 1058
1497400 1053
1497410 1049
1497420 1049
1497430 1045
1497440 1039
1497450 1035
1497460 1035
1497470 1025
1497480 1013
1497490 1013
1497500 1005
1497510 998
1497520 998
1497530 989
1497540 982
1497550 982
1497560 973
1497570 965
1497580 965
1497590 957
1497600 950
1497610 944
1497620 944
1497630 943
1497640 944
1497650 944
1497660 948
1497670 953
1497680 953
1497690 955
1497700 957
1497710 957
1497720 959
1497730 962
1497740 962
1497750 964
1497760 959
1497770 949
1497780 949
1497790 935
1497800 925
1497810 925
1497820 932
1497830 942
1497840 942
1497850 950
1497860 960
1497870 960
1497880 970
1497890 974
1497900 974
1497910 980
1497920 990
1497930 1005
1497940 1005
1497950 1019
1497960 1027
1497970 1027
1497980 1031
1497990 1033
1498000 1033
1498010 1036
1498020 1036
1498030 1036
1498040 1036
1498050 1036
1498060 1036
1498070 1035
1498080 1036
1498090 1038
1498100 1038
1498110 1040
1498120 1041
1498130 1041
1498140 1042
1498150 1045
1498160 1045
1498170 1047
1498180 1050
1498190 1050
1498200 1052
1498210 1053
1498220 1053
1498230 1054
1498240 1056
1498250 1057
1498260 1057
1498270 1058
1498280 1056
1498290 1056
1498300 1058
1498310 1064
1498320 1064
1498330 1068
1498340 1072
1498350 1072
1498360 1073
1498370 1070
1498380 1070
1498390 1070
1498400 1073
1498410 1073
1498420 1073
1498430 1076
1498440 1082
1498450 1082
1498460 1089
1498470 1096
1498480 1096
1498490 1104
1498500 1112
1498510 1112
1498520 1120
1498530 1127
1498540 1127
1498550 1131
1498560 1137
1498570 1142
1498580 1142
1498590 1146
1498600 1150
1498610 1150
1498620 1154
1498630 1156
1498640 1156
1498650 1157
1498660 1156
1498670 1156
1498680 1154
1498690 1151
1498700 1151
1498710 1149
1498720 1147
1498730 1145
1498740 1145
1498750 1142
1498760 1146
1498770 1146
1498780 1154
1498790 1162
1498800 1162
1498810 1171
1498820 1179
1498830 1179
1498840 1187
1498850 1192
1498860 1192
1498870 1195
1498880 1195
1498890 1195
1498900 1195
1498910 1194
1498920 1193
1498930 1193
1498940 1192
1498950 1190
1498960 1190
1498970 1185
1498980 1182
1498990 1182
1499000 1183
1499010 1184
1499020 1184
1499030 1183
1499040 1183
1499050 1182
1499060 1182
1499070 1181
1499080 1178
1499090 1178
1499100 1171
1499110 1165
1499120 1165
1499130 1168
1499140 1175
1499150 1175
1499160 1181
1499170 1183
1499180 1183
1499190 1188
1499200 1194
1499210 1198
1499220 1198
1499230 1202
1499240 1207
1499250 1207
1499260 1212
1499270 1217
1499280 1217
1499290 1220
1499300 1222
1499310 1222
1499320 1226
1499330 1231
1499340 1231
1499350 1234
1499360 1236
1499370 1237
1499380 1237
1499390 1238
1499400 1238
1499410 1238
1499420 1238
1499430 1238
1499440 1238
1499450 1235
1499460 1230
1499470 1230
1499480 1226
1499490 1225
1499500 1225
1499510 1227
1499520 1229
1499530 1230
1499540 1230
1499550 1232
1499560 1233
1499570 1233
1499580 1232
1499590 1230
1499600 1230
1499610 1227
1499620 1223
1499630 1223
1499640 1217
1499650 1204
1499660 1204
1499670 1194
1499680 1188
1499690 1184
1499700 1184
1499710 1179
1499720 1174
1499730 1174
1499740 1172
1499750 1175
1499760 1175
1499770 1173
1499780 1169
1499790 1169
1499800 1170
1499810 1182
1499820 1182
1499830 1190
1499840 1194
1499850 1201
1499860 1201
1499870 1203
1499880 1199
1499890 1199
1499900 1189
1499910 1186
1499920 1186
1499930 1188
1499940 1186
1499950 1186
1499960 1182
1499970 1185
1499980 1185
1499990 1187
