1480000 1213
1480010 1213
1480020 1213
1480030 1212
1480040 1212
1480050 1212
1480060 1213
1480070 1213
1480080 1213
1480090 1213
1480100 1213
1480110 1213
1480120 1214
1480130 1215
1480140 1215
1480150 1216
1480160 1217
1480170 1217
1480180 1218
1480190 1220
1480200 1220
1480210 1220
1480220 1220
1480230 1220
1480240 1221
1480250 1222
1480260 1224
1480270 1224
1480280 1225
1480290 1226
1480300 1226
1480310 1227
1480320 1228
1480330 1228
1480340 1230
1480350 1230
1480360 1230
1480370 1231
1480380 1233
1480390 1233
1480400 1236
1480410 1237
1480420 1239
1480430 1239
1480440 1240
1480450 1241
1480460 1241
1480470 1242
1480480 1243
1480490 1243
1480500 1245
1480510 1246
1480520 1246
1480530 1248
1480540 1250
1480550 1250
1480560 1252
1480570 1253
1480580 1255
1480590 1255
1480600 1257
1480610 1258
1480620 1258
1480630 1259
1480640 1261
1480650 1261
1480660 1262
1480670 1264
1480680 1264
1480690 1265
1480700 1267
1480710 1267
1480720 1268
1480730 1269
1480740 1271
1480750 1271
1480760 1273
1480770 1275
1480780 1275
1480790 1277
1480800 1279
1480810 1279
1480820 1281
1480830 1282
1480840 1282
1480850 1284
1480860 1286
1480870 1286
1480880 1287
1480890 1289
1480900 1291
1480910 1291
1480920 1294
1480930 1296
1480940 1296
1480950 1298
1480960 1299
1480970 1299
1480980 1301
1480990 1303
1481000 1303
1481010 1305
1481020 1308
1481030 1308
1481040 1311
1481050 1313
1481060 1314
1481070 1314
1481080 1316
1481090 1317
1481100 1317
1481110 1319
1481120 1320
1481130 1320
1481140 1321
1481150 1322
1481160 1322
1481170 1322
1481180 1323
1481190 1323
1481200 1323
1481210 1324
1481220 1324
1481230 1324
1481240 1325
1481250 1325
1481260 1325
1481270 1326
1481280 1327
1481290 1327
1481300 1327
1481310 1328
1481320 1328
1481330 1330
1481340 1331
1481350 1331
1481360 1332
1481370 1333
1481380 1334
1481390 1334
1481400 1335
1481410 1336
1481420 1336
1481430 1337
1481440 1338
1481450 1338
1481460 1338
1481470 1339
1481480 1339
1481490 1339
1481500 1339
1481510 1339
1481520 1339
1481530 1338
1481540 1338
1481550 1338
1481560 1337
1481570 1337
1481580 1337
1481590 1336
1481600 1335
1481610 1335
1481620 1335
1481630 1334
1481640 1334
1481650 1332
1481660 1331
1481670 1331
1481680 1329
1481690 1327
1481700 1326
1481710 1326
1481720 1324
1481730 1321
1481740 1321
1481750 1319
1481760 1317
1481770 1317
1481780 1314
1481790 1313
1481800 1313
1481810 1311
1481820 1308
1481830 1308
1481840 1306
1481850 1304
1481860 1301
1481870 1301
1481880 1298
1481890 1295
1481900 1295
1481910 1293
1481920 1290
1481930 1290
1481940 1288
1481950 1285
1481960 1285
1481970 1281
1481980 1279
1481990 1279
1482000 1275
1482010 1273
1482020 1272
1482030 1272
1482040 1270
1482050 1267
1482060 1267
1482070 1265
1482080 1262
1482090 1262
1482100 1259
1482110 1256
1482120 1256
1482130 1252
1482140 1247
1482150 1247
1482160 1244
1482170 1240
1482180 1237
1482190 1237
1482200 1234
1482210 1232
1482220 1232
1482230 1230
1482240 1228
1482250 1228
1482260 1226
1482270 1223
1482280 1223
1482290 1220
1482300 1218
1482310 1218
1482320 1216
1482330 1215
1482340 1212
1482350 1212
1482360 1210
1482370 1208
1482380 1208
1482390 1205
1482400 1202
1482410 1202
1482420 1200
1482430 1198
1482440 1198
1482450 1196
1482460 1192
1482470 1192
1482480 1187
1482490 1183
1482500 1180
1482510 1180
1482520 1176
1482530 1172
1482540 1172
1482550 1171
1482560 1170
1482570 1170
1482580 1169
1482590 1168
1482600 1168
1482610 1166
1482620 1164
1482630 1164
1482640 1162
1482650 1161
1482660 1158
1482670 1158
1482680 1155
1482690 1153
1482700 1153
1482710 1151
1482720 1148
1482730 1148
1482740 1144
1482750 1140
1482760 1140
1482770 1134
1482780 1127
1482790 1127
1482800 1126
1482810 1125
1482820 1124
1482830 1124
1482840 1121
1482850 1117
1482860 1117
1482870 1116
1482880 1113
1482890 1113
1482900 1109
1482910 1101
1482920 1101
1482930 1093
1482940 1095
1482950 1095
1482960 1097
1482970 1097
1482980 1094
1482990 1094
1483000 1090
1483010 1084
1483020 1084
1483030 1076
1483040 1071
1483050 1071
1483060 1075
1483070 1078
1483080 1078
1483090 1075
1483100 1072
1483110 1072
1483120 1068
1483130 1064
1483140 1059
1483150 1059
1483160 1054
1483170 1054
1483180 1054
1483190 1054
1483200 1051
1483210 1051
1483220 1048
1483230 1045
1483240 1045
1483250 1041
1483260 1039
1483270 1039
1483280 1037
1483290 1032
1483300 1027
1483310 1027
1483320 1022
1483330 1014
1483340 1014
1483350 1009
1483360 1007
1483370 1007
1483380 1007
1483390 1005
1483400 1005
1483410 1004
1483420 1003
1483430 1003
1483440 1001
1483450 1000
1483460 999
1483470 999
1483480 999
1483490 997
1483500 997
1483510 996
1483520 993
1483530 993
1483540 990
1483550 989
1483560 989
1483570 989
1483580 989
1483590 989
1483600 988
1483610 986
1483620 983
1483630 983
1483640 980
1483650 977
1483660 977
1483670 973
1483680 969
1483690 969
1483700 964
1483710 960
1483720 960
1483730 957
1483740 956
1483750 956
1483760 955
1483770 954
1483780 951
1483790 951
1483800 948
1483810 944
1483820 944
1483830 940
1483840 936
1483850 936
1483860 932
1483870 929
1483880 929
1483890 929
1483900 927
1483910 925
1483920 925
1483930 923
1483940 922
1483950 922
1483960 921
1483970 919
1483980 919
1483990 918
1484000 915
1484010 915
1484020 913
1484030 911
1484040 911
1484050 909
1484060 906
1484070 904
1484080 904
1484090 901
1484100 899
1484110 899
1484120 897
1484130 895
1484140 895
1484150 894
1484160 893
1484170 893
1484180 892
1484190 891
1484200 891
1484210 891
1484220 889
1484230 888
1484240 888
1484250 887
1484260 885
1484270 885
1484280 883
1484290 881
1484300 881
1484310 878
1484320 876
1484330 876
1484340 874
1484350 871
1484360 871
1484370 867
1484380 864
1484390 862
1484400 862
1484410 860
1484420 857
1484430 857
1484440 854
1484450 852
1484460 852
1484470 848
1484480 845
1484490 845
1484500 843
1484510 839
1484520 839
1484530 835
1484540 830
1484550 825
1484560 825
1484570 822
1484580 819
1484590 819
1484600 816
1484610 813
1484620 813
1484630 810
1484640 807
1484650 807
1484660 805
1484670 802
1484680 802
1484690 795
1484700 790
1484710 788
1484720 788
1484730 784
1484740 782
1484750 782
1484760 775
1484770 774
1484780 774
1484790 778
1484800 779
1484810 779
1484820 779
1484830 777
1484840 777
1484850 774
1484860 770
1484870 766
1484880 766
1484890 762
1484900 756
1484910 756
1484920 749
1484930 749
1484940 749
1484950 747
1484960 744
1484970 744
1484980 741
1484990 739
1485000 739
1485010 736
1485020 733
1485030 731
1485040 731
1485050 728
1485060 725
1485070 725
1485080 722
1485090 719
1485100 719
1485110 716
1485120 714
1485130 714
1485140 711
1485150 707
1485160 707
1485170 704
1485180 701
1485190 697
1485200 697
1485210 694
1485220 692
1485230 692
1485240 692
1485250 690
1485260 690
1485270 692
1485280 693
1485290 693
1485300 691
1485310 689
1485320 689
1485330 689
1485340 690
1485350 690
1485360 690
1485370 689
1485380 686
1485390 686
1485400 682
1485410 679
1485420 679
1485430 677
1485440 675
1485450 675
1485460 672
1485470 670
1485480 670
1485490 669
1485500 668
1485510 668
1485520 668
1485530 668
1485540 668
1485550 668
1485560 667
1485570 666
1485580 666
1485590 665
1485600 664
1485610 664
1485620 664
1485630 663
1485640 663
1485650 663
1485660 663
1485670 663
1485680 663
1485690 663
1485700 664
1485710 664
1485720 664
1485730 663
1485740 663
1485750 663
1485760 663
1485770 663
1485780 663
1485790 663
1485800 663
1485810 662
1485820 662
1485830 662
1485840 662
1485850 662
1485860 661
1485870 661
1485880 661
1485890 661
1485900 661
1485910 661
1485920 660
1485930 660
1485940 660
1485950 658
1485960 658
1485970 656
1485980 656
1485990 656
1486000 656
1486010 657
1486020 659
1486030 659
1486040 661
1486050 662
1486060 662
1486070 662
1486080 661
1486090 661
1486100 660
1486110 659
1486120 659
1486130 656
1486140 650
1486150 647
1486160 647
1486170 643
1486180 640
1486190 640
1486200 637
1486210 636
1486220 636
1486230 632
1486240 624
1486250 624
1486260 621
1486270 621
1486280 621
1486290 620
1486300 621
1486310 624
1486320 624
1486330 633
1486340 634
1486350 634
1486360 629
1486370 629
1486380 629
1486390 637
1486400 643
1486410 643
1486420 647
1486430 653
1486440 653
1486450 657
1486460 659
1486470 660
1486480 660
1486490 660
1486500 661
1486510 661
1486520 663
1486530 664
1486540 664
1486550 667
1486560 670
1486570 670
1486580 674
1486590 678
1486600 678
1486610 680
1486620 682
1486630 684
1486640 684
1486650 684
1486660 683
1486670 683
1486680 683
1486690 684
1486700 684
1486710 685
1486720 687
1486730 687
1486740 689
1486750 691
1486760 691
1486770 693
1486780 695
1486790 698
1486800 698
1486810 701
1486820 705
1486830 705
1486840 710
1486850 716
1486860 716
1486870 719
1486880 719
1486890 719
1486900 719
1486910 720
1486920 720
1486930 720
1486940 720
1486950 720
1486960 720
1486970 722
1486980 724
1486990 724
1487000 726
1487010 727
1487020 727
1487030 728
1487040 727
1487050 727
1487060 726
1487070 726
1487080 726
1487090 726
1487100 725
1487110 725
1487120 725
1487130 723
1487140 723
1487150 723
1487160 723
1487170 723
1487180 723
1487190 723
1487200 723
1487210 723
1487220 723
1487230 722
1487240 722
1487250 723
1487260 723
1487270 724
1487280 724
1487290 724
1487300 725
1487310 725
1487320 727
1487330 727
1487340 727
1487350 729
1487360 731
1487370 731
1487380 732
1487390 733
1487400 733
1487410 734
1487420 736
1487430 737
1487440 737
1487450 738
1487460 739
1487470 739
1487480 740
1487490 742
1487500 742
1487510 743
1487520 745
1487530 745
1487540 746
1487550 748
1487560 748
1487570 749
1487580 751
1487590 752
1487600 752
1487610 754
1487620 754
1487630 754
1487640 755
1487650 755
1487660 755
1487670 755
1487680 756
1487690 756
1487700 756
1487710 757
1487720 757
1487730 758
1487740 758
1487750 759
1487760 759
1487770 759
1487780 760
1487790 760
1487800 761
1487810 761
1487820 761
1487830 762
1487840 763
1487850 763
1487860 763
1487870 764
1487880 764
1487890 764
1487900 764
1487910 765
1487920 765
1487930 765
1487940 765
1487950 765
1487960 765
1487970 765
1487980 765
1487990 765
1488000 765
1488010 765
1488020 764
1488030 764
1488040 764
1488050 763
1488060 762
1488070 762
1488080 762
1488090 760
1488100 759
1488110 759
1488120 758
1488130 756
1488140 756
1488150 754
1488160 753
1488170 753
1488180 750
1488190 745
1488200 745
1488210 741
1488220 741
1488230 743
1488240 743
1488250 746
1488260 747
1488270 747
1488280 746
1488290 746
1488300 746
1488310 746
1488320 745
1488330 745
1488340 742
1488350 740
1488360 740
1488370 740
1488380 739
1488390 738
1488400 738
1488410 738
1488420 737
1488430 737
1488440 736
1488450 735
1488460 735
1488470 734
1488480 734
1488490 734
1488500 733
1488510 732
1488520 732
1488530 732
1488540 732
1488550 732
1488560 732
1488570 732
1488580 732
1488590 732
1488600 731
1488610 730
1488620 730
1488630 729
1488640 728
1488650 728
1488660 727
1488670 726
1488680 725
1488690 725
1488700 723
1488710 723
1488720 723
1488730 722
1488740 720
1488750 720
1488760 719
1488770 719
1488780 719
1488790 718
1488800 717
1488810 717
1488820 716
1488830 714
1488840 713
1488850 713
1488860 711
1488870 711
1488880 711
1488890 710
1488900 710
1488910 710
1488920 710
1488930 708
1488940 708
1488950 706
1488960 704
1488970 704
1488980 704
1488990 704
1489000 703
1489010 703
1489020 701
1489030 698
1489040 698
1489050 697
1489060 696
1489070 696
1489080 692
1489090 686
1489100 686
1489110 685
1489120 688
1489130 688
1489140 689
1489150 689
1489160 690
1489170 690
1489180 691
1489190 691
1489200 691
1489210 691
1489220 692
1489230 692
1489240 691
1489250 691
1489260 691
1489270 690
1489280 688
1489290 688
1489300 688
1489310 687
1489320 685
1489330 685
1489340 683
1489350 679
1489360 679
1489370 675
1489380 673
1489390 673
1489400 671
1489410 670
1489420 670
1489430 670
1489440 670
1489450 670
1489460 671
1489470 672
1489480 673
1489490 673
1489500 674
1489510 674
1489520 674
1489530 674
1489540 675
1489550 675
1489560 677
1489570 680
1489580 680
1489590 680
1489600 676
1489610 676
1489620 677
1489630 679
1489640 679
1489650 679
1489660 678
1489670 677
1489680 677
1489690 679
1489700 682
1489710 682
1489720 683
1489730 684
1489740 684
1489750 684
1489760 685
1489770 685
1489780 685
1489790 685
1489800 685
1489810 685
1489820 685
1489830 685
1489840 685
1489850 684
1489860 685
1489870 685
1489880 685
1489890 685
1489900 685
1489910 683
1489920 681
1489930 681
1489940 682
1489950 683
1489960 684
1489970 684
1489980 684
1489990 684
1490000 684
1490010 684
1490020 683
1490030 683
1490040 683
1490050 684
1490060 684
1490070 685
1490080 686
1490090 686
1490100 687
1490110 688
1490120 688
1490130 688
1490140 688
1490150 690
1490160 690
1490170 691
1490180 692
1490190 692
1490200 692
1490210 693
1490220 693
1490230 693
1490240 693
1490250 693
1490260 693
1490270 694
1490280 694
1490290 694
1490300 694
1490310 694
1490320 694
1490330 694
1490340 693
1490350 693
1490360 693
1490370 693
1490380 693
1490390 694
1490400 695
1490410 695
1490420 694
1490430 695
1490440 696
1490450 696
1490460 697
1490470 697
1490480 697
1490490 698
1490500 697
1490510 697
1490520 697
1490530 699
1490540 699
1490550 701
1490560 703
1490570 703
1490580 704
1490590 706
1490600 708
1490610 708
1490620 708
1490630 709
1490640 709
1490650 711
1490660 714
1490670 714
1490680 717
1490690 719
1490700 719
1490710 720
1490720 721
1490730 721
1490740 722
1490750 723
1490760 725
1490770 725
1490780 727
1490790 729
1490800 729
1490810 731
1490820 733
1490830 733
1490840 734
1490850 735
1490860 735
1490870 734
1490880 734
1490890 734
1490900 736
1490910 738
1490920 742
1490930 742
1490940 748
1490950 753
1490960 753
1490970 756
1490980 760
1490990 760
1491000 764
1491010 768
1491020 768
1491030 772
1491040 777
1491050 777
1491060 781
1491070 785
1491080 790
1491090 790
1491100 793
1491110 795
1491120 795
1491130 793
1491140 789
1491150 789
1491160 786
1491170 786
1491180 786
1491190 785
1491200 784
1491210 784
1491220 786
1491230 788
1491240 787
1491250 787
1491260 785
1491270 784
1491280 784
1491290 781
1491300 776
1491310 776
1491320 772
1491330 768
1491340 768
1491350 764
1491360 760
1491370 760
1491380 757
1491390 752
1491400 750
1491410 750
1491420 752
1491430 753
1491440 753
1491450 754
1491460 756
1491470 756
1491480 759
1491490 762
1491500 762
1491510 764
1491520 767
1491530 767
1491540 772
1491550 778
1491560 782
1491570 782
1491580 786
1491590 790
1491600 790
1491610 794
1491620 798
1491630 798
1491640 801
1491650 804
1491660 804
1491670 807
1491680 810
1491690 810
1491700 813
1491710 820
1491720 822
1491730 822
1491740 826
1491750 830
1491760 830
1491770 832
1491780 834
1491790 834
1491800 835
1491810 835
1491820 835
1491830 833
1491840 834
1491850 834
1491860 835
1491870 838
1491880 844
1491890 844
1491900 852
1491910 855
1491920 855
1491930 857
1491940 858
1491950 858
1491960 861
1491970 868
1491980 868
1491990 876
1492000 878
1492010 878
1492020 884
1492030 888
1492040 893
1492050 893
1492060 901
1492070 907
1492080 907
1492090 903
1492100 898
1492110 898
1492120 891
1492130 891
1492140 891
1492150 898
1492160 903
1492170 903
1492180 907
1492190 915
1492200 924
1492210 924
1492220 930
1492230 917
1492240 917
1492250 912
1492260 909
1492270 909
1492280 914
1492290 924
1492300 924
1492310 935
1492320 932
1492330 932
1492340 915
1492350 915
1492360 922
1492370 922
1492380 910
1492390 902
1492400 902
1492410 909
1492420 914
1492430 914
1492440 904
1492450 884
1492460 884
1492470 874
1492480 880
1492490 880
1492500 872
1492510 860
1492520 862
1492530 862
1492540 862
1492550 861
1492560 861
1492570 860
1492580 853
1492590 853
1492600 838
1492610 841
1492620 841
1492630 843
1492640 854
1492650 860
1492660 860
1492670 868
1492680 874
1492690 874
1492700 885
1492710 900
1492720 900
1492730 918
1492740 928
1492750 928
1492760 937
1492770 937
1492780 937
1492790 931
1492800 939
1492810 952
1492820 952
1492830 957
1492840 955
1492850 955
1492860 955
1492870 955
1492880 955
1492890 958
1492900 955
1492910 955
1492920 949
1492930 947
1492940 947
1492950 946
1492960 938
1492970 939
1492980 939
1492990 940
1493000 939
1493010 939
1493020 938
1493030 936
1493040 936
1493050 930
1493060 921
1493070 921
1493080 916
1493090 918
1493100 918
1493110 914
1493120 916
1493130 925
1493140 925
1493150 930
1493160 928
1493170 928
1493180 926
1493190 927
1493200 927
1493210 929
1493220 934
1493230 934
1493240 935
1493250 935
1493260 935
1493270 940
1493280 944
1493290 946
1493300 946
1493310 949
1493320 952
1493330 952
1493340 958
1493350 962
1493360 962
1493370 963
1493380 963
1493390 963
1493400 962
1493410 962
1493420 962
1493430 962
1493440 963
1493450 963
1493460 963
1493470 963
1493480 963
1493490 963
1493500 963
1493510 962
1493520 962
1493530 961
1493540 960
1493550 960
1493560 959
1493570 957
1493580 957
1493590 955
1493600 954
1493610 954
1493620 954
1493630 952
1493640 954
1493650 954
1493660 956
1493670 960
1493680 960
1493690 961
1493700 961
1493710 961
1493720 961
1493730 962
1493740 962
1493750 963
1493760 963
1493770 963
1493780 963
1493790 963
1493800 960
1493810 960
1493820 957
1493830 951
1493840 951
1493850 945
1493860 941
1493870 941
1493880 937
1493890 933
1493900 933
1493910 930
1493920 927
1493930 925
1493940 925
1493950 922
1493960 918
1493970 918
1493980 915
1493990 911
1494000 911
1494010 908
1494020 906
1494030 906
1494040 905
1494050 903
1494060 903
1494070 900
1494080 895
1494090 891
1494100 891
1494110 888
1494120 885
1494130 885
1494140 885
1494150 880
1494160 880
1494170 872
1494180 866
1494190 866
1494200 862
1494210 859
1494220 859
1494230 855
1494240 851
1494250 846
1494260 846
1494270 840
1494280 835
1494290 835
1494300 832
1494310 830
1494320 830
1494330 829
1494340 831
1494350 831
1494360 833
1494370 836
1494380 836
1494390 840
1494400 844
1494410 848
1494420 848
1494430 856
1494440 870
1494450 870
1494460 876
1494470 879
1494480 879
1494490 883
1494500 888
1494510 888
1494520 893
1494530 896
1494540 896
1494550 900
1494560 903
1494570 905
1494580 905
1494590 903
1494600 899
1494610 899
1494620 895
1494630 893
1494640 893
1494650 894
1494660 896
1494670 896
1494680 902
1494690 906
1494700 906
1494710 902
1494720 898
1494730 898
1494740 898
1494750 901
1494760 904
1494770 904
1494780 908
1494790 911
1494800 911
1494810 913
1494820 913
1494830 913
1494840 914
1494850 918
1494860 918
1494870 923
1494880 928
1494890 932
1494900 932
1494910 932
1494920 934
1494930 934
1494940 937
1494950 941
1494960 941
1494970 945
1494980 950
1494990 950
1495000 953
1495010 952
1495020 952
1495030 954
1495040 956
1495050 955
1495060 955
1495070 952
1495080 951
1495090 951
1495100 951
1495110 951
1495120 951
1495130 957
1495140 967
1495150 967
1495160 971
1495170 973
1495180 973
1495190 973
1495200 974
1495210 977
1495220 977
1495230 984
1495240 994
1495250 994
1495260 1002
1495270 1006
1495280 1006
1495290 1012
1495300 1015
1495310 1015
1495320 1015
1495330 1018
1495340 1018
1495350 1019
1495360 1023
1495370 1030
1495380 1030
1495390 1038
1495400 1041
1495410 1041
1495420 1039
1495430 1034
1495440 1034
1495450 1029
1495460 1023
1495470 1023
1495480 1020
1495490 1019
1495500 1019
1495510 1016
1495520 1015
1495530 1011
1495540 1011
1495550 1011
1495560 1010
1495570 1010
1495580 1009
1495590 1007
1495600 1007
1495610 1007
1495620 1010
1495630 1010
1495640 1015
1495650 1018
1495660 1018
1495670 1019
1495680 1017
1495690 1015
1495700 1015
1495710 1013
1495720 1012
1495730 1012
1495740 1011
1495750 1008
1495760 1008
1495770 1006
1495780 1004
1495790 1004
1495800 1003
1495810 1000
1495820 1000
1495830 997
1495840 994
1495850 988
1495860 988
1495870 983
1495880 981
1495890 981
1495900 980
1495910 977
1495920 977
1495930 974
1495940 970
1495950 970
1495960 969
1495970 969
1495980 969
1495990 970
1496000 971
1496010 970
1496020 970
1496030 969
1496040 968
1496050 968
1496060 966
1496070 962
1496080 962
1496090 961
1496100 961
1496110 961
1496120 961
1496130 963
1496140 963
1496150 962
1496160 958
1496170 956
1496180 956
1496190 956
1496200 958
1496210 958
1496220 964
1496230 966
1496240 966
1496250 966
1496260 963
1496270 963
1496280 959
1496290 952
1496300 952
1496310 951
1496320 957
1496330 961
1496340 961
1496350 961
1496360 952
1496370 952
1496380 939
1496390 931
1496400 931
1496410 935
1496420 939
1496430 939
1496440 941
1496450 944
1496460 944
1496470 947
1496480 950
1496490 952
1496500 952
1496510 953
1496520 953
1496530 953
1496540 953
1496550 954
1496560 954
1496570 953
1496580 953
1496590 953
1496600 953
1496610 953
1496620 953
1496630 954
1496640 954
1496650 953
1496660 953
1496670 953
1496680 953
1496690 953
1496700 953
1496710 952
1496720 952
1496730 952
1496740 953
1496750 953
1496760 953
1496770 953
1496780 952
1496790 952
1496800 952
1496810 952
1496820 952
1496830 951
1496840 948
1496850 948
1496860 944
1496870 942
1496880 942
1496890 942
1496900 942
1496910 942
1496920 943
1496930 942
1496940 941
1496950 941
1496960 940
1496970 938
1496980 938
1496990 937
1497000 937
1497010 937
1497020 938
1497030 939
1497040 939
1497050 940
1497060 938
1497070 938
1497080 936
1497090 934
1497100 932
1497110 932
1497120 931
1497130 929
1497140 929
1497150 927
1497160 924
1497170 924
1497180 920
1497190 916
1497200 916
1497210 910
1497220 904
1497230 904
1497240 896
1497250 887
1497260 877
1497270 877
1497280 867
1497290 860
1497300 860
1497310 856
1497320 854
1497330 854
1497340 852
1497350 857
1497360 857
1497370 860
1497380 857
1497390 857
1497400 859
1497410 855
1497420 850
1497430 850
1497440 843
1497450 842
1497460 842
1497470 854
1497480 856
1497490 856
1497500 850
1497510 847
1497520 847
1497530 855
1497540 859
1497550 859
1497560 860
1497570 854
1497580 842
1497590 842
1497600 825
1497610 810
1497620 810
1497630 813
1497640 813
1497650 813
1497660 805
1497670 795
1497680 795
1497690 787
1497700 775
1497710 775
1497720 762
1497730 749
1497740 739
1497750 739
1497760 736
1497770 739
1497780 739
1497790 744
1497800 747
1497810 747
1497820 751
1497830 756
1497840 756
1497850 760
1497860 764
1497870 764
1497880 768
1497890 773
1497900 788
1497910 788
1497920 799
1497930 809
1497940 809
1497950 825
1497960 840
1497970 840
1497980 850
1497990 863
1498000 863
1498010 879
1498020 902
1498030 902
1498040 919
1498050 924
1498060 925
1498070 925
1498080 927
1498090 933
1498100 933
1498110 938
1498120 943
1498130 943
1498140 948
1498150 952
1498160 952
1498170 953
1498180 953
1498190 953
1498200 954
1498210 955
1498220 959
1498230 959
1498240 964
1498250 967
1498260 967
1498270 970
1498280 975
1498290 975
1498300 979
1498310 981
1498320 981
1498330 982
1498340 982
1498350 982
1498360 979
1498370 979
1498380 981
1498390 981
1498400 982
1498410 984
1498420 984
1498430 988
1498440 991
1498450 991
1498460 994
1498470 995
1498480 995
1498490 994
1498500 994
1498510 994
1498520 995
1498530 996
1498540 998
1498550 998
1498560 1002
1498570 1006
1498580 1006
1498590 1012
1498600 1016
1498610 1016
1498620 1019
1498630 1021
1498640 1021
1498650 1021
1498660 1022
1498670 1022
1498680 1021
1498690 1019
1498700 1019
1498710 1019
1498720 1016
1498730 1014
1498740 1014
1498750 1014
1498760 1017
1498770 1017
1498780 1019
1498790 1023
1498800 1023
1498810 1025
1498820 1024
1498830 1024
1498840 1023
1498850 1023
1498860 1027
1498870 1027
1498880 1025
1498890 1020
1498900 1020
1498910 1019
1498920 998
1498930 998
1498940 973
1498950 957
1498960 957
1498970 945
1498980 949
1498990 949
1499000 956
1499010 966
1499020 970
1499030 970
1499040 965
1499050 963
1499060 963
1499070 970
1499080 978
1499090 978
1499100 987
1499110 995
1499120 995
1499130 992
1499140 968
1499150 968
1499160 979
1499170 972
1499180 971
1499190 971
1499200 978
1499210 983
1499220 983
1499230 991
1499240 1000
1499250 1000
1499260 1002
1499270 1000
1499280 1000
1499290 1002
1499300 1004
1499310 1004
1499320 1009
1499330 1013
1499340 1020
1499350 1020
1499360 1025
1499370 1027
1499380 1027
1499390 1026
1499400 1025
1499410 1025
1499420 1027
1499430 1027
1499440 1027
1499450 1023
1499460 1020
1499470 1020
1499480 1018
1499490 1017
1499500 1020
1499510 1020
1499520 1021
1499530 1021
1499540 1021
1499550 1021
1499560 1022
1499570 1022
1499580 1018
1499590 1009
1499600 1009
1499610 1004
1499620 1002
1499630 1002
1499640 994
1499650 980
1499660 973
1499670 973
1499680 967
1499690 961
1499700 961
1499710 957
1499720 959
1499730 959
1499740 954
1499750 945
1499760 945
1499770 941
1499780 939
1499790 939
1499800 936
1499810 933
1499820 930
1499830 930
1499840 926
1499850 920
1499860 920
1499870 914
1499880 910
1499890 910
1499900 910
1499910 915
1499920 915
1499930 921
1499940 929
1499950 929
1499960 942
1499970 950
1499980 955
1499990 955
