1480000 1031
1480010 1031
1480020 1034
1480030 1037
1480040 1037
1480050 1040
1480060 1045
1480070 1052
1480080 1052
1480090 1060
1480100 1070
1480110 1070
1480120 1080
1480130 1081
1480140 1081
1480150 1078
1480160 1074
1480170 1074
1480180 1068
1480190 1058
1480200 1058
1480210 1047
1480220 1045
1480230 1054
1480240 1054
1480250 1059
1480260 1060
1480270 1060
1480280 1066
1480290 1070
1480300 1070
1480310 1066
1480320 1062
1480330 1062
1480340 1070
1480350 1074
1480360 1074
1480370 1075
1480380 1071
1480390 1071
1480400 1071
1480410 1072
1480420 1074
1480430 1074
1480440 1074
1480450 1075
1480460 1075
1480470 1076
1480480 1075
1480490 1075
1480500 1069
1480510 1073
1480520 1073
1480530 1074
1480540 1073
1480550 1073
1480560 1073
1480570 1070
1480580 1066
1480590 1066
1480600 1066
1480610 1065
1480620 1065
1480630 1063
1480640 1060
1480650 1060
1480660 1058
1480670 1057
1480680 1057
1480690 1055
1480700 1053
1480710 1052
1480720 1052
1480730 1051
1480740 1050
1480750 1050
1480760 1050
1480770 1049
1480780 1049
1480790 1047
1480800 1046
1480810 1046
1480820 1045
1480830 1044
1480840 1044
1480850 1043
1480860 1040
1480870 1041
1480880 1041
1480890 1041
1480900 1040
1480910 1040
1480920 1039
1480930 1037
1480940 1037
1480950 1035
1480960 1033
1480970 1033
1480980 1030
1480990 1029
1481000 1029
1481010 1028
1481020 1027
1481030 1025
1481040 1025
1481050 1023
1481060 1020
1481070 1020
1481080 1018
1481090 1016
1481100 1016
1481110 1014
1481120 1013
1481130 1013
1481140 1012
1481150 1011
1481160 1011
1481170 1010
1481180 1008
1481190 1002
1481200 1002
1481210 997
1481220 989
1481230 989
1481240 982
1481250 976
1481260 976
1481270 970
1481280 963
1481290 963
1481300 959
1481310 952
1481320 952
1481330 942
1481340 933
1481350 937
1481360 937
1481370 944
1481380 948
1481390 948
1481400 950
1481410 955
1481420 955
1481430 959
1481440 961
1481450 961
1481460 963
1481470 967
1481480 967
1481490 970
1481500 971
1481510 969
1481520 969
1481530 968
1481540 966
1481550 966
1481560 965
1481570 964
1481580 964
1481590 962
1481600 961
1481610 961
1481620 960
1481630 959
1481640 959
1481650 957
1481660 954
1481670 950
1481680 950
1481690 941
1481700 931
1481710 931
1481720 923
1481730 915
1481740 915
1481750 907
1481760 898
1481770 898
1481780 891
1481790 883
1481800 883
1481810 878
1481820 874
1481830 869
1481840 869
1481850 863
1481860 854
1481870 854
1481880 844
1481890 837
1481900 837
1481910 833
1481920 832
1481930 832
1481940 831
1481950 829
1481960 829
1481970 828
1481980 830
1481990 835
1482000 835
1482010 841
1482020 843
1482030 843
1482040 845
1482050 848
1482060 848
1482070 852
1482080 856
1482090 856
1482100 861
1482110 860
1482120 860
1482130 857
1482140 853
1482150 849
1482160 849
1482170 845
1482180 841
1482190 841
1482200 838
1482210 834
1482220 834
1482230 830
1482240 825
1482250 825
1482260 816
1482270 806
1482280 806
1482290 805
1482300 809
1482310 809
1482320 809
1482330 807
1482340 808
1482350 808
1482360 810
1482370 812
1482380 812
1482390 811
1482400 809
1482410 809
1482420 809
1482430 806
1482440 806
1482450 804
1482460 802
1482470 798
1482480 798
1482490 793
1482500 791
1482510 791
1482520 790
1482530 788
1482540 788
1482550 787
1482560 787
1482570 787
1482580 787
1482590 786
1482600 786
1482610 784
1482620 782
1482630 778
1482640 778
1482650 775
1482660 772
1482670 772
1482680 770
1482690 767
1482700 767
1482710 763
1482720 759
1482730 759
1482740 757
1482750 753
1482760 753
1482770 751
1482780 747
1482790 742
1482800 742
1482810 738
1482820 734
1482830 734
1482840 730
1482850 725
1482860 725
1482870 720
1482880 717
1482890 717
1482900 715
1482910 712
1482920 712
1482930 710
1482940 708
1482950 706
1482960 706
1482970 704
1482980 702
1482990 702
1483000 700
1483010 699
1483020 699
1483030 697
1483040 696
1483050 696
1483060 695
1483070 694
1483080 694
1483090 693
1483100 692
1483110 691
1483120 691
1483130 690
1483140 688
1483150 688
1483160 687
1483170 686
1483180 686
1483190 686
1483200 686
1483210 686
1483220 685
1483230 685
1483240 685
1483250 684
1483260 681
1483270 677
1483280 677
1483290 672
1483300 668
1483310 668
1483320 665
1483330 664
1483340 664
1483350 663
1483360 665
1483370 665
1483380 666
1483390 666
1483400 666
1483410 667
1483420 668
1483430 668
1483440 668
1483450 667
1483460 666
1483470 666
1483480 665
1483490 666
1483500 666
1483510 667
1483520 668
1483530 668
1483540 669
1483550 672
1483560 672
1483570 673
1483580 677
1483590 678
1483600 678
1483610 678
1483620 678
1483630 678
1483640 679
1483650 679
1483660 679
1483670 680
1483680 680
1483690 680
1483700 680
1483710 680
1483720 680
1483730 681
1483740 681
1483750 681
1483760 681
1483770 682
1483780 682
1483790 682
1483800 683
1483810 683
1483820 683
1483830 683
1483840 683
1483850 683
1483860 683
1483870 683
1483880 683
1483890 683
1483900 683
1483910 683
1483920 683
1483930 684
1483940 684
1483950 684
1483960 684
1483970 684
1483980 684
1483990 684
1484000 685
1484010 685
1484020 685
1484030 685
1484040 685
1484050 685
1484060 685
1484070 686
1484080 686
1484090 689
1484100 692
1484110 692
1484120 696
1484130 701
1484140 701
1484150 705
1484160 708
1484170 708
1484180 711
1484190 714
1484200 714
1484210 715
1484220 716
1484230 717
1484240 717
1484250 718
1484260 718
1484270 718
1484280 719
1484290 719
1484300 719
1484310 719
1484320 719
1484330 719
1484340 719
1484350 719
1484360 719
1484370 720
1484380 720
1484390 720
1484400 720
1484410 720
1484420 720
1484430 720
1484440 719
1484450 719
1484460 719
1484470 720
1484480 720
1484490 720
1484500 720
1484510 721
1484520 721
1484530 722
1484540 723
1484550 724
1484560 724
1484570 725
1484580 726
1484590 726
1484600 726
1484610 727
1484620 727
1484630 729
1484640 730
1484650 730
1484660 731
1484670 733
1484680 733
1484690 736
1484700 738
1484710 740
1484720 740
1484730 742
1484740 743
1484750 743
1484760 746
1484770 748
1484780 748
1484790 751
1484800 753
1484810 753
1484820 755
1484830 756
1484840 756
1484850 758
1484860 760
1484870 761
1484880 761
1484890 763
1484900 766
1484910 766
1484920 767
1484930 768
1484940 768
1484950 771
1484960 773
1484970 773
1484980 774
1484990 776
1485000 776
1485010 778
1485020 780
1485030 781
1485040 781
1485050 782
1485060 784
1485070 784
1485080 786
1485090 787
1485100 787
1485110 788
1485120 789
1485130 789
1485140 789
1485150 790
1485160 790
1485170 791
1485180 792
1485190 794
1485200 794
1485210 796
1485220 798
1485230 798
1485240 800
1485250 802
1485260 802
1485270 804
1485280 806
1485290 806
1485300 808
1485310 810
1485320 810
1485330 812
1485340 814
1485350 818
1485360 818
1485370 823
1485380 826
1485390 826
1485400 827
1485410 827
1485420 827
1485430 827
1485440 824
1485450 824
1485460 819
1485470 813
1485480 813
1485490 807
1485500 804
1485510 802
1485520 802
1485530 801
1485540 801
1485550 801
1485560 802
1485570 802
1485580 802
1485590 803
1485600 803
1485610 803
1485620 803
1485630 803
1485640 803
1485650 803
1485660 801
1485670 797
1485680 797
1485690 790
1485700 783
1485710 783
1485720 778
1485730 781
1485740 781
1485750 788
1485760 795
1485770 795
1485780 796
1485790 797
1485800 797
1485810 797
1485820 798
1485830 798
1485840 798
1485850 801
1485860 803
1485870 803
1485880 800
1485890 795
1485900 795
1485910 790
1485920 783
1485930 783
1485940 777
1485950 777
1485960 777
1485970 783
1485980 789
1485990 798
1486000 798
1486010 805
1486020 808
1486030 808
1486040 809
1486050 809
1486060 809
1486070 810
1486080 810
1486090 810
1486100 811
1486110 812
1486120 812
1486130 812
1486140 813
1486150 815
1486160 815
1486170 820
1486180 825
1486190 825
1486200 829
1486210 831
1486220 831
1486230 830
1486240 828
1486250 828
1486260 825
1486270 822
1486280 822
1486290 819
1486300 817
1486310 817
1486320 817
1486330 816
1486340 816
1486350 816
1486360 816
1486370 816
1486380 816
1486390 815
1486400 816
1486410 816
1486420 817
1486430 818
1486440 818
1486450 819
1486460 819
1486470 820
1486480 820
1486490 820
1486500 820
1486510 820
1486520 820
1486530 819
1486540 819
1486550 819
1486560 818
1486570 818
1486580 819
1486590 820
1486600 820
1486610 820
1486620 824
1486630 827
1486640 827
1486650 830
1486660 834
1486670 834
1486680 837
1486690 840
1486700 840
1486710 843
1486720 845
1486730 845
1486740 848
1486750 849
1486760 849
1486770 849
1486780 847
1486790 848
1486800 848
1486810 854
1486820 860
1486830 860
1486840 864
1486850 865
1486860 865
1486870 866
1486880 869
1486890 869
1486900 871
1486910 872
1486920 872
1486930 873
1486940 870
1486950 865
1486960 865
1486970 860
1486980 856
1486990 856
1487000 853
1487010 851
1487020 851
1487030 850
1487040 850
1487050 850
1487060 849
1487070 847
1487080 847
1487090 842
1487100 833
1487110 829
1487120 829
1487130 833
1487140 841
1487150 841
1487160 843
1487170 846
1487180 846
1487190 850
1487200 854
1487210 854
1487220 858
1487230 862
1487240 862
1487250 867
1487260 875
1487270 881
1487280 881
1487290 886
1487300 888
1487310 888
1487320 888
1487330 889
1487340 889
1487350 889
1487360 894
1487370 894
1487380 902
1487390 909
1487400 909
1487410 914
1487420 916
1487430 918
1487440 918
1487450 918
1487460 920
1487470 920
1487480 921
1487490 923
1487500 923
1487510 925
1487520 927
1487530 927
1487540 930
1487550 932
1487560 932
1487570 934
1487580 935
1487590 937
1487600 937
1487610 939
1487620 941
1487630 941
1487640 943
1487650 945
1487660 945
1487670 947
1487680 950
1487690 950
1487700 953
1487710 955
1487720 955
1487730 958
1487740 961
1487750 961
1487760 965
1487770 969
1487780 972
1487790 972
1487800 974
1487810 977
1487820 977
1487830 979
1487840 982
1487850 982
1487860 984
1487870 987
1487880 987
1487890 989
1487900 991
1487910 991
1487920 992
1487930 994
1487940 994
1487950 994
1487960 995
1487970 995
1487980 995
1487990 996
1488000 996
1488010 996
1488020 996
1488030 997
1488040 997
1488050 998
1488060 1000
1488070 1000
1488080 1000
1488090 997
1488100 990
1488110 990
1488120 984
1488130 979
1488140 979
1488150 975
1488160 966
1488170 966
1488180 954
1488190 944
1488200 944
1488210 934
1488220 941
1488230 941
1488240 950
1488250 964
1488260 979
1488270 979
1488280 995
1488290 1006
1488300 1006
1488310 1015
1488320 1023
1488330 1023
1488340 1030
1488350 1034
1488360 1034
1488370 1038
1488380 1040
1488390 1040
1488400 1043
1488410 1048
1488420 1056
1488430 1056
1488440 1066
1488450 1074
1488460 1074
1488470 1084
1488480 1096
1488490 1096
1488500 1104
1488510 1104
1488520 1104
1488530 1108
1488540 1111
1488550 1111
1488560 1113
1488570 1112
1488580 1115
1488590 1115
1488600 1118
1488610 1121
1488620 1121
1488630 1121
1488640 1123
1488650 1123
1488660 1124
1488670 1128
1488680 1128
1488690 1132
1488700 1132
1488710 1132
1488720 1133
1488730 1142
1488740 1154
1488750 1154
1488760 1161
1488770 1161
1488780 1161
1488790 1160
1488800 1157
1488810 1157
1488820 1153
1488830 1153
1488840 1153
1488850 1158
1488860 1158
1488870 1158
1488880 1151
1488890 1142
1488900 1140
1488910 1140
1488920 1137
1488930 1136
1488940 1136
1488950 1144
1488960 1145
1488970 1145
1488980 1150
1488990 1152
1489000 1152
1489010 1149
1489020 1146
1489030 1146
1489040 1148
1489050 1158
1489060 1165
1489070 1165
1489080 1173
1489090 1181
1489100 1181
1489110 1189
1489120 1198
1489130 1198
1489140 1210
1489150 1222
1489160 1222
1489170 1231
1489180 1240
1489190 1240
1489200 1251
1489210 1262
1489220 1265
1489230 1265
1489240 1266
1489250 1268
1489260 1268
1489270 1271
1489280 1273
1489290 1273
1489300 1275
1489310 1274
1489320 1274
1489330 1274
1489340 1274
1489350 1274
1489360 1273
1489370 1272
1489380 1271
1489390 1271
1489400 1269
1489410 1266
1489420 1266
1489430 1264
1489440 1262
1489450 1262
1489460 1259
1489470 1256
1489480 1256
1489490 1254
1489500 1253
1489510 1253
1489520 1251
1489530 1250
1489540 1250
1489550 1250
1489560 1249
1489570 1247
1489580 1247
1489590 1245
1489600 1243
1489610 1243
1489620 1241
1489630 1239
1489640 1239
1489650 1237
1489660 1232
1489670 1232
1489680 1229
1489690 1228
1489700 1227
1489710 1227
1489720 1226
1489730 1226
1489740 1226
1489750 1224
1489760 1218
1489770 1218
1489780 1210
1489790 1202
1489800 1202
1489810 1195
1489820 1192
1489830 1192
1489840 1189
1489850 1184
1489860 1175
1489870 1175
1489880 1168
1489890 1174
1489900 1174
1489910 1182
1489920 1189
1489930 1189
1489940 1196
1489950 1204
1489960 1204
1489970 1212
1489980 1220
1489990 1220
1490000 1228
1490010 1237
1490020 1246
1490030 1246
1490040 1253
1490050 1258
1490060 1258
1490070 1263
1490080 1269
1490090 1269
1490100 1275
1490110 1281
1490120 1281
1490130 1288
1490140 1294
1490150 1294
1490160 1301
1490170 1307
1490180 1312
1490190 1312
1490200 1319
1490210 1324
1490220 1324
1490230 1327
1490240 1331
1490250 1331
1490260 1334
1490270 1336
1490280 1336
1490290 1338
1490300 1341
1490310 1341
1490320 1344
1490330 1347
1490340 1351
1490350 1351
1490360 1355
1490370 1361
1490380 1361
1490390 1365
1490400 1369
1490410 1369
1490420 1374
1490430 1379
1490440 1379
1490450 1383
1490460 1387
1490470 1387
1490480 1389
1490490 1392
1490500 1393
1490510 1393
1490520 1395
1490530 1399
1490540 1399
1490550 1405
1490560 1411
1490570 1411
1490580 1419
1490590 1425
1490600 1425
1490610 1431
1490620 1437
1490630 1437
1490640 1444
1490650 1451
1490660 1457
1490670 1457
1490680 1462
1490690 1467
1490700 1467
1490710 1470
1490720 1474
1490730 1474
1490740 1478
1490750 1483
1490760 1483
1490770 1488
1490780 1494
1490790 1494
1490800 1498
1490810 1503
1490820 1507
1490830 1507
1490840 1513
1490850 1518
1490860 1518
1490870 1522
1490880 1528
1490890 1528
1490900 1534
1490910 1538
1490920 1538
1490930 1542
1490940 1543
1490950 1543
1490960 1544
1490970 1544
1490980 1544
1490990 1544
1491000 1545
1491010 1547
1491020 1547
1491030 1548
1491040 1550
1491050 1550
1491060 1552
1491070 1554
1491080 1554
1491090 1557
1491100 1559
1491110 1559
1491120 1560
1491130 1562
1491140 1564
1491150 1564
1491160 1567
1491170 1569
1491180 1569
1491190 1570
1491200 1570
1491210 1570
1491220 1571
1491230 1571
1491240 1571
1491250 1571
1491260 1572
1491270 1572
1491280 1574
1491290 1576
1491300 1578
1491310 1578
1491320 1579
1491330 1583
1491340 1583
1491350 1587
1491360 1591
1491370 1591
1491380 1595
1491390 1598
1491400 1598
1491410 1601
1491420 1605
1491430 1605
1491440 1610
1491450 1615
1491460 1623
1491470 1623
1491480 1631
1491490 1634
1491500 1634
1491510 1632
1491520 1632
1491530 1632
1491540 1639
1491550 1644
1491560 1644
1491570 1648
1491580 1650
1491590 1650
1491600 1656
1491610 1659
1491620 1667
1491630 1667
1491640 1672
1491650 1676
1491660 1676
1491670 1680
1491680 1683
1491690 1683
1491700 1683
1491710 1685
1491720 1685
1491730 1690
1491740 1694
1491750 1694
1491760 1699
1491770 1704
1491780 1707
1491790 1707
1491800 1703
1491810 1702
1491820 1702
1491830 1706
1491840 1710
1491850 1710
1491860 1715
1491870 1720
1491880 1720
1491890 1733
1491900 1738
1491910 1738
1491920 1739
1491930 1742
1491940 1740
1491950 1740
1491960 1726
1491970 1718
1491980 1718
1491990 1717
1492000 1724
1492010 1724
1492020 1734
1492030 1748
1492040 1748
1492050 1753
1492060 1755
1492070 1755
1492080 1770
1492090 1775
1492100 1774
1492110 1774
1492120 1771
1492130 1769
1492140 1769
1492150 1766
1492160 1772
1492170 1772
1492180 1781
1492190 1788
1492200 1788
1492210 1793
1492220 1798
1492230 1798
1492240 1804
1492250 1808
1492260 1812
1492270 1812
1492280 1816
1492290 1818
1492300 1818
1492310 1820
1492320 1827
1492330 1827
1492340 1833
1492350 1839
1492360 1839
1492370 1844
1492380 1849
1492390 1849
1492400 1854
1492410 1861
1492420 1870
1492430 1870
1492440 1879
1492450 1887
1492460 1887
1492470 1894
1492480 1902
1492490 1902
1492500 1911
1492510 1920
1492520 1919
1492530 1928
1492540 1939
1492550 1939
1492560 1948
1492570 1956
1492580 1965
1492590 1965
1492600 1975
1492610 1984
1492620 1984
1492630 1992
1492640 1994
1492650 1994
1492660 1990
1492670 1983
1492680 1983
1492690 1974
1492700 1966
1492710 1966
1492720 1957
1492730 1952
1492740 1951
1492750 1951
1492760 1948
1492770 1952
1492780 1952
1492790 1955
1492800 1956
1492810 1956
1492820 1959
1492830 1968
1492840 1968
1492850 1987
1492860 2009
1492870 2009
1492880 2013
1492890 2004
1492900 1995
1492910 1995
1492920 1987
1492930 1985
1492940 1985
1492950 1984
1492960 1984
1492970 1984
1492980 1985
1492990 1987
1493000 1987
1493010 1982
1493020 1979
1493030 1979
1493040 1980
1493050 1980
1493060 1975
1493070 1975
1493080 1973
1493090 1974
1493100 1974
1493110 1973
1493120 1975
1493130 1975
1493140 1973
1493150 1970
1493160 1970
1493170 1967
1493180 1963
1493190 1963
1493200 1963
1493210 1960
1493220 1959
1493230 1959
1493240 1959
1493250 1957
1493260 1957
1493270 1958
1493280 1963
1493290 1963
1493300 1962
1493310 1957
1493320 1957
1493330 1963
1493340 1974
1493350 1974
1493360 1975
1493370 1955
1493380 1946
1493390 1946
1493400 1943
1493410 1937
1493420 1937
1493430 1932
1493440 1924
1493450 1924
1493460 1917
1493470 1916
1493480 1916
1493490 1926
1493500 1934
1493510 1934
1493520 1932
1493530 1926
1493540 1924
1493550 1924
1493560 1929
1493570 1929
1493580 1929
1493590 1927
1493600 1924
1493610 1924
1493620 1918
1493630 1912
1493640 1912
1493650 1904
1493660 1895
1493670 1895
1493680 1886
1493690 1878
1493700 1872
1493710 1872
1493720 1869
1493730 1865
1493740 1865
1493750 1862
1493760 1859
1493770 1859
1493780 1856
1493790 1853
1493800 1853
1493810 1849
1493820 1844
1493830 1844
1493840 1839
1493850 1833
1493860 1825
1493870 1825
1493880 1815
1493890 1809
1493900 1809
1493910 1805
1493920 1804
1493930 1804
1493940 1800
1493950 1792
1493960 1792
1493970 1789
1493980 1798
1493990 1798
1494000 1807
1494010 1813
1494020 1816
1494030 1816
1494040 1816
1494050 1815
1494060 1815
1494070 1815
1494080 1816
1494090 1816
1494100 1816
1494110 1815
1494120 1815
1494130 1814
1494140 1814
1494150 1814
1494160 1814
1494170 1813
1494180 1809
1494190 1809
1494200 1813
1494210 1818
1494220 1818
1494230 1824
1494240 1830
1494250 1830
1494260 1833
1494270 1834
1494280 1834
1494290 1833
1494300 1828
1494310 1828
1494320 1828
1494330 1829
1494340 1824
1494350 1824
1494360 1818
1494370 1814
1494380 1814
1494390 1812
1494400 1813
1494410 1813
1494420 1808
1494430 1801
1494440 1801
1494450 1805
1494460 1809
1494470 1809
1494480 1816
1494490 1821
1494500 1815
1494510 1815
1494520 1809
1494530 1804
1494540 1804
1494550 1800
1494560 1796
1494570 1796
1494580 1793
1494590 1788
1494600 1788
1494610 1782
1494620 1783
1494630 1783
1494640 1779
1494650 1769
1494660 1762
1494670 1762
1494680 1751
1494690 1741
1494700 1741
1494710 1734
1494720 1742
1494730 1742
1494740 1738
1494750 1738
1494760 1738
1494770 1758
1494780 1774
1494790 1774
1494800 1783
1494810 1791
1494820 1796
1494830 1796
1494840 1803
1494850 1807
1494860 1807
1494870 1805
1494880 1800
1494890 1800
1494900 1794
1494910 1791
1494920 1791
1494930 1792
1494940 1792
1494950 1792
1494960 1791
1494970 1795
1494980 1798
1494990 1798
1495000 1799
1495010 1800
1495020 1800
1495030 1801
1495040 1800
1495050 1800
1495060 1799
1495070 1798
1495080 1798
1495090 1797
1495100 1794
1495110 1794
1495120 1796
1495130 1797
1495140 1792
1495150 1792
1495160 1789
1495170 1785
1495180 1785
1495190 1784
1495200 1787
1495210 1787
1495220 1792
1495230 1799
1495240 1799
1495250 1808
1495260 1814
1495270 1814
1495280 1825
1495290 1831
1495300 1834
1495310 1834
1495320 1839
1495330 1847
1495340 1847
1495350 1852
1495360 1856
1495370 1856
1495380 1860
1495390 1864
1495400 1864
1495410 1868
1495420 1873
1495430 1873
1495440 1878
1495450 1882
1495460 1888
1495470 1888
1495480 1894
1495490 1902
1495500 1902
1495510 1912
1495520 1920
1495530 1920
1495540 1928
1495550 1935
1495560 1935
1495570 1941
1495580 1948
1495590 1948
1495600 1954
1495610 1960
1495620 1966
1495630 1966
1495640 1973
1495650 1979
1495660 1979
1495670 1985
1495680 1990
1495690 1990
1495700 1995
1495710 2000
1495720 2000
1495730 2001
1495740 2004
1495750 2004
1495760 2009
1495770 2015
1495780 2020
1495790 2020
1495800 2025
1495810 2030
1495820 2030
1495830 2034
1495840 2037
1495850 2037
1495860 2036
1495870 2032
1495880 2032
1495890 2028
1495900 2025
1495910 2025
1495920 2022
1495930 2017
1495940 2013
1495950 2013
1495960 2012
1495970 2014
1495980 2014
1495990 2014
1496000 2014
1496010 2014
1496020 2015
1496030 2016
1496040 2016
1496050 2015
1496060 2016
1496070 2016
1496080 2023
1496090 2027
1496100 2026
1496110 2026
1496120 2024
1496130 2019
1496140 2019
1496150 2015
1496160 2011
1496170 2011
1496180 2006
1496190 2002
1496200 2002
1496210 1998
1496220 1993
1496230 1993
1496240 1988
1496250 1983
1496260 1977
1496270 1977
1496280 1974
1496290 1969
1496300 1969
1496310 1964
1496320 1962
1496330 1962
1496340 1959
1496350 1953
1496360 1953
1496370 1946
1496380 1940
1496390 1940
1496400 1932
1496410 1925
1496420 1919
1496430 1919
1496440 1913
1496450 1907
1496460 1907
1496470 1901
1496480 1894
1496490 1894
1496500 1888
1496510 1882
1496520 1882
1496530 1877
1496540 1870
1496550 1870
1496560 1864
1496570 1860
1496580 1857
1496590 1857
1496600 1853
1496610 1847
1496620 1847
1496630 1840
1496640 1833
1496650 1833
1496660 1825
1496670 1817
1496680 1817
1496690 1810
1496700 1803
1496710 1803
1496720 1795
1496730 1788
1496740 1782
1496750 1782
1496760 1775
1496770 1768
1496780 1768
1496790 1762
1496800 1759
1496810 1759
1496820 1758
1496830 1758
1496840 1758
1496850 1753
1496860 1748
1496870 1748
1496880 1744
1496890 1740
1496900 1739
1496910 1739
1496920 1742
1496930 1740
1496940 1740
1496950 1737
1496960 1734
1496970 1734
1496980 1730
1496990 1731
1497000 1731
1497010 1730
1497020 1731
1497030 1731
1497040 1729
1497050 1727
1497060 1726
1497070 1726
1497080 1724
1497090 1724
1497100 1724
1497110 1719
1497120 1714
1497130 1714
1497140 1706
1497150 1699
1497160 1699
1497170 1696
1497180 1700
1497190 1700
1497200 1702
1497210 1701
1497220 1698
1497230 1698
1497240 1693
1497250 1686
1497260 1686
1497270 1680
1497280 1674
1497290 1674
1497300 1669
1497310 1670
1497320 1670
1497330 1669
1497340 1668
1497350 1668
1497360 1666
1497370 1668
1497380 1669
1497390 1669
1497400 1670
1497410 1671
1497420 1671
1497430 1671
1497440 1671
1497450 1671
1497460 1676
1497470 1679
1497480 1679
1497490 1680
1497500 1678
1497510 1678
1497520 1674
1497530 1667
1497540 1661
1497550 1661
1497560 1654
1497570 1658
1497580 1658
1497590 1667
1497600 1663
1497610 1663
1497620 1655
1497630 1644
1497640 1644
1497650 1640
1497660 1649
1497670 1649
1497680 1657
1497690 1658
1497700 1657
1497710 1657
1497720 1661
1497730 1666
1497740 1666
1497750 1672
1497760 1671
1497770 1671
1497780 1669
1497790 1679
1497800 1679
1497810 1678
1497820 1675
1497830 1675
1497840 1674
1497850 1675
1497860 1669
1497870 1669
1497880 1666
1497890 1657
1497900 1657
1497910 1644
1497920 1643
1497930 1643
1497940 1651
1497950 1659
1497960 1659
1497970 1656
1497980 1649
1497990 1649
1498000 1643
1498010 1637
1498020 1630
1498030 1630
1498040 1628
1498050 1626
1498060 1626
1498070 1620
1498080 1619
1498090 1619
1498100 1620
1498110 1619
1498120 1619
1498130 1613
1498140 1617
1498150 1617
1498160 1624
1498170 1631
1498180 1637
1498190 1637
1498200 1643
1498210 1651
1498220 1651
1498230 1660
1498240 1668
1498250 1668
1498260 1676
1498270 1683
1498280 1683
1498290 1689
1498300 1697
1498310 1697
1498320 1704
1498330 1711
1498340 1718
1498350 1718
1498360 1725
1498370 1733
1498380 1733
1498390 1742
1498400 1752
1498410 1752
1498420 1761
1498430 1768
1498440 1768
1498450 1776
1498460 1784
1498470 1784
1498480 1792
1498490 1799
1498500 1806
1498510 1806
1498520 1813
1498530 1819
1498540 1819
1498550 1825
1498560 1831
1498570 1831
1498580 1838
1498590 1844
1498600 1844
1498610 1849
1498620 1853
1498630 1853
1498640 1856
1498650 1857
1498660 1855
1498670 1855
1498680 1853
1498690 1851
1498700 1851
1498710 1847
1498720 1846
1498730 1846
1498740 1846
1498750 1848
1498760 1848
1498770 1849
1498780 1848
1498790 1848
1498800 1847
1498810 1848
1498820 1854
1498830 1854
1498840 1860
1498850 1860
1498860 1860
1498870 1859
1498880 1860
1498890 1860
1498900 1865
1498910 1872
1498920 1872
1498930 1881
1498940 1888
1498950 1888
1498960 1895
1498970 1901
1498980 1905
1498990 1905
1499000 1911
1499010 1918
1499020 1918
1499030 1924
1499040 1932
1499050 1932
1499060 1938
1499070 1940
1499080 1940
1499090 1943
1499100 1946
1499110 1946
1499120 1950
1499130 1956
1499140 1963
1499150 1963
1499160 1970
1499170 1977
1499180 1977
1499190 1984
1499200 1990
1499210 1990
1499220 1997
1499230 2004
1499240 2004
1499250 2011
1499260 2018
1499270 2018
1499280 2024
1499290 2026
1499300 2025
1499310 2025
1499320 2023
1499330 2022
1499340 2022
1499350 2021
1499360 2020
1499370 2020
1499380 2020
1499390 2019
1499400 2019
1499410 2019
1499420 2019
1499430 2019
1499440 2017
1499450 2013
1499460 2009
1499470 2009
1499480 2004
1499490 2000
1499500 2000
1499510 1995
1499520 1991
1499530 1991
1499540 1987
1499550 1983
1499560 1983
1499570 1979
1499580 1976
1499590 1976
1499600 1972
1499610 1968
1499620 1964
1499630 1964
1499640 1960
1499650 1956
1499660 1956
1499670 1953
1499680 1949
1499690 1949
1499700 1945
1499710 1940
1499720 1940
1499730 1934
1499740 1929
1499750 1929
1499760 1925
1499770 1921
1499780 1917
1499790 1917
1499800 1914
1499810 1912
1499820 1912
1499830 1911
1499840 1910
1499850 1910
1499860 1910
1499870 1911
1499880 1911
1499890 1912
1499900 1912
1499910 1912
1499920 1913
1499930 1912
1499940 1910
1499950 1910
1499960 1908
1499970 1907
1499980 1907
1499990 1905
