1480000 771
1480010 771
1480020 769
1480030 764
1480040 759
1480050 759
1480060 755
1480070 757
1480080 757
1480090 763
1480100 764
1480110 764
1480120 762
1480130 760
1480140 760
1480150 754
1480160 747
1480170 747
1480180 748
1480190 750
1480200 751
1480210 751
1480220 754
1480230 757
1480240 757
1480250 754
1480260 750
1480270 750
1480280 751
1480290 754
1480300 754
1480310 753
1480320 754
1480330 754
1480340 757
1480350 755
1480360 750
1480370 750
1480380 749
1480390 751
1480400 751
1480410 752
1480420 752
1480430 752
1480440 753
1480450 753
1480460 753
1480470 753
1480480 753
1480490 753
1480500 753
1480510 752
1480520 751
1480530 751
1480540 751
1480550 751
1480560 751
1480570 752
1480580 751
1480590 751
1480600 749
1480610 748
1480620 748
1480630 750
1480640 750
1480650 750
1480660 749
1480670 748
1480680 748
1480690 748
1480700 747
1480710 746
1480720 746
1480730 746
1480740 744
1480750 744
1480760 743
1480770 742
1480780 742
1480790 741
1480800 740
1480810 740
1480820 740
1480830 739
1480840 738
1480850 738
1480860 737
1480870 736
1480880 736
1480890 735
1480900 734
1480910 734
1480920 734
1480930 733
1480940 733
1480950 732
1480960 731
1480970 731
1480980 730
1480990 729
1481000 729
1481010 729
1481020 728
1481030 727
1481040 727
1481050 726
1481060 725
1481070 725
1481080 725
1481090 724
1481100 724
1481110 723
1481120 722
1481130 722
1481140 722
1481150 721
1481160 721
1481170 720
1481180 719
1481190 719
1481200 719
1481210 718
1481220 717
1481230 717
1481240 716
1481250 715
1481260 715
1481270 715
1481280 714
1481290 714
1481300 713
1481310 712
1481320 712
1481330 712
1481340 711
1481350 711
1481360 711
1481370 710
1481380 709
1481390 709
1481400 709
1481410 708
1481420 708
1481430 708
1481440 707
1481450 707
1481460 706
1481470 704
1481480 704
1481490 704
1481500 704
1481510 704
1481520 704
1481530 703
1481540 703
1481550 703
1481560 702
1481570 702
1481580 702
1481590 701
1481600 701
1481610 701
1481620 700
1481630 700
1481640 700
1481650 699
1481660 699
1481670 698
1481680 698
1481690 697
1481700 697
1481710 697
1481720 697
1481730 696
1481740 696
1481750 696
1481760 695
1481770 695
1481780 695
1481790 694
1481800 694
1481810 690
1481820 686
1481830 684
1481840 684
1481850 683
1481860 683
1481870 683
1481880 683
1481890 683
1481900 683
1481910 683
1481920 683
1481930 683
1481940 683
1481950 683
1481960 683
1481970 683
1481980 683
1481990 681
1482000 681
1482010 682
1482020 682
1482030 682
1482040 682
1482050 682
1482060 682
1482070 682
1482080 682
1482090 682
1482100 682
1482110 682
1482120 682
1482130 682
1482140 682
1482150 682
1482160 682
1482170 681
1482180 681
1482190 681
1482200 681
1482210 682
1482220 682
1482230 683
1482240 683
1482250 683
1482260 684
1482270 685
1482280 685
1482290 686
1482300 687
1482310 688
1482320 688
1482330 689
1482340 690
1482350 690
1482360 691
1482370 692
1482380 692
1482390 694
1482400 694
1482410 694
1482420 694
1482430 694
1482440 694
1482450 693
1482460 693
1482470 693
1482480 693
1482490 693
1482500 694
1482510 694
1482520 694
1482530 695
1482540 695
1482550 696
1482560 697
1482570 697
1482580 697
1482590 698
1482600 698
1482610 698
1482620 699
1482630 700
1482640 700
1482650 700
1482660 701
1482670 701
1482680 702
1482690 702
1482700 702
1482710 702
1482720 703
1482730 703
1482740 704
1482750 705
1482760 705
1482770 706
1482780 706
1482790 707
1482800 707
1482810 707
1482820 708
1482830 708
1482840 708
1482850 709
1482860 709
1482870 709
1482880 710
1482890 710
1482900 711
1482910 712
1482920 712
1482930 712
1482940 713
1482950 713
1482960 713
1482970 714
1482980 714
1482990 714
1483000 715
1483010 715
1483020 715
1483030 715
1483040 716
1483050 716
1483060 716
1483070 717
1483080 717
1483090 718
1483100 719
1483110 721
1483120 721
1483130 723
1483140 724
1483150 724
1483160 725
1483170 726
1483180 726
1483190 726
1483200 728
1483210 728
1483220 731
1483230 734
1483240 734
1483250 735
1483260 737
1483270 736
1483280 736
1483290 738
1483300 743
1483310 743
1483320 746
1483330 749
1483340 749
1483350 749
1483360 747
1483370 747
1483380 746
1483390 745
1483400 745
1483410 747
1483420 747
1483430 747
1483440 747
1483450 750
1483460 755
1483470 755
1483480 760
1483490 765
1483500 765
1483510 769
1483520 774
1483530 774
1483540 777
1483550 778
1483560 778
1483570 778
1483580 780
1483590 783
1483600 783
1483610 788
1483620 793
1483630 793
1483640 796
1483650 801
1483660 801
1483670 806
1483680 810
1483690 810
1483700 814
1483710 819
1483720 819
1483730 823
1483740 826
1483750 831
1483760 831
1483770 837
1483780 843
1483790 843
1483800 848
1483810 853
1483820 853
1483830 857
1483840 861
1483850 861
1483860 865
1483870 870
1483880 870
1483890 873
1483900 876
1483910 880
1483920 880
1483930 883
1483940 886
1483950 886
1483960 890
1483970 891
1483980 891
1483990 890
1484000 891
1484010 891
1484020 892
1484030 894
1484040 894
1484050 898
1484060 901
1484070 904
1484080 904
1484090 908
1484100 911
1484110 911
1484120 914
1484130 917
1484140 917
1484150 920
1484160 924
1484170 924
1484180 929
1484190 934
1484200 934
1484210 938
1484220 942
1484230 945
1484240 945
1484250 948
1484260 949
1484270 949
1484280 949
1484290 949
1484300 949
1484310 950
1484320 952
1484330 952
1484340 953
1484350 954
1484360 954
1484370 955
1484380 954
1484390 949
1484400 949
1484410 944
1484420 941
1484430 941
1484440 940
1484450 938
1484460 938
1484470 937
1484480 934
1484490 934
1484500 932
1484510 932
1484520 932
1484530 931
1484540 935
1484550 940
1484560 940
1484570 945
1484580 948
1484590 948
1484600 952
1484610 957
1484620 957
1484630 962
1484640 963
1484650 963
1484660 964
1484670 964
1484680 964
1484690 964
1484700 963
1484710 962
1484720 962
1484730 960
1484740 959
1484750 959
1484760 958
1484770 959
1484780 959
1484790 960
1484800 959
1484810 959
1484820 956
1484830 954
1484840 954
1484850 954
1484860 957
1484870 957
1484880 957
1484890 957
1484900 957
1484910 957
1484920 957
1484930 958
1484940 958
1484950 958
1484960 956
1484970 956
1484980 959
1484990 967
1485000 967
1485010 973
1485020 978
1485030 983
1485040 983
1485050 989
1485060 993
1485070 993
1485080 994
1485090 997
1485100 997
1485110 1000
1485120 1005
1485130 1005
1485140 1011
1485150 1017
1485160 1017
1485170 1024
1485180 1030
1485190 1038
1485200 1038
1485210 1046
1485220 1053
1485230 1053
1485240 1060
1485250 1065
1485260 1065
1485270 1069
1485280 1071
1485290 1071
1485300 1071
1485310 1070
1485320 1070
1485330 1070
1485340 1068
1485350 1066
1485360 1066
1485370 1065
1485380 1064
1485390 1064
1485400 1062
1485410 1065
1485420 1065
1485430 1073
1485440 1082
1485450 1082
1485460 1091
1485470 1102
1485480 1102
1485490 1110
1485500 1117
1485510 1124
1485520 1124
1485530 1131
1485540 1138
1485550 1138
1485560 1144
1485570 1150
1485580 1150
1485590 1156
1485600 1163
1485610 1163
1485620 1169
1485630 1176
1485640 1176
1485650 1181
1485660 1187
1485670 1187
1485680 1191
1485690 1194
1485700 1199
1485710 1199
1485720 1203
1485730 1206
1485740 1206
1485750 1211
1485760 1217
1485770 1217
1485780 1225
1485790 1232
1485800 1232
1485810 1238
1485820 1244
1485830 1244
1485840 1250
1485850 1254
1485860 1256
1485870 1256
1485880 1256
1485890 1253
1485900 1253
1485910 1250
1485920 1247
1485930 1247
1485940 1243
1485950 1239
1485960 1239
1485970 1236
1485980 1230
1485990 1230
1486000 1221
1486010 1211
1486020 1205
1486030 1205
1486040 1196
1486050 1191
1486060 1191
1486070 1192
1486080 1198
1486090 1198
1486100 1208
1486110 1217
1486120 1217
1486130 1223
1486140 1227
1486150 1227
1486160 1232
1486170 1238
1486180 1240
1486190 1240
1486200 1241
1486210 1241
1486220 1241
1486230 1240
1486240 1242
1486250 1242
1486260 1241
1486270 1244
1486280 1244
1486290 1253
1486300 1255
1486310 1255
1486320 1255
1486330 1255
1486340 1258
1486350 1258
1486360 1259
1486370 1255
1486380 1255
1486390 1251
1486400 1255
1486410 1255
1486420 1265
1486430 1273
1486440 1273
1486450 1278
1486460 1282
1486470 1282
1486480 1285
1486490 1289
1486500 1291
1486510 1291
1486520 1293
1486530 1295
1486540 1295
1486550 1297
1486560 1300
1486570 1300
1486580 1304
1486590 1307
1486600 1307
1486610 1309
1486620 1313
1486630 1313
1486640 1318
1486650 1324
1486660 1332
1486670 1332
1486680 1338
1486690 1342
1486700 1342
1486710 1346
1486720 1350
1486730 1350
1486740 1353
1486750 1356
1486760 1356
1486770 1359
1486780 1362
1486790 1362
1486800 1366
1486810 1368
1486820 1370
1486830 1370
1486840 1372
1486850 1373
1486860 1373
1486870 1373
1486880 1370
1486890 1370
1486900 1364
1486910 1359
1486920 1359
1486930 1353
1486940 1346
1486950 1346
1486960 1339
1486970 1332
1486980 1323
1486990 1323
1487000 1327
1487010 1335
1487020 1335
1487030 1344
1487040 1352
1487050 1352
1487060 1359
1487070 1365
1487080 1365
1487090 1372
1487100 1378
1487110 1378
1487120 1383
1487130 1388
1487140 1394
1487150 1394
1487160 1399
1487170 1405
1487180 1405
1487190 1409
1487200 1410
1487210 1410
1487220 1413
1487230 1419
1487240 1419
1487250 1420
1487260 1419
1487270 1419
1487280 1417
1487290 1417
1487300 1423
1487310 1423
1487320 1430
1487330 1434
1487340 1434
1487350 1437
1487360 1439
1487370 1439
1487380 1440
1487390 1441
1487400 1441
1487410 1440
1487420 1438
1487430 1438
1487440 1435
1487450 1430
1487460 1428
1487470 1428
1487480 1432
1487490 1439
1487500 1439
1487510 1445
1487520 1450
1487530 1450
1487540 1455
1487550 1458
1487560 1458
1487570 1460
1487580 1462
1487590 1462
1487600 1464
1487610 1464
1487620 1462
1487630 1462
1487640 1461
1487650 1463
1487660 1463
1487670 1468
1487680 1471
1487690 1471
1487700 1471
1487710 1470
1487720 1470
1487730 1474
1487740 1480
1487750 1480
1487760 1485
1487770 1490
1487780 1496
1487790 1496
1487800 1501
1487810 1506
1487820 1506
1487830 1510
1487840 1513
1487850 1513
1487860 1519
1487870 1526
1487880 1526
1487890 1532
1487900 1537
1487910 1537
1487920 1543
1487930 1549
1487940 1555
1487950 1555
1487960 1560
1487970 1564
1487980 1564
1487990 1567
1488000 1570
1488010 1570
1488020 1573
1488030 1576
1488040 1576
1488050 1579
1488060 1582
1488070 1582
1488080 1585
1488090 1588
1488100 1592
1488110 1592
1488120 1594
1488130 1596
1488140 1596
1488150 1596
1488160 1595
1488170 1595
1488180 1593
1488190 1590
1488200 1590
1488210 1585
1488220 1581
1488230 1581
1488240 1576
1488250 1570
1488260 1565
1488270 1565
1488280 1561
1488290 1556
1488300 1556
1488310 1551
1488320 1546
1488330 1546
1488340 1541
1488350 1536
1488360 1536
1488370 1531
1488380 1525
1488390 1525
1488400 1520
1488410 1515
1488420 1510
1488430 1510
1488440 1505
1488450 1500
1488460 1500
1488470 1497
1488480 1493
1488490 1493
1488500 1488
1488510 1483
1488520 1483
1488530 1481
1488540 1483
1488550 1483
1488560 1482
1488570 1480
1488580 1476
1488590 1476
1488600 1473
1488610 1467
1488620 1467
1488630 1462
1488640 1458
1488650 1458
1488660 1454
1488670 1451
1488680 1451
1488690 1448
1488700 1444
1488710 1444
1488720 1439
1488730 1435
1488740 1431
1488750 1431
1488760 1426
1488770 1422
1488780 1422
1488790 1417
1488800 1412
1488810 1412
1488820 1408
1488830 1405
1488840 1405
1488850 1404
1488860 1402
1488870 1402
1488880 1398
1488890 1392
1488900 1384
1488910 1384
1488920 1375
1488930 1368
1488940 1368
1488950 1370
1488960 1376
1488970 1376
1488980 1381
1488990 1387
1489000 1387
1489010 1395
1489020 1404
1489030 1404
1489040 1413
1489050 1421
1489060 1429
1489070 1429
1489080 1436
1489090 1444
1489100 1444
1489110 1451
1489120 1457
1489130 1457
1489140 1464
1489150 1471
1489160 1471
1489170 1478
1489180 1483
1489190 1483
1489200 1488
1489210 1492
1489220 1499
1489230 1499
1489240 1507
1489250 1518
1489260 1518
1489270 1526
1489280 1533
1489290 1533
1489300 1538
1489310 1542
1489320 1542
1489330 1545
1489340 1547
1489350 1547
1489360 1550
1489370 1554
1489380 1556
1489390 1556
1489400 1559
1489410 1562
1489420 1562
1489430 1566
1489440 1570
1489450 1570
1489460 1573
1489470 1576
1489480 1576
1489490 1579
1489500 1582
1489510 1582
1489520 1584
1489530 1591
1489540 1591
1489550 1606
1489560 1615
1489570 1622
1489580 1622
1489590 1629
1489600 1635
1489610 1635
1489620 1642
1489630 1650
1489640 1650
1489650 1656
1489660 1661
1489670 1661
1489680 1666
1489690 1672
1489700 1672
1489710 1678
1489720 1684
1489730 1690
1489740 1690
1489750 1696
1489760 1704
1489770 1704
1489780 1711
1489790 1719
1489800 1719
1489810 1724
1489820 1730
1489830 1730
1489840 1736
1489850 1744
1489860 1744
1489870 1751
1489880 1758
1489890 1765
1489900 1765
1489910 1772
1489920 1780
1489930 1780
1489940 1786
1489950 1793
1489960 1793
1489970 1800
1489980 1807
1489990 1807
1490000 1814
1490010 1821
1490020 1821
1490030 1829
1490040 1836
1490050 1843
1490060 1843
1490070 1850
1490080 1856
1490090 1856
1490100 1859
1490110 1864
1490120 1864
1490130 1867
1490140 1868
1490150 1868
1490160 1868
1490170 1868
1490180 1868
1490190 1866
1490200 1866
1490210 1867
1490220 1867
1490230 1867
1490240 1868
1490250 1868
1490260 1868
1490270 1867
1490280 1867
1490290 1866
1490300 1866
1490310 1866
1490320 1865
1490330 1867
1490340 1867
1490350 1868
1490360 1869
1490370 1870
1490380 1870
1490390 1870
1490400 1869
1490410 1869
1490420 1868
1490430 1866
1490440 1866
1490450 1866
1490460 1867
1490470 1867
1490480 1867
1490490 1865
1490500 1865
1490510 1866
1490520 1864
1490530 1860
1490540 1860
1490550 1857
1490560 1852
1490570 1852
1490580 1847
1490590 1841
1490600 1841
1490610 1836
1490620 1830
1490630 1830
1490640 1825
1490650 1820
1490660 1820
1490670 1816
1490680 1812
1490690 1808
1490700 1808
1490710 1803
1490720 1799
1490730 1799
1490740 1796
1490750 1789
1490760 1789
1490770 1782
1490780 1775
1490790 1775
1490800 1770
1490810 1766
1490820 1766
1490830 1760
1490840 1754
1490850 1751
1490860 1751
1490870 1749
1490880 1748
1490890 1748
1490900 1746
1490910 1745
1490920 1745
1490930 1742
1490940 1738
1490950 1738
1490960 1734
1490970 1730
1490980 1730
1490990 1726
1491000 1723
1491010 1718
1491020 1718
1491030 1713
1491040 1708
1491050 1708
1491060 1702
1491070 1698
1491080 1698
1491090 1696
1491100 1694
1491110 1694
1491120 1691
1491130 1690
1491140 1690
1491150 1688
1491160 1687
1491170 1687
1491180 1687
1491190 1685
1491200 1683
1491210 1683
1491220 1680
1491230 1678
1491240 1678
1491250 1677
1491260 1676
1491270 1676
1491280 1675
1491290 1674
1491300 1674
1491310 1674
1491320 1674
1491330 1674
1491340 1674
1491350 1676
1491360 1678
1491370 1678
1491380 1680
1491390 1683
1491400 1683
1491410 1686
1491420 1690
1491430 1690
1491440 1695
1491450 1698
1491460 1698
1491470 1700
1491480 1702
1491490 1704
1491500 1704
1491510 1704
1491520 1704
1491530 1704
1491540 1705
1491550 1705
1491560 1705
1491570 1706
1491580 1709
1491590 1709
1491600 1712
1491610 1714
1491620 1714
1491630 1714
1491640 1713
1491650 1710
1491660 1710
1491670 1706
1491680 1702
1491690 1702
1491700 1697
1491710 1694
1491720 1694
1491730 1690
1491740 1686
1491750 1686
1491760 1683
1491770 1679
1491780 1679
1491790 1676
1491800 1672
1491810 1668
1491820 1668
1491830 1662
1491840 1657
1491850 1657
1491860 1652
1491870 1646
1491880 1646
1491890 1641
1491900 1635
1491910 1635
1491920 1629
1491930 1624
1491940 1624
1491950 1617
1491960 1610
1491970 1603
1491980 1603
1491990 1596
1492000 1588
1492010 1588
1492020 1580
1492030 1572
1492040 1572
1492050 1564
1492060 1557
1492070 1557
1492080 1551
1492090 1543
1492100 1543
1492110 1536
1492120 1529
1492130 1519
1492140 1519
1492150 1504
1492160 1497
1492170 1497
1492180 1503
1492190 1507
1492200 1507
1492210 1508
1492220 1509
1492230 1509
1492240 1513
1492250 1518
1492260 1518
1492270 1518
1492280 1514
1492290 1509
1492300 1509
1492310 1502
1492320 1496
1492330 1496
1492340 1491
1492350 1486
1492360 1486
1492370 1481
1492380 1475
1492390 1475
1492400 1470
1492410 1464
1492420 1464
1492430 1469
1492440 1475
1492450 1478
1492460 1478
1492470 1476
1492480 1472
1492490 1472
1492500 1467
1492510 1460
1492520 1460
1492530 1452
1492540 1445
1492550 1445
1492560 1434
1492570 1424
1492580 1424
1492590 1414
1492600 1411
1492610 1417
1492620 1417
1492630 1426
1492640 1430
1492650 1430
1492660 1428
1492670 1434
1492680 1434
1492690 1444
1492700 1448
1492710 1448
1492720 1448
1492730 1454
1492740 1454
1492750 1469
1492760 1474
1492770 1477
1492780 1477
1492790 1482
1492800 1487
1492810 1487
1492820 1494
1492830 1500
1492840 1500
1492850 1506
1492860 1513
1492870 1513
1492880 1520
1492890 1527
1492900 1527
1492910 1534
1492920 1543
1492930 1551
1492940 1551
1492950 1561
1492960 1570
1492970 1570
1492980 1574
1492990 1570
1493000 1570
1493010 1563
1493020 1556
1493030 1556
1493040 1549
1493050 1543
1493060 1543
1493070 1536
1493080 1531
1493090 1526
1493100 1526
1493110 1521
1493120 1515
1493130 1515
1493140 1510
1493150 1505
1493160 1505
1493170 1502
1493180 1498
1493190 1498
1493200 1493
1493210 1490
1493220 1490
1493230 1488
1493240 1485
1493250 1482
1493260 1482
1493270 1479
1493280 1474
1493290 1474
1493300 1470
1493310 1464
1493320 1464
1493330 1456
1493340 1454
1493350 1454
1493360 1450
1493370 1448
1493380 1448
1493390 1455
1493400 1457
1493410 1457
1493420 1457
1493430 1457
1493440 1458
1493450 1458
1493460 1459
1493470 1460
1493480 1460
1493490 1462
1493500 1460
1493510 1460
1493520 1455
1493530 1451
1493540 1451
1493550 1447
1493560 1439
1493570 1439
1493580 1431
1493590 1423
1493600 1421
1493610 1421
1493620 1428
1493630 1436
1493640 1436
1493650 1440
1493660 1440
1493670 1440
1493680 1443
1493690 1446
1493700 1446
1493710 1445
1493720 1442
1493730 1442
1493740 1441
1493750 1449
1493760 1461
1493770 1461
1493780 1469
1493790 1475
1493800 1475
1493810 1482
1493820 1491
1493830 1491
1493840 1501
1493850 1511
1493860 1511
1493870 1518
1493880 1525
1493890 1525
1493900 1532
1493910 1539
1493920 1548
1493930 1548
1493940 1558
1493950 1565
1493960 1565
1493970 1572
1493980 1579
1493990 1579
1494000 1585
1494010 1593
1494020 1593
1494030 1601
1494040 1608
1494050 1608
1494060 1611
1494070 1612
1494080 1615
1494090 1615
1494100 1617
1494110 1620
1494120 1620
1494130 1625
1494140 1629
1494150 1629
1494160 1633
1494170 1638
1494180 1638
1494190 1645
1494200 1652
1494210 1652
1494220 1659
1494230 1666
1494240 1675
1494250 1675
1494260 1683
1494270 1689
1494280 1689
1494290 1695
1494300 1701
1494310 1701
1494320 1705
1494330 1708
1494340 1708
1494350 1708
1494360 1707
1494370 1707
1494380 1706
1494390 1705
1494400 1707
1494410 1707
1494420 1708
1494430 1706
1494440 1706
1494450 1702
1494460 1705
1494470 1705
1494480 1710
1494490 1715
1494500 1715
1494510 1719
1494520 1721
1494530 1721
1494540 1723
1494550 1729
1494560 1734
1494570 1734
1494580 1740
1494590 1746
1494600 1746
1494610 1752
1494620 1758
1494630 1758
1494640 1763
1494650 1766
1494660 1766
1494670 1767
1494680 1764
1494690 1764
1494700 1759
1494710 1752
1494720 1745
1494730 1745
1494740 1738
1494750 1730
1494760 1730
1494770 1722
1494780 1715
1494790 1715
1494800 1707
1494810 1701
1494820 1701
1494830 1695
1494840 1687
1494850 1687
1494860 1679
1494870 1670
1494880 1663
1494890 1663
1494900 1657
1494910 1651
1494920 1651
1494930 1644
1494940 1637
1494950 1637
1494960 1630
1494970 1623
1494980 1623
1494990 1616
1495000 1611
1495010 1611
1495020 1611
1495030 1608
1495040 1604
1495050 1604
1495060 1600
1495070 1596
1495080 1596
1495090 1593
1495100 1592
1495110 1592
1495120 1590
1495130 1591
1495140 1591
1495150 1592
1495160 1590
1495170 1590
1495180 1587
1495190 1584
1495200 1584
1495210 1584
1495220 1583
1495230 1581
1495240 1581
1495250 1580
1495260 1578
1495270 1578
1495280 1574
1495290 1574
1495300 1574
1495310 1576
1495320 1574
1495330 1574
1495340 1572
1495350 1570
1495360 1568
1495370 1568
1495380 1566
1495390 1564
1495400 1564
1495410 1562
1495420 1560
1495430 1560
1495440 1559
1495450 1558
1495460 1558
1495470 1552
1495480 1554
1495490 1554
1495500 1559
1495510 1562
1495520 1563
1495530 1563
1495540 1564
1495550 1566
1495560 1566
1495570 1568
1495580 1571
1495590 1571
1495600 1574
1495610 1577
1495620 1577
1495630 1580
1495640 1582
1495650 1582
1495660 1579
1495670 1573
1495680 1566
1495690 1566
1495700 1560
1495710 1555
1495720 1555
1495730 1551
1495740 1546
1495750 1546
1495760 1542
1495770 1535
1495780 1535
1495790 1533
1495800 1538
1495810 1538
1495820 1539
1495830 1540
1495840 1542
1495850 1542
1495860 1547
1495870 1551
1495880 1551
1495890 1555
1495900 1559
1495910 1559
1495920 1563
1495930 1568
1495940 1568
1495950 1574
1495960 1580
1495970 1580
1495980 1583
1495990 1586
1496000 1586
1496010 1586
1496020 1583
1496030 1579
1496040 1579
1496050 1574
1496060 1569
1496070 1569
1496080 1565
1496090 1559
1496100 1559
1496110 1553
1496120 1547
1496130 1547
1496140 1541
1496150 1537
1496160 1533
1496170 1533
1496180 1529
1496190 1527
1496200 1527
1496210 1524
1496220 1521
1496230 1521
1496240 1518
1496250 1514
1496260 1514
1496270 1511
1496280 1509
1496290 1509
1496300 1505
1496310 1505
1496320 1507
1496330 1507
1496340 1509
1496350 1511
1496360 1511
1496370 1514
1496380 1517
1496390 1517
1496400 1521
1496410 1524
1496420 1524
1496430 1528
1496440 1533
1496450 1533
1496460 1537
1496470 1542
1496480 1547
1496490 1547
1496500 1552
1496510 1558
1496520 1558
1496530 1565
1496540 1573
1496550 1573
1496560 1581
1496570 1588
1496580 1588
1496590 1591
1496600 1593
1496610 1593
1496620 1593
1496630 1593
1496640 1590
1496650 1590
1496660 1592
1496670 1597
1496680 1597
1496690 1599
1496700 1600
1496710 1600
1496720 1602
1496730 1605
1496740 1605
1496750 1609
1496760 1613
1496770 1613
1496780 1617
1496790 1619
1496800 1622
1496810 1622
1496820 1625
1496830 1627
1496840 1627
1496850 1629
1496860 1630
1496870 1630
1496880 1631
1496890 1632
1496900 1632
1496910 1633
1496920 1633
1496930 1633
1496940 1634
1496950 1634
1496960 1633
1496970 1633
1496980 1629
1496990 1623
1497000 1623
1497010 1617
1497020 1612
1497030 1612
1497040 1607
1497050 1602
1497060 1602
1497070 1597
1497080 1592
1497090 1592
1497100 1585
1497110 1579
1497120 1578
1497130 1578
1497140 1581
1497150 1584
1497160 1584
1497170 1586
1497180 1591
1497190 1591
1497200 1599
1497210 1600
1497220 1600
1497230 1602
1497240 1602
1497250 1602
1497260 1605
1497270 1608
1497280 1610
1497290 1610
1497300 1610
1497310 1607
1497320 1607
1497330 1603
1497340 1596
1497350 1596
1497360 1587
1497370 1580
1497380 1580
1497390 1581
1497400 1584
1497410 1584
1497420 1585
1497430 1586
1497440 1589
1497450 1589
1497460 1588
1497470 1583
1497480 1583
1497490 1577
1497500 1571
1497510 1571
1497520 1566
1497530 1560
1497540 1560
1497550 1555
1497560 1549
1497570 1549
1497580 1543
1497590 1538
1497600 1533
1497610 1533
1497620 1528
1497630 1523
1497640 1523
1497650 1518
1497660 1514
1497670 1514
1497680 1513
1497690 1514
1497700 1514
1497710 1513
1497720 1513
1497730 1513
1497740 1513
1497750 1513
1497760 1513
1497770 1514
1497780 1517
1497790 1520
1497800 1520
1497810 1521
1497820 1521
1497830 1521
1497840 1518
1497850 1512
1497860 1512
1497870 1514
1497880 1521
1497890 1521
1497900 1527
1497910 1532
1497920 1532
1497930 1536
1497940 1541
1497950 1546
1497960 1546
1497970 1551
1497980 1555
1497990 1555
1498000 1559
1498010 1563
1498020 1563
1498030 1566
1498040 1569
1498050 1569
1498060 1571
1498070 1573
1498080 1573
1498090 1574
1498100 1574
1498110 1571
1498120 1571
1498130 1573
1498140 1577
1498150 1577
1498160 1582
1498170 1587
1498180 1587
1498190 1593
1498200 1598
1498210 1598
1498220 1604
1498230 1610
1498240 1610
1498250 1616
1498260 1622
1498270 1628
1498280 1628
1498290 1633
1498300 1638
1498310 1638
1498320 1644
1498330 1650
1498340 1650
1498350 1656
1498360 1662
1498370 1662
1498380 1667
1498390 1673
1498400 1673
1498410 1678
1498420 1684
1498430 1689
1498440 1689
1498450 1694
1498460 1699
1498470 1699
1498480 1704
1498490 1709
1498500 1709
1498510 1714
1498520 1719
1498530 1719
1498540 1724
1498550 1729
1498560 1729
1498570 1734
1498580 1740
1498590 1745
1498600 1745
1498610 1750
1498620 1755
1498630 1755
1498640 1760
1498650 1765
1498660 1765
1498670 1769
1498680 1773
1498690 1773
1498700 1778
1498710 1782
1498720 1782
1498730 1786
1498740 1790
1498750 1792
1498760 1792
1498770 1795
1498780 1798
1498790 1798
1498800 1802
1498810 1804
1498820 1804
1498830 1806
1498840 1806
1498850 1806
1498860 1805
1498870 1801
1498880 1801
1498890 1796
1498900 1791
1498910 1787
1498920 1787
1498930 1784
1498940 1780
1498950 1780
1498960 1775
1498970 1770
1498980 1770
1498990 1765
1499000 1764
1499010 1764
1499020 1765
1499030 1767
1499040 1767
1499050 1770
1499060 1772
1499070 1775
1499080 1775
1499090 1778
1499100 1783
1499110 1783
1499120 1789
1499130 1794
1499140 1794
1499150 1799
1499160 1804
1499170 1804
1499180 1806
1499190 1808
1499200 1808
1499210 1808
1499220 1810
1499230 1810
1499240 1810
1499250 1806
1499260 1803
1499270 1803
1499280 1799
1499290 1794
1499300 1794
1499310 1788
1499320 1782
1499330 1782
1499340 1777
1499350 1770
1499360 1770
1499370 1763
1499380 1757
1499390 1750
1499400 1750
1499410 1743
1499420 1735
1499430 1735
1499440 1727
1499450 1719
1499460 1719
1499470 1712
1499480 1706
1499490 1706
1499500 1701
1499510 1697
1499520 1697
1499530 1692
1499540 1689
1499550 1685
1499560 1685
1499570 1681
1499580 1678
1499590 1678
1499600 1676
1499610 1675
1499620 1675
1499630 1672
1499640 1669
1499650 1669
1499660 1666
1499670 1663
1499680 1663
1499690 1661
1499700 1659
1499710 1657
1499720 1657
1499730 1655
1499740 1652
1499750 1652
1499760 1650
1499770 1648
1499780 1648
1499790 1647
1499800 1646
1499810 1646
1499820 1643
1499830 1641
1499840 1641
1499850 1638
1499860 1637
1499870 1636
1499880 1636
1499890 1635
1499900 1634
1499910 1634
1499920 1632
1499930 1631
1499940 1631
1499950 1629
1499960 1627
1499970 1627
1499980 1625
1499990 1622
