1480000 877
1480010 880
1480020 880
1480030 885
1480040 892
1480050 892
1480060 896
1480070 899
1480080 899
1480090 903
1480100 907
1480110 907
1480120 908
1480130 908
1480140 908
1480150 908
1480160 909
1480170 909
1480180 909
1480190 910
1480200 912
1480210 912
1480220 914
1480230 916
1480240 916
1480250 918
1480260 920
1480270 920
1480280 922
1480290 925
1480300 925
1480310 928
1480320 931
1480330 934
1480340 934
1480350 937
1480360 940
1480370 940
1480380 944
1480390 947
1480400 947
1480410 949
1480420 952
1480430 952
1480440 955
1480450 958
1480460 958
1480470 962
1480480 966
1480490 970
1480500 970
1480510 976
1480520 984
1480530 984
1480540 992
1480550 997
1480560 997
1480570 1000
1480580 1002
1480590 1002
1480600 1004
1480610 1005
1480620 1005
1480630 1010
1480640 1014
1480650 1016
1480660 1016
1480670 1017
1480680 1020
1480690 1020
1480700 1024
1480710 1026
1480720 1026
1480730 1027
1480740 1027
1480750 1027
1480760 1026
1480770 1025
1480780 1025
1480790 1026
1480800 1027
1480810 1028
1480820 1028
1480830 1027
1480840 1022
1480850 1022
1480860 1014
1480870 1008
1480880 1008
1480890 1002
1480900 996
1480910 996
1480920 990
1480930 985
1480940 985
1480950 977
1480960 969
1480970 965
1480980 965
1480990 960
1481000 955
1481010 955
1481020 949
1481030 942
1481040 942
1481050 932
1481060 922
1481070 922
1481080 910
1481090 895
1481100 895
1481110 895
1481120 907
1481130 919
1481140 919
1481150 927
1481160 935
1481170 935
1481180 940
1481190 947
1481200 947
1481210 953
1481220 957
1481230 957
1481240 961
1481250 966
1481260 966
1481270 970
1481280 975
1481290 975
1481300 978
1481310 980
1481320 982
1481330 982
1481340 984
1481350 989
1481360 989
1481370 994
1481380 998
1481390 998
1481400 1002
1481410 1005
1481420 1005
1481430 1006
1481440 1006
1481450 1006
1481460 1006
1481470 1004
1481480 1005
1481490 1005
1481500 1006
1481510 1007
1481520 1007
1481530 1007
1481540 1006
1481550 1006
1481560 1005
1481570 1004
1481580 1004
1481590 1003
1481600 1002
1481610 1002
1481620 1002
1481630 1002
1481640 1003
1481650 1003
1481660 1004
1481670 1005
1481680 1005
1481690 1005
1481700 1004
1481710 1004
1481720 1005
1481730 1006
1481740 1006
1481750 1006
1481760 1006
1481770 1006
1481780 1004
1481790 1005
1481800 1005
1481810 1005
1481820 1003
1481830 1001
1481840 1001
1481850 999
1481860 1000
1481870 1000
1481880 1006
1481890 1007
1481900 1007
1481910 1005
1481920 1007
1481930 1007
1481940 1006
1481950 1005
1481960 1003
1481970 1003
1481980 1005
1481990 1010
1482000 1010
1482010 1015
1482020 1019
1482030 1019
1482040 1022
1482050 1026
1482060 1026
1482070 1030
1482080 1030
1482090 1030
1482100 1029
1482110 1031
1482120 1038
1482130 1038
1482140 1046
1482150 1051
1482160 1051
1482170 1059
1482180 1065
1482190 1065
1482200 1069
1482210 1072
1482220 1072
1482230 1071
1482240 1069
1482250 1069
1482260 1069
1482270 1074
1482280 1081
1482290 1081
1482300 1087
1482310 1093
1482320 1093
1482330 1101
1482340 1108
1482350 1108
1482360 1109
1482370 1113
1482380 1113
1482390 1118
1482400 1123
1482410 1123
1482420 1128
1482430 1130
1482440 1132
1482450 1132
1482460 1136
1482470 1140
1482480 1140
1482490 1145
1482500 1149
1482510 1149
1482520 1155
1482530 1161
1482540 1161
1482550 1167
1482560 1171
1482570 1171
1482580 1175
1482590 1178
1482600 1181
1482610 1181
1482620 1184
1482630 1187
1482640 1187
1482650 1191
1482660 1193
1482670 1193
1482680 1195
1482690 1195
1482700 1195
1482710 1196
1482720 1196
1482730 1196
1482740 1195
1482750 1194
1482760 1194
1482770 1194
1482780 1195
1482790 1197
1482800 1197
1482810 1199
1482820 1201
1482830 1201
1482840 1200
1482850 1199
1482860 1199
1482870 1196
1482880 1196
1482890 1196
1482900 1196
1482910 1199
1482920 1203
1482930 1203
1482940 1209
1482950 1215
1482960 1215
1482970 1220
1482980 1224
1482990 1224
1483000 1229
1483010 1234
1483020 1234
1483030 1240
1483040 1245
1483050 1245
1483060 1251
1483070 1255
1483080 1259
1483090 1259
1483100 1262
1483110 1264
1483120 1264
1483130 1264
1483140 1265
1483150 1265
1483160 1265
1483170 1265
1483180 1265
1483190 1265
1483200 1265
1483210 1265
1483220 1265
1483230 1265
1483240 1265
1483250 1265
1483260 1267
1483270 1268
1483280 1268
1483290 1268
1483300 1267
1483310 1267
1483320 1267
1483330 1266
1483340 1266
1483350 1266
1483360 1267
1483370 1267
1483380 1269
1483390 1270
1483400 1270
1483410 1271
1483420 1273
1483430 1275
1483440 1275
1483450 1277
1483460 1279
1483470 1279
1483480 1282
1483490 1285
1483500 1285
1483510 1290
1483520 1293
1483530 1293
1483540 1296
1483550 1298
1483560 1298
1483570 1298
1483580 1296
1483590 1295
1483600 1295
1483610 1303
1483620 1308
1483630 1308
1483640 1311
1483650 1315
1483660 1315
1483670 1319
1483680 1322
1483690 1322
1483700 1326
1483710 1331
1483720 1331
1483730 1336
1483740 1340
1483750 1345
1483760 1345
1483770 1349
1483780 1353
1483790 1353
1483800 1357
1483810 1363
1483820 1363
1483830 1370
1483840 1377
1483850 1377
1483860 1384
1483870 1389
1483880 1389
1483890 1395
1483900 1401
1483910 1408
1483920 1408
1483930 1414
1483940 1421
1483950 1421
1483960 1429
1483970 1436
1483980 1436
1483990 1442
1484000 1446
1484010 1446
1484020 1448
1484030 1451
1484040 1451
1484050 1458
1484060 1465
1484070 1470
1484080 1470
1484090 1474
1484100 1478
1484110 1478
1484120 1482
1484130 1485
1484140 1485
1484150 1489
1484160 1492
1484170 1492
1484180 1495
1484190 1497
1484200 1497
1484210 1501
1484220 1505
1484230 1507
1484240 1507
1484250 1510
1484260 1515
1484270 1515
1484280 1518
1484290 1519
1484300 1519
1484310 1519
1484320 1515
1484330 1515
1484340 1513
1484350 1515
1484360 1515
1484370 1518
1484380 1521
1484390 1521
1484400 1521
1484410 1525
1484420 1531
1484430 1531
1484440 1536
1484450 1540
1484460 1540
1484470 1543
1484480 1545
1484490 1545
1484500 1545
1484510 1545
1484520 1545
1484530 1545
1484540 1545
1484550 1547
1484560 1547
1484570 1548
1484580 1550
1484590 1550
1484600 1551
1484610 1551
1484620 1551
1484630 1554
1484640 1558
1484650 1558
1484660 1562
1484670 1567
1484680 1567
1484690 1573
1484700 1579
1484710 1585
1484720 1585
1484730 1591
1484740 1597
1484750 1597
1484760 1603
1484770 1610
1484780 1610
1484790 1617
1484800 1624
1484810 1624
1484820 1631
1484830 1637
1484840 1637
1484850 1641
1484860 1645
1484870 1650
1484880 1650
1484890 1656
1484900 1662
1484910 1662
1484920 1667
1484930 1671
1484940 1671
1484950 1675
1484960 1680
1484970 1680
1484980 1684
1484990 1689
1485000 1689
1485010 1694
1485020 1698
1485030 1698
1485040 1701
1485050 1703
1485060 1706
1485070 1706
1485080 1708
1485090 1708
1485100 1708
1485110 1708
1485120 1706
1485130 1706
1485140 1703
1485150 1699
1485160 1699
1485170 1695
1485180 1692
1485190 1692
1485200 1691
1485210 1689
1485220 1686
1485230 1686
1485240 1683
1485250 1680
1485260 1680
1485270 1677
1485280 1675
1485290 1675
1485300 1673
1485310 1671
1485320 1671
1485330 1669
1485340 1668
1485350 1668
1485360 1669
1485370 1669
1485380 1670
1485390 1670
1485400 1672
1485410 1674
1485420 1674
1485430 1676
1485440 1678
1485450 1678
1485460 1679
1485470 1678
1485480 1678
1485490 1676
1485500 1675
1485510 1675
1485520 1674
1485530 1674
1485540 1676
1485550 1676
1485560 1678
1485570 1680
1485580 1680
1485590 1684
1485600 1689
1485610 1689
1485620 1692
1485630 1695
1485640 1695
1485650 1698
1485660 1699
1485670 1699
1485680 1699
1485690 1699
1485700 1699
1485710 1699
1485720 1698
1485730 1698
1485740 1698
1485750 1698
1485760 1698
1485770 1698
1485780 1698
1485790 1698
1485800 1698
1485810 1701
1485820 1702
1485830 1702
1485840 1702
1485850 1700
1485860 1699
1485870 1699
1485880 1697
1485890 1696
1485900 1696
1485910 1696
1485920 1697
1485930 1697
1485940 1698
1485950 1699
1485960 1699
1485970 1699
1485980 1699
1485990 1699
1486000 1697
1486010 1694
1486020 1693
1486030 1693
1486040 1693
1486050 1694
1486060 1694
1486070 1695
1486080 1698
1486090 1698
1486100 1701
1486110 1704
1486120 1704
1486130 1703
1486140 1700
1486150 1700
1486160 1695
1486170 1689
1486180 1683
1486190 1683
1486200 1677
1486210 1671
1486220 1671
1486230 1665
1486240 1661
1486250 1661
1486260 1658
1486270 1654
1486280 1654
1486290 1652
1486300 1650
1486310 1650
1486320 1647
1486330 1641
1486340 1634
1486350 1634
1486360 1627
1486370 1622
1486380 1622
1486390 1618
1486400 1615
1486410 1615
1486420 1612
1486430 1611
1486440 1611
1486450 1609
1486460 1607
1486470 1607
1486480 1603
1486490 1599
1486500 1594
1486510 1594
1486520 1588
1486530 1587
1486540 1587
1486550 1588
1486560 1589
1486570 1589
1486580 1589
1486590 1590
1486600 1590
1486610 1591
1486620 1593
1486630 1593
1486640 1591
1486650 1587
1486660 1581
1486670 1581
1486680 1575
1486690 1570
1486700 1570
1486710 1565
1486720 1562
1486730 1562
1486740 1558
1486750 1555
1486760 1555
1486770 1551
1486780 1547
1486790 1547
1486800 1544
1486810 1538
1486820 1535
1486830 1535
1486840 1532
1486850 1527
1486860 1527
1486870 1523
1486880 1518
1486890 1518
1486900 1514
1486910 1510
1486920 1510
1486930 1505
1486940 1500
1486950 1500
1486960 1493
1486970 1487
1486980 1487
1486990 1484
1487000 1488
1487010 1495
1487020 1495
1487030 1499
1487040 1497
1487050 1497
1487060 1498
1487070 1496
1487080 1496
1487090 1493
1487100 1492
1487110 1492
1487120 1491
1487130 1491
1487140 1491
1487150 1501
1487160 1512
1487170 1520
1487180 1520
1487190 1527
1487200 1533
1487210 1533
1487220 1539
1487230 1548
1487240 1548
1487250 1555
1487260 1564
1487270 1564
1487280 1571
1487290 1579
1487300 1579
1487310 1587
1487320 1595
1487330 1601
1487340 1601
1487350 1607
1487360 1614
1487370 1614
1487380 1620
1487390 1625
1487400 1625
1487410 1631
1487420 1638
1487430 1638
1487440 1647
1487450 1652
1487460 1652
1487470 1650
1487480 1651
1487490 1653
1487500 1653
1487510 1653
1487520 1647
1487530 1647
1487540 1647
1487550 1653
1487560 1653
1487570 1656
1487580 1662
1487590 1662
1487600 1666
1487610 1663
1487620 1663
1487630 1655
1487640 1647
1487650 1638
1487660 1638
1487670 1630
1487680 1621
1487690 1621
1487700 1611
1487710 1610
1487720 1610
1487730 1604
1487740 1590
1487750 1590
1487760 1580
1487770 1588
1487780 1588
1487790 1590
1487800 1587
1487810 1583
1487820 1583
1487830 1577
1487840 1571
1487850 1571
1487860 1563
1487870 1551
1487880 1551
1487890 1558
1487900 1575
1487910 1575
1487920 1573
1487930 1570
1487940 1570
1487950 1574
1487960 1576
1487970 1567
1487980 1567
1487990 1566
1488000 1569
1488010 1569
1488020 1569
1488030 1569
1488040 1569
1488050 1568
1488060 1565
1488070 1565
1488080 1554
1488090 1547
1488100 1547
1488110 1550
1488120 1552
1488130 1558
1488140 1558
1488150 1567
1488160 1561
1488170 1561
1488180 1545
1488190 1553
1488200 1553
1488210 1564
1488220 1568
1488230 1568
1488240 1569
1488250 1569
1488260 1569
1488270 1574
1488280 1569
1488290 1573
1488300 1573
1488310 1578
1488320 1583
1488330 1583
1488340 1586
1488350 1587
1488360 1587
1488370 1591
1488380 1593
1488390 1593
1488400 1593
1488410 1592
1488420 1592
1488430 1593
1488440 1589
1488450 1582
1488460 1582
1488470 1572
1488480 1559
1488490 1559
1488500 1550
1488510 1548
1488520 1548
1488530 1547
1488540 1549
1488550 1549
1488560 1548
1488570 1543
1488580 1543
1488590 1538
1488600 1530
1488610 1527
1488620 1527
1488630 1529
1488640 1528
1488650 1528
1488660 1521
1488670 1511
1488680 1511
1488690 1506
1488700 1499
1488710 1499
1488720 1498
1488730 1503
1488740 1503
1488750 1502
1488760 1501
1488770 1501
1488780 1501
1488790 1506
1488800 1509
1488810 1509
1488820 1508
1488830 1508
1488840 1508
1488850 1506
1488860 1502
1488870 1502
1488880 1498
1488890 1492
1488900 1492
1488910 1488
1488920 1484
1488930 1484
1488940 1482
1488950 1481
1488960 1479
1488970 1479
1488980 1477
1488990 1475
1489000 1475
1489010 1471
1489020 1466
1489030 1466
1489040 1458
1489050 1448
1489060 1448
1489070 1439
1489080 1439
1489090 1439
1489100 1437
1489110 1434
1489120 1435
1489130 1435
1489140 1421
1489150 1409
1489160 1409
1489170 1400
1489180 1389
1489190 1389
1489200 1380
1489210 1375
1489220 1375
1489230 1382
1489240 1389
1489250 1389
1489260 1393
1489270 1400
1489280 1401
1489290 1401
1489300 1401
1489310 1401
1489320 1401
1489330 1399
1489340 1396
1489350 1396
1489360 1393
1489370 1389
1489380 1389
1489390 1386
1489400 1383
1489410 1383
1489420 1380
1489430 1378
1489440 1375
1489450 1375
1489460 1370
1489470 1365
1489480 1365
1489490 1360
1489500 1354
1489510 1354
1489520 1349
1489530 1343
1489540 1343
1489550 1335
1489560 1328
1489570 1328
1489580 1330
1489590 1335
1489600 1336
1489610 1336
1489620 1334
1489630 1331
1489640 1331
1489650 1329
1489660 1327
1489670 1327
1489680 1324
1489690 1322
1489700 1322
1489710 1320
1489720 1319
1489730 1319
1489740 1318
1489750 1317
1489760 1315
1489770 1315
1489780 1313
1489790 1309
1489800 1309
1489810 1306
1489820 1303
1489830 1303
1489840 1299
1489850 1297
1489860 1297
1489870 1294
1489880 1291
1489890 1291
1489900 1284
1489910 1284
1489920 1282
1489930 1282
1489940 1280
1489950 1277
1489960 1277
1489970 1273
1489980 1269
1489990 1269
1490000 1265
1490010 1261
1490020 1261
1490030 1257
1490040 1254
1490050 1254
1490060 1251
1490070 1249
1490080 1245
1490090 1245
1490100 1243
1490110 1242
1490120 1242
1490130 1240
1490140 1237
1490150 1237
1490160 1235
1490170 1233
1490180 1233
1490190 1232
1490200 1231
1490210 1231
1490220 1229
1490230 1226
1490240 1223
1490250 1223
1490260 1222
1490270 1220
1490280 1220
1490290 1219
1490300 1218
1490310 1218
1490320 1217
1490330 1216
1490340 1216
1490350 1215
1490360 1213
1490370 1213
1490380 1212
1490390 1209
1490400 1207
1490410 1207
1490420 1204
1490430 1203
1490440 1203
1490450 1202
1490460 1203
1490470 1203
1490480 1204
1490490 1204
1490500 1204
1490510 1205
1490520 1205
1490530 1205
1490540 1206
1490550 1207
1490560 1206
1490570 1206
1490580 1206
1490590 1206
1490600 1206
1490610 1206
1490620 1205
1490630 1205
1490640 1204
1490650 1203
1490660 1203
1490670 1203
1490680 1201
1490690 1201
1490700 1200
1490710 1198
1490720 1198
1490730 1197
1490740 1196
1490750 1195
1490760 1195
1490770 1194
1490780 1192
1490790 1192
1490800 1191
1490810 1190
1490820 1190
1490830 1189
1490840 1188
1490850 1188
1490860 1188
1490870 1187
1490880 1187
1490890 1187
1490900 1187
1490910 1187
1490920 1187
1490930 1187
1490940 1188
1490950 1188
1490960 1189
1490970 1190
1490980 1190
1490990 1190
1491000 1190
1491010 1190
1491020 1191
1491030 1192
1491040 1192
1491050 1193
1491060 1194
1491070 1194
1491080 1194
1491090 1194
1491100 1193
1491110 1193
1491120 1193
1491130 1192
1491140 1192
1491150 1191
1491160 1190
1491170 1190
1491180 1189
1491190 1188
1491200 1188
1491210 1188
1491220 1189
1491230 1189
1491240 1189
1491250 1191
1491260 1191
1491270 1191
1491280 1192
1491290 1192
1491300 1192
1491310 1193
1491320 1195
1491330 1195
1491340 1196
1491350 1198
1491360 1198
1491370 1199
1491380 1199
1491390 1199
1491400 1199
1491410 1199
1491420 1202
1491430 1202
1491440 1204
1491450 1205
1491460 1205
1491470 1205
1491480 1207
1491490 1207
1491500 1208
1491510 1209
1491520 1209
1491530 1210
1491540 1210
1491550 1210
1491560 1210
1491570 1209
1491580 1208
1491590 1208
1491600 1205
1491610 1204
1491620 1204
1491630 1205
1491640 1206
1491650 1206
1491660 1204
1491670 1201
1491680 1201
1491690 1199
1491700 1196
1491710 1195
1491720 1195
1491730 1196
1491740 1197
1491750 1197
1491760 1196
1491770 1196
1491780 1196
1491790 1197
1491800 1196
1491810 1196
1491820 1195
1491830 1196
1491840 1196
1491850 1197
1491860 1196
1491870 1195
1491880 1195
1491890 1195
1491900 1195
1491910 1195
1491920 1196
1491930 1196
1491940 1196
1491950 1195
1491960 1195
1491970 1195
1491980 1195
1491990 1196
1492000 1196
1492010 1197
1492020 1198
1492030 1198
1492040 1198
1492050 1198
1492060 1198
1492070 1198
1492080 1198
1492090 1198
1492100 1198
1492110 1197
1492120 1194
1492130 1194
1492140 1192
1492150 1191
1492160 1191
1492170 1192
1492180 1193
1492190 1193
1492200 1193
1492210 1194
1492220 1195
1492230 1195
1492240 1195
1492250 1197
1492260 1197
1492270 1199
1492280 1200
1492290 1200
1492300 1198
1492310 1196
1492320 1196
1492330 1197
1492340 1200
1492350 1203
1492360 1203
1492370 1204
1492380 1201
1492390 1201
1492400 1198
1492410 1197
1492420 1197
1492430 1198
1492440 1199
1492450 1199
1492460 1201
1492470 1201
1492480 1201
1492490 1202
1492500 1202
1492510 1202
1492520 1202
1492530 1202
1492540 1202
1492550 1202
1492560 1202
1492570 1202
1492580 1202
1492590 1203
1492600 1204
1492610 1204
1492620 1204
1492630 1200
1492640 1200
1492650 1201
1492660 1205
1492670 1205
1492680 1210
1492690 1213
1492700 1216
1492710 1216
1492720 1218
1492730 1219
1492740 1219
1492750 1219
1492760 1219
1492770 1219
1492780 1218
1492790 1217
1492800 1217
1492810 1217
1492820 1216
1492830 1216
1492840 1217
1492850 1218
1492860 1218
1492870 1218
1492880 1220
1492890 1221
1492900 1221
1492910 1222
1492920 1220
1492930 1220
1492940 1220
1492950 1222
1492960 1222
1492970 1223
1492980 1226
1492990 1226
1493000 1228
1493010 1229
1493020 1229
1493030 1229
1493040 1228
1493050 1227
1493060 1227
1493070 1227
1493080 1226
1493090 1226
1493100 1226
1493110 1225
1493120 1225
1493130 1224
1493140 1225
1493150 1225
1493160 1226
1493170 1225
1493180 1223
1493190 1223
1493200 1222
1493210 1221
1493220 1221
1493230 1220
1493240 1219
1493250 1219
1493260 1218
1493270 1217
1493280 1217
1493290 1217
1493300 1216
1493310 1216
1493320 1215
1493330 1214
1493340 1214
1493350 1214
1493360 1213
1493370 1212
1493380 1212
1493390 1211
1493400 1209
1493410 1209
1493420 1206
1493430 1203
1493440 1203
1493450 1199
1493460 1196
1493470 1196
1493480 1193
1493490 1190
1493500 1185
1493510 1185
1493520 1180
1493530 1175
1493540 1175
1493550 1172
1493560 1170
1493570 1170
1493580 1168
1493590 1165
1493600 1165
1493610 1163
1493620 1161
1493630 1161
1493640 1158
1493650 1156
1493660 1154
1493670 1154
1493680 1152
1493690 1149
1493700 1149
1493710 1147
1493720 1146
1493730 1146
1493740 1143
1493750 1139
1493760 1139
1493770 1134
1493780 1129
1493790 1129
1493800 1125
1493810 1122
1493820 1116
1493830 1116
1493840 1115
1493850 1119
1493860 1119
1493870 1119
1493880 1118
1493890 1118
1493900 1117
1493910 1113
1493920 1113
1493930 1110
1493940 1107
1493950 1107
1493960 1105
1493970 1103
1493980 1101
1493990 1101
1494000 1100
1494010 1100
1494020 1100
1494030 1101
1494040 1102
1494050 1102
1494060 1102
1494070 1101
1494080 1101
1494090 1100
1494100 1098
1494110 1098
1494120 1095
1494130 1092
1494140 1090
1494150 1090
1494160 1088
1494170 1085
1494180 1085
1494190 1083
1494200 1081
1494210 1081
1494220 1079
1494230 1077
1494240 1077
1494250 1076
1494260 1074
1494270 1074
1494280 1073
1494290 1071
1494300 1070
1494310 1070
1494320 1069
1494330 1068
1494340 1068
1494350 1067
1494360 1066
1494370 1066
1494380 1065
1494390 1065
1494400 1065
1494410 1064
1494420 1064
1494430 1064
1494440 1062
1494450 1059
1494460 1059
1494470 1058
1494480 1059
1494490 1059
1494500 1059
1494510 1058
1494520 1057
1494530 1057
1494540 1057
1494550 1057
1494560 1057
1494570 1058
1494580 1058
1494590 1058
1494600 1058
1494610 1058
1494620 1058
1494630 1058
1494640 1057
1494650 1057
1494660 1057
1494670 1056
1494680 1055
1494690 1055
1494700 1054
1494710 1054
1494720 1054
1494730 1053
1494740 1053
1494750 1053
1494760 1053
1494770 1053
1494780 1053
1494790 1053
1494800 1053
1494810 1052
1494820 1052
1494830 1052
1494840 1052
1494850 1052
1494860 1052
1494870 1048
1494880 1048
1494890 1041
1494900 1032
1494910 1032
1494920 1024
1494930 1017
1494940 1017
1494950 1011
1494960 1008
1494970 1007
1494980 1007
1494990 1007
1495000 1006
1495010 1006
1495020 1004
1495030 1003
1495040 1003
1495050 1003
1495060 1002
1495070 1002
1495080 1002
1495090 1001
1495100 1001
1495110 1001
1495120 1001
1495130 1001
1495140 1001
1495150 1000
1495160 1004
1495170 1004
1495180 1009
1495190 1012
1495200 1012
1495210 1014
1495220 1017
1495230 1017
1495240 1021
1495250 1025
1495260 1025
1495270 1029
1495280 1034
1495290 1037
1495300 1037
1495310 1041
1495320 1046
1495330 1046
1495340 1052
1495350 1057
1495360 1057
1495370 1058
1495380 1061
1495390 1061
1495400 1067
1495410 1074
1495420 1074
1495430 1078
1495440 1080
1495450 1082
1495460 1082
1495470 1084
1495480 1086
1495490 1086
1495500 1087
1495510 1087
1495520 1087
1495530 1089
1495540 1092
1495550 1092
1495560 1094
1495570 1095
1495580 1095
1495590 1095
1495600 1094
1495610 1094
1495620 1094
1495630 1093
1495640 1093
1495650 1093
1495660 1093
1495670 1093
1495680 1093
1495690 1092
1495700 1091
1495710 1091
1495720 1089
1495730 1085
1495740 1085
1495750 1082
1495760 1077
1495770 1074
1495780 1074
1495790 1070
1495800 1066
1495810 1066
1495820 1063
1495830 1059
1495840 1059
1495850 1056
1495860 1055
1495870 1055
1495880 1054
1495890 1051
1495900 1051
1495910 1048
1495920 1046
1495930 1044
1495940 1044
1495950 1041
1495960 1039
1495970 1039
1495980 1037
1495990 1036
1496000 1036
1496010 1037
1496020 1036
1496030 1036
1496040 1036
1496050 1035
1496060 1035
1496070 1034
1496080 1033
1496090 1033
1496100 1033
1496110 1032
1496120 1033
1496130 1033
1496140 1032
1496150 1029
1496160 1029
1496170 1027
1496180 1026
1496190 1026
1496200 1027
1496210 1028
1496220 1028
1496230 1028
1496240 1029
1496250 1030
1496260 1030
1496270 1030
1496280 1031
1496290 1031
1496300 1032
1496310 1031
1496320 1031
1496330 1030
1496340 1028
1496350 1028
1496360 1026
1496370 1024
1496380 1024
1496390 1023
1496400 1022
1496410 1022
1496420 1023
1496430 1023
1496440 1022
1496450 1022
1496460 1021
1496470 1020
1496480 1020
1496490 1019
1496500 1017
1496510 1017
1496520 1016
1496530 1014
1496540 1014
1496550 1013
1496560 1011
1496570 1011
1496580 1010
1496590 1009
1496600 1008
1496610 1008
1496620 1008
1496630 1009
1496640 1009
1496650 1008
1496660 1009
1496670 1009
1496680 1010
1496690 1011
1496700 1011
1496710 1011
1496720 1011
1496730 1011
1496740 1012
1496750 1013
1496760 1014
1496770 1014
1496780 1015
1496790 1016
1496800 1016
1496810 1016
1496820 1017
1496830 1017
1496840 1018
1496850 1019
1496860 1019
1496870 1020
1496880 1021
1496890 1021
1496900 1021
1496910 1023
1496920 1024
1496930 1024
1496940 1026
1496950 1027
1496960 1027
1496970 1029
1496980 1031
1496990 1031
1497000 1032
1497010 1030
1497020 1030
1497030 1024
1497040 1019
1497050 1019
1497060 1025
1497070 1034
1497080 1039
1497090 1039
1497100 1039
1497110 1039
1497120 1039
1497130 1040
1497140 1041
1497150 1041
1497160 1042
1497170 1044
1497180 1044
1497190 1047
1497200 1048
1497210 1048
1497220 1044
1497230 1046
1497240 1046
1497250 1046
1497260 1049
1497270 1051
1497280 1051
1497290 1052
1497300 1053
1497310 1053
1497320 1051
1497330 1056
1497340 1056
1497350 1062
1497360 1070
1497370 1070
1497380 1072
1497390 1070
1497400 1070
1497410 1070
1497420 1071
1497430 1067
1497440 1067
1497450 1069
1497460 1068
1497470 1068
1497480 1073
1497490 1076
1497500 1076
1497510 1079
1497520 1082
1497530 1082
1497540 1084
1497550 1086
1497560 1087
1497570 1087
1497580 1089
1497590 1090
1497600 1090
1497610 1090
1497620 1091
1497630 1091
1497640 1092
1497650 1093
1497660 1093
1497670 1094
1497680 1096
1497690 1096
1497700 1097
1497710 1098
1497720 1099
1497730 1099
1497740 1101
1497750 1101
1497760 1101
1497770 1104
1497780 1108
1497790 1108
1497800 1111
1497810 1114
1497820 1114
1497830 1116
1497840 1118
1497850 1118
1497860 1122
1497870 1124
1497880 1124
1497890 1124
1497900 1123
1497910 1123
1497920 1123
1497930 1122
1497940 1121
1497950 1121
1497960 1120
1497970 1120
1497980 1120
1497990 1117
1498000 1117
1498010 1117
1498020 1118
1498030 1114
1498040 1107
1498050 1107
1498060 1102
1498070 1100
1498080 1100
1498090 1101
1498100 1108
1498110 1108
1498120 1118
1498130 1132
1498140 1132
1498150 1141
1498160 1152
1498170 1152
1498180 1164
1498190 1171
1498200 1171
1498210 1176
1498220 1179
1498230 1181
1498240 1181
1498250 1182
1498260 1184
1498270 1184
1498280 1185
1498290 1187
1498300 1187
1498310 1187
1498320 1188
1498330 1188
1498340 1188
1498350 1187
1498360 1187
1498370 1187
1498380 1187
1498390 1187
1498400 1187
1498410 1187
1498420 1187
1498430 1187
1498440 1187
1498450 1187
1498460 1187
1498470 1186
1498480 1185
1498490 1185
1498500 1184
1498510 1183
1498520 1183
1498530 1183
1498540 1186
1498550 1191
1498560 1191
1498570 1197
1498580 1202
1498590 1202
1498600 1206
1498610 1210
1498620 1210
1498630 1213
1498640 1217
1498650 1217
1498660 1218
1498670 1219
1498680 1219
1498690 1220
1498700 1222
1498710 1224
1498720 1224
1498730 1222
1498740 1221
1498750 1221
1498760 1226
1498770 1227
1498780 1227
1498790 1234
1498800 1238
1498810 1238
1498820 1240
1498830 1242
1498840 1242
1498850 1246
1498860 1247
1498870 1249
1498880 1249
1498890 1249
1498900 1250
1498910 1250
1498920 1250
1498930 1250
1498940 1250
1498950 1249
1498960 1247
1498970 1247
1498980 1245
1498990 1243
1499000 1243
1499010 1240
1499020 1238
1499030 1236
1499040 1236
1499050 1233
1499060 1230
1499070 1230
1499080 1228
1499090 1225
1499100 1225
1499110 1224
1499120 1223
1499130 1223
1499140 1220
1499150 1218
1499160 1218
1499170 1215
1499180 1212
1499190 1208
1499200 1208
1499210 1205
1499220 1203
1499230 1203
1499240 1199
1499250 1196
1499260 1196
1499270 1192
1499280 1186
1499290 1186
1499300 1181
1499310 1175
1499320 1175
1499330 1169
1499340 1161
1499350 1156
1499360 1156
1499370 1157
1499380 1164
1499390 1164
1499400 1168
1499410 1173
1499420 1173
1499430 1177
1499440 1184
1499450 1184
1499460 1190
1499470 1197
1499480 1197
1499490 1204
1499500 1210
1499510 1216
1499520 1216
1499530 1219
1499540 1220
1499550 1220
1499560 1221
1499570 1221
1499580 1221
1499590 1221
1499600 1221
1499610 1221
1499620 1221
1499630 1220
1499640 1220
1499650 1218
1499660 1215
1499670 1211
1499680 1211
1499690 1208
1499700 1211
1499710 1211
1499720 1216
1499730 1220
1499740 1220
1499750 1222
1499760 1223
1499770 1223
1499780 1223
1499790 1222
1499800 1222
1499810 1222
1499820 1221
1499830 1219
1499840 1219
1499850 1217
1499860 1215
1499870 1215
1499880 1212
1499890 1211
1499900 1211
1499910 1211
1499920 1209
1499930 1209
1499940 1206
1499950 1203
1499960 1203
1499970 1201
1499980 1193
1499990 1181
