1480000 734
1480010 735
1480020 735
1480030 737
1480040 740
1480050 740
1480060 743
1480070 745
1480080 745
1480090 747
1480100 748
1480110 748
1480120 750
1480130 752
1480140 752
1480150 754
1480160 758
1480170 762
1480180 762
1480190 766
1480200 771
1480210 771
1480220 778
1480230 783
1480240 783
1480250 786
1480260 789
1480270 789
1480280 791
1480290 793
1480300 793
1480310 795
1480320 797
1480330 796
1480340 796
1480350 793
1480360 793
1480370 793
1480380 796
1480390 800
1480400 800
1480410 803
1480420 804
1480430 804
1480440 805
1480450 808
1480460 808
1480470 811
1480480 813
1480490 814
1480500 814
1480510 819
1480520 823
1480530 823
1480540 826
1480550 831
1480560 831
1480570 835
1480580 838
1480590 838
1480600 840
1480610 843
1480620 843
1480630 844
1480640 846
1480650 848
1480660 848
1480670 852
1480680 859
1480690 859
1480700 863
1480710 865
1480720 865
1480730 866
1480740 869
1480750 869
1480760 871
1480770 872
1480780 872
1480790 876
1480800 880
1480810 887
1480820 887
1480830 893
1480840 897
1480850 897
1480860 903
1480870 909
1480880 909
1480890 914
1480900 918
1480910 918
1480920 923
1480930 929
1480940 929
1480950 931
1480960 930
1480970 930
1480980 929
1480990 927
1481000 923
1481010 923
1481020 920
1481030 917
1481040 917
1481050 911
1481060 904
1481070 904
1481080 899
1481090 893
1481100 893
1481110 887
1481120 882
1481130 882
1481140 874
1481150 863
1481160 851
1481170 851
1481180 840
1481190 836
1481200 836
1481210 848
1481220 852
1481230 852
1481240 855
1481250 859
1481260 859
1481270 863
1481280 865
1481290 865
1481300 867
1481310 866
1481320 867
1481330 867
1481340 870
1481350 871
1481360 871
1481370 873
1481380 874
1481390 874
1481400 877
1481410 880
1481420 880
1481430 884
1481440 886
1481450 886
1481460 887
1481470 888
1481480 886
1481490 886
1481500 883
1481510 883
1481520 883
1481530 883
1481540 883
1481550 883
1481560 881
1481570 880
1481580 880
1481590 882
1481600 881
1481610 881
1481620 876
1481630 872
1481640 871
1481650 871
1481660 874
1481670 881
1481680 881
1481690 886
1481700 892
1481710 892
1481720 899
1481730 904
1481740 904
1481750 911
1481760 917
1481770 917
1481780 922
1481790 925
1481800 929
1481810 929
1481820 932
1481830 935
1481840 935
1481850 938
1481860 941
1481870 941
1481880 943
1481890 945
1481900 945
1481910 946
1481920 947
1481930 947
1481940 947
1481950 950
1481960 953
1481970 953
1481980 958
1481990 963
1482000 963
1482010 969
1482020 974
1482030 974
1482040 980
1482050 986
1482060 986
1482070 991
1482080 997
1482090 997
1482100 1004
1482110 1011
1482120 1018
1482130 1018
1482140 1025
1482150 1032
1482160 1032
1482170 1037
1482180 1039
1482190 1039
1482200 1042
1482210 1044
1482220 1044
1482230 1048
1482240 1051
1482250 1051
1482260 1054
1482270 1057
1482280 1061
1482290 1061
1482300 1065
1482310 1069
1482320 1069
1482330 1073
1482340 1075
1482350 1075
1482360 1076
1482370 1076
1482380 1076
1482390 1076
1482400 1077
1482410 1077
1482420 1078
1482430 1080
1482440 1082
1482450 1082
1482460 1084
1482470 1085
1482480 1085
1482490 1086
1482500 1087
1482510 1087
1482520 1088
1482530 1089
1482540 1089
1482550 1089
1482560 1090
1482570 1090
1482580 1092
1482590 1094
1482600 1096
1482610 1096
1482620 1097
1482630 1099
1482640 1099
1482650 1101
1482660 1102
1482670 1102
1482680 1104
1482690 1106
1482700 1106
1482710 1107
1482720 1106
1482730 1106
1482740 1105
1482750 1102
1482760 1106
1482770 1106
1482780 1112
1482790 1115
1482800 1115
1482810 1115
1482820 1113
1482830 1113
1482840 1112
1482850 1111
1482860 1111
1482870 1109
1482880 1107
1482890 1107
1482900 1106
1482910 1102
1482920 1102
1482930 1102
1482940 1102
1482950 1105
1482960 1105
1482970 1109
1482980 1114
1482990 1114
1483000 1120
1483010 1124
1483020 1124
1483030 1128
1483040 1131
1483050 1131
1483060 1134
1483070 1137
1483080 1137
1483090 1138
1483100 1137
1483110 1136
1483120 1136
1483130 1135
1483140 1135
1483150 1135
1483160 1136
1483170 1138
1483180 1138
1483190 1144
1483200 1150
1483210 1150
1483220 1156
1483230 1162
1483240 1162
1483250 1169
1483260 1176
1483270 1182
1483280 1182
1483290 1185
1483300 1189
1483310 1189
1483320 1191
1483330 1195
1483340 1195
1483350 1197
1483360 1198
1483370 1198
1483380 1198
1483390 1197
1483400 1197
1483410 1196
1483420 1192
1483430 1184
1483440 1184
1483450 1187
1483460 1198
1483470 1198
1483480 1209
1483490 1215
1483500 1215
1483510 1219
1483520 1223
1483530 1223
1483540 1227
1483550 1230
1483560 1230
1483570 1233
1483580 1234
1483590 1236
1483600 1236
1483610 1238
1483620 1242
1483630 1242
1483640 1245
1483650 1249
1483660 1249
1483670 1251
1483680 1254
1483690 1254
1483700 1257
1483710 1260
1483720 1260
1483730 1264
1483740 1269
1483750 1272
1483760 1272
1483770 1274
1483780 1276
1483790 1276
1483800 1279
1483810 1282
1483820 1282
1483830 1285
1483840 1288
1483850 1288
1483860 1289
1483870 1291
1483880 1291
1483890 1293
1483900 1294
1483910 1297
1483920 1297
1483930 1300
1483940 1304
1483950 1304
1483960 1308
1483970 1313
1483980 1313
1483990 1318
1484000 1322
1484010 1322
1484020 1327
1484030 1330
1484040 1330
1484050 1332
1484060 1333
1484070 1334
1484080 1334
1484090 1335
1484100 1336
1484110 1336
1484120 1337
1484130 1338
1484140 1338
1484150 1340
1484160 1343
1484170 1343
1484180 1344
1484190 1342
1484200 1342
1484210 1339
1484220 1337
1484230 1340
1484240 1340
1484250 1342
1484260 1346
1484270 1346
1484280 1353
1484290 1362
1484300 1362
1484310 1371
1484320 1381
1484330 1381
1484340 1392
1484350 1401
1484360 1401
1484370 1407
1484380 1413
1484390 1419
1484400 1419
1484410 1425
1484420 1429
1484430 1429
1484440 1431
1484450 1433
1484460 1433
1484470 1435
1484480 1437
1484490 1437
1484500 1438
1484510 1440
1484520 1440
1484530 1441
1484540 1444
1484550 1448
1484560 1448
1484570 1454
1484580 1462
1484590 1462
1484600 1468
1484610 1474
1484620 1474
1484630 1480
1484640 1486
1484650 1486
1484660 1492
1484670 1497
1484680 1497
1484690 1503
1484700 1509
1484710 1516
1484720 1516
1484730 1525
1484740 1534
1484750 1534
1484760 1541
1484770 1547
1484780 1547
1484790 1552
1484800 1557
1484810 1557
1484820 1562
1484830 1568
1484840 1568
1484850 1574
1484860 1579
1484870 1583
1484880 1583
1484890 1588
1484900 1592
1484910 1592
1484920 1594
1484930 1595
1484940 1595
1484950 1596
1484960 1597
1484970 1597
1484980 1597
1484990 1597
1485000 1597
1485010 1598
1485020 1597
1485030 1597
1485040 1597
1485050 1597
1485060 1597
1485070 1597
1485080 1598
1485090 1598
1485100 1598
1485110 1597
1485120 1596
1485130 1596
1485140 1594
1485150 1592
1485160 1592
1485170 1590
1485180 1586
1485190 1586
1485200 1583
1485210 1582
1485220 1583
1485230 1583
1485240 1583
1485250 1581
1485260 1581
1485270 1578
1485280 1575
1485290 1575
1485300 1572
1485310 1567
1485320 1567
1485330 1562
1485340 1556
1485350 1556
1485360 1550
1485370 1544
1485380 1541
1485390 1541
1485400 1544
1485410 1544
1485420 1544
1485430 1541
1485440 1540
1485450 1540
1485460 1545
1485470 1551
1485480 1551
1485490 1556
1485500 1559
1485510 1559
1485520 1563
1485530 1569
1485540 1572
1485550 1572
1485560 1574
1485570 1574
1485580 1574
1485590 1573
1485600 1573
1485610 1573
1485620 1571
1485630 1572
1485640 1572
1485650 1571
1485660 1573
1485670 1573
1485680 1574
1485690 1575
1485700 1577
1485710 1577
1485720 1579
1485730 1580
1485740 1580
1485750 1582
1485760 1587
1485770 1587
1485780 1591
1485790 1595
1485800 1595
1485810 1598
1485820 1601
1485830 1601
1485840 1603
1485850 1601
1485860 1597
1485870 1597
1485880 1592
1485890 1586
1485900 1586
1485910 1580
1485920 1574
1485930 1574
1485940 1567
1485950 1562
1485960 1562
1485970 1557
1485980 1556
1485990 1556
1486000 1561
1486010 1564
1486020 1564
1486030 1564
1486040 1569
1486050 1571
1486060 1571
1486070 1567
1486080 1573
1486090 1573
1486100 1584
1486110 1595
1486120 1595
1486130 1609
1486140 1621
1486150 1621
1486160 1629
1486170 1637
1486180 1637
1486190 1637
1486200 1639
1486210 1641
1486220 1641
1486230 1645
1486240 1652
1486250 1652
1486260 1660
1486270 1666
1486280 1666
1486290 1669
1486300 1674
1486310 1674
1486320 1682
1486330 1692
1486340 1701
1486350 1701
1486360 1707
1486370 1710
1486380 1710
1486390 1711
1486400 1710
1486410 1710
1486420 1708
1486430 1707
1486440 1707
1486450 1705
1486460 1703
1486470 1703
1486480 1702
1486490 1702
1486500 1702
1486510 1702
1486520 1703
1486530 1705
1486540 1705
1486550 1704
1486560 1703
1486570 1703
1486580 1702
1486590 1698
1486600 1698
1486610 1692
1486620 1686
1486630 1686
1486640 1679
1486650 1673
1486660 1668
1486670 1668
1486680 1665
1486690 1663
1486700 1663
1486710 1661
1486720 1659
1486730 1659
1486740 1657
1486750 1653
1486760 1653
1486770 1648
1486780 1643
1486790 1643
1486800 1638
1486810 1633
1486820 1631
1486830 1631
1486840 1630
1486850 1633
1486860 1633
1486870 1635
1486880 1638
1486890 1638
1486900 1641
1486910 1642
1486920 1642
1486930 1639
1486940 1636
1486950 1636
1486960 1632
1486970 1629
1486980 1631
1486990 1631
1487000 1634
1487010 1637
1487020 1637
1487030 1638
1487040 1643
1487050 1643
1487060 1649
1487070 1654
1487080 1654
1487090 1656
1487100 1653
1487110 1653
1487120 1651
1487130 1649
1487140 1649
1487150 1647
1487160 1645
1487170 1643
1487180 1643
1487190 1646
1487200 1649
1487210 1649
1487220 1650
1487230 1651
1487240 1651
1487250 1654
1487260 1659
1487270 1659
1487280 1664
1487290 1669
1487300 1669
1487310 1679
1487320 1690
1487330 1701
1487340 1701
1487350 1712
1487360 1724
1487370 1724
1487380 1734
1487390 1741
1487400 1741
1487410 1748
1487420 1755
1487430 1755
1487440 1761
1487450 1770
1487460 1770
1487470 1775
1487480 1773
1487490 1775
1487500 1775
1487510 1783
1487520 1795
1487530 1795
1487540 1808
1487550 1818
1487560 1818
1487570 1821
1487580 1809
1487590 1809
1487600 1794
1487610 1785
1487620 1785
1487630 1780
1487640 1775
1487650 1776
1487660 1776
1487670 1775
1487680 1770
1487690 1770
1487700 1764
1487710 1763
1487720 1763
1487730 1762
1487740 1758
1487750 1758
1487760 1752
1487770 1741
1487780 1741
1487790 1732
1487800 1729
1487810 1734
1487820 1734
1487830 1739
1487840 1742
1487850 1742
1487860 1745
1487870 1750
1487880 1750
1487890 1750
1487900 1740
1487910 1740
1487920 1732
1487930 1732
1487940 1732
1487950 1738
1487960 1728
1487970 1727
1487980 1727
1487990 1726
1488000 1720
1488010 1720
1488020 1713
1488030 1714
1488040 1714
1488050 1713
1488060 1716
1488070 1716
1488080 1717
1488090 1716
1488100 1716
1488110 1721
1488120 1727
1488130 1732
1488140 1732
1488150 1735
1488160 1736
1488170 1736
1488180 1736
1488190 1739
1488200 1739
1488210 1744
1488220 1745
1488230 1745
1488240 1744
1488250 1742
1488260 1742
1488270 1742
1488280 1746
1488290 1743
1488300 1743
1488310 1742
1488320 1745
1488330 1745
1488340 1746
1488350 1744
1488360 1744
1488370 1742
1488380 1744
1488390 1744
1488400 1745
1488410 1742
1488420 1742
1488430 1738
1488440 1740
1488450 1743
1488460 1743
1488470 1741
1488480 1737
1488490 1737
1488500 1742
1488510 1749
1488520 1749
1488530 1742
1488540 1730
1488550 1730
1488560 1720
1488570 1712
1488580 1712
1488590 1708
1488600 1706
1488610 1702
1488620 1702
1488630 1703
1488640 1709
1488650 1709
1488660 1714
1488670 1721
1488680 1721
1488690 1729
1488700 1736
1488710 1736
1488720 1733
1488730 1728
1488740 1728
1488750 1719
1488760 1707
1488770 1693
1488780 1693
1488790 1681
1488800 1669
1488810 1669
1488820 1659
1488830 1648
1488840 1648
1488850 1639
1488860 1629
1488870 1629
1488880 1620
1488890 1616
1488900 1616
1488910 1614
1488920 1611
1488930 1606
1488940 1606
1488950 1601
1488960 1596
1488970 1596
1488980 1591
1488990 1584
1489000 1584
1489010 1577
1489020 1565
1489030 1565
1489040 1550
1489050 1537
1489060 1537
1489070 1530
1489080 1532
1489090 1532
1489100 1530
1489110 1525
1489120 1516
1489130 1516
1489140 1509
1489150 1500
1489160 1500
1489170 1489
1489180 1481
1489190 1481
1489200 1476
1489210 1474
1489220 1474
1489230 1470
1489240 1468
1489250 1468
1489260 1463
1489270 1453
1489280 1442
1489290 1442
1489300 1437
1489310 1438
1489320 1438
1489330 1445
1489340 1451
1489350 1451
1489360 1451
1489370 1451
1489380 1451
1489390 1451
1489400 1451
1489410 1451
1489420 1449
1489430 1448
1489440 1446
1489450 1446
1489460 1444
1489470 1441
1489480 1441
1489490 1440
1489500 1439
1489510 1439
1489520 1436
1489530 1433
1489540 1433
1489550 1430
1489560 1429
1489570 1429
1489580 1427
1489590 1427
1489600 1426
1489610 1426
1489620 1425
1489630 1425
1489640 1425
1489650 1424
1489660 1421
1489670 1421
1489680 1415
1489690 1408
1489700 1408
1489710 1400
1489720 1391
1489730 1391
1489740 1381
1489750 1384
1489760 1390
1489770 1390
1489780 1391
1489790 1392
1489800 1392
1489810 1391
1489820 1391
1489830 1391
1489840 1391
1489850 1393
1489860 1393
1489870 1394
1489880 1393
1489890 1393
1489900 1391
1489910 1388
1489920 1386
1489930 1386
1489940 1384
1489950 1381
1489960 1381
1489970 1377
1489980 1374
1489990 1374
1490000 1372
1490010 1370
1490020 1370
1490030 1366
1490040 1363
1490050 1363
1490060 1360
1490070 1357
1490080 1355
1490090 1355
1490100 1352
1490110 1349
1490120 1349
1490130 1346
1490140 1341
1490150 1341
1490160 1346
1490170 1349
1490180 1349
1490190 1350
1490200 1349
1490210 1349
1490220 1346
1490230 1343
1490240 1340
1490250 1340
1490260 1336
1490270 1332
1490280 1332
1490290 1328
1490300 1325
1490310 1325
1490320 1320
1490330 1316
1490340 1316
1490350 1313
1490360 1310
1490370 1310
1490380 1306
1490390 1303
1490400 1299
1490410 1299
1490420 1295
1490430 1292
1490440 1292
1490450 1289
1490460 1286
1490470 1286
1490480 1283
1490490 1278
1490500 1278
1490510 1271
1490520 1265
1490530 1265
1490540 1265
1490550 1268
1490560 1272
1490570 1272
1490580 1273
1490590 1268
1490600 1268
1490610 1265
1490620 1264
1490630 1264
1490640 1263
1490650 1261
1490660 1261
1490670 1258
1490680 1254
1490690 1254
1490700 1253
1490710 1252
1490720 1252
1490730 1252
1490740 1251
1490750 1251
1490760 1251
1490770 1248
1490780 1246
1490790 1246
1490800 1244
1490810 1242
1490820 1242
1490830 1241
1490840 1240
1490850 1240
1490860 1240
1490870 1239
1490880 1237
1490890 1237
1490900 1234
1490910 1233
1490920 1233
1490930 1233
1490940 1231
1490950 1231
1490960 1227
1490970 1223
1490980 1223
1490990 1223
1491000 1222
1491010 1222
1491020 1221
1491030 1220
1491040 1218
1491050 1218
1491060 1217
1491070 1215
1491080 1215
1491090 1213
1491100 1212
1491110 1212
1491120 1210
1491130 1209
1491140 1209
1491150 1207
1491160 1205
1491170 1205
1491180 1203
1491190 1201
1491200 1201
1491210 1199
1491220 1197
1491230 1197
1491240 1197
1491250 1195
1491260 1193
1491270 1193
1491280 1191
1491290 1190
1491300 1190
1491310 1190
1491320 1189
1491330 1189
1491340 1188
1491350 1186
1491360 1186
1491370 1185
1491380 1183
1491390 1181
1491400 1181
1491410 1179
1491420 1177
1491430 1177
1491440 1175
1491450 1173
1491460 1173
1491470 1172
1491480 1170
1491490 1170
1491500 1170
1491510 1169
1491520 1169
1491530 1167
1491540 1165
1491550 1164
1491560 1164
1491570 1163
1491580 1161
1491590 1161
1491600 1160
1491610 1158
1491620 1158
1491630 1157
1491640 1156
1491650 1156
1491660 1155
1491670 1154
1491680 1154
1491690 1154
1491700 1153
1491710 1152
1491720 1152
1491730 1152
1491740 1151
1491750 1151
1491760 1151
1491770 1150
1491780 1150
1491790 1150
1491800 1149
1491810 1149
1491820 1150
1491830 1151
1491840 1151
1491850 1150
1491860 1148
1491870 1145
1491880 1145
1491890 1145
1491900 1144
1491910 1144
1491920 1144
1491930 1143
1491940 1143
1491950 1143
1491960 1143
1491970 1143
1491980 1142
1491990 1141
1492000 1141
1492010 1139
1492020 1139
1492030 1139
1492040 1139
1492050 1139
1492060 1141
1492070 1141
1492080 1141
1492090 1140
1492100 1140
1492110 1141
1492120 1141
1492130 1141
1492140 1142
1492150 1142
1492160 1142
1492170 1142
1492180 1142
1492190 1142
1492200 1142
1492210 1143
1492220 1143
1492230 1143
1492240 1143
1492250 1143
1492260 1143
1492270 1143
1492280 1143
1492290 1143
1492300 1144
1492310 1145
1492320 1145
1492330 1145
1492340 1146
1492350 1147
1492360 1147
1492370 1149
1492380 1151
1492390 1151
1492400 1151
1492410 1151
1492420 1151
1492430 1152
1492440 1152
1492450 1152
1492460 1154
1492470 1155
1492480 1155
1492490 1155
1492500 1156
1492510 1155
1492520 1155
1492530 1155
1492540 1155
1492550 1155
1492560 1154
1492570 1155
1492580 1155
1492590 1155
1492600 1152
1492610 1152
1492620 1149
1492630 1147
1492640 1147
1492650 1146
1492660 1148
1492670 1151
1492680 1151
1492690 1153
1492700 1154
1492710 1154
1492720 1154
1492730 1153
1492740 1153
1492750 1148
1492760 1143
1492770 1143
1492780 1138
1492790 1135
1492800 1135
1492810 1134
1492820 1133
1492830 1132
1492840 1132
1492850 1131
1492860 1130
1492870 1130
1492880 1129
1492890 1126
1492900 1126
1492910 1123
1492920 1120
1492930 1120
1492940 1117
1492950 1114
1492960 1114
1492970 1111
1492980 1110
1492990 1109
1493000 1109
1493010 1108
1493020 1107
1493030 1107
1493040 1106
1493050 1105
1493060 1105
1493070 1105
1493080 1102
1493090 1102
1493100 1098
1493110 1095
1493120 1095
1493130 1094
1493140 1093
1493150 1091
1493160 1091
1493170 1090
1493180 1089
1493190 1089
1493200 1089
1493210 1087
1493220 1087
1493230 1086
1493240 1084
1493250 1084
1493260 1083
1493270 1082
1493280 1082
1493290 1082
1493300 1082
1493310 1082
1493320 1081
1493330 1080
1493340 1078
1493350 1078
1493360 1076
1493370 1075
1493380 1075
1493390 1075
1493400 1074
1493410 1074
1493420 1073
1493430 1072
1493440 1072
1493450 1071
1493460 1069
1493470 1069
1493480 1068
1493490 1068
1493500 1067
1493510 1067
1493520 1067
1493530 1066
1493540 1066
1493550 1066
1493560 1066
1493570 1066
1493580 1066
1493590 1067
1493600 1067
1493610 1067
1493620 1065
1493630 1065
1493640 1063
1493650 1061
1493660 1061
1493670 1061
1493680 1060
1493690 1060
1493700 1060
1493710 1061
1493720 1061
1493730 1061
1493740 1061
1493750 1062
1493760 1062
1493770 1064
1493780 1066
1493790 1066
1493800 1069
1493810 1071
1493820 1072
1493830 1072
1493840 1069
1493850 1067
1493860 1067
1493870 1071
1493880 1071
1493890 1071
1493900 1071
1493910 1070
1493920 1070
1493930 1070
1493940 1072
1493950 1072
1493960 1072
1493970 1070
1493980 1069
1493990 1069
1494000 1069
1494010 1068
1494020 1068
1494030 1067
1494040 1064
1494050 1064
1494060 1062
1494070 1058
1494080 1058
1494090 1056
1494100 1055
1494110 1055
1494120 1053
1494130 1052
1494140 1051
1494150 1051
1494160 1050
1494170 1049
1494180 1049
1494190 1048
1494200 1048
1494210 1048
1494220 1047
1494230 1044
1494240 1044
1494250 1042
1494260 1040
1494270 1040
1494280 1037
1494290 1036
1494300 1035
1494310 1035
1494320 1033
1494330 1032
1494340 1032
1494350 1031
1494360 1032
1494370 1032
1494380 1033
1494390 1033
1494400 1033
1494410 1032
1494420 1031
1494430 1031
1494440 1031
1494450 1031
1494460 1032
1494470 1032
1494480 1032
1494490 1033
1494500 1033
1494510 1034
1494520 1036
1494530 1036
1494540 1039
1494550 1043
1494560 1043
1494570 1048
1494580 1054
1494590 1054
1494600 1060
1494610 1060
1494620 1061
1494630 1061
1494640 1062
1494650 1063
1494660 1063
1494670 1067
1494680 1074
1494690 1074
1494700 1079
1494710 1083
1494720 1083
1494730 1089
1494740 1094
1494750 1094
1494760 1097
1494770 1099
1494780 1100
1494790 1100
1494800 1100
1494810 1100
1494820 1100
1494830 1099
1494840 1098
1494850 1098
1494860 1097
1494870 1096
1494880 1096
1494890 1094
1494900 1093
1494910 1093
1494920 1092
1494930 1091
1494940 1090
1494950 1090
1494960 1089
1494970 1089
1494980 1089
1494990 1090
1495000 1087
1495010 1087
1495020 1081
1495030 1074
1495040 1074
1495050 1068
1495060 1061
1495070 1061
1495080 1056
1495090 1050
1495100 1046
1495110 1046
1495120 1041
1495130 1035
1495140 1035
1495150 1036
1495160 1042
1495170 1042
1495180 1048
1495190 1058
1495200 1058
1495210 1070
1495220 1078
1495230 1078
1495240 1086
1495250 1094
1495260 1094
1495270 1099
1495280 1104
1495290 1112
1495300 1112
1495310 1122
1495320 1132
1495330 1132
1495340 1136
1495350 1140
1495360 1140
1495370 1147
1495380 1155
1495390 1155
1495400 1162
1495410 1168
1495420 1168
1495430 1172
1495440 1175
1495450 1176
1495460 1176
1495470 1177
1495480 1179
1495490 1179
1495500 1180
1495510 1183
1495520 1183
1495530 1185
1495540 1186
1495550 1186
1495560 1187
1495570 1187
1495580 1187
1495590 1187
1495600 1187
1495610 1187
1495620 1187
1495630 1187
1495640 1186
1495650 1186
1495660 1185
1495670 1185
1495680 1185
1495690 1186
1495700 1185
1495710 1185
1495720 1181
1495730 1179
1495740 1179
1495750 1177
1495760 1176
1495770 1175
1495780 1175
1495790 1174
1495800 1174
1495810 1174
1495820 1175
1495830 1176
1495840 1176
1495850 1177
1495860 1176
1495870 1176
1495880 1175
1495890 1173
1495900 1173
1495910 1171
1495920 1168
1495930 1165
1495940 1165
1495950 1160
1495960 1156
1495970 1156
1495980 1152
1495990 1152
1496000 1152
1496010 1151
1496020 1149
1496030 1149
1496040 1147
1496050 1144
1496060 1144
1496070 1143
1496080 1142
1496090 1141
1496100 1141
1496110 1139
1496120 1135
1496130 1135
1496140 1131
1496150 1128
1496160 1128
1496170 1125
1496180 1122
1496190 1122
1496200 1119
1496210 1116
1496220 1116
1496230 1110
1496240 1101
1496250 1093
1496260 1093
1496270 1088
1496280 1084
1496290 1084
1496300 1076
1496310 1066
1496320 1066
1496330 1059
1496340 1058
1496350 1058
1496360 1065
1496370 1084
1496380 1084
1496390 1097
1496400 1107
1496410 1118
1496420 1118
1496430 1128
1496440 1134
1496450 1134
1496460 1138
1496470 1141
1496480 1141
1496490 1142
1496500 1143
1496510 1143
1496520 1142
1496530 1140
1496540 1140
1496550 1138
1496560 1138
1496570 1138
1496580 1138
1496590 1138
1496600 1140
1496610 1140
1496620 1141
1496630 1142
1496640 1142
1496650 1144
1496660 1147
1496670 1147
1496680 1149
1496690 1149
1496700 1149
1496710 1145
1496720 1140
1496730 1139
1496740 1139
1496750 1142
1496760 1149
1496770 1149
1496780 1157
1496790 1164
1496800 1164
1496810 1166
1496820 1168
1496830 1168
1496840 1168
1496850 1166
1496860 1166
1496870 1161
1496880 1155
1496890 1149
1496900 1149
1496910 1146
1496920 1146
1496930 1146
1496940 1144
1496950 1141
1496960 1141
1496970 1138
1496980 1138
1496990 1138
1497000 1133
1497010 1129
1497020 1129
1497030 1132
1497040 1135
1497050 1129
1497060 1129
1497070 1125
1497080 1125
1497090 1125
1497100 1125
1497110 1130
1497120 1130
1497130 1141
1497140 1152
1497150 1152
1497160 1161
1497170 1168
1497180 1168
1497190 1174
1497200 1180
1497210 1185
1497220 1185
1497230 1188
1497240 1191
1497250 1191
1497260 1193
1497270 1195
1497280 1195
1497290 1198
1497300 1201
1497310 1201
1497320 1203
1497330 1203
1497340 1203
1497350 1204
1497360 1208
1497370 1208
1497380 1210
1497390 1211
1497400 1212
1497410 1212
1497420 1211
1497430 1210
1497440 1210
1497450 1211
1497460 1211
1497470 1211
1497480 1211
1497490 1212
1497500 1212
1497510 1211
1497520 1214
1497530 1214
1497540 1218
1497550 1224
1497560 1231
1497570 1231
1497580 1238
1497590 1245
1497600 1245
1497610 1250
1497620 1256
1497630 1256
1497640 1261
1497650 1266
1497660 1266
1497670 1269
1497680 1271
1497690 1271
1497700 1274
1497710 1276
1497720 1276
1497730 1276
1497740 1277
1497750 1277
1497760 1277
1497770 1274
1497780 1274
1497790 1274
1497800 1274
1497810 1274
1497820 1274
1497830 1276
1497840 1278
1497850 1278
1497860 1278
1497870 1276
1497880 1268
1497890 1268
1497900 1266
1497910 1266
1497920 1266
1497930 1267
1497940 1267
1497950 1267
1497960 1267
1497970 1266
1497980 1266
1497990 1265
1498000 1265
1498010 1265
1498020 1264
1498030 1262
1498040 1260
1498050 1260
1498060 1256
1498070 1253
1498080 1253
1498090 1248
1498100 1251
1498110 1251
1498120 1248
1498130 1249
1498140 1249
1498150 1259
1498160 1266
1498170 1266
1498180 1273
1498190 1279
1498200 1285
1498210 1285
1498220 1289
1498230 1290
1498240 1290
1498250 1291
1498260 1290
1498270 1290
1498280 1284
1498290 1277
1498300 1277
1498310 1279
1498320 1284
1498330 1284
1498340 1287
1498350 1290
1498360 1293
1498370 1293
1498380 1295
1498390 1294
1498400 1294
1498410 1295
1498420 1297
1498430 1297
1498440 1297
1498450 1302
1498460 1302
1498470 1310
1498480 1319
1498490 1319
1498500 1327
1498510 1334
1498520 1341
1498530 1341
1498540 1348
1498550 1354
1498560 1354
1498570 1358
1498580 1360
1498590 1360
1498600 1362
1498610 1364
1498620 1364
1498630 1365
1498640 1367
1498650 1367
1498660 1369
1498670 1373
1498680 1377
1498690 1377
1498700 1378
1498710 1378
1498720 1378
1498730 1376
1498740 1373
1498750 1373
1498760 1370
1498770 1366
1498780 1366
1498790 1362
1498800 1358
1498810 1358
1498820 1353
1498830 1348
1498840 1343
1498850 1343
1498860 1339
1498870 1335
1498880 1335
1498890 1331
1498900 1326
1498910 1326
1498920 1322
1498930 1317
1498940 1317
1498950 1313
1498960 1308
1498970 1308
1498980 1302
1498990 1296
1499000 1292
1499010 1292
1499020 1288
1499030 1285
1499040 1285
1499050 1281
1499060 1277
1499070 1277
1499080 1272
1499090 1267
1499100 1267
1499110 1260
1499120 1254
1499130 1254
1499140 1249
1499150 1246
1499160 1241
1499170 1241
1499180 1239
1499190 1235
1499200 1235
1499210 1231
1499220 1225
1499230 1225
1499240 1218
1499250 1220
1499260 1220
1499270 1229
1499280 1236
1499290 1236
1499300 1242
1499310 1250
1499320 1250
1499330 1258
1499340 1267
1499350 1275
1499360 1275
1499370 1284
1499380 1290
1499390 1290
1499400 1299
1499410 1305
1499420 1305
1499430 1309
1499440 1312
1499450 1312
1499460 1313
1499470 1315
1499480 1315
1499490 1316
1499500 1318
1499510 1319
1499520 1319
1499530 1324
1499540 1331
1499550 1331
1499560 1336
1499570 1339
1499580 1339
1499590 1340
1499600 1341
1499610 1341
1499620 1340
1499630 1339
1499640 1339
1499650 1337
1499660 1335
1499670 1331
1499680 1331
1499690 1329
1499700 1328
1499710 1328
1499720 1329
1499730 1333
1499740 1333
1499750 1336
1499760 1339
1499770 1339
1499780 1343
1499790 1346
1499800 1346
1499810 1346
1499820 1347
1499830 1348
1499840 1348
1499850 1349
1499860 1350
1499870 1350
1499880 1349
1499890 1346
1499900 1346
1499910 1345
1499920 1344
1499930 1344
1499940 1344
1499950 1345
1499960 1345
1499970 1347
1499980 1349
1499990 1351
