1480000 1318
1480010 1319
1480020 1319
1480030 1322
1480040 1325
1480050 1325
1480060 1327
1480070 1330
1480080 1330
1480090 1331
1480100 1332
1480110 1332
1480120 1334
1480130 1334
1480140 1334
1480150 1334
1480160 1334
1480170 1334
1480180 1334
1480190 1333
1480200 1333
1480210 1333
1480220 1332
1480230 1332
1480240 1332
1480250 1332
1480260 1331
1480270 1331
1480280 1329
1480290 1327
1480300 1323
1480310 1323
1480320 1318
1480330 1314
1480340 1314
1480350 1310
1480360 1306
1480370 1306
1480380 1303
1480390 1300
1480400 1300
1480410 1297
1480420 1295
1480430 1295
1480440 1293
1480450 1290
1480460 1287
1480470 1287
1480480 1284
1480490 1281
1480500 1281
1480510 1277
1480520 1273
1480530 1273
1480540 1268
1480550 1262
1480560 1262
1480570 1259
1480580 1258
1480590 1258
1480600 1255
1480610 1252
1480620 1250
1480630 1250
1480640 1248
1480650 1247
1480660 1247
1480670 1247
1480680 1248
1480690 1248
1480700 1248
1480710 1248
1480720 1248
1480730 1247
1480740 1246
1480750 1246
1480760 1243
1480770 1243
1480780 1244
1480790 1244
1480800 1243
1480810 1243
1480820 1243
1480830 1241
1480840 1238
1480850 1238
1480860 1235
1480870 1233
1480880 1233
1480890 1231
1480900 1229
1480910 1229
1480920 1228
1480930 1227
1480940 1225
1480950 1225
1480960 1224
1480970 1223
1480980 1223
1480990 1221
1481000 1219
1481010 1219
1481020 1216
1481030 1212
1481040 1212
1481050 1208
1481060 1203
1481070 1203
1481080 1199
1481090 1194
1481100 1192
1481110 1192
1481120 1191
1481130 1190
1481140 1190
1481150 1187
1481160 1181
1481170 1181
1481180 1173
1481190 1166
1481200 1166
1481210 1162
1481220 1163
1481230 1163
1481240 1163
1481250 1161
1481260 1161
1481270 1158
1481280 1153
1481290 1146
1481300 1146
1481310 1140
1481320 1135
1481330 1135
1481340 1131
1481350 1126
1481360 1126
1481370 1123
1481380 1119
1481390 1119
1481400 1116
1481410 1113
1481420 1113
1481430 1110
1481440 1106
1481450 1103
1481460 1103
1481470 1099
1481480 1097
1481490 1097
1481500 1100
1481510 1104
1481520 1104
1481530 1108
1481540 1109
1481550 1109
1481560 1111
1481570 1113
1481580 1113
1481590 1117
1481600 1120
1481610 1124
1481620 1124
1481630 1128
1481640 1133
1481650 1133
1481660 1138
1481670 1145
1481680 1145
1481690 1151
1481700 1156
1481710 1156
1481720 1161
1481730 1166
1481740 1166
1481750 1169
1481760 1172
1481770 1175
1481780 1175
1481790 1178
1481800 1182
1481810 1182
1481820 1186
1481830 1190
1481840 1190
1481850 1193
1481860 1196
1481870 1196
1481880 1197
1481890 1199
1481900 1199
1481910 1202
1481920 1204
1481930 1207
1481940 1207
1481950 1209
1481960 1210
1481970 1210
1481980 1212
1481990 1214
1482000 1214
1482010 1215
1482020 1217
1482030 1217
1482040 1218
1482050 1219
1482060 1219
1482070 1222
1482080 1225
1482090 1230
1482100 1230
1482110 1234
1482120 1237
1482130 1237
1482140 1242
1482150 1246
1482160 1246
1482170 1248
1482180 1248
1482190 1248
1482200 1248
1482210 1249
1482220 1249
1482230 1251
1482240 1252
1482250 1254
1482260 1254
1482270 1257
1482280 1261
1482290 1261
1482300 1266
1482310 1272
1482320 1272
1482330 1276
1482340 1279
1482350 1279
1482360 1281
1482370 1283
1482380 1283
1482390 1286
1482400 1289
1482410 1289
1482420 1292
1482430 1296
1482440 1300
1482450 1300
1482460 1302
1482470 1305
1482480 1305
1482490 1310
1482500 1312
1482510 1312
1482520 1313
1482530 1314
1482540 1314
1482550 1316
1482560 1319
1482570 1319
1482580 1321
1482590 1323
1482600 1326
1482610 1326
1482620 1331
1482630 1334
1482640 1334
1482650 1338
1482660 1341
1482670 1341
1482680 1345
1482690 1347
1482700 1347
1482710 1349
1482720 1351
1482730 1351
1482740 1354
1482750 1357
1482760 1360
1482770 1360
1482780 1362
1482790 1364
1482800 1364
1482810 1366
1482820 1368
1482830 1368
1482840 1369
1482850 1370
1482860 1370
1482870 1371
1482880 1373
1482890 1373
1482900 1373
1482910 1374
1482920 1375
1482930 1375
1482940 1373
1482950 1376
1482960 1376
1482970 1382
1482980 1387
1482990 1387
1483000 1392
1483010 1395
1483020 1395
1483030 1400
1483040 1406
1483050 1406
1483060 1411
1483070 1414
1483080 1416
1483090 1416
1483100 1418
1483110 1421
1483120 1421
1483130 1422
1483140 1423
1483150 1423
1483160 1421
1483170 1418
1483180 1418
1483190 1418
1483200 1416
1483210 1416
1483220 1413
1483230 1411
1483240 1413
1483250 1413
1483260 1412
1483270 1411
1483280 1411
1483290 1411
1483300 1411
1483310 1411
1483320 1411
1483330 1411
1483340 1411
1483350 1409
1483360 1408
1483370 1408
1483380 1408
1483390 1407
1483400 1405
1483410 1405
1483420 1402
1483430 1399
1483440 1399
1483450 1396
1483460 1393
1483470 1393
1483480 1390
1483490 1387
1483500 1387
1483510 1383
1483520 1379
1483530 1379
1483540 1374
1483550 1370
1483560 1365
1483570 1365
1483580 1361
1483590 1357
1483600 1357
1483610 1352
1483620 1347
1483630 1347
1483640 1341
1483650 1337
1483660 1337
1483670 1334
1483680 1331
1483690 1331
1483700 1328
1483710 1326
1483720 1326
1483730 1321
1483740 1315
1483750 1309
1483760 1309
1483770 1303
1483780 1297
1483790 1297
1483800 1291
1483810 1286
1483820 1286
1483830 1283
1483840 1282
1483850 1282
1483860 1277
1483870 1273
1483880 1273
1483890 1274
1483900 1272
1483910 1267
1483920 1267
1483930 1266
1483940 1266
1483950 1266
1483960 1264
1483970 1261
1483980 1261
1483990 1252
1484000 1241
1484010 1241
1484020 1232
1484030 1228
1484040 1228
1484050 1232
1484060 1239
1484070 1240
1484080 1240
1484090 1238
1484100 1245
1484110 1245
1484120 1252
1484130 1258
1484140 1258
1484150 1262
1484160 1266
1484170 1266
1484180 1271
1484190 1276
1484200 1276
1484210 1282
1484220 1285
1484230 1285
1484240 1285
1484250 1286
1484260 1288
1484270 1288
1484280 1291
1484290 1296
1484300 1296
1484310 1300
1484320 1300
1484330 1300
1484340 1300
1484350 1299
1484360 1299
1484370 1300
1484380 1300
1484390 1301
1484400 1301
1484410 1304
1484420 1309
1484430 1309
1484440 1315
1484450 1319
1484460 1319
1484470 1323
1484480 1328
1484490 1328
1484500 1332
1484510 1335
1484520 1335
1484530 1339
1484540 1345
1484550 1350
1484560 1350
1484570 1356
1484580 1360
1484590 1360
1484600 1362
1484610 1363
1484620 1363
1484630 1364
1484640 1365
1484650 1365
1484660 1366
1484670 1367
1484680 1367
1484690 1369
1484700 1370
1484710 1372
1484720 1372
1484730 1373
1484740 1374
1484750 1374
1484760 1375
1484770 1377
1484780 1377
1484790 1378
1484800 1378
1484810 1378
1484820 1378
1484830 1379
1484840 1379
1484850 1377
1484860 1374
1484870 1374
1484880 1372
1484890 1368
1484900 1365
1484910 1365
1484920 1362
1484930 1358
1484940 1358
1484950 1354
1484960 1351
1484970 1351
1484980 1347
1484990 1343
1485000 1343
1485010 1340
1485020 1337
1485030 1337
1485040 1335
1485050 1332
1485060 1330
1485070 1330
1485080 1327
1485090 1325
1485100 1325
1485110 1322
1485120 1319
1485130 1319
1485140 1317
1485150 1317
1485160 1317
1485170 1318
1485180 1317
1485190 1317
1485200 1312
1485210 1311
1485220 1314
1485230 1314
1485240 1317
1485250 1320
1485260 1320
1485270 1321
1485280 1321
1485290 1321
1485300 1322
1485310 1323
1485320 1323
1485330 1325
1485340 1327
1485350 1327
1485360 1328
1485370 1329
1485380 1330
1485390 1330
1485400 1329
1485410 1328
1485420 1328
1485430 1327
1485440 1325
1485450 1325
1485460 1322
1485470 1319
1485480 1319
1485490 1316
1485500 1313
1485510 1313
1485520 1311
1485530 1309
1485540 1306
1485550 1306
1485560 1304
1485570 1301
1485580 1301
1485590 1299
1485600 1294
1485610 1294
1485620 1287
1485630 1283
1485640 1283
1485650 1278
1485660 1275
1485670 1275
1485680 1273
1485690 1269
1485700 1265
1485710 1265
1485720 1262
1485730 1260
1485740 1260
1485750 1258
1485760 1257
1485770 1257
1485780 1256
1485790 1251
1485800 1251
1485810 1245
1485820 1240
1485830 1240
1485840 1234
1485850 1229
1485860 1229
1485870 1229
1485880 1226
1485890 1222
1485900 1222
1485910 1222
1485920 1218
1485930 1218
1485940 1212
1485950 1206
1485960 1206
1485970 1201
1485980 1197
1485990 1197
1486000 1192
1486010 1189
1486020 1185
1486030 1185
1486040 1181
1486050 1175
1486060 1175
1486070 1171
1486080 1166
1486090 1166
1486100 1161
1486110 1155
1486120 1155
1486130 1148
1486140 1140
1486150 1140
1486160 1130
1486170 1128
1486180 1128
1486190 1136
1486200 1137
1486210 1135
1486220 1135
1486230 1131
1486240 1131
1486250 1131
1486260 1132
1486270 1133
1486280 1133
1486290 1133
1486300 1140
1486310 1140
1486320 1142
1486330 1143
1486340 1143
1486350 1144
1486360 1144
1486370 1145
1486380 1145
1486390 1148
1486400 1151
1486410 1151
1486420 1155
1486430 1160
1486440 1160
1486450 1163
1486460 1165
1486470 1165
1486480 1166
1486490 1166
1486500 1166
1486510 1167
1486520 1167
1486530 1167
1486540 1167
1486550 1166
1486560 1165
1486570 1165
1486580 1164
1486590 1163
1486600 1163
1486610 1161
1486620 1159
1486630 1159
1486640 1158
1486650 1157
1486660 1157
1486670 1156
1486680 1156
1486690 1155
1486700 1155
1486710 1154
1486720 1153
1486730 1153
1486740 1153
1486750 1152
1486760 1152
1486770 1151
1486780 1149
1486790 1149
1486800 1147
1486810 1145
1486820 1145
1486830 1141
1486840 1139
1486850 1137
1486860 1137
1486870 1134
1486880 1130
1486890 1130
1486900 1126
1486910 1122
1486920 1122
1486930 1120
1486940 1119
1486950 1119
1486960 1118
1486970 1114
1486980 1114
1486990 1115
1487000 1114
1487010 1113
1487020 1113
1487030 1111
1487040 1105
1487050 1105
1487060 1101
1487070 1100
1487080 1100
1487090 1097
1487100 1091
1487110 1091
1487120 1088
1487130 1089
1487140 1089
1487150 1086
1487160 1084
1487170 1081
1487180 1081
1487190 1079
1487200 1078
1487210 1078
1487220 1079
1487230 1080
1487240 1080
1487250 1079
1487260 1078
1487270 1078
1487280 1074
1487290 1070
1487300 1070
1487310 1069
1487320 1067
1487330 1067
1487340 1073
1487350 1075
1487360 1079
1487370 1079
1487380 1086
1487390 1092
1487400 1092
1487410 1097
1487420 1102
1487430 1102
1487440 1106
1487450 1111
1487460 1111
1487470 1114
1487480 1118
1487490 1118
1487500 1121
1487510 1126
1487520 1133
1487530 1133
1487540 1138
1487550 1143
1487560 1143
1487570 1148
1487580 1153
1487590 1153
1487600 1158
1487610 1162
1487620 1162
1487630 1167
1487640 1172
1487650 1172
1487660 1177
1487670 1182
1487680 1186
1487690 1186
1487700 1189
1487710 1192
1487720 1192
1487730 1195
1487740 1199
1487750 1199
1487760 1204
1487770 1208
1487780 1208
1487790 1211
1487800 1213
1487810 1213
1487820 1215
1487830 1219
1487840 1223
1487850 1223
1487860 1228
1487870 1233
1487880 1233
1487890 1238
1487900 1243
1487910 1243
1487920 1251
1487930 1259
1487940 1259
1487950 1265
1487960 1278
1487970 1278
1487980 1286
1487990 1292
1488000 1298
1488010 1298
1488020 1303
1488030 1308
1488040 1308
1488050 1313
1488060 1318
1488070 1318
1488080 1323
1488090 1327
1488100 1327
1488110 1331
1488120 1335
1488130 1335
1488140 1340
1488150 1343
1488160 1346
1488170 1346
1488180 1349
1488190 1351
1488200 1351
1488210 1354
1488220 1355
1488230 1355
1488240 1357
1488250 1359
1488260 1359
1488270 1362
1488280 1365
1488290 1365
1488300 1370
1488310 1375
1488320 1380
1488330 1380
1488340 1385
1488350 1389
1488360 1389
1488370 1392
1488380 1394
1488390 1394
1488400 1396
1488410 1399
1488420 1399
1488430 1402
1488440 1406
1488450 1406
1488460 1411
1488470 1416
1488480 1421
1488490 1421
1488500 1426
1488510 1430
1488520 1430
1488530 1433
1488540 1435
1488550 1435
1488560 1437
1488570 1438
1488580 1438
1488590 1441
1488600 1445
1488610 1445
1488620 1451
1488630 1456
1488640 1456
1488650 1461
1488660 1466
1488670 1469
1488680 1469
1488690 1472
1488700 1473
1488710 1473
1488720 1475
1488730 1477
1488740 1477
1488750 1479
1488760 1482
1488770 1482
1488780 1485
1488790 1488
1488800 1488
1488810 1490
1488820 1491
1488830 1492
1488840 1492
1488850 1494
1488860 1496
1488870 1496
1488880 1499
1488890 1501
1488900 1501
1488910 1505
1488920 1507
1488930 1507
1488940 1508
1488950 1510
1488960 1510
1488970 1511
1488980 1511
1488990 1512
1489000 1512
1489010 1513
1489020 1515
1489030 1515
1489040 1516
1489050 1518
1489060 1518
1489070 1519
1489080 1521
1489090 1521
1489100 1524
1489110 1526
1489120 1526
1489130 1528
1489140 1531
1489150 1533
1489160 1533
1489170 1534
1489180 1534
1489190 1534
1489200 1532
1489210 1528
1489220 1528
1489230 1523
1489240 1522
1489250 1522
1489260 1524
1489270 1525
1489280 1525
1489290 1527
1489300 1528
1489310 1530
1489320 1530
1489330 1530
1489340 1528
1489350 1528
1489360 1522
1489370 1522
1489380 1522
1489390 1522
1489400 1521
1489410 1521
1489420 1521
1489430 1521
1489440 1521
1489450 1520
1489460 1518
1489470 1516
1489480 1516
1489490 1514
1489500 1511
1489510 1511
1489520 1509
1489530 1506
1489540 1506
1489550 1503
1489560 1499
1489570 1499
1489580 1496
1489590 1494
1489600 1494
1489610 1493
1489620 1491
1489630 1489
1489640 1489
1489650 1487
1489660 1486
1489670 1486
1489680 1485
1489690 1487
1489700 1487
1489710 1488
1489720 1488
1489730 1488
1489740 1488
1489750 1487
1489760 1487
1489770 1486
1489780 1484
1489790 1484
1489800 1481
1489810 1477
1489820 1477
1489830 1477
1489840 1478
1489850 1478
1489860 1478
1489870 1478
1489880 1476
1489890 1476
1489900 1473
1489910 1468
1489920 1468
1489930 1463
1489940 1462
1489950 1462
1489960 1462
1489970 1463
1489980 1462
1489990 1462
1490000 1459
1490010 1452
1490020 1452
1490030 1452
1490040 1459
1490050 1459
1490060 1464
1490070 1467
1490080 1467
1490090 1469
1490100 1470
1490110 1470
1490120 1471
1490130 1471
1490140 1470
1490150 1470
1490160 1467
1490170 1461
1490180 1461
1490190 1461
1490200 1460
1490210 1460
1490220 1460
1490230 1464
1490240 1464
1490250 1467
1490260 1469
1490270 1469
1490280 1470
1490290 1470
1490300 1469
1490310 1469
1490320 1470
1490330 1472
1490340 1472
1490350 1472
1490360 1472
1490370 1472
1490380 1470
1490390 1468
1490400 1468
1490410 1466
1490420 1464
1490430 1464
1490440 1461
1490450 1457
1490460 1458
1490470 1458
1490480 1458
1490490 1455
1490500 1455
1490510 1449
1490520 1450
1490530 1450
1490540 1455
1490550 1457
1490560 1457
1490570 1458
1490580 1456
1490590 1456
1490600 1451
1490610 1447
1490620 1452
1490630 1452
1490640 1454
1490650 1455
1490660 1455
1490670 1457
1490680 1459
1490690 1459
1490700 1457
1490710 1454
1490720 1454
1490730 1453
1490740 1457
1490750 1457
1490760 1466
1490770 1472
1490780 1474
1490790 1474
1490800 1473
1490810 1473
1490820 1473
1490830 1471
1490840 1471
1490850 1471
1490860 1471
1490870 1474
1490880 1474
1490890 1477
1490900 1479
1490910 1479
1490920 1481
1490930 1482
1490940 1481
1490950 1481
1490960 1480
1490970 1479
1490980 1479
1490990 1482
1491000 1482
1491010 1482
1491020 1483
1491030 1485
1491040 1485
1491050 1486
1491060 1483
1491070 1483
1491080 1480
1491090 1480
1491100 1480
1491110 1485
1491120 1487
1491130 1494
1491140 1494
1491150 1498
1491160 1501
1491170 1501
1491180 1503
1491190 1503
1491200 1503
1491210 1502
1491220 1509
1491230 1509
1491240 1517
1491250 1523
1491260 1523
1491270 1528
1491280 1531
1491290 1533
1491300 1533
1491310 1534
1491320 1535
1491330 1535
1491340 1535
1491350 1535
1491360 1535
1491370 1540
1491380 1545
1491390 1545
1491400 1549
1491410 1552
1491420 1552
1491430 1553
1491440 1553
1491450 1551
1491460 1551
1491470 1547
1491480 1544
1491490 1544
1491500 1541
1491510 1538
1491520 1538
1491530 1535
1491540 1531
1491550 1531
1491560 1526
1491570 1519
1491580 1519
1491590 1517
1491600 1520
1491610 1517
1491620 1517
1491630 1513
1491640 1518
1491650 1518
1491660 1525
1491670 1532
1491680 1532
1491690 1537
1491700 1542
1491710 1542
1491720 1547
1491730 1550
1491740 1550
1491750 1551
1491760 1549
1491770 1545
1491780 1545
1491790 1542
1491800 1541
1491810 1541
1491820 1539
1491830 1537
1491840 1537
1491850 1537
1491860 1538
1491870 1538
1491880 1539
1491890 1536
1491900 1536
1491910 1531
1491920 1533
1491930 1540
1491940 1540
1491950 1546
1491960 1552
1491970 1552
1491980 1556
1491990 1556
1492000 1556
1492010 1554
1492020 1552
1492030 1552
1492040 1550
1492050 1548
1492060 1548
1492070 1550
1492080 1554
1492090 1559
1492100 1559
1492110 1563
1492120 1566
1492130 1566
1492140 1566
1492150 1562
1492160 1562
1492170 1557
1492180 1550
1492190 1550
1492200 1545
1492210 1551
1492220 1551
1492230 1556
1492240 1561
1492250 1564
1492260 1564
1492270 1566
1492280 1568
1492290 1568
1492300 1571
1492310 1574
1492320 1574
1492330 1574
1492340 1574
1492350 1574
1492360 1576
1492370 1573
1492380 1573
1492390 1569
1492400 1563
1492410 1563
1492420 1563
1492430 1561
1492440 1558
1492450 1558
1492460 1554
1492470 1552
1492480 1552
1492490 1549
1492500 1545
1492510 1545
1492520 1536
1492530 1527
1492540 1527
1492550 1517
1492560 1505
1492570 1505
1492580 1499
1492590 1505
1492600 1506
1492610 1506
1492620 1506
1492630 1511
1492640 1511
1492650 1515
1492660 1519
1492670 1519
1492680 1523
1492690 1528
1492700 1528
1492710 1534
1492720 1540
1492730 1540
1492740 1543
1492750 1544
1492760 1546
1492770 1546
1492780 1547
1492790 1543
1492800 1543
1492810 1542
1492820 1545
1492830 1545
1492840 1547
1492850 1551
1492860 1551
1492870 1555
1492880 1556
1492890 1556
1492900 1553
1492910 1548
1492920 1541
1492930 1541
1492940 1535
1492950 1527
1492960 1527
1492970 1521
1492980 1515
1492990 1515
1493000 1508
1493010 1502
1493020 1502
1493030 1497
1493040 1493
1493050 1493
1493060 1490
1493070 1488
1493080 1485
1493090 1485
1493100 1484
1493110 1482
1493120 1482
1493130 1479
1493140 1472
1493150 1472
1493160 1465
1493170 1457
1493180 1457
1493190 1452
1493200 1445
1493210 1445
1493220 1441
1493230 1444
1493240 1448
1493250 1448
1493260 1456
1493270 1464
1493280 1464
1493290 1477
1493300 1486
1493310 1486
1493320 1486
1493330 1481
1493340 1481
1493350 1478
1493360 1480
1493370 1480
1493380 1488
1493390 1496
1493400 1502
1493410 1502
1493420 1507
1493430 1506
1493440 1506
1493450 1504
1493460 1500
1493470 1500
1493480 1495
1493490 1490
1493500 1490
1493510 1489
1493520 1489
1493530 1489
1493540 1490
1493550 1490
1493560 1490
1493570 1490
1493580 1485
1493590 1481
1493600 1481
1493610 1479
1493620 1476
1493630 1476
1493640 1473
1493650 1469
1493660 1469
1493670 1465
1493680 1463
1493690 1463
1493700 1463
1493710 1460
1493720 1460
1493730 1458
1493740 1457
1493750 1455
1493760 1455
1493770 1451
1493780 1442
1493790 1442
1493800 1430
1493810 1419
1493820 1419
1493830 1410
1493840 1401
1493850 1401
1493860 1397
1493870 1397
1493880 1397
1493890 1396
1493900 1393
1493910 1384
1493920 1384
1493930 1383
1493940 1396
1493950 1396
1493960 1405
1493970 1419
1493980 1419
1493990 1434
1494000 1445
1494010 1445
1494020 1455
1494030 1459
1494040 1459
1494050 1461
1494060 1459
1494070 1457
1494080 1457
1494090 1454
1494100 1448
1494110 1448
1494120 1440
1494130 1433
1494140 1433
1494150 1428
1494160 1424
1494170 1424
1494180 1419
1494190 1417
1494200 1417
1494210 1416
1494220 1415
1494230 1411
1494240 1411
1494250 1406
1494260 1403
1494270 1403
1494280 1398
1494290 1394
1494300 1394
1494310 1389
1494320 1385
1494330 1385
1494340 1381
1494350 1377
1494360 1377
1494370 1374
1494380 1369
1494390 1364
1494400 1364
1494410 1359
1494420 1355
1494430 1355
1494440 1354
1494450 1354
1494460 1354
1494470 1355
1494480 1356
1494490 1356
1494500 1358
1494510 1359
1494520 1359
1494530 1359
1494540 1360
1494550 1361
1494560 1361
1494570 1362
1494580 1364
1494590 1364
1494600 1365
1494610 1368
1494620 1368
1494630 1371
1494640 1375
1494650 1375
1494660 1379
1494670 1382
1494680 1382
1494690 1383
1494700 1383
1494710 1383
1494720 1383
1494730 1383
1494740 1383
1494750 1383
1494760 1381
1494770 1379
1494780 1379
1494790 1375
1494800 1373
1494810 1373
1494820 1369
1494830 1364
1494840 1364
1494850 1360
1494860 1355
1494870 1355
1494880 1349
1494890 1343
1494900 1338
1494910 1338
1494920 1332
1494930 1326
1494940 1326
1494950 1321
1494960 1313
1494970 1313
1494980 1304
1494990 1296
1495000 1296
1495010 1290
1495020 1284
1495030 1284
1495040 1279
1495050 1271
1495060 1262
1495070 1262
1495080 1256
1495090 1254
1495100 1254
1495110 1250
1495120 1246
1495130 1246
1495140 1242
1495150 1237
1495160 1237
1495170 1232
1495180 1227
1495190 1227
1495200 1223
1495210 1217
1495220 1212
1495230 1212
1495240 1204
1495250 1195
1495260 1195
1495270 1187
1495280 1177
1495290 1177
1495300 1168
1495310 1160
1495320 1160
1495330 1151
1495340 1141
1495350 1141
1495360 1132
1495370 1125
1495380 1118
1495390 1118
1495400 1112
1495410 1108
1495420 1108
1495430 1105
1495440 1105
1495450 1105
1495460 1104
1495470 1098
1495480 1098
1495490 1088
1495500 1078
1495510 1078
1495520 1069
1495530 1062
1495540 1053
1495550 1053
1495560 1046
1495570 1043
1495580 1043
1495590 1035
1495600 1027
1495610 1027
1495620 1020
1495630 1012
1495640 1012
1495650 1004
1495660 997
1495670 997
1495680 989
1495690 982
1495700 976
1495710 976
1495720 970
1495730 965
1495740 965
1495750 961
1495760 957
1495770 957
1495780 952
1495790 947
1495800 947
1495810 942
1495820 934
1495830 934
1495840 929
1495850 927
1495860 927
1495870 927
1495880 927
1495890 930
1495900 930
1495910 938
1495920 944
1495930 944
1495940 949
1495950 955
1495960 955
1495970 960
1495980 965
1495990 965
1496000 970
1496010 976
1496020 976
1496030 982
1496040 987
1496050 990
1496060 990
1496070 994
1496080 998
1496090 998
1496100 1002
1496110 1007
1496120 1007
1496130 1013
1496140 1017
1496150 1017
1496160 1022
1496170 1026
1496180 1026
1496190 1032
1496200 1037
1496210 1042
1496220 1042
1496230 1049
1496240 1056
1496250 1056
1496260 1063
1496270 1071
1496280 1071
1496290 1079
1496300 1087
1496310 1087
1496320 1095
1496330 1102
1496340 1102
1496350 1111
1496360 1120
1496370 1126
1496380 1126
1496390 1133
1496400 1140
1496410 1140
1496420 1147
1496430 1153
1496440 1153
1496450 1160
1496460 1167
1496470 1167
1496480 1175
1496490 1181
1496500 1181
1496510 1187
1496520 1193
1496530 1199
1496540 1199
1496550 1204
1496560 1209
1496570 1209
1496580 1214
1496590 1218
1496600 1218
1496610 1222
1496620 1226
1496630 1226
1496640 1231
1496650 1235
1496660 1235
1496670 1239
1496680 1242
1496690 1245
1496700 1245
1496710 1249
1496720 1254
1496730 1254
1496740 1258
1496750 1264
1496760 1264
1496770 1271
1496780 1278
1496790 1278
1496800 1284
1496810 1292
1496820 1292
1496830 1299
1496840 1305
1496850 1312
1496860 1312
1496870 1318
1496880 1323
1496890 1323
1496900 1329
1496910 1334
1496920 1334
1496930 1339
1496940 1343
1496950 1343
1496960 1348
1496970 1351
1496980 1351
1496990 1355
1497000 1358
1497010 1362
1497020 1362
1497030 1365
1497040 1368
1497050 1368
1497060 1371
1497070 1375
1497080 1375
1497090 1379
1497100 1384
1497110 1384
1497120 1388
1497130 1391
1497140 1391
1497150 1394
1497160 1396
1497170 1399
1497180 1399
1497190 1402
1497200 1405
1497210 1405
1497220 1408
1497230 1410
1497240 1410
1497250 1413
1497260 1414
1497270 1414
1497280 1416
1497290 1416
1497300 1413
1497310 1414
1497320 1415
1497330 1415
1497340 1417
1497350 1418
1497360 1419
1497370 1419
1497380 1420
1497390 1420
1497400 1420
1497410 1421
1497420 1421
1497430 1421
1497440 1422
1497450 1422
1497460 1422
1497470 1422
1497480 1421
1497490 1421
1497500 1420
1497510 1420
1497520 1419
1497530 1419
1497540 1418
1497550 1417
1497560 1417
1497570 1417
1497580 1417
1497590 1417
1497600 1417
1497610 1417
1497620 1417
1497630 1415
1497640 1413
1497650 1413
1497660 1411
1497670 1410
1497680 1409
1497690 1409
1497700 1408
1497710 1407
1497720 1407
1497730 1408
1497740 1409
1497750 1409
1497760 1410
1497770 1411
1497780 1411
1497790 1414
1497800 1417
1497810 1417
1497820 1420
1497830 1424
1497840 1429
1497850 1429
1497860 1435
1497870 1440
1497880 1440
1497890 1445
1497900 1451
1497910 1451
1497920 1457
1497930 1460
1497940 1460
1497950 1462
1497960 1463
1497970 1463
1497980 1463
1497990 1463
1498000 1462
1498010 1462
1498020 1461
1498030 1461
1498040 1461
1498050 1461
1498060 1460
1498070 1460
1498080 1459
1498090 1458
1498100 1458
1498110 1457
1498120 1455
1498130 1455
1498140 1454
1498150 1452
1498160 1449
1498170 1449
1498180 1447
1498190 1445
1498200 1445
1498210 1443
1498220 1443
1498230 1443
1498240 1442
1498250 1440
1498260 1440
1498270 1439
1498280 1438
1498290 1438
1498300 1437
1498310 1436
1498320 1435
1498330 1435
1498340 1434
1498350 1433
1498360 1433
1498370 1432
1498380 1431
1498390 1431
1498400 1430
1498410 1430
1498420 1430
1498430 1429
1498440 1428
1498450 1428
1498460 1428
1498470 1427
1498480 1426
1498490 1426
1498500 1424
1498510 1423
1498520 1423
1498530 1421
1498540 1419
1498550 1419
1498560 1416
1498570 1412
1498580 1412
1498590 1408
1498600 1404
1498610 1404
1498620 1400
1498630 1397
1498640 1397
1498650 1394
1498660 1390
1498670 1386
1498680 1386
1498690 1382
1498700 1377
1498710 1377
1498720 1372
1498730 1366
1498740 1366
1498750 1361
1498760 1355
1498770 1355
1498780 1351
1498790 1348
1498800 1348
1498810 1344
1498820 1339
1498830 1334
1498840 1334
1498850 1329
1498860 1324
1498870 1324
1498880 1320
1498890 1315
1498900 1315
1498910 1310
1498920 1305
1498930 1305
1498940 1299
1498950 1293
1498960 1293
1498970 1288
1498980 1282
1498990 1276
1499000 1276
1499010 1270
1499020 1264
1499030 1264
1499040 1258
1499050 1251
1499060 1251
1499070 1247
1499080 1242
1499090 1242
1499100 1238
1499110 1232
1499120 1232
1499130 1226
1499140 1221
1499150 1217
1499160 1217
1499170 1212
1499180 1208
1499190 1208
1499200 1203
1499210 1196
1499220 1196
1499230 1189
1499240 1182
1499250 1182
1499260 1177
1499270 1170
1499280 1170
1499290 1164
1499300 1159
1499310 1156
1499320 1156
1499330 1152
1499340 1149
1499350 1149
1499360 1144
1499370 1140
1499380 1140
1499390 1136
1499400 1132
1499410 1132
1499420 1129
1499430 1127
1499440 1127
1499450 1124
1499460 1123
1499470 1122
1499480 1122
1499490 1123
1499500 1126
1499510 1126
1499520 1130
1499530 1133
1499540 1133
1499550 1134
1499560 1132
1499570 1132
1499580 1131
1499590 1130
1499600 1130
1499610 1129
1499620 1129
1499630 1129
1499640 1129
1499650 1130
1499660 1130
1499670 1130
1499680 1131
1499690 1131
1499700 1131
1499710 1132
1499720 1133
1499730 1133
1499740 1134
1499750 1135
1499760 1135
1499770 1135
1499780 1135
1499790 1135
1499800 1135
1499810 1137
1499820 1139
1499830 1139
1499840 1141
1499850 1143
1499860 1143
1499870 1145
1499880 1148
1499890 1148
1499900 1151
1499910 1153
1499920 1153
1499930 1156
1499940 1159
1499950 1159
1499960 1163
1499970 1166
1499980 1168
1499990 1168
