1480000 1350
1480010 1357
1480020 1357
1480030 1365
1480040 1374
1480050 1374
1480060 1383
1480070 1392
1480080 1392
1480090 1397
1480100 1403
1480110 1407
1480120 1407
1480130 1410
1480140 1412
1480150 1412
1480160 1415
1480170 1414
1480180 1414
1480190 1410
1480200 1408
1480210 1408
1480220 1410
1480230 1414
1480240 1414
1480250 1419
1480260 1420
1480270 1420
1480280 1420
1480290 1424
1480300 1426
1480310 1426
1480320 1420
1480330 1415
1480340 1415
1480350 1412
1480360 1406
1480370 1406
1480380 1400
1480390 1396
1480400 1396
1480410 1392
1480420 1388
1480430 1388
1480440 1384
1480450 1376
1480460 1368
1480470 1368
1480480 1361
1480490 1356
1480500 1356
1480510 1351
1480520 1345
1480530 1345
1480540 1339
1480550 1325
1480560 1325
1480570 1315
1480580 1309
1480590 1309
1480600 1303
1480610 1298
1480620 1293
1480630 1293
1480640 1287
1480650 1283
1480660 1283
1480670 1279
1480680 1275
1480690 1275
1480700 1272
1480710 1270
1480720 1270
1480730 1269
1480740 1268
1480750 1268
1480760 1265
1480770 1263
1480780 1260
1480790 1260
1480800 1256
1480810 1252
1480820 1252
1480830 1248
1480840 1244
1480850 1244
1480860 1238
1480870 1234
1480880 1234
1480890 1235
1480900 1232
1480910 1232
1480920 1229
1480930 1227
1480940 1227
1480950 1227
1480960 1227
1480970 1226
1480980 1226
1480990 1226
1481000 1227
1481010 1227
1481020 1230
1481030 1231
1481040 1231
1481050 1231
1481060 1231
1481070 1231
1481080 1231
1481090 1232
1481100 1232
1481110 1232
1481120 1232
1481130 1231
1481140 1231
1481150 1229
1481160 1227
1481170 1227
1481180 1224
1481190 1223
1481200 1223
1481210 1222
1481220 1219
1481230 1219
1481240 1215
1481250 1215
1481260 1218
1481270 1218
1481280 1219
1481290 1220
1481300 1220
1481310 1220
1481320 1219
1481330 1219
1481340 1218
1481350 1216
1481360 1216
1481370 1215
1481380 1216
1481390 1216
1481400 1216
1481410 1215
1481420 1213
1481430 1213
1481440 1213
1481450 1213
1481460 1213
1481470 1213
1481480 1214
1481490 1214
1481500 1215
1481510 1216
1481520 1216
1481530 1215
1481540 1213
1481550 1213
1481560 1211
1481570 1209
1481580 1209
1481590 1207
1481600 1204
1481610 1205
1481620 1205
1481630 1206
1481640 1207
1481650 1207
1481660 1207
1481670 1207
1481680 1207
1481690 1207
1481700 1207
1481710 1207
1481720 1207
1481730 1207
1481740 1207
1481750 1206
1481760 1207
1481770 1209
1481780 1209
1481790 1209
1481800 1208
1481810 1208
1481820 1206
1481830 1204
1481840 1204
1481850 1204
1481860 1204
1481870 1204
1481880 1205
1481890 1207
1481900 1207
1481910 1207
1481920 1201
1481930 1200
1481940 1200
1481950 1208
1481960 1214
1481970 1214
1481980 1218
1481990 1221
1482000 1221
1482010 1223
1482020 1225
1482030 1225
1482040 1226
1482050 1227
1482060 1227
1482070 1228
1482080 1229
1482090 1231
1482100 1231
1482110 1234
1482120 1235
1482130 1235
1482140 1237
1482150 1240
1482160 1240
1482170 1242
1482180 1243
1482190 1243
1482200 1244
1482210 1244
1482220 1244
1482230 1244
1482240 1246
1482250 1248
1482260 1248
1482270 1250
1482280 1254
1482290 1254
1482300 1256
1482310 1259
1482320 1259
1482330 1261
1482340 1265
1482350 1265
1482360 1269
1482370 1270
1482380 1270
1482390 1270
1482400 1272
1482410 1275
1482420 1275
1482430 1279
1482440 1283
1482450 1283
1482460 1285
1482470 1286
1482480 1286
1482490 1286
1482500 1285
1482510 1285
1482520 1283
1482530 1282
1482540 1282
1482550 1284
1482560 1286
1482570 1286
1482580 1286
1482590 1286
1482600 1288
1482610 1288
1482620 1292
1482630 1294
1482640 1294
1482650 1296
1482660 1298
1482670 1298
1482680 1300
1482690 1302
1482700 1302
1482710 1304
1482720 1305
1482730 1305
1482740 1306
1482750 1305
1482760 1304
1482770 1304
1482780 1304
1482790 1304
1482800 1304
1482810 1305
1482820 1305
1482830 1305
1482840 1305
1482850 1306
1482860 1306
1482870 1307
1482880 1308
1482890 1308
1482900 1310
1482910 1311
1482920 1313
1482930 1313
1482940 1315
1482950 1318
1482960 1318
1482970 1320
1482980 1321
1482990 1321
1483000 1323
1483010 1324
1483020 1324
1483030 1324
1483040 1325
1483050 1325
1483060 1326
1483070 1326
1483080 1326
1483090 1326
1483100 1325
1483110 1323
1483120 1323
1483130 1321
1483140 1319
1483150 1319
1483160 1317
1483170 1315
1483180 1315
1483190 1314
1483200 1313
1483210 1313
1483220 1312
1483230 1311
1483240 1309
1483250 1309
1483260 1308
1483270 1307
1483280 1307
1483290 1304
1483300 1301
1483310 1301
1483320 1299
1483330 1297
1483340 1297
1483350 1296
1483360 1294
1483370 1294
1483380 1292
1483390 1290
1483400 1287
1483410 1287
1483420 1283
1483430 1279
1483440 1279
1483450 1276
1483460 1272
1483470 1272
1483480 1268
1483490 1264
1483500 1264
1483510 1259
1483520 1253
1483530 1253
1483540 1249
1483550 1244
1483560 1239
1483570 1239
1483580 1234
1483590 1228
1483600 1228
1483610 1221
1483620 1215
1483630 1215
1483640 1210
1483650 1204
1483660 1204
1483670 1198
1483680 1192
1483690 1192
1483700 1189
1483710 1185
1483720 1185
1483730 1179
1483740 1177
1483750 1175
1483760 1175
1483770 1171
1483780 1169
1483790 1169
1483800 1167
1483810 1162
1483820 1162
1483830 1154
1483840 1150
1483850 1150
1483860 1150
1483870 1154
1483880 1154
1483890 1163
1483900 1173
1483910 1182
1483920 1182
1483930 1189
1483940 1196
1483950 1196
1483960 1203
1483970 1211
1483980 1211
1483990 1218
1484000 1226
1484010 1226
1484020 1233
1484030 1240
1484040 1240
1484050 1245
1484060 1250
1484070 1256
1484080 1256
1484090 1260
1484100 1263
1484110 1263
1484120 1266
1484130 1267
1484140 1267
1484150 1269
1484160 1270
1484170 1270
1484180 1272
1484190 1274
1484200 1274
1484210 1276
1484220 1277
1484230 1277
1484240 1277
1484250 1277
1484260 1278
1484270 1278
1484280 1278
1484290 1279
1484300 1279
1484310 1279
1484320 1280
1484330 1280
1484340 1280
1484350 1281
1484360 1281
1484370 1281
1484380 1281
1484390 1281
1484400 1281
1484410 1281
1484420 1281
1484430 1281
1484440 1281
1484450 1280
1484460 1280
1484470 1280
1484480 1280
1484490 1280
1484500 1281
1484510 1281
1484520 1281
1484530 1281
1484540 1280
1484550 1280
1484560 1280
1484570 1279
1484580 1279
1484590 1279
1484600 1279
1484610 1278
1484620 1278
1484630 1278
1484640 1278
1484650 1278
1484660 1279
1484670 1279
1484680 1279
1484690 1280
1484700 1280
1484710 1280
1484720 1280
1484730 1280
1484740 1280
1484750 1280
1484760 1280
1484770 1279
1484780 1279
1484790 1278
1484800 1276
1484810 1276
1484820 1274
1484830 1272
1484840 1272
1484850 1270
1484860 1268
1484870 1268
1484880 1265
1484890 1261
1484900 1258
1484910 1258
1484920 1254
1484930 1250
1484940 1250
1484950 1245
1484960 1240
1484970 1240
1484980 1235
1484990 1229
1485000 1229
1485010 1224
1485020 1218
1485030 1218
1485040 1212
1485050 1206
1485060 1200
1485070 1200
1485080 1194
1485090 1188
1485100 1188
1485110 1180
1485120 1170
1485130 1170
1485140 1159
1485150 1148
1485160 1148
1485170 1143
1485180 1143
1485190 1143
1485200 1147
1485210 1158
1485220 1166
1485230 1166
1485240 1172
1485250 1178
1485260 1178
1485270 1185
1485280 1191
1485290 1191
1485300 1196
1485310 1199
1485320 1199
1485330 1201
1485340 1203
1485350 1203
1485360 1203
1485370 1204
1485380 1204
1485390 1204
1485400 1204
1485410 1204
1485420 1204
1485430 1205
1485440 1205
1485450 1205
1485460 1206
1485470 1207
1485480 1207
1485490 1208
1485500 1209
1485510 1209
1485520 1210
1485530 1210
1485540 1211
1485550 1211
1485560 1212
1485570 1212
1485580 1212
1485590 1213
1485600 1213
1485610 1213
1485620 1213
1485630 1213
1485640 1213
1485650 1212
1485660 1213
1485670 1213
1485680 1213
1485690 1213
1485700 1212
1485710 1212
1485720 1211
1485730 1210
1485740 1210
1485750 1209
1485760 1208
1485770 1208
1485780 1206
1485790 1205
1485800 1205
1485810 1203
1485820 1201
1485830 1201
1485840 1200
1485850 1200
1485860 1200
1485870 1200
1485880 1199
1485890 1196
1485900 1196
1485910 1194
1485920 1191
1485930 1191
1485940 1188
1485950 1185
1485960 1185
1485970 1182
1485980 1179
1485990 1179
1486000 1177
1486010 1176
1486020 1176
1486030 1173
1486040 1170
1486050 1167
1486060 1167
1486070 1163
1486080 1160
1486090 1160
1486100 1157
1486110 1153
1486120 1153
1486130 1149
1486140 1145
1486150 1145
1486160 1141
1486170 1137
1486180 1137
1486190 1132
1486200 1129
1486210 1125
1486220 1125
1486230 1121
1486240 1119
1486250 1119
1486260 1117
1486270 1112
1486280 1112
1486290 1109
1486300 1105
1486310 1105
1486320 1102
1486330 1098
1486340 1098
1486350 1095
1486360 1092
1486370 1089
1486380 1089
1486390 1084
1486400 1080
1486410 1080
1486420 1076
1486430 1072
1486440 1072
1486450 1067
1486460 1063
1486470 1063
1486480 1057
1486490 1052
1486500 1052
1486510 1046
1486520 1041
1486530 1037
1486540 1037
1486550 1032
1486560 1025
1486570 1025
1486580 1022
1486590 1021
1486600 1021
1486610 1025
1486620 1034
1486630 1034
1486640 1039
1486650 1040
1486660 1040
1486670 1041
1486680 1040
1486690 1039
1486700 1039
1486710 1037
1486720 1035
1486730 1035
1486740 1035
1486750 1034
1486760 1034
1486770 1031
1486780 1025
1486790 1025
1486800 1019
1486810 1018
1486820 1018
1486830 1020
1486840 1020
1486850 1019
1486860 1019
1486870 1020
1486880 1023
1486890 1023
1486900 1030
1486910 1035
1486920 1035
1486930 1039
1486940 1043
1486950 1043
1486960 1047
1486970 1050
1486980 1050
1486990 1054
1487000 1058
1487010 1062
1487020 1062
1487030 1066
1487040 1069
1487050 1069
1487060 1074
1487070 1078
1487080 1078
1487090 1084
1487100 1090
1487110 1090
1487120 1096
1487130 1102
1487140 1102
1487150 1108
1487160 1115
1487170 1115
1487180 1120
1487190 1124
1487200 1128
1487210 1128
1487220 1132
1487230 1136
1487240 1136
1487250 1140
1487260 1144
1487270 1144
1487280 1149
1487290 1154
1487300 1154
1487310 1159
1487320 1163
1487330 1163
1487340 1168
1487350 1173
1487360 1178
1487370 1178
1487380 1184
1487390 1190
1487400 1190
1487410 1196
1487420 1202
1487430 1202
1487440 1208
1487450 1212
1487460 1212
1487470 1217
1487480 1222
1487490 1222
1487500 1226
1487510 1231
1487520 1236
1487530 1236
1487540 1241
1487550 1247
1487560 1247
1487570 1253
1487580 1260
1487590 1260
1487600 1268
1487610 1275
1487620 1275
1487630 1280
1487640 1285
1487650 1285
1487660 1290
1487670 1294
1487680 1300
1487690 1300
1487700 1306
1487710 1312
1487720 1312
1487730 1317
1487740 1321
1487750 1321
1487760 1325
1487770 1326
1487780 1326
1487790 1326
1487800 1327
1487810 1327
1487820 1327
1487830 1328
1487840 1329
1487850 1329
1487860 1330
1487870 1330
1487880 1330
1487890 1329
1487900 1328
1487910 1328
1487920 1328
1487930 1329
1487940 1329
1487950 1330
1487960 1332
1487970 1332
1487980 1332
1487990 1332
1488000 1330
1488010 1330
1488020 1329
1488030 1327
1488040 1327
1488050 1327
1488060 1328
1488070 1328
1488080 1328
1488090 1328
1488100 1328
1488110 1327
1488120 1327
1488130 1327
1488140 1327
1488150 1327
1488160 1327
1488170 1327
1488180 1326
1488190 1324
1488200 1324
1488210 1322
1488220 1318
1488230 1318
1488240 1316
1488250 1314
1488260 1314
1488270 1315
1488280 1317
1488290 1317
1488300 1319
1488310 1320
1488320 1320
1488330 1321
1488340 1323
1488350 1325
1488360 1325
1488370 1326
1488380 1328
1488390 1328
1488400 1330
1488410 1331
1488420 1331
1488430 1333
1488440 1335
1488450 1335
1488460 1338
1488470 1340
1488480 1340
1488490 1342
1488500 1343
1488510 1345
1488520 1345
1488530 1346
1488540 1347
1488550 1347
1488560 1349
1488570 1352
1488580 1352
1488590 1354
1488600 1357
1488610 1357
1488620 1358
1488630 1359
1488640 1359
1488650 1358
1488660 1354
1488670 1349
1488680 1349
1488690 1348
1488700 1346
1488710 1346
1488720 1344
1488730 1341
1488740 1341
1488750 1338
1488760 1334
1488770 1334
1488780 1331
1488790 1326
1488800 1326
1488810 1322
1488820 1319
1488830 1314
1488840 1314
1488850 1310
1488860 1308
1488870 1308
1488880 1310
1488890 1311
1488900 1311
1488910 1310
1488920 1309
1488930 1309
1488940 1308
1488950 1307
1488960 1307
1488970 1305
1488980 1304
1488990 1302
1489000 1302
1489010 1299
1489020 1296
1489030 1296
1489040 1295
1489050 1295
1489060 1295
1489070 1294
1489080 1293
1489090 1293
1489100 1291
1489110 1289
1489120 1289
1489130 1288
1489140 1285
1489150 1282
1489160 1282
1489170 1280
1489180 1281
1489190 1281
1489200 1281
1489210 1280
1489220 1280
1489230 1278
1489240 1276
1489250 1276
1489260 1272
1489270 1273
1489280 1273
1489290 1277
1489300 1282
1489310 1284
1489320 1284
1489330 1285
1489340 1285
1489350 1285
1489360 1283
1489370 1283
1489380 1283
1489390 1285
1489400 1285
1489410 1285
1489420 1284
1489430 1284
1489440 1284
1489450 1286
1489460 1287
1489470 1287
1489480 1286
1489490 1286
1489500 1284
1489510 1284
1489520 1282
1489530 1280
1489540 1280
1489550 1276
1489560 1273
1489570 1273
1489580 1269
1489590 1265
1489600 1265
1489610 1263
1489620 1262
1489630 1262
1489640 1260
1489650 1255
1489660 1250
1489670 1250
1489680 1245
1489690 1243
1489700 1243
1489710 1241
1489720 1235
1489730 1235
1489740 1228
1489750 1227
1489760 1227
1489770 1229
1489780 1233
1489790 1233
1489800 1239
1489810 1243
1489820 1247
1489830 1247
1489840 1246
1489850 1247
1489860 1247
1489870 1249
1489880 1251
1489890 1251
1489900 1254
1489910 1254
1489920 1254
1489930 1253
1489940 1252
1489950 1252
1489960 1251
1489970 1247
1489980 1250
1489990 1250
1490000 1252
1490010 1255
1490020 1255
1490030 1254
1490040 1249
1490050 1249
1490060 1245
1490070 1241
1490080 1241
1490090 1236
1490100 1231
1490110 1231
1490120 1236
1490130 1238
1490140 1240
1490150 1240
1490160 1241
1490170 1247
1490180 1247
1490190 1256
1490200 1264
1490210 1264
1490220 1265
1490230 1260
1490240 1260
1490250 1257
1490260 1256
1490270 1256
1490280 1259
1490290 1265
1490300 1269
1490310 1269
1490320 1270
1490330 1269
1490340 1269
1490350 1268
1490360 1267
1490370 1267
1490380 1267
1490390 1267
1490400 1267
1490410 1266
1490420 1265
1490430 1265
1490440 1264
1490450 1260
1490460 1254
1490470 1254
1490480 1250
1490490 1249
1490500 1249
1490510 1247
1490520 1239
1490530 1239
1490540 1230
1490550 1219
1490560 1219
1490570 1206
1490580 1205
1490590 1205
1490600 1211
1490610 1216
1490620 1216
1490630 1224
1490640 1232
1490650 1239
1490660 1239
1490670 1238
1490680 1238
1490690 1238
1490700 1246
1490710 1250
1490720 1250
1490730 1255
1490740 1260
1490750 1260
1490760 1260
1490770 1254
1490780 1254
1490790 1249
1490800 1241
1490810 1237
1490820 1237
1490830 1240
1490840 1247
1490850 1247
1490860 1255
1490870 1262
1490880 1262
1490890 1265
1490900 1269
1490910 1269
1490920 1275
1490930 1279
1490940 1279
1490950 1279
1490960 1281
1490970 1280
1490980 1280
1490990 1284
1491000 1285
1491010 1285
1491020 1281
1491030 1281
1491040 1281
1491050 1277
1491060 1275
1491070 1275
1491080 1270
1491090 1263
1491100 1263
1491110 1263
1491120 1275
1491130 1287
1491140 1287
1491150 1296
1491160 1302
1491170 1302
1491180 1304
1491190 1305
1491200 1305
1491210 1306
1491220 1307
1491230 1307
1491240 1307
1491250 1312
1491260 1312
1491270 1314
1491280 1312
1491290 1307
1491300 1307
1491310 1305
1491320 1305
1491330 1305
1491340 1309
1491350 1319
1491360 1319
1491370 1323
1491380 1323
1491390 1323
1491400 1321
1491410 1320
1491420 1320
1491430 1316
1491440 1316
1491450 1317
1491460 1317
1491470 1315
1491480 1314
1491490 1314
1491500 1312
1491510 1310
1491520 1310
1491530 1307
1491540 1304
1491550 1304
1491560 1300
1491570 1311
1491580 1311
1491590 1325
1491600 1334
1491610 1342
1491620 1342
1491630 1349
1491640 1355
1491650 1355
1491660 1362
1491670 1366
1491680 1366
1491690 1367
1491700 1366
1491710 1366
1491720 1365
1491730 1362
1491740 1362
1491750 1358
1491760 1355
1491770 1355
1491780 1354
1491790 1352
1491800 1353
1491810 1353
1491820 1354
1491830 1355
1491840 1355
1491850 1353
1491860 1349
1491870 1349
1491880 1344
1491890 1339
1491900 1339
1491910 1337
1491920 1335
1491930 1335
1491940 1329
1491950 1322
1491960 1311
1491970 1311
1491980 1296
1491990 1282
1492000 1282
1492010 1281
1492020 1298
1492030 1298
1492040 1313
1492050 1329
1492060 1329
1492070 1343
1492080 1354
1492090 1354
1492100 1355
1492110 1358
1492120 1359
1492130 1359
1492140 1360
1492150 1359
1492160 1359
1492170 1359
1492180 1363
1492190 1363
1492200 1366
1492210 1366
1492220 1366
1492230 1364
1492240 1361
1492250 1361
1492260 1359
1492270 1357
1492280 1354
1492290 1354
1492300 1351
1492310 1347
1492320 1347
1492330 1341
1492340 1334
1492350 1334
1492360 1333
1492370 1331
1492380 1331
1492390 1329
1492400 1334
1492410 1334
1492420 1333
1492430 1325
1492440 1317
1492450 1317
1492460 1312
1492470 1304
1492480 1304
1492490 1305
1492500 1317
1492510 1317
1492520 1327
1492530 1330
1492540 1330
1492550 1336
1492560 1342
1492570 1342
1492580 1346
1492590 1347
1492600 1346
1492610 1346
1492620 1344
1492630 1342
1492640 1342
1492650 1340
1492660 1337
1492670 1337
1492680 1335
1492690 1333
1492700 1333
1492710 1327
1492720 1319
1492730 1319
1492740 1308
1492750 1297
1492760 1283
1492770 1283
1492780 1276
1492790 1275
1492800 1275
1492810 1273
1492820 1269
1492830 1269
1492840 1264
1492850 1260
1492860 1260
1492870 1254
1492880 1250
1492890 1250
1492900 1251
1492910 1251
1492920 1251
1492930 1256
1492940 1253
1492950 1249
1492960 1249
1492970 1245
1492980 1244
1492990 1244
1493000 1243
1493010 1239
1493020 1239
1493030 1246
1493040 1256
1493050 1256
1493060 1251
1493070 1242
1493080 1242
1493090 1247
1493100 1259
1493110 1266
1493120 1266
1493130 1273
1493140 1281
1493150 1281
1493160 1280
1493170 1272
1493180 1272
1493190 1264
1493200 1253
1493210 1253
1493220 1242
1493230 1231
1493240 1231
1493250 1222
1493260 1214
1493270 1209
1493280 1209
1493290 1206
1493300 1202
1493310 1202
1493320 1194
1493330 1198
1493340 1198
1493350 1207
1493360 1210
1493370 1210
1493380 1217
1493390 1224
1493400 1224
1493410 1230
1493420 1237
1493430 1245
1493440 1245
1493450 1247
1493460 1246
1493470 1246
1493480 1247
1493490 1246
1493500 1246
1493510 1249
1493520 1251
1493530 1251
1493540 1248
1493550 1246
1493560 1246
1493570 1242
1493580 1240
1493590 1240
1493600 1240
1493610 1236
1493620 1229
1493630 1229
1493640 1220
1493650 1213
1493660 1213
1493670 1204
1493680 1194
1493690 1194
1493700 1189
1493710 1189
1493720 1189
1493730 1183
1493740 1172
1493750 1157
1493760 1157
1493770 1145
1493780 1144
1493790 1144
1493800 1157
1493810 1172
1493820 1172
1493830 1183
1493840 1191
1493850 1191
1493860 1195
1493870 1200
1493880 1200
1493890 1206
1493900 1212
1493910 1215
1493920 1215
1493930 1214
1493940 1212
1493950 1212
1493960 1209
1493970 1205
1493980 1205
1493990 1202
1494000 1199
1494010 1199
1494020 1190
1494030 1185
1494040 1185
1494050 1183
1494060 1196
1494070 1196
1494080 1204
1494090 1206
1494100 1207
1494110 1207
1494120 1208
1494130 1209
1494140 1209
1494150 1210
1494160 1213
1494170 1213
1494180 1216
1494190 1218
1494200 1218
1494210 1215
1494220 1213
1494230 1213
1494240 1214
1494250 1214
1494260 1210
1494270 1210
1494280 1206
1494290 1212
1494300 1212
1494310 1219
1494320 1227
1494330 1227
1494340 1238
1494350 1249
1494360 1249
1494370 1261
1494380 1269
1494390 1269
1494400 1273
1494410 1278
1494420 1281
1494430 1281
1494440 1282
1494450 1284
1494460 1284
1494470 1285
1494480 1286
1494490 1286
1494500 1287
1494510 1288
1494520 1288
1494530 1288
1494540 1288
1494550 1288
1494560 1288
1494570 1288
1494580 1288
1494590 1288
1494600 1288
1494610 1287
1494620 1287
1494630 1287
1494640 1285
1494650 1285
1494660 1284
1494670 1283
1494680 1281
1494690 1280
1494700 1280
1494710 1280
1494720 1280
1494730 1279
1494740 1278
1494750 1278
1494760 1274
1494770 1270
1494780 1270
1494790 1266
1494800 1262
1494810 1262
1494820 1258
1494830 1254
1494840 1254
1494850 1252
1494860 1252
1494870 1252
1494880 1252
1494890 1252
1494900 1253
1494910 1253
1494920 1253
1494930 1252
1494940 1252
1494950 1252
1494960 1249
1494970 1249
1494980 1244
1494990 1240
1495000 1240
1495010 1235
1495020 1230
1495030 1230
1495040 1226
1495050 1224
1495060 1224
1495070 1224
1495080 1223
1495090 1221
1495100 1221
1495110 1219
1495120 1216
1495130 1216
1495140 1214
1495150 1211
1495160 1211
1495170 1206
1495180 1201
1495190 1201
1495200 1197
1495210 1195
1495220 1195
1495230 1193
1495240 1189
1495250 1184
1495260 1184
1495270 1178
1495280 1171
1495290 1171
1495300 1163
1495310 1157
1495320 1157
1495330 1151
1495340 1144
1495350 1144
1495360 1138
1495370 1132
1495380 1132
1495390 1126
1495400 1121
1495410 1116
1495420 1116
1495430 1111
1495440 1101
1495450 1101
1495460 1094
1495470 1090
1495480 1090
1495490 1083
1495500 1076
1495510 1076
1495520 1071
1495530 1066
1495540 1066
1495550 1062
1495560 1057
1495570 1051
1495580 1051
1495590 1045
1495600 1040
1495610 1040
1495620 1034
1495630 1027
1495640 1027
1495650 1018
1495660 1011
1495670 1011
1495680 1004
1495690 999
1495700 999
1495710 994
1495720 988
1495730 985
1495740 985
1495750 984
1495760 983
1495770 983
1495780 982
1495790 980
1495800 980
1495810 980
1495820 980
1495830 980
1495840 979
1495850 978
1495860 978
1495870 978
1495880 977
1495890 975
1495900 975
1495910 973
1495920 974
1495930 974
1495940 975
1495950 974
1495960 974
1495970 972
1495980 968
1495990 968
1496000 954
1496010 939
1496020 939
1496030 935
1496040 926
1496050 922
1496060 922
1496070 919
1496080 918
1496090 918
1496100 917
1496110 916
1496120 916
1496130 918
1496140 921
1496150 921
1496160 924
1496170 929
1496180 929
1496190 930
1496200 938
1496210 947
1496220 947
1496230 957
1496240 962
1496250 962
1496260 962
1496270 965
1496280 965
1496290 969
1496300 968
1496310 968
1496320 966
1496330 975
1496340 975
1496350 999
1496360 1016
1496370 1016
1496380 1030
1496390 1045
1496400 1053
1496410 1053
1496420 1058
1496430 1063
1496440 1063
1496450 1069
1496460 1076
1496470 1076
1496480 1082
1496490 1090
1496500 1090
1496510 1098
1496520 1105
1496530 1105
1496540 1111
1496550 1114
1496560 1117
1496570 1117
1496580 1119
1496590 1122
1496600 1122
1496610 1125
1496620 1131
1496630 1131
1496640 1138
1496650 1145
1496660 1145
1496670 1151
1496680 1158
1496690 1158
1496700 1165
1496710 1172
1496720 1180
1496730 1180
1496740 1188
1496750 1196
1496760 1196
1496770 1203
1496780 1209
1496790 1209
1496800 1214
1496810 1220
1496820 1220
1496830 1225
1496840 1230
1496850 1230
1496860 1233
1496870 1238
1496880 1243
1496890 1243
1496900 1249
1496910 1254
1496920 1254
1496930 1257
1496940 1260
1496950 1260
1496960 1264
1496970 1268
1496980 1268
1496990 1271
1497000 1273
1497010 1273
1497020 1274
1497030 1274
1497040 1274
1497050 1274
1497060 1275
1497070 1274
1497080 1274
1497090 1271
1497100 1269
1497110 1269
1497120 1266
1497130 1263
1497140 1263
1497150 1262
1497160 1264
1497170 1264
1497180 1267
1497190 1273
1497200 1279
1497210 1279
1497220 1283
1497230 1286
1497240 1286
1497250 1287
1497260 1288
1497270 1288
1497280 1288
1497290 1287
1497300 1287
1497310 1289
1497320 1289
1497330 1289
1497340 1287
1497350 1284
1497360 1277
1497370 1277
1497380 1267
1497390 1260
1497400 1260
1497410 1250
1497420 1242
1497430 1242
1497440 1238
1497450 1238
1497460 1238
1497470 1244
1497480 1250
1497490 1250
1497500 1249
1497510 1247
1497520 1247
1497530 1241
1497540 1234
1497550 1226
1497560 1226
1497570 1223
1497580 1219
1497590 1219
1497600 1217
1497610 1221
1497620 1221
1497630 1225
1497640 1229
1497650 1229
1497660 1235
1497670 1240
1497680 1240
1497690 1250
1497700 1260
1497710 1271
1497720 1271
1497730 1279
1497740 1288
1497750 1288
1497760 1297
1497770 1306
1497780 1306
1497790 1313
1497800 1320
1497810 1320
1497820 1327
1497830 1335
1497840 1335
1497850 1343
1497860 1350
1497870 1356
1497880 1356
1497890 1363
1497900 1370
1497910 1370
1497920 1376
1497930 1380
1497940 1380
1497950 1382
1497960 1382
1497970 1382
1497980 1380
1497990 1376
1498000 1376
1498010 1370
1498020 1365
1498030 1363
1498040 1363
1498050 1364
1498060 1367
1498070 1367
1498080 1371
1498090 1374
1498100 1374
1498110 1377
1498120 1379
1498130 1379
1498140 1382
1498150 1385
1498160 1385
1498170 1388
1498180 1389
1498190 1389
1498200 1389
1498210 1386
1498220 1383
1498230 1383
1498240 1378
1498250 1372
1498260 1372
1498270 1368
1498280 1370
1498290 1370
1498300 1372
1498310 1373
1498320 1373
1498330 1374
1498340 1374
1498350 1374
1498360 1374
1498370 1373
1498380 1371
1498390 1371
1498400 1366
1498410 1360
1498420 1360
1498430 1356
1498440 1359
1498450 1359
1498460 1360
1498470 1361
1498480 1361
1498490 1361
1498500 1359
1498510 1356
1498520 1356
1498530 1354
1498540 1351
1498550 1351
1498560 1345
1498570 1340
1498580 1340
1498590 1334
1498600 1328
1498610 1328
1498620 1322
1498630 1319
1498640 1319
1498650 1319
1498660 1318
1498670 1318
1498680 1317
1498690 1316
1498700 1315
1498710 1315
1498720 1314
1498730 1312
1498740 1312
1498750 1308
1498760 1302
1498770 1302
1498780 1295
1498790 1288
1498800 1288
1498810 1290
1498820 1294
1498830 1294
1498840 1291
1498850 1290
1498860 1293
1498870 1293
1498880 1292
1498890 1289
1498900 1289
1498910 1285
1498920 1277
1498930 1277
1498940 1267
1498950 1259
1498960 1259
1498970 1253
1498980 1245
1498990 1245
1499000 1236
1499010 1228
1499020 1230
1499030 1230
1499040 1230
1499050 1226
1499060 1226
1499070 1220
1499080 1214
1499090 1214
1499100 1209
1499110 1207
1499120 1207
1499130 1201
1499140 1190
1499150 1190
1499160 1181
1499170 1175
1499180 1171
1499190 1171
1499200 1163
1499210 1158
1499220 1158
1499230 1153
1499240 1147
1499250 1147
1499260 1140
1499270 1134
1499280 1134
1499290 1128
1499300 1122
1499310 1122
1499320 1116
1499330 1111
1499340 1106
1499350 1106
1499360 1102
1499370 1097
1499380 1097
1499390 1092
1499400 1088
1499410 1088
1499420 1085
1499430 1082
1499440 1082
1499450 1079
1499460 1077
1499470 1077
1499480 1075
1499490 1075
1499500 1076
1499510 1076
1499520 1077
1499530 1078
1499540 1078
1499550 1079
1499560 1081
1499570 1081
1499580 1082
1499590 1083
1499600 1083
1499610 1084
1499620 1085
1499630 1085
1499640 1086
1499650 1087
1499660 1089
1499670 1089
1499680 1093
1499690 1098
1499700 1098
1499710 1102
1499720 1104
1499730 1104
1499740 1106
1499750 1106
1499760 1106
1499770 1107
1499780 1108
1499790 1108
1499800 1107
1499810 1108
1499820 1108
1499830 1108
1499840 1109
1499850 1111
1499860 1111
1499870 1113
1499880 1117
1499890 1117
1499900 1120
1499910 1123
1499920 1123
1499930 1127
1499940 1130
1499950 1130
1499960 1131
1499970 1132
1499980 1132
1499990 1133
