1480000 1033
1480010 1033
1480020 1033
1480030 1032
1480040 1031
1480050 1031
1480060 1030
1480070 1028
1480080 1026
1480090 1026
1480100 1019
1480110 1022
1480120 1022
1480130 1026
1480140 1027
1480150 1027
1480160 1027
1480170 1028
1480180 1028
1480190 1025
1480200 1030
1480210 1030
1480220 1035
1480230 1039
1480240 1043
1480250 1043
1480260 1048
1480270 1053
1480280 1053
1480290 1057
1480300 1059
1480310 1059
1480320 1061
1480330 1062
1480340 1062
1480350 1063
1480360 1066
1480370 1066
1480380 1070
1480390 1074
1480400 1074
1480410 1076
1480420 1078
1480430 1079
1480440 1079
1480450 1080
1480460 1080
1480470 1080
1480480 1079
1480490 1079
1480500 1079
1480510 1080
1480520 1079
1480530 1079
1480540 1080
1480550 1081
1480560 1081
1480570 1079
1480580 1076
1480590 1072
1480600 1072
1480610 1065
1480620 1059
1480630 1059
1480640 1065
1480650 1069
1480660 1069
1480670 1069
1480680 1071
1480690 1071
1480700 1075
1480710 1079
1480720 1079
1480730 1081
1480740 1081
1480750 1080
1480760 1080
1480770 1080
1480780 1077
1480790 1077
1480800 1076
1480810 1077
1480820 1077
1480830 1077
1480840 1079
1480850 1079
1480860 1079
1480870 1080
1480880 1080
1480890 1080
1480900 1083
1480910 1088
1480920 1088
1480930 1091
1480940 1092
1480950 1092
1480960 1092
1480970 1091
1480980 1091
1480990 1088
1481000 1084
1481010 1084
1481020 1083
1481030 1083
1481040 1083
1481050 1082
1481060 1081
1481070 1080
1481080 1080
1481090 1079
1481100 1079
1481110 1079
1481120 1079
1481130 1078
1481140 1078
1481150 1077
1481160 1073
1481170 1073
1481180 1069
1481190 1064
1481200 1064
1481210 1062
1481220 1058
1481230 1057
1481240 1057
1481250 1058
1481260 1055
1481270 1055
1481280 1055
1481290 1053
1481300 1053
1481310 1050
1481320 1055
1481330 1055
1481340 1066
1481350 1071
1481360 1071
1481370 1075
1481380 1077
1481390 1077
1481400 1080
1481410 1077
1481420 1078
1481430 1078
1481440 1079
1481450 1078
1481460 1078
1481470 1075
1481480 1074
1481490 1074
1481500 1076
1481510 1076
1481520 1076
1481530 1075
1481540 1074
1481550 1074
1481560 1075
1481570 1075
1481580 1076
1481590 1076
1481600 1076
1481610 1076
1481620 1076
1481630 1077
1481640 1077
1481650 1077
1481660 1077
1481670 1076
1481680 1076
1481690 1074
1481700 1071
1481710 1071
1481720 1068
1481730 1065
1481740 1065
1481750 1065
1481760 1064
1481770 1063
1481780 1063
1481790 1062
1481800 1062
1481810 1062
1481820 1062
1481830 1061
1481840 1061
1481850 1060
1481860 1060
1481870 1060
1481880 1063
1481890 1064
1481900 1065
1481910 1065
1481920 1066
1481930 1066
1481940 1066
1481950 1067
1481960 1068
1481970 1068
1481980 1069
1481990 1069
1482000 1069
1482010 1068
1482020 1066
1482030 1066
1482040 1061
1482050 1052
1482060 1057
1482070 1057
1482080 1066
1482090 1070
1482100 1070
1482110 1068
1482120 1063
1482130 1063
1482140 1063
1482150 1067
1482160 1067
1482170 1070
1482180 1072
1482190 1072
1482200 1072
1482210 1072
1482220 1072
1482230 1072
1482240 1072
1482250 1073
1482260 1073
1482270 1073
1482280 1073
1482290 1073
1482300 1074
1482310 1075
1482320 1075
1482330 1075
1482340 1072
1482350 1072
1482360 1070
1482370 1068
1482380 1068
1482390 1064
1482400 1064
1482410 1067
1482420 1067
1482430 1072
1482440 1076
1482450 1076
1482460 1076
1482470 1075
1482480 1075
1482490 1073
1482500 1071
1482510 1071
1482520 1070
1482530 1068
1482540 1068
1482550 1066
1482560 1063
1482570 1060
1482580 1060
1482590 1057
1482600 1056
1482610 1056
1482620 1054
1482630 1053
1482640 1053
1482650 1052
1482660 1050
1482670 1050
1482680 1049
1482690 1048
1482700 1048
1482710 1047
1482720 1047
1482730 1048
1482740 1048
1482750 1048
1482760 1048
1482770 1048
1482780 1048
1482790 1047
1482800 1047
1482810 1046
1482820 1045
1482830 1045
1482840 1045
1482850 1044
1482860 1044
1482870 1043
1482880 1042
1482890 1041
1482900 1041
1482910 1040
1482920 1040
1482930 1040
1482940 1039
1482950 1039
1482960 1039
1482970 1038
1482980 1038
1482990 1038
1483000 1038
1483010 1037
1483020 1037
1483030 1037
1483040 1035
1483050 1035
1483060 1035
1483070 1032
1483080 1028
1483090 1028
1483100 1025
1483110 1023
1483120 1023
1483130 1021
1483140 1019
1483150 1019
1483160 1017
1483170 1015
1483180 1015
1483190 1012
1483200 1009
1483210 1009
1483220 1007
1483230 1005
1483240 1003
1483250 1003
1483260 1000
1483270 999
1483280 999
1483290 996
1483300 995
1483310 995
1483320 993
1483330 992
1483340 992
1483350 991
1483360 988
1483370 988
1483380 987
1483390 987
1483400 987
1483410 987
1483420 985
1483430 982
1483440 982
1483450 980
1483460 978
1483470 978
1483480 976
1483490 973
1483500 973
1483510 971
1483520 967
1483530 967
1483540 964
1483550 962
1483560 961
1483570 961
1483580 961
1483590 961
1483600 961
1483610 961
1483620 960
1483630 960
1483640 958
1483650 955
1483660 955
1483670 952
1483680 953
1483690 953
1483700 951
1483710 950
1483720 948
1483730 948
1483740 947
1483750 945
1483760 945
1483770 943
1483780 941
1483790 941
1483800 940
1483810 938
1483820 938
1483830 936
1483840 935
1483850 935
1483860 933
1483870 932
1483880 931
1483890 931
1483900 931
1483910 932
1483920 932
1483930 932
1483940 932
1483950 932
1483960 933
1483970 933
1483980 933
1483990 934
1484000 933
1484010 933
1484020 933
1484030 933
1484040 933
1484050 932
1484060 932
1484070 932
1484080 932
1484090 932
1484100 931
1484110 931
1484120 931
1484130 931
1484140 931
1484150 931
1484160 931
1484170 931
1484180 931
1484190 931
1484200 931
1484210 930
1484220 930
1484230 930
1484240 930
1484250 930
1484260 930
1484270 930
1484280 930
1484290 930
1484300 930
1484310 930
1484320 930
1484330 930
1484340 929
1484350 929
1484360 929
1484370 929
1484380 929
1484390 929
1484400 929
1484410 929
1484420 929
1484430 929
1484440 929
1484450 929
1484460 929
1484470 929
1484480 929
1484490 929
1484500 929
1484510 929
1484520 929
1484530 929
1484540 929
1484550 929
1484560 929
1484570 929
1484580 929
1484590 929
1484600 929
1484610 929
1484620 929
1484630 929
1484640 929
1484650 929
1484660 929
1484670 929
1484680 929
1484690 929
1484700 929
1484710 929
1484720 929
1484730 929
1484740 929
1484750 929
1484760 929
1484770 929
1484780 929
1484790 929
1484800 929
1484810 929
1484820 929
1484830 929
1484840 929
1484850 929
1484860 929
1484870 929
1484880 929
1484890 929
1484900 929
1484910 929
1484920 929
1484930 929
1484940 929
1484950 929
1484960 929
1484970 929
1484980 929
1484990 929
1485000 929
1485010 929
1485020 929
1485030 929
1485040 929
1485050 929
1485060 929
1485070 929
1485080 929
1485090 929
1485100 929
1485110 929
1485120 929
1485130 929
1485140 929
1485150 929
1485160 929
1485170 929
1485180 929
1485190 929
1485200 929
1485210 929
1485220 929
1485230 929
1485240 929
1485250 929
1485260 929
1485270 929
1485280 929
1485290 929
1485300 929
1485310 929
1485320 929
1485330 929
1485340 929
1485350 929
1485360 929
1485370 929
1485380 929
1485390 929
1485400 929
1485410 929
1485420 929
1485430 929
1485440 929
1485450 929
1485460 929
1485470 929
1485480 929
1485490 929
1485500 929
1485510 929
1485520 929
1485530 929
1485540 929
1485550 929
1485560 929
1485570 929
1485580 929
1485590 929
1485600 929
1485610 929
1485620 929
1485630 929
1485640 929
1485650 929
1485660 929
1485670 929
1485680 929
1485690 929
1485700 929
1485710 929
1485720 929
1485730 929
1485740 929
1485750 929
1485760 929
1485770 929
1485780 929
1485790 929
1485800 929
1485810 929
1485820 929
1485830 929
1485840 929
1485850 929
1485860 929
1485870 929
1485880 929
1485890 929
1485900 929
1485910 929
1485920 929
1485930 929
1485940 929
1485950 929
1485960 929
1485970 929
1485980 929
1485990 929
1486000 929
1486010 929
1486020 929
1486030 929
1486040 929
1486050 929
1486060 929
1486070 929
1486080 929
1486090 929
1486100 929
1486110 929
1486120 929
1486130 929
1486140 929
1486150 929
1486160 929
1486170 929
1486180 929
1486190 929
1486200 929
1486210 929
1486220 929
1486230 929
1486240 929
1486250 929
1486260 929
1486270 929
1486280 929
1486290 929
1486300 929
1486310 929
1486320 929
1486330 929
1486340 929
1486350 929
1486360 929
1486370 929
1486380 929
1486390 929
1486400 929
1486410 929
1486420 929
1486430 929
1486440 929
1486450 929
1486460 929
1486470 929
1486480 929
1486490 929
1486500 929
1486510 929
1486520 929
1486530 929
1486540 929
1486550 929
1486560 929
1486570 929
1486580 929
1486590 929
1486600 929
1486610 929
1486620 929
1486630 929
1486640 929
1486650 929
1486660 929
1486670 929
1486680 929
1486690 929
1486700 929
1486710 929
1486720 929
1486730 929
1486740 929
1486750 929
1486760 929
1486770 929
1486780 929
1486790 929
1486800 929
1486810 929
1486820 929
1486830 929
1486840 929
1486850 929
1486860 929
1486870 929
1486880 929
1486890 929
1486900 929
1486910 929
1486920 929
1486930 929
1486940 929
1486950 929
1486960 929
1486970 929
1486980 929
1486990 929
1487000 929
1487010 929
1487020 929
1487030 929
1487040 929
1487050 929
1487060 929
1487070 929
1487080 929
1487090 929
1487100 929
1487110 929
1487120 929
1487130 929
1487140 929
1487150 929
1487160 929
1487170 929
1487180 929
1487190 929
1487200 929
1487210 929
1487220 929
1487230 929
1487240 929
1487250 929
1487260 929
1487270 929
1487280 929
1487290 930
1487300 930
1487310 931
1487320 933
1487330 933
1487340 937
1487350 939
1487360 942
1487370 942
1487380 944
1487390 946
1487400 946
1487410 948
1487420 950
1487430 950
1487440 950
1487450 951
1487460 951
1487470 955
1487480 961
1487490 961
1487500 966
1487510 969
1487520 969
1487530 973
1487540 979
1487550 982
1487560 982
1487570 980
1487580 979
1487590 979
1487600 982
1487610 985
1487620 985
1487630 988
1487640 992
1487650 992
1487660 994
1487670 995
1487680 995
1487690 994
1487700 994
1487710 997
1487720 997
1487730 1001
1487740 1004
1487750 1004
1487760 1006
1487770 1007
1487780 1007
1487790 1007
1487800 1009
1487810 1009
1487820 1012
1487830 1013
1487840 1013
1487850 1013
1487860 1011
1487870 1011
1487880 1011
1487890 1011
1487900 1009
1487910 1009
1487920 1006
1487930 1004
1487940 1004
1487950 1001
1487960 1000
1487970 1000
1487980 997
1487990 996
1488000 996
1488010 999
1488020 998
1488030 996
1488040 996
1488050 995
1488060 991
1488070 991
1488080 988
1488090 994
1488100 994
1488110 1000
1488120 1004
1488130 1004
1488140 1007
1488150 1010
1488160 1010
1488170 1012
1488180 1013
1488190 1016
1488200 1016
1488210 1020
1488220 1023
1488230 1023
1488240 1024
1488250 1024
1488260 1024
1488270 1023
1488280 1018
1488290 1018
1488300 1012
1488310 1006
1488320 1006
1488330 1006
1488340 1015
1488350 1015
1488360 1027
1488370 1039
1488380 1042
1488390 1042
1488400 1043
1488410 1044
1488420 1044
1488430 1044
1488440 1041
1488450 1041
1488460 1041
1488470 1042
1488480 1042
1488490 1042
1488500 1041
1488510 1041
1488520 1039
1488530 1035
1488540 1030
1488550 1030
1488560 1025
1488570 1024
1488580 1024
1488590 1026
1488600 1030
1488610 1030
1488620 1037
1488630 1049
1488640 1049
1488650 1064
1488660 1068
1488670 1068
1488680 1069
1488690 1069
1488700 1067
1488710 1067
1488720 1066
1488730 1065
1488740 1065
1488750 1064
1488760 1062
1488770 1062
1488780 1062
1488790 1067
1488800 1067
1488810 1073
1488820 1078
1488830 1078
1488840 1082
1488850 1083
1488860 1088
1488870 1088
1488880 1097
1488890 1105
1488900 1105
1488910 1111
1488920 1116
1488930 1116
1488940 1120
1488950 1120
1488960 1120
1488970 1117
1488980 1116
1488990 1116
1489000 1114
1489010 1112
1489020 1112
1489030 1112
1489040 1114
1489050 1113
1489060 1113
1489070 1109
1489080 1106
1489090 1106
1489100 1106
1489110 1106
1489120 1106
1489130 1110
1489140 1110
1489150 1110
1489160 1109
1489170 1111
1489180 1117
1489190 1117
1489200 1122
1489210 1125
1489220 1125
1489230 1126
1489240 1124
1489250 1124
1489260 1120
1489270 1122
1489280 1122
1489290 1123
1489300 1114
1489310 1114
1489320 1107
1489330 1096
1489340 1096
1489350 1086
1489360 1074
1489370 1070
1489380 1070
1489390 1072
1489400 1074
1489410 1074
1489420 1081
1489430 1089
1489440 1089
1489450 1100
1489460 1123
1489470 1123
1489480 1139
1489490 1148
1489500 1148
1489510 1154
1489520 1156
1489530 1156
1489540 1156
1489550 1154
1489560 1152
1489570 1152
1489580 1150
1489590 1151
1489600 1151
1489610 1150
1489620 1148
1489630 1148
1489640 1145
1489650 1143
1489660 1143
1489670 1140
1489680 1140
1489690 1139
1489700 1139
1489710 1136
1489720 1132
1489730 1132
1489740 1131
1489750 1127
1489760 1127
1489770 1124
1489780 1123
1489790 1123
1489800 1123
1489810 1123
1489820 1123
1489830 1120
1489840 1116
1489850 1116
1489860 1116
1489870 1121
1489880 1127
1489890 1127
1489900 1130
1489910 1133
1489920 1133
1489930 1138
1489940 1142
1489950 1142
1489960 1144
1489970 1145
1489980 1145
1489990 1146
1490000 1145
1490010 1147
1490020 1147
1490030 1147
1490040 1147
1490050 1147
1490060 1146
1490070 1145
1490080 1145
1490090 1147
1490100 1149
1490110 1149
1490120 1148
1490130 1147
1490140 1147
1490150 1145
1490160 1138
1490170 1138
1490180 1131
1490190 1127
1490200 1124
1490210 1124
1490220 1119
1490230 1113
1490240 1113
1490250 1106
1490260 1100
1490270 1100
1490280 1093
1490290 1086
1490300 1086
1490310 1083
1490320 1081
1490330 1081
1490340 1082
1490350 1086
1490360 1090
1490370 1090
1490380 1094
1490390 1097
1490400 1097
1490410 1101
1490420 1104
1490430 1104
1490440 1106
1490450 1102
1490460 1102
1490470 1096
1490480 1091
1490490 1091
1490500 1086
1490510 1080
1490520 1074
1490530 1074
1490540 1067
1490550 1061
1490560 1061
1490570 1057
1490580 1053
1490590 1053
1490600 1049
1490610 1049
1490620 1049
1490630 1057
1490640 1073
1490650 1073
1490660 1080
1490670 1079
1490680 1077
1490690 1077
1490700 1074
1490710 1068
1490720 1068
1490730 1061
1490740 1056
1490750 1056
1490760 1054
1490770 1054
1490780 1054
1490790 1053
1490800 1051
1490810 1051
1490820 1048
1490830 1044
1490840 1040
1490850 1040
1490860 1037
1490870 1033
1490880 1033
1490890 1029
1490900 1030
1490910 1030
1490920 1032
1490930 1034
1490940 1034
1490950 1034
1490960 1033
1490970 1033
1490980 1031
1490990 1028
1491000 1028
1491010 1026
1491020 1023
1491030 1023
1491040 1023
1491050 1024
1491060 1025
1491070 1025
1491080 1025
1491090 1025
1491100 1025
1491110 1025
1491120 1024
1491130 1024
1491140 1023
1491150 1022
1491160 1022
1491170 1019
1491180 1017
1491190 1016
1491200 1016
1491210 1015
1491220 1013
1491230 1013
1491240 1010
1491250 1008
1491260 1008
1491270 1006
1491280 1005
1491290 1005
1491300 1004
1491310 1003
1491320 1003
1491330 1003
1491340 1004
1491350 1007
1491360 1007
1491370 1009
1491380 1010
1491390 1010
1491400 1011
1491410 1012
1491420 1012
1491430 1014
1491440 1015
1491450 1015
1491460 1015
1491470 1015
1491480 1015
1491490 1015
1491500 1015
1491510 1013
1491520 1013
1491530 1012
1491540 1011
1491550 1011
1491560 1010
1491570 1007
1491580 1007
1491590 1003
1491600 1000
1491610 1000
1491620 997
1491630 994
1491640 994
1491650 991
1491660 989
1491670 987
1491680 987
1491690 985
1491700 984
1491710 984
1491720 984
1491730 984
1491740 984
1491750 986
1491760 988
1491770 988
1491780 989
1491790 990
1491800 990
1491810 992
1491820 993
1491830 993
1491840 993
1491850 993
1491860 992
1491870 992
1491880 993
1491890 993
1491900 993
1491910 993
1491920 992
1491930 992
1491940 991
1491950 989
1491960 989
1491970 988
1491980 989
1491990 989
1492000 991
1492010 993
1492020 995
1492030 995
1492040 997
1492050 1000
1492060 1000
1492070 1003
1492080 1007
1492090 1007
1492100 1007
1492110 1005
1492120 1005
1492130 1006
1492140 1011
1492150 1011
1492160 1015
1492170 1015
1492180 1014
1492190 1014
1492200 1012
1492210 1010
1492220 1010
1492230 1006
1492240 1003
1492250 1003
1492260 1002
1492270 1000
1492280 1000
1492290 996
1492300 993
1492310 993
1492320 995
1492330 997
1492340 1001
1492350 1001
1492360 1003
1492370 1002
1492380 1002
1492390 1000
1492400 999
1492410 999
1492420 999
1492430 1002
1492440 1002
1492450 1003
1492460 1001
1492470 1001
1492480 998
1492490 997
1492500 998
1492510 998
1492520 999
1492530 999
1492540 999
1492550 999
1492560 998
1492570 998
1492580 998
1492590 1000
1492600 1000
1492610 997
1492620 996
1492630 996
1492640 999
1492650 998
1492660 999
1492670 999
1492680 1001
1492690 1002
1492700 1002
1492710 1002
1492720 1003
1492730 1003
1492740 1005
1492750 1008
1492760 1008
1492770 1010
1492780 1008
1492790 1008
1492800 1003
1492810 1001
1492820 1001
1492830 1006
1492840 1009
1492850 1010
1492860 1010
1492870 1010
1492880 1011
1492890 1011
1492900 1013
1492910 1014
1492920 1014
1492930 1012
1492940 1008
1492950 1008
1492960 1007
1492970 1005
1492980 1005
1492990 1004
1493000 1003
1493010 1004
1493020 1004
1493030 1010
1493040 1016
1493050 1016
1493060 1018
1493070 1022
1493080 1022
1493090 1030
1493100 1036
1493110 1036
1493120 1036
1493130 1034
1493140 1034
1493150 1031
1493160 1032
1493170 1029
1493180 1029
1493190 1031
1493200 1038
1493210 1038
1493220 1042
1493230 1043
1493240 1043
1493250 1044
1493260 1046
1493270 1046
1493280 1049
1493290 1050
1493300 1050
1493310 1052
1493320 1055
1493330 1057
1493340 1057
1493350 1057
1493360 1058
1493370 1058
1493380 1057
1493390 1056
1493400 1056
1493410 1048
1493420 1045
1493430 1045
1493440 1047
1493450 1051
1493460 1051
1493470 1058
1493480 1061
1493490 1058
1493500 1058
1493510 1052
1493520 1047
1493530 1047
1493540 1042
1493550 1040
1493560 1040
1493570 1039
1493580 1037
1493590 1037
1493600 1034
1493610 1028
1493620 1028
1493630 1016
1493640 1005
1493650 990
1493660 990
1493670 975
1493680 973
1493690 973
1493700 975
1493710 983
1493720 983
1493730 988
1493740 993
1493750 993
1493760 997
1493770 1002
1493780 1002
1493790 1008
1493800 1015
1493810 1015
1493820 1021
1493830 1028
1493840 1034
1493850 1034
1493860 1039
1493870 1046
1493880 1046
1493890 1055
1493900 1065
1493910 1065
1493920 1075
1493930 1082
1493940 1082
1493950 1089
1493960 1096
1493970 1096
1493980 1101
1493990 1107
1494000 1114
1494010 1114
1494020 1122
1494030 1130
1494040 1130
1494050 1138
1494060 1145
1494070 1145
1494080 1154
1494090 1163
1494100 1163
1494110 1172
1494120 1179
1494130 1179
1494140 1183
1494150 1184
1494160 1185
1494170 1185
1494180 1186
1494190 1185
1494200 1185
1494210 1182
1494220 1177
1494230 1177
1494240 1174
1494250 1178
1494260 1178
1494270 1192
1494280 1204
1494290 1204
1494300 1212
1494310 1217
1494320 1220
1494330 1220
1494340 1225
1494350 1230
1494360 1230
1494370 1236
1494380 1240
1494390 1240
1494400 1243
1494410 1247
1494420 1247
1494430 1251
1494440 1256
1494450 1256
1494460 1259
1494470 1262
1494480 1264
1494490 1264
1494500 1265
1494510 1265
1494520 1265
1494530 1262
1494540 1256
1494550 1256
1494560 1249
1494570 1243
1494580 1243
1494590 1239
1494600 1238
1494610 1238
1494620 1238
1494630 1238
1494640 1238
1494650 1239
1494660 1238
1494670 1238
1494680 1238
1494690 1244
1494700 1253
1494710 1253
1494720 1261
1494730 1267
1494740 1267
1494750 1273
1494760 1278
1494770 1278
1494780 1284
1494790 1290
1494800 1290
1494810 1294
1494820 1295
1494830 1296
1494840 1296
1494850 1299
1494860 1301
1494870 1301
1494880 1301
1494890 1300
1494900 1300
1494910 1298
1494920 1296
1494930 1296
1494940 1297
1494950 1299
1494960 1299
1494970 1301
1494980 1299
1494990 1297
1495000 1297
1495010 1294
1495020 1294
1495030 1294
1495040 1296
1495050 1296
1495060 1296
1495070 1295
1495080 1295
1495090 1295
1495100 1296
1495110 1297
1495120 1297
1495130 1297
1495140 1296
1495150 1293
1495160 1293
1495170 1287
1495180 1280
1495190 1280
1495200 1271
1495210 1263
1495220 1263
1495230 1256
1495240 1250
1495250 1250
1495260 1245
1495270 1238
1495280 1238
1495290 1233
1495300 1229
1495310 1224
1495320 1224
1495330 1218
1495340 1213
1495350 1213
1495360 1209
1495370 1205
1495380 1205
1495390 1202
1495400 1199
1495410 1199
1495420 1195
1495430 1189
1495440 1189
1495450 1183
1495460 1176
1495470 1176
1495480 1169
1495490 1162
1495500 1156
1495510 1156
1495520 1148
1495530 1143
1495540 1143
1495550 1138
1495560 1133
1495570 1133
1495580 1130
1495590 1127
1495600 1127
1495610 1123
1495620 1118
1495630 1118
1495640 1112
1495650 1108
1495660 1110
1495670 1110
1495680 1112
1495690 1112
1495700 1112
1495710 1113
1495720 1114
1495730 1114
1495740 1115
1495750 1111
1495760 1111
1495770 1102
1495780 1100
1495790 1100
1495800 1112
1495810 1123
1495820 1129
1495830 1129
1495840 1130
1495850 1131
1495860 1131
1495870 1137
1495880 1145
1495890 1145
1495900 1151
1495910 1157
1495920 1157
1495930 1163
1495940 1170
1495950 1170
1495960 1175
1495970 1180
1495980 1186
1495990 1186
1496000 1192
1496010 1194
1496020 1194
1496030 1196
1496040 1197
1496050 1197
1496060 1200
1496070 1202
1496080 1202
1496090 1204
1496100 1204
1496110 1204
1496120 1202
1496130 1201
1496140 1201
1496150 1201
1496160 1200
1496170 1198
1496180 1198
1496190 1196
1496200 1193
1496210 1193
1496220 1190
1496230 1185
1496240 1185
1496250 1180
1496260 1176
1496270 1176
1496280 1171
1496290 1168
1496300 1164
1496310 1164
1496320 1159
1496330 1151
1496340 1151
1496350 1144
1496360 1136
1496370 1136
1496380 1130
1496390 1127
1496400 1127
1496410 1128
1496420 1135
1496430 1135
1496440 1135
1496450 1131
1496460 1131
1496470 1123
1496480 1115
1496490 1113
1496500 1113
1496510 1122
1496520 1131
1496530 1131
1496540 1135
1496550 1137
1496560 1137
1496570 1138
1496580 1145
1496590 1145
1496600 1147
1496610 1142
1496620 1142
1496630 1137
1496640 1139
1496650 1139
1496660 1139
1496670 1135
1496680 1134
1496690 1134
1496700 1136
1496710 1140
1496720 1140
1496730 1141
1496740 1139
1496750 1139
1496760 1136
1496770 1133
1496780 1133
1496790 1128
1496800 1123
1496810 1118
1496820 1118
1496830 1114
1496840 1110
1496850 1110
1496860 1107
1496870 1102
1496880 1102
1496890 1094
1496900 1086
1496910 1086
1496920 1080
1496930 1087
1496940 1087
1496950 1096
1496960 1105
1496970 1114
1496980 1114
1496990 1123
1497000 1131
1497010 1131
1497020 1138
1497030 1145
1497040 1145
1497050 1153
1497060 1159
1497070 1159
1497080 1165
1497090 1171
1497100 1171
1497110 1172
1497120 1173
1497130 1173
1497140 1173
1497150 1170
1497160 1164
1497170 1164
1497180 1158
1497190 1150
1497200 1150
1497210 1142
1497220 1134
1497230 1134
1497240 1127
1497250 1119
1497260 1119
1497270 1113
1497280 1107
1497290 1107
1497300 1100
1497310 1092
1497320 1081
1497330 1081
1497340 1073
1497350 1066
1497360 1066
1497370 1060
1497380 1056
1497390 1056
1497400 1053
1497410 1051
1497420 1051
1497430 1049
1497440 1046
1497450 1046
1497460 1041
1497470 1034
1497480 1028
1497490 1028
1497500 1023
1497510 1016
1497520 1016
1497530 1007
1497540 1002
1497550 1002
1497560 1000
1497570 998
1497580 998
1497590 994
1497600 992
1497610 992
1497620 997
1497630 990
1497640 984
1497650 984
1497660 982
1497670 979
1497680 979
1497690 977
1497700 975
1497710 975
1497720 972
1497730 969
1497740 969
1497750 966
1497760 964
1497770 964
1497780 961
1497790 958
1497800 956
1497810 956
1497820 953
1497830 951
1497840 951
1497850 949
1497860 947
1497870 947
1497880 945
1497890 943
1497900 943
1497910 941
1497920 939
1497930 939
1497940 941
1497950 943
1497960 946
1497970 946
1497980 949
1497990 952
1498000 952
1498010 956
1498020 961
1498030 961
1498040 966
1498050 969
1498060 969
1498070 972
1498080 973
1498090 973
1498100 971
1498110 966
1498120 966
1498130 958
1498140 946
1498150 935
1498160 935
1498170 925
1498180 915
1498190 915
1498200 906
1498210 898
1498220 898
1498230 892
1498240 887
1498250 887
1498260 883
1498270 880
1498280 880
1498290 878
1498300 877
1498310 876
1498320 876
1498330 875
1498340 874
1498350 874
1498360 872
1498370 871
1498380 871
1498390 870
1498400 869
1498410 869
1498420 869
1498430 868
1498440 868
1498450 868
1498460 868
1498470 868
1498480 868
1498490 868
1498500 867
1498510 867
1498520 866
1498530 866
1498540 866
1498550 867
1498560 867
1498570 867
1498580 867
1498590 867
1498600 867
1498610 867
1498620 866
1498630 866
1498640 866
1498650 866
1498660 866
1498670 866
1498680 866
1498690 866
1498700 866
1498710 866
1498720 866
1498730 866
1498740 865
1498750 865
1498760 865
1498770 865
1498780 865
1498790 865
1498800 865
1498810 865
1498820 865
1498830 865
1498840 865
1498850 865
1498860 865
1498870 865
1498880 865
1498890 865
1498900 865
1498910 866
1498920 866
1498930 867
1498940 867
1498950 867
1498960 867
1498970 867
1498980 867
1498990 867
1499000 867
1499010 867
1499020 867
1499030 867
1499040 868
1499050 868
1499060 868
1499070 870
1499080 870
1499090 874
1499100 877
1499110 877
1499120 882
1499130 888
1499140 893
1499150 893
1499160 897
1499170 898
1499180 898
1499190 899
1499200 899
1499210 899
1499220 902
1499230 906
1499240 906
1499250 908
1499260 918
1499270 918
1499280 928
1499290 931
1499300 932
1499310 932
1499320 933
1499330 934
1499340 934
1499350 932
1499360 934
1499370 934
1499380 939
1499390 950
1499400 950
1499410 956
1499420 960
1499430 960
1499440 964
1499450 967
1499460 969
1499470 969
1499480 972
1499490 974
1499500 974
1499510 976
1499520 977
1499530 977
1499540 978
1499550 982
1499560 982
1499570 987
1499580 991
1499590 991
1499600 994
1499610 996
1499620 999
1499630 999
1499640 1003
1499650 1006
1499660 1006
1499670 1010
1499680 1013
1499690 1013
1499700 1019
1499710 1020
1499720 1020
1499730 1022
1499740 1025
1499750 1025
1499760 1028
1499770 1030
1499780 1026
1499790 1026
1499800 1022
1499810 1016
1499820 1016
1499830 1001
1499840 990
1499850 990
1499860 1004
1499870 1021
1499880 1021
1499890 1035
1499900 1046
1499910 1046
1499920 1054
1499930 1060
1499940 1060
1499950 1063
1499960 1067
1499970 1073
1499980 1073
1499990 1078
