1480000 1578
1480010 1581
1480020 1584
1480030 1584
1480040 1587
1480050 1590
1480060 1590
1480070 1592
1480080 1594
1480090 1594
1480100 1597
1480110 1599
1480120 1599
1480130 1601
1480140 1603
1480150 1603
1480160 1606
1480170 1608
1480180 1610
1480190 1610
1480200 1612
1480210 1614
1480220 1614
1480230 1616
1480240 1618
1480250 1618
1480260 1620
1480270 1621
1480280 1621
1480290 1623
1480300 1624
1480310 1624
1480320 1625
1480330 1626
1480340 1626
1480350 1627
1480360 1627
1480370 1626
1480380 1626
1480390 1625
1480400 1624
1480410 1624
1480420 1623
1480430 1622
1480440 1622
1480450 1621
1480460 1619
1480470 1619
1480480 1617
1480490 1615
1480500 1615
1480510 1612
1480520 1609
1480530 1606
1480540 1606
1480550 1603
1480560 1601
1480570 1601
1480580 1598
1480590 1596
1480600 1596
1480610 1593
1480620 1590
1480630 1590
1480640 1587
1480650 1585
1480660 1585
1480670 1582
1480680 1579
1480690 1577
1480700 1577
1480710 1575
1480720 1573
1480730 1573
1480740 1572
1480750 1572
1480760 1572
1480770 1572
1480780 1572
1480790 1572
1480800 1572
1480810 1572
1480820 1572
1480830 1573
1480840 1574
1480850 1576
1480860 1576
1480870 1579
1480880 1581
1480890 1581
1480900 1585
1480910 1587
1480920 1587
1480930 1590
1480940 1591
1480950 1591
1480960 1594
1480970 1596
1480980 1596
1480990 1599
1481000 1602
1481010 1602
1481020 1606
1481030 1609
1481040 1612
1481050 1612
1481060 1615
1481070 1618
1481080 1618
1481090 1621
1481100 1624
1481110 1624
1481120 1626
1481130 1630
1481140 1630
1481150 1633
1481160 1636
1481170 1636
1481180 1639
1481190 1642
1481200 1645
1481210 1645
1481220 1647
1481230 1649
1481240 1649
1481250 1650
1481260 1652
1481270 1652
1481280 1653
1481290 1654
1481300 1654
1481310 1656
1481320 1657
1481330 1657
1481340 1659
1481350 1659
1481360 1659
1481370 1659
1481380 1659
1481390 1660
1481400 1660
1481410 1661
1481420 1661
1481430 1661
1481440 1661
1481450 1661
1481460 1661
1481470 1661
1481480 1662
1481490 1662
1481500 1662
1481510 1661
1481520 1660
1481530 1660
1481540 1660
1481550 1659
1481560 1659
1481570 1660
1481580 1659
1481590 1659
1481600 1660
1481610 1659
1481620 1659
1481630 1659
1481640 1659
1481650 1659
1481660 1658
1481670 1658
1481680 1658
1481690 1658
1481700 1657
1481710 1657
1481720 1657
1481730 1657
1481740 1656
1481750 1656
1481760 1655
1481770 1654
1481780 1654
1481790 1653
1481800 1652
1481810 1652
1481820 1651
1481830 1651
1481840 1651
1481850 1650
1481860 1649
1481870 1650
1481880 1650
1481890 1650
1481900 1651
1481910 1651
1481920 1652
1481930 1653
1481940 1653
1481950 1654
1481960 1653
1481970 1653
1481980 1653
1481990 1654
1482000 1654
1482010 1653
1482020 1652
1482030 1652
1482040 1652
1482050 1652
1482060 1653
1482070 1653
1482080 1653
1482090 1653
1482100 1653
1482110 1652
1482120 1651
1482130 1651
1482140 1650
1482150 1650
1482160 1650
1482170 1650
1482180 1651
1482190 1651
1482200 1651
1482210 1652
1482220 1652
1482230 1652
1482240 1652
1482250 1652
1482260 1652
1482270 1652
1482280 1650
1482290 1650
1482300 1647
1482310 1643
1482320 1643
1482330 1638
1482340 1631
1482350 1631
1482360 1626
1482370 1619
1482380 1612
1482390 1612
1482400 1605
1482410 1599
1482420 1599
1482430 1593
1482440 1588
1482450 1588
1482460 1582
1482470 1575
1482480 1575
1482490 1569
1482500 1562
1482510 1562
1482520 1557
1482530 1551
1482540 1546
1482550 1546
1482560 1540
1482570 1534
1482580 1534
1482590 1529
1482600 1523
1482610 1523
1482620 1518
1482630 1513
1482640 1513
1482650 1507
1482660 1501
1482670 1501
1482680 1496
1482690 1490
1482700 1485
1482710 1485
1482720 1482
1482730 1477
1482740 1477
1482750 1473
1482760 1468
1482770 1468
1482780 1463
1482790 1459
1482800 1459
1482810 1455
1482820 1450
1482830 1450
1482840 1445
1482850 1440
1482860 1440
1482870 1434
1482880 1429
1482890 1423
1482900 1423
1482910 1418
1482920 1413
1482930 1413
1482940 1410
1482950 1405
1482960 1405
1482970 1400
1482980 1395
1482990 1395
1483000 1390
1483010 1386
1483020 1386
1483030 1384
1483040 1381
1483050 1380
1483060 1380
1483070 1379
1483080 1378
1483090 1378
1483100 1376
1483110 1373
1483120 1373
1483130 1369
1483140 1365
1483150 1365
1483160 1362
1483170 1359
1483180 1359
1483190 1355
1483200 1353
1483210 1350
1483220 1350
1483230 1346
1483240 1343
1483250 1343
1483260 1340
1483270 1337
1483280 1337
1483290 1334
1483300 1331
1483310 1331
1483320 1329
1483330 1326
1483340 1326
1483350 1324
1483360 1322
1483370 1320
1483380 1320
1483390 1318
1483400 1316
1483410 1316
1483420 1314
1483430 1311
1483440 1311
1483450 1309
1483460 1308
1483470 1308
1483480 1306
1483490 1305
1483500 1305
1483510 1303
1483520 1301
1483530 1301
1483540 1299
1483550 1297
1483560 1294
1483570 1294
1483580 1292
1483590 1289
1483600 1289
1483610 1287
1483620 1285
1483630 1285
1483640 1283
1483650 1282
1483660 1282
1483670 1280
1483680 1279
1483690 1279
1483700 1277
1483710 1275
1483720 1275
1483730 1275
1483740 1274
1483750 1272
1483760 1272
1483770 1271
1483780 1271
1483790 1271
1483800 1270
1483810 1270
1483820 1270
1483830 1269
1483840 1269
1483850 1269
1483860 1268
1483870 1268
1483880 1268
1483890 1268
1483900 1266
1483910 1265
1483920 1265
1483930 1263
1483940 1262
1483950 1262
1483960 1260
1483970 1259
1483980 1259
1483990 1258
1484000 1257
1484010 1257
1484020 1256
1484030 1256
1484040 1255
1484050 1255
1484060 1254
1484070 1253
1484080 1253
1484090 1252
1484100 1252
1484110 1252
1484120 1252
1484130 1252
1484140 1252
1484150 1252
1484160 1253
1484170 1253
1484180 1253
1484190 1254
1484200 1254
1484210 1255
1484220 1256
1484230 1257
1484240 1257
1484250 1257
1484260 1258
1484270 1258
1484280 1260
1484290 1261
1484300 1261
1484310 1262
1484320 1263
1484330 1263
1484340 1264
1484350 1266
1484360 1266
1484370 1267
1484380 1268
1484390 1269
1484400 1269
1484410 1269
1484420 1270
1484430 1270
1484440 1271
1484450 1271
1484460 1271
1484470 1272
1484480 1272
1484490 1272
1484500 1273
1484510 1274
1484520 1274
1484530 1275
1484540 1277
1484550 1278
1484560 1278
1484570 1280
1484580 1281
1484590 1281
1484600 1283
1484610 1285
1484620 1285
1484630 1287
1484640 1288
1484650 1288
1484660 1288
1484670 1289
1484680 1289
1484690 1288
1484700 1288
1484710 1288
1484720 1288
1484730 1287
1484740 1287
1484750 1287
1484760 1285
1484770 1285
1484780 1285
1484790 1284
1484800 1283
1484810 1283
1484820 1282
1484830 1282
1484840 1282
1484850 1281
1484860 1279
1484870 1279
1484880 1279
1484890 1279
1484900 1278
1484910 1278
1484920 1277
1484930 1276
1484940 1276
1484950 1276
1484960 1276
1484970 1276
1484980 1275
1484990 1274
1485000 1274
1485010 1273
1485020 1273
1485030 1273
1485040 1271
1485050 1269
1485060 1268
1485070 1268
1485080 1267
1485090 1265
1485100 1265
1485110 1263
1485120 1261
1485130 1261
1485140 1259
1485150 1258
1485160 1258
1485170 1256
1485180 1254
1485190 1254
1485200 1253
1485210 1252
1485220 1250
1485230 1250
1485240 1249
1485250 1247
1485260 1247
1485270 1246
1485280 1244
1485290 1244
1485300 1243
1485310 1241
1485320 1241
1485330 1240
1485340 1239
1485350 1239
1485360 1239
1485370 1239
1485380 1239
1485390 1239
1485400 1238
1485410 1237
1485420 1237
1485430 1236
1485440 1235
1485450 1235
1485460 1234
1485470 1233
1485480 1233
1485490 1232
1485500 1231
1485510 1231
1485520 1230
1485530 1229
1485540 1229
1485550 1228
1485560 1228
1485570 1226
1485580 1226
1485590 1225
1485600 1224
1485610 1224
1485620 1217
1485630 1213
1485640 1213
1485650 1213
1485660 1211
1485670 1211
1485680 1211
1485690 1209
1485700 1209
1485710 1205
1485720 1202
1485730 1199
1485740 1199
1485750 1197
1485760 1195
1485770 1195
1485780 1194
1485790 1191
1485800 1191
1485810 1189
1485820 1189
1485830 1189
1485840 1189
1485850 1186
1485860 1186
1485870 1183
1485880 1182
1485890 1182
1485900 1182
1485910 1181
1485920 1177
1485930 1177
1485940 1173
1485950 1171
1485960 1171
1485970 1169
1485980 1167
1485990 1167
1486000 1164
1486010 1164
1486020 1164
1486030 1167
1486040 1170
1486050 1170
1486060 1172
1486070 1174
1486080 1176
1486090 1176
1486100 1178
1486110 1180
1486120 1180
1486130 1181
1486140 1182
1486150 1182
1486160 1186
1486170 1189
1486180 1189
1486190 1192
1486200 1196
1486210 1196
1486220 1203
1486230 1209
1486240 1216
1486250 1216
1486260 1224
1486270 1229
1486280 1229
1486290 1230
1486300 1231
1486310 1231
1486320 1232
1486330 1235
1486340 1235
1486350 1239
1486360 1243
1486370 1243
1486380 1247
1486390 1253
1486400 1258
1486410 1258
1486420 1264
1486430 1270
1486440 1270
1486450 1276
1486460 1282
1486470 1282
1486480 1288
1486490 1293
1486500 1293
1486510 1298
1486520 1302
1486530 1302
1486540 1305
1486550 1308
1486560 1310
1486570 1310
1486580 1311
1486590 1313
1486600 1313
1486610 1317
1486620 1322
1486630 1322
1486640 1325
1486650 1329
1486660 1329
1486670 1333
1486680 1337
1486690 1337
1486700 1340
1486710 1342
1486720 1342
1486730 1344
1486740 1347
1486750 1349
1486760 1349
1486770 1351
1486780 1353
1486790 1353
1486800 1355
1486810 1357
1486820 1357
1486830 1359
1486840 1361
1486850 1361
1486860 1363
1486870 1366
1486880 1366
1486890 1369
1486900 1371
1486910 1373
1486920 1373
1486930 1374
1486940 1376
1486950 1376
1486960 1375
1486970 1375
1486980 1375
1486990 1376
1487000 1380
1487010 1380
1487020 1383
1487030 1387
1487040 1387
1487050 1392
1487060 1397
1487070 1399
1487080 1399
1487090 1402
1487100 1404
1487110 1404
1487120 1407
1487130 1411
1487140 1411
1487150 1414
1487160 1416
1487170 1416
1487180 1419
1487190 1421
1487200 1421
1487210 1424
1487220 1427
1487230 1429
1487240 1429
1487250 1433
1487260 1437
1487270 1437
1487280 1440
1487290 1443
1487300 1443
1487310 1446
1487320 1448
1487330 1448
1487340 1451
1487350 1454
1487360 1454
1487370 1457
1487380 1460
1487390 1460
1487400 1463
1487410 1466
1487420 1470
1487430 1470
1487440 1474
1487450 1478
1487460 1478
1487470 1483
1487480 1487
1487490 1487
1487500 1493
1487510 1500
1487520 1500
1487530 1505
1487540 1510
1487550 1510
1487560 1513
1487570 1516
1487580 1520
1487590 1520
1487600 1524
1487610 1529
1487620 1529
1487630 1534
1487640 1539
1487650 1539
1487660 1543
1487670 1546
1487680 1546
1487690 1549
1487700 1553
1487710 1553
1487720 1557
1487730 1561
1487740 1565
1487750 1565
1487760 1568
1487770 1572
1487780 1572
1487790 1576
1487800 1580
1487810 1580
1487820 1583
1487830 1586
1487840 1586
1487850 1588
1487860 1591
1487870 1591
1487880 1594
1487890 1599
1487900 1599
1487910 1604
1487920 1609
1487930 1614
1487940 1614
1487950 1618
1487960 1621
1487970 1621
1487980 1625
1487990 1628
1488000 1628
1488010 1632
1488020 1636
1488030 1636
1488040 1641
1488050 1643
1488060 1643
1488070 1647
1488080 1651
1488090 1654
1488100 1654
1488110 1657
1488120 1658
1488130 1658
1488140 1655
1488150 1652
1488160 1652
1488170 1650
1488180 1652
1488190 1652
1488200 1655
1488210 1658
1488220 1658
1488230 1661
1488240 1663
1488250 1664
1488260 1664
1488270 1665
1488280 1664
1488290 1664
1488300 1663
1488310 1662
1488320 1662
1488330 1658
1488340 1653
1488350 1653
1488360 1653
1488370 1655
1488380 1655
1488390 1657
1488400 1657
1488410 1658
1488420 1658
1488430 1659
1488440 1660
1488450 1660
1488460 1660
1488470 1661
1488480 1661
1488490 1659
1488500 1656
1488510 1656
1488520 1651
1488530 1648
1488540 1648
1488550 1651
1488560 1654
1488570 1654
1488580 1656
1488590 1656
1488600 1654
1488610 1654
1488620 1652
1488630 1649
1488640 1649
1488650 1647
1488660 1645
1488670 1645
1488680 1647
1488690 1651
1488700 1651
1488710 1655
1488720 1656
1488730 1656
1488740 1654
1488750 1653
1488760 1656
1488770 1656
1488780 1661
1488790 1668
1488800 1668
1488810 1673
1488820 1676
1488830 1676
1488840 1678
1488850 1678
1488860 1678
1488870 1677
1488880 1681
1488890 1681
1488900 1688
1488910 1694
1488920 1700
1488930 1700
1488940 1707
1488950 1714
1488960 1714
1488970 1716
1488980 1721
1488990 1721
1489000 1727
1489010 1732
1489020 1732
1489030 1736
1489040 1741
1489050 1741
1489060 1746
1489070 1752
1489080 1757
1489090 1757
1489100 1763
1489110 1768
1489120 1768
1489130 1774
1489140 1779
1489150 1779
1489160 1784
1489170 1790
1489180 1790
1489190 1796
1489200 1802
1489210 1802
1489220 1808
1489230 1812
1489240 1812
1489250 1817
1489260 1819
1489270 1819
1489280 1819
1489290 1821
1489300 1822
1489310 1822
1489320 1822
1489330 1821
1489340 1821
1489350 1820
1489360 1820
1489370 1820
1489380 1819
1489390 1818
1489400 1818
1489410 1817
1489420 1816
1489430 1814
1489440 1814
1489450 1813
1489460 1811
1489470 1811
1489480 1808
1489490 1804
1489500 1804
1489510 1802
1489520 1800
1489530 1800
1489540 1797
1489550 1793
1489560 1793
1489570 1787
1489580 1781
1489590 1776
1489600 1776
1489610 1771
1489620 1768
1489630 1768
1489640 1764
1489650 1759
1489660 1759
1489670 1752
1489680 1745
1489690 1745
1489700 1737
1489710 1728
1489720 1728
1489730 1719
1489740 1712
1489750 1712
1489760 1705
1489770 1698
1489780 1692
1489790 1692
1489800 1685
1489810 1679
1489820 1679
1489830 1672
1489840 1665
1489850 1665
1489860 1654
1489870 1643
1489880 1643
1489890 1645
1489900 1654
1489910 1654
1489920 1660
1489930 1663
1489940 1661
1489950 1661
1489960 1656
1489970 1653
1489980 1653
1489990 1657
1490000 1662
1490010 1662
1490020 1666
1490030 1669
1490040 1669
1490050 1673
1490060 1676
1490070 1676
1490080 1676
1490090 1673
1490100 1672
1490110 1672
1490120 1671
1490130 1669
1490140 1669
1490150 1667
1490160 1664
1490170 1664
1490180 1662
1490190 1659
1490200 1659
1490210 1658
1490220 1657
1490230 1657
1490240 1655
1490250 1651
1490260 1649
1490270 1649
1490280 1646
1490290 1642
1490300 1642
1490310 1639
1490320 1636
1490330 1636
1490340 1632
1490350 1630
1490360 1630
1490370 1626
1490380 1629
1490390 1629
1490400 1635
1490410 1643
1490420 1643
1490430 1646
1490440 1646
1490450 1648
1490460 1648
1490470 1654
1490480 1664
1490490 1664
1490500 1671
1490510 1676
1490520 1676
1490530 1682
1490540 1687
1490550 1687
1490560 1694
1490570 1701
1490580 1701
1490590 1707
1490600 1714
1490610 1720
1490620 1720
1490630 1727
1490640 1733
1490650 1733
1490660 1739
1490670 1745
1490680 1745
1490690 1752
1490700 1758
1490710 1758
1490720 1765
1490730 1772
1490740 1772
1490750 1778
1490760 1784
1490770 1791
1490780 1791
1490790 1797
1490800 1803
1490810 1803
1490820 1808
1490830 1813
1490840 1813
1490850 1819
1490860 1825
1490870 1825
1490880 1831
1490890 1837
1490900 1837
1490910 1842
1490920 1848
1490930 1853
1490940 1853
1490950 1859
1490960 1864
1490970 1864
1490980 1869
1490990 1875
1491000 1875
1491010 1881
1491020 1887
1491030 1887
1491040 1893
1491050 1900
1491060 1900
1491070 1907
1491080 1915
1491090 1915
1491100 1922
1491110 1928
1491120 1935
1491130 1935
1491140 1942
1491150 1948
1491160 1948
1491170 1954
1491180 1961
1491190 1961
1491200 1967
1491210 1973
1491220 1973
1491230 1977
1491240 1979
1491250 1979
1491260 1981
1491270 1981
1491280 1981
1491290 1981
1491300 1981
1491310 1982
1491320 1982
1491330 1982
1491340 1981
1491350 1981
1491360 1982
1491370 1982
1491380 1982
1491390 1981
1491400 1982
1491410 1982
1491420 1983
1491430 1983
1491440 1983
1491450 1983
1491460 1982
1491470 1981
1491480 1981
1491490 1981
1491500 1982
1491510 1982
1491520 1982
1491530 1983
1491540 1983
1491550 1983
1491560 1984
1491570 1984
1491580 1985
1491590 1985
1491600 1986
1491610 1986
1491620 1986
1491630 1986
1491640 1986
1491650 1987
1491660 1987
1491670 1987
1491680 1987
1491690 1987
1491700 1987
1491710 1986
1491720 1985
1491730 1985
1491740 1981
1491750 1976
1491760 1976
1491770 1969
1491780 1962
1491790 1955
1491800 1955
1491810 1947
1491820 1939
1491830 1939
1491840 1931
1491850 1924
1491860 1924
1491870 1917
1491880 1910
1491890 1910
1491900 1902
1491910 1895
1491920 1895
1491930 1888
1491940 1882
1491950 1877
1491960 1877
1491970 1873
1491980 1869
1491990 1869
1492000 1865
1492010 1863
1492020 1863
1492030 1860
1492040 1856
1492050 1856
1492060 1852
1492070 1847
1492080 1847
1492090 1842
1492100 1834
1492110 1827
1492120 1827
1492130 1820
1492140 1818
1492150 1818
1492160 1817
1492170 1815
1492180 1815
1492190 1813
1492200 1810
1492210 1810
1492220 1807
1492230 1803
1492240 1803
1492250 1807
1492260 1811
1492270 1811
1492280 1811
1492290 1809
1492300 1807
1492310 1807
1492320 1807
1492330 1810
1492340 1810
1492350 1812
1492360 1813
1492370 1813
1492380 1813
1492390 1815
1492400 1815
1492410 1817
1492420 1818
1492430 1818
1492440 1819
1492450 1818
1492460 1816
1492470 1816
1492480 1811
1492490 1806
1492500 1806
1492510 1800
1492520 1794
1492530 1794
1492540 1786
1492550 1786
1492560 1786
1492570 1791
1492580 1795
1492590 1795
1492600 1797
1492610 1798
1492620 1798
1492630 1798
1492640 1795
1492650 1789
1492660 1789
1492670 1785
1492680 1784
1492690 1784
1492700 1782
1492710 1777
1492720 1777
1492730 1774
1492740 1774
1492750 1774
1492760 1766
1492770 1756
1492780 1748
1492790 1748
1492800 1752
1492810 1759
1492820 1759
1492830 1768
1492840 1778
1492850 1778
1492860 1792
1492870 1802
1492880 1802
1492890 1806
1492900 1813
1492910 1813
1492920 1823
1492930 1833
1492940 1833
1492950 1841
1492960 1848
1492970 1855
1492980 1855
1492990 1861
1493000 1867
1493010 1867
1493020 1873
1493030 1879
1493040 1879
1493050 1884
1493060 1889
1493070 1889
1493080 1894
1493090 1900
1493100 1900
1493110 1906
1493120 1911
1493130 1916
1493140 1916
1493150 1920
1493160 1924
1493170 1924
1493180 1926
1493190 1929
1493200 1929
1493210 1932
1493220 1936
1493230 1936
1493240 1939
1493250 1942
1493260 1942
1493270 1946
1493280 1948
1493290 1950
1493300 1950
1493310 1950
1493320 1951
1493330 1951
1493340 1950
1493350 1952
1493360 1952
1493370 1953
1493380 1953
1493390 1953
1493400 1953
1493410 1953
1493420 1953
1493430 1954
1493440 1953
1493450 1952
1493460 1952
1493470 1950
1493480 1951
1493490 1951
1493500 1953
1493510 1955
1493520 1955
1493530 1957
1493540 1958
1493550 1958
1493560 1957
1493570 1955
1493580 1955
1493590 1954
1493600 1952
1493610 1952
1493620 1951
1493630 1953
1493640 1954
1493650 1954
1493660 1956
1493670 1960
1493680 1960
1493690 1964
1493700 1967
1493710 1967
1493720 1971
1493730 1974
1493740 1974
1493750 1977
1493760 1979
1493770 1979
1493780 1981
1493790 1981
1493800 1979
1493810 1979
1493820 1980
1493830 1985
1493840 1985
1493850 1988
1493860 1991
1493870 1991
1493880 1995
1493890 1999
1493900 1999
1493910 2003
1493920 2006
1493930 2006
1493940 2009
1493950 2011
1493960 2014
1493970 2014
1493980 2016
1493990 2020
1494000 2020
1494010 2023
1494020 2028
1494030 2028
1494040 2032
1494050 2037
1494060 2037
1494070 2042
1494080 2046
1494090 2046
1494100 2050
1494110 2055
1494120 2060
1494130 2060
1494140 2065
1494150 2070
1494160 2070
1494170 2075
1494180 2080
1494190 2080
1494200 2083
1494210 2085
1494220 2085
1494230 2082
1494240 2077
1494250 2077
1494260 2072
1494270 2067
1494280 2067
1494290 2061
1494300 2056
1494310 2049
1494320 2049
1494330 2043
1494340 2037
1494350 2037
1494360 2031
1494370 2024
1494380 2024
1494390 2017
1494400 2011
1494410 2011
1494420 2004
1494430 1997
1494440 1997
1494450 1990
1494460 1984
1494470 1977
1494480 1977
1494490 1967
1494500 1958
1494510 1958
1494520 1951
1494530 1943
1494540 1943
1494550 1931
1494560 1921
1494570 1921
1494580 1914
1494590 1907
1494600 1907
1494610 1900
1494620 1893
1494630 1886
1494640 1886
1494650 1880
1494660 1873
1494670 1873
1494680 1866
1494690 1859
1494700 1859
1494710 1851
1494720 1845
1494730 1845
1494740 1840
1494750 1836
1494760 1836
1494770 1831
1494780 1826
1494790 1826
1494800 1821
1494810 1816
1494820 1811
1494830 1811
1494840 1806
1494850 1799
1494860 1799
1494870 1793
1494880 1789
1494890 1789
1494900 1785
1494910 1782
1494920 1782
1494930 1780
1494940 1777
1494950 1777
1494960 1774
1494970 1771
1494980 1768
1494990 1768
1495000 1764
1495010 1761
1495020 1761
1495030 1758
1495040 1757
1495050 1757
1495060 1758
1495070 1757
1495080 1757
1495090 1757
1495100 1756
1495110 1756
1495120 1757
1495130 1757
1495140 1758
1495150 1758
1495160 1759
1495170 1759
1495180 1759
1495190 1759
1495200 1759
1495210 1759
1495220 1758
1495230 1756
1495240 1756
1495250 1751
1495260 1749
1495270 1749
1495280 1746
1495290 1748
1495300 1752
1495310 1752
1495320 1755
1495330 1759
1495340 1759
1495350 1762
1495360 1766
1495370 1766
1495380 1769
1495390 1772
1495400 1772
1495410 1775
1495420 1778
1495430 1778
1495440 1780
1495450 1782
1495460 1782
1495470 1784
1495480 1785
1495490 1785
1495500 1785
1495510 1784
1495520 1783
1495530 1783
1495540 1781
1495550 1779
1495560 1779
1495570 1776
1495580 1774
1495590 1774
1495600 1771
1495610 1767
1495620 1767
1495630 1763
1495640 1758
1495650 1753
1495660 1753
1495670 1744
1495680 1734
1495690 1734
1495700 1726
1495710 1720
1495720 1720
1495730 1716
1495740 1711
1495750 1711
1495760 1706
1495770 1703
1495780 1703
1495790 1701
1495800 1701
1495810 1702
1495820 1702
1495830 1703
1495840 1706
1495850 1706
1495860 1709
1495870 1713
1495880 1713
1495890 1717
1495900 1722
1495910 1722
1495920 1725
1495930 1728
1495940 1728
1495950 1731
1495960 1734
1495970 1735
1495980 1735
1495990 1735
1496000 1734
1496010 1734
1496020 1733
1496030 1730
1496040 1730
1496050 1727
1496060 1726
1496070 1726
1496080 1724
1496090 1722
1496100 1722
1496110 1719
1496120 1715
1496130 1715
1496140 1708
1496150 1700
1496160 1693
1496170 1693
1496180 1689
1496190 1691
1496200 1691
1496210 1695
1496220 1698
1496230 1698
1496240 1700
1496250 1702
1496260 1702
1496270 1704
1496280 1706
1496290 1706
1496300 1707
1496310 1703
1496320 1697
1496330 1697
1496340 1692
1496350 1688
1496360 1688
1496370 1685
1496380 1681
1496390 1681
1496400 1678
1496410 1674
1496420 1674
1496430 1670
1496440 1666
1496450 1666
1496460 1667
1496470 1671
1496480 1674
1496490 1674
1496500 1674
1496510 1669
1496520 1669
1496530 1667
1496540 1671
1496550 1671
1496560 1676
1496570 1679
1496580 1679
1496590 1683
1496600 1686
1496610 1686
1496620 1689
1496630 1692
1496640 1695
1496650 1695
1496660 1695
1496670 1690
1496680 1690
1496690 1685
1496700 1682
1496710 1682
1496720 1679
1496730 1675
1496740 1675
1496750 1672
1496760 1672
1496770 1672
1496780 1674
1496790 1678
1496800 1678
1496810 1682
1496820 1687
1496830 1690
1496840 1690
1496850 1694
1496860 1698
1496870 1698
1496880 1702
1496890 1707
1496900 1707
1496910 1712
1496920 1716
1496930 1716
1496940 1719
1496950 1722
1496960 1722
1496970 1722
1496980 1719
1496990 1715
1497000 1715
1497010 1711
1497020 1710
1497030 1710
1497040 1709
1497050 1708
1497060 1708
1497070 1704
1497080 1701
1497090 1701
1497100 1700
1497110 1700
1497120 1700
1497130 1701
1497140 1699
1497150 1698
1497160 1698
1497170 1698
1497180 1699
1497190 1699
1497200 1700
1497210 1701
1497220 1701
1497230 1703
1497240 1705
1497250 1705
1497260 1708
1497270 1710
1497280 1710
1497290 1713
1497300 1716
1497310 1716
1497320 1718
1497330 1721
1497340 1722
1497350 1722
1497360 1723
1497370 1720
1497380 1720
1497390 1713
1497400 1706
1497410 1706
1497420 1698
1497430 1691
1497440 1691
1497450 1683
1497460 1676
1497470 1676
1497480 1670
1497490 1664
1497500 1655
1497510 1655
1497520 1643
1497530 1629
1497540 1629
1497550 1617
1497560 1607
1497570 1607
1497580 1598
1497590 1590
1497600 1590
1497610 1582
1497620 1575
1497630 1575
1497640 1568
1497650 1562
1497660 1556
1497670 1556
1497680 1551
1497690 1545
1497700 1545
1497710 1539
1497720 1534
1497730 1534
1497740 1529
1497750 1525
1497760 1525
1497770 1521
1497780 1516
1497790 1516
1497800 1510
1497810 1504
1497820 1497
1497830 1497
1497840 1489
1497850 1482
1497860 1482
1497870 1475
1497880 1467
1497890 1467
1497900 1460
1497910 1452
1497920 1452
1497930 1446
1497940 1439
1497950 1439
1497960 1433
1497970 1427
1497980 1427
1497990 1419
1498000 1412
1498010 1403
1498020 1403
1498030 1394
1498040 1386
1498050 1386
1498060 1377
1498070 1367
1498080 1367
1498090 1359
1498100 1350
1498110 1350
1498120 1340
1498130 1329
1498140 1329
1498150 1320
1498160 1324
1498170 1328
1498180 1328
1498190 1331
1498200 1334
1498210 1334
1498220 1337
1498230 1339
1498240 1339
1498250 1340
1498260 1342
1498270 1342
1498280 1345
1498290 1349
1498300 1349
1498310 1353
1498320 1357
1498330 1362
1498340 1362
1498350 1367
1498360 1372
1498370 1372
1498380 1376
1498390 1379
1498400 1379
1498410 1382
1498420 1385
1498430 1385
1498440 1386
1498450 1388
1498460 1388
1498470 1391
1498480 1393
1498490 1395
1498500 1395
1498510 1398
1498520 1401
1498530 1401
1498540 1405
1498550 1408
1498560 1408
1498570 1410
1498580 1412
1498590 1412
1498600 1413
1498610 1413
1498620 1413
1498630 1415
1498640 1405
1498650 1405
1498660 1396
1498670 1393
1498680 1396
1498690 1396
1498700 1399
1498710 1403
1498720 1403
1498730 1408
1498740 1413
1498750 1413
1498760 1419
1498770 1424
1498780 1424
1498790 1427
1498800 1429
1498810 1429
1498820 1431
1498830 1433
1498840 1434
1498850 1434
1498860 1434
1498870 1435
1498880 1435
1498890 1435
1498900 1435
1498910 1435
1498920 1435
1498930 1434
1498940 1434
1498950 1436
1498960 1439
1498970 1439
1498980 1442
1498990 1446
1499000 1449
1499010 1449
1499020 1453
1499030 1456
1499040 1456
1499050 1458
1499060 1461
1499070 1461
1499080 1464
1499090 1467
1499100 1467
1499110 1469
1499120 1472
1499130 1472
1499140 1474
1499150 1476
1499160 1476
1499170 1478
1499180 1481
1499190 1483
1499200 1483
1499210 1486
1499220 1488
1499230 1488
1499240 1491
1499250 1493
1499260 1493
1499270 1495
1499280 1498
1499290 1498
1499300 1499
1499310 1499
1499320 1499
1499330 1500
1499340 1501
1499350 1502
1499360 1502
1499370 1504
1499380 1505
1499390 1505
1499400 1507
1499410 1509
1499420 1509
1499430 1511
1499440 1512
1499450 1512
1499460 1513
1499470 1514
1499480 1514
1499490 1515
1499500 1516
1499510 1518
1499520 1518
1499530 1520
1499540 1522
1499550 1522
1499560 1525
1499570 1527
1499580 1527
1499590 1529
1499600 1532
1499610 1532
1499620 1534
1499630 1536
1499640 1536
1499650 1538
1499660 1540
1499670 1543
1499680 1543
1499690 1545
1499700 1546
1499710 1546
1499720 1547
1499730 1548
1499740 1548
1499750 1548
1499760 1549
1499770 1549
1499780 1549
1499790 1548
1499800 1548
1499810 1547
1499820 1546
1499830 1546
1499840 1546
1499850 1545
1499860 1543
1499870 1543
1499880 1540
1499890 1538
1499900 1538
1499910 1537
1499920 1535
1499930 1535
1499940 1532
1499950 1531
1499960 1531
1499970 1529
1499980 1527
1499990 1527
