1480000 789
1480010 791
1480020 793
1480030 793
1480040 795
1480050 794
1480060 794
1480070 786
1480080 775
1480090 775
1480100 780
1480110 788
1480120 788
1480130 793
1480140 795
1480150 797
1480160 797
1480170 798
1480180 799
1480190 799
1480200 801
1480210 804
1480220 804
1480230 806
1480240 808
1480250 808
1480260 813
1480270 817
1480280 817
1480290 822
1480300 824
1480310 825
1480320 825
1480330 826
1480340 827
1480350 827
1480360 828
1480370 828
1480380 828
1480390 826
1480400 821
1480410 821
1480420 814
1480430 809
1480440 809
1480450 806
1480460 810
1480470 813
1480480 813
1480490 816
1480500 816
1480510 816
1480520 815
1480530 814
1480540 814
1480550 815
1480560 816
1480570 816
1480580 816
1480590 817
1480600 817
1480610 817
1480620 818
1480630 818
1480640 819
1480650 820
1480660 822
1480670 822
1480680 823
1480690 824
1480700 824
1480710 824
1480720 826
1480730 826
1480740 826
1480750 827
1480760 827
1480770 828
1480780 830
1480790 830
1480800 831
1480810 833
1480820 835
1480830 835
1480840 836
1480850 837
1480860 837
1480870 838
1480880 839
1480890 839
1480900 840
1480910 841
1480920 841
1480930 841
1480940 842
1480950 842
1480960 842
1480970 842
1480980 842
1480990 842
1481000 841
1481010 841
1481020 841
1481030 840
1481040 840
1481050 840
1481060 839
1481070 839
1481080 839
1481090 838
1481100 836
1481110 836
1481120 835
1481130 834
1481140 834
1481150 833
1481160 831
1481170 830
1481180 830
1481190 829
1481200 828
1481210 828
1481220 828
1481230 827
1481240 827
1481250 827
1481260 826
1481270 826
1481280 826
1481290 824
1481300 824
1481310 818
1481320 810
1481330 805
1481340 805
1481350 801
1481360 797
1481370 797
1481380 797
1481390 796
1481400 796
1481410 796
1481420 796
1481430 796
1481440 797
1481450 798
1481460 798
1481470 798
1481480 798
1481490 797
1481500 797
1481510 793
1481520 789
1481530 789
1481540 785
1481550 783
1481560 783
1481570 781
1481580 777
1481590 777
1481600 773
1481610 773
1481620 773
1481630 775
1481640 782
1481650 782
1481660 791
1481670 800
1481680 809
1481690 809
1481700 819
1481710 825
1481720 825
1481730 826
1481740 826
1481750 826
1481760 827
1481770 829
1481780 829
1481790 830
1481800 832
1481810 832
1481820 833
1481830 834
1481840 835
1481850 835
1481860 836
1481870 838
1481880 838
1481890 839
1481900 840
1481910 840
1481920 841
1481930 841
1481940 841
1481950 842
1481960 845
1481970 845
1481980 846
1481990 846
1482000 848
1482010 848
1482020 849
1482030 850
1482040 850
1482050 851
1482060 853
1482070 853
1482080 855
1482090 856
1482100 856
1482110 857
1482120 857
1482130 857
1482140 857
1482150 857
1482160 857
1482170 857
1482180 858
1482190 859
1482200 859
1482210 859
1482220 859
1482230 859
1482240 860
1482250 861
1482260 861
1482270 862
1482280 862
1482290 862
1482300 864
1482310 865
1482320 865
1482330 866
1482340 867
1482350 868
1482360 868
1482370 869
1482380 869
1482390 869
1482400 871
1482410 873
1482420 873
1482430 874
1482440 876
1482450 876
1482460 877
1482470 878
1482480 878
1482490 879
1482500 881
1482510 882
1482520 882
1482530 884
1482540 885
1482550 885
1482560 886
1482570 887
1482580 887
1482590 888
1482600 890
1482610 890
1482620 892
1482630 894
1482640 894
1482650 896
1482660 899
1482670 899
1482680 900
1482690 901
1482700 901
1482710 901
1482720 901
1482730 902
1482740 902
1482750 902
1482760 902
1482770 902
1482780 902
1482790 903
1482800 903
1482810 905
1482820 906
1482830 906
1482840 906
1482850 906
1482860 906
1482870 906
1482880 906
1482890 905
1482900 905
1482910 904
1482920 903
1482930 903
1482940 902
1482950 903
1482960 903
1482970 902
1482980 901
1482990 901
1483000 901
1483010 901
1483020 902
1483030 902
1483040 902
1483050 902
1483060 902
1483070 902
1483080 904
1483090 904
1483100 905
1483110 907
1483120 907
1483130 909
1483140 912
1483150 912
1483160 915
1483170 917
1483180 917
1483190 919
1483200 920
1483210 921
1483220 921
1483230 922
1483240 924
1483250 924
1483260 926
1483270 929
1483280 929
1483290 933
1483300 936
1483310 936
1483320 940
1483330 945
1483340 945
1483350 952
1483360 959
1483370 965
1483380 965
1483390 972
1483400 977
1483410 977
1483420 978
1483430 977
1483440 977
1483450 976
1483460 975
1483470 975
1483480 974
1483490 974
1483500 974
1483510 973
1483520 969
1483530 965
1483540 965
1483550 961
1483560 957
1483570 957
1483580 954
1483590 951
1483600 951
1483610 948
1483620 946
1483630 946
1483640 945
1483650 944
1483660 944
1483670 942
1483680 939
1483690 939
1483700 933
1483710 927
1483720 920
1483730 920
1483740 912
1483750 907
1483760 907
1483770 901
1483780 896
1483790 896
1483800 892
1483810 888
1483820 888
1483830 886
1483840 882
1483850 882
1483860 875
1483870 868
1483880 863
1483890 863
1483900 857
1483910 853
1483920 853
1483930 847
1483940 842
1483950 842
1483960 840
1483970 839
1483980 839
1483990 839
1484000 841
1484010 841
1484020 847
1484030 852
1484040 854
1484050 854
1484060 857
1484070 861
1484080 861
1484090 865
1484100 868
1484110 868
1484120 871
1484130 875
1484140 875
1484150 879
1484160 882
1484170 882
1484180 885
1484190 888
1484200 892
1484210 892
1484220 897
1484230 901
1484240 901
1484250 906
1484260 911
1484270 911
1484280 916
1484290 923
1484300 923
1484310 930
1484320 937
1484330 937
1484340 943
1484350 951
1484360 951
1484370 958
1484380 964
1484390 971
1484400 971
1484410 980
1484420 988
1484430 988
1484440 996
1484450 1005
1484460 1005
1484470 1013
1484480 1022
1484490 1022
1484500 1030
1484510 1038
1484520 1038
1484530 1047
1484540 1056
1484550 1065
1484560 1065
1484570 1075
1484580 1086
1484590 1086
1484600 1095
1484610 1097
1484620 1097
1484630 1097
1484640 1097
1484650 1097
1484660 1098
1484670 1100
1484680 1100
1484690 1102
1484700 1105
1484710 1108
1484720 1108
1484730 1110
1484740 1111
1484750 1111
1484760 1112
1484770 1113
1484780 1113
1484790 1114
1484800 1115
1484810 1115
1484820 1115
1484830 1116
1484840 1116
1484850 1118
1484860 1119
1484870 1119
1484880 1120
1484890 1120
1484900 1122
1484910 1122
1484920 1123
1484930 1123
1484940 1123
1484950 1121
1484960 1121
1484970 1121
1484980 1120
1484990 1120
1485000 1120
1485010 1118
1485020 1118
1485030 1118
1485040 1119
1485050 1120
1485060 1121
1485070 1121
1485080 1123
1485090 1123
1485100 1123
1485110 1124
1485120 1126
1485130 1126
1485140 1128
1485150 1129
1485160 1129
1485170 1131
1485180 1132
1485190 1132
1485200 1132
1485210 1131
1485220 1136
1485230 1136
1485240 1140
1485250 1142
1485260 1142
1485270 1141
1485280 1141
1485290 1141
1485300 1144
1485310 1146
1485320 1146
1485330 1148
1485340 1150
1485350 1150
1485360 1152
1485370 1155
1485380 1155
1485390 1161
1485400 1165
1485410 1169
1485420 1169
1485430 1169
1485440 1169
1485450 1169
1485460 1174
1485470 1182
1485480 1182
1485490 1189
1485500 1193
1485510 1193
1485520 1197
1485530 1202
1485540 1202
1485550 1206
1485560 1210
1485570 1212
1485580 1212
1485590 1213
1485600 1219
1485610 1219
1485620 1222
1485630 1225
1485640 1225
1485650 1228
1485660 1232
1485670 1232
1485680 1236
1485690 1240
1485700 1240
1485710 1244
1485720 1247
1485730 1250
1485740 1250
1485750 1253
1485760 1256
1485770 1256
1485780 1257
1485790 1258
1485800 1258
1485810 1260
1485820 1263
1485830 1263
1485840 1265
1485850 1267
1485860 1267
1485870 1269
1485880 1271
1485890 1271
1485900 1273
1485910 1275
1485920 1278
1485930 1278
1485940 1280
1485950 1281
1485960 1281
1485970 1282
1485980 1283
1485990 1283
1486000 1284
1486010 1284
1486020 1284
1486030 1283
1486040 1280
1486050 1280
1486060 1278
1486070 1275
1486080 1275
1486090 1275
1486100 1277
1486110 1275
1486120 1275
1486130 1271
1486140 1265
1486150 1265
1486160 1262
1486170 1265
1486180 1265
1486190 1267
1486200 1269
1486210 1269
1486220 1271
1486230 1275
1486240 1276
1486250 1276
1486260 1275
1486270 1278
1486280 1278
1486290 1280
1486300 1280
1486310 1280
1486320 1279
1486330 1276
1486340 1276
1486350 1273
1486360 1270
1486370 1270
1486380 1265
1486390 1261
1486400 1261
1486410 1257
1486420 1254
1486430 1252
1486440 1252
1486450 1256
1486460 1262
1486470 1262
1486480 1265
1486490 1268
1486500 1268
1486510 1266
1486520 1265
1486530 1265
1486540 1260
1486550 1254
1486560 1254
1486570 1257
1486580 1260
1486590 1260
1486600 1260
1486610 1259
1486620 1260
1486630 1260
1486640 1261
1486650 1262
1486660 1262
1486670 1264
1486680 1266
1486690 1266
1486700 1269
1486710 1274
1486720 1274
1486730 1279
1486740 1286
1486750 1293
1486760 1293
1486770 1299
1486780 1302
1486790 1302
1486800 1304
1486810 1305
1486820 1305
1486830 1305
1486840 1304
1486850 1304
1486860 1302
1486870 1301
1486880 1301
1486890 1298
1486900 1296
1486910 1296
1486920 1293
1486930 1290
1486940 1286
1486950 1286
1486960 1283
1486970 1279
1486980 1279
1486990 1276
1487000 1270
1487010 1270
1487020 1265
1487030 1263
1487040 1263
1487050 1263
1487060 1262
1487070 1262
1487080 1260
1487090 1260
1487100 1259
1487110 1259
1487120 1257
1487130 1255
1487140 1255
1487150 1253
1487160 1251
1487170 1251
1487180 1249
1487190 1247
1487200 1247
1487210 1245
1487220 1242
1487230 1242
1487240 1240
1487250 1239
1487260 1239
1487270 1239
1487280 1238
1487290 1238
1487300 1238
1487310 1243
1487320 1246
1487330 1246
1487340 1248
1487350 1248
1487360 1248
1487370 1245
1487380 1243
1487390 1243
1487400 1242
1487410 1243
1487420 1243
1487430 1244
1487440 1245
1487450 1246
1487460 1246
1487470 1247
1487480 1247
1487490 1247
1487500 1254
1487510 1259
1487520 1259
1487530 1261
1487540 1261
1487550 1261
1487560 1257
1487570 1254
1487580 1254
1487590 1254
1487600 1255
1487610 1257
1487620 1257
1487630 1259
1487640 1260
1487650 1260
1487660 1261
1487670 1262
1487680 1262
1487690 1262
1487700 1261
1487710 1261
1487720 1262
1487730 1264
1487740 1264
1487750 1267
1487760 1269
1487770 1272
1487780 1272
1487790 1275
1487800 1278
1487810 1278
1487820 1280
1487830 1282
1487840 1282
1487850 1282
1487860 1283
1487870 1283
1487880 1285
1487890 1285
1487900 1285
1487910 1284
1487920 1284
1487930 1284
1487940 1283
1487950 1283
1487960 1284
1487970 1284
1487980 1284
1487990 1285
1488000 1285
1488010 1285
1488020 1286
1488030 1286
1488040 1287
1488050 1289
1488060 1289
1488070 1288
1488080 1288
1488090 1288
1488100 1286
1488110 1286
1488120 1284
1488130 1284
1488140 1284
1488150 1283
1488160 1283
1488170 1284
1488180 1286
1488190 1286
1488200 1286
1488210 1286
1488220 1286
1488230 1287
1488240 1286
1488250 1286
1488260 1286
1488270 1285
1488280 1285
1488290 1285
1488300 1286
1488310 1286
1488320 1286
1488330 1286
1488340 1286
1488350 1286
1488360 1286
1488370 1286
1488380 1286
1488390 1286
1488400 1288
1488410 1288
1488420 1289
1488430 1288
1488440 1288
1488450 1285
1488460 1284
1488470 1285
1488480 1285
1488490 1286
1488500 1287
1488510 1287
1488520 1287
1488530 1287
1488540 1287
1488550 1287
1488560 1291
1488570 1291
1488580 1294
1488590 1296
1488600 1296
1488610 1299
1488620 1302
1488630 1305
1488640 1305
1488650 1308
1488660 1308
1488670 1308
1488680 1309
1488690 1308
1488700 1308
1488710 1305
1488720 1300
1488730 1300
1488740 1306
1488750 1312
1488760 1312
1488770 1317
1488780 1321
1488790 1323
1488800 1323
1488810 1324
1488820 1328
1488830 1328
1488840 1333
1488850 1337
1488860 1337
1488870 1341
1488880 1345
1488890 1345
1488900 1348
1488910 1351
1488920 1351
1488930 1352
1488940 1356
1488950 1356
1488960 1360
1488970 1365
1488980 1368
1488990 1368
1489000 1367
1489010 1359
1489020 1359
1489030 1356
1489040 1364
1489050 1364
1489060 1368
1489070 1370
1489080 1370
1489090 1375
1489100 1380
1489110 1380
1489120 1385
1489130 1391
1489140 1396
1489150 1396
1489160 1402
1489170 1407
1489180 1407
1489190 1414
1489200 1423
1489210 1423
1489220 1427
1489230 1430
1489240 1430
1489250 1434
1489260 1438
1489270 1438
1489280 1442
1489290 1445
1489300 1450
1489310 1450
1489320 1455
1489330 1460
1489340 1460
1489350 1464
1489360 1468
1489370 1468
1489380 1471
1489390 1473
1489400 1473
1489410 1476
1489420 1477
1489430 1477
1489440 1478
1489450 1481
1489460 1481
1489470 1484
1489480 1485
1489490 1487
1489500 1487
1489510 1489
1489520 1492
1489530 1492
1489540 1494
1489550 1499
1489560 1499
1489570 1505
1489580 1513
1489590 1513
1489600 1520
1489610 1526
1489620 1526
1489630 1533
1489640 1541
1489650 1552
1489660 1552
1489670 1564
1489680 1569
1489690 1569
1489700 1573
1489710 1579
1489720 1579
1489730 1585
1489740 1590
1489750 1590
1489760 1594
1489770 1597
1489780 1597
1489790 1599
1489800 1601
1489810 1603
1489820 1603
1489830 1604
1489840 1606
1489850 1606
1489860 1608
1489870 1610
1489880 1610
1489890 1613
1489900 1615
1489910 1615
1489920 1618
1489930 1620
1489940 1620
1489950 1622
1489960 1624
1489970 1628
1489980 1628
1489990 1632
1490000 1635
1490010 1635
1490020 1637
1490030 1641
1490040 1641
1490050 1646
1490060 1650
1490070 1650
1490080 1654
1490090 1658
1490100 1658
1490110 1663
1490120 1668
1490130 1668
1490140 1671
1490150 1674
1490160 1676
1490170 1676
1490180 1682
1490190 1689
1490200 1689
1490210 1694
1490220 1700
1490230 1700
1490240 1706
1490250 1711
1490260 1711
1490270 1717
1490280 1722
1490290 1722
1490300 1727
1490310 1733
1490320 1738
1490330 1738
1490340 1743
1490350 1749
1490360 1749
1490370 1755
1490380 1760
1490390 1760
1490400 1766
1490410 1771
1490420 1771
1490430 1775
1490440 1780
1490450 1780
1490460 1783
1490470 1787
1490480 1792
1490490 1792
1490500 1798
1490510 1802
1490520 1802
1490530 1808
1490540 1813
1490550 1813
1490560 1817
1490570 1821
1490580 1821
1490590 1826
1490600 1833
1490610 1833
1490620 1838
1490630 1844
1490640 1844
1490650 1851
1490660 1857
1490670 1865
1490680 1865
1490690 1871
1490700 1877
1490710 1877
1490720 1882
1490730 1888
1490740 1888
1490750 1895
1490760 1900
1490770 1900
1490780 1903
1490790 1909
1490800 1909
1490810 1915
1490820 1921
1490830 1926
1490840 1926
1490850 1931
1490860 1936
1490870 1936
1490880 1942
1490890 1946
1490900 1946
1490910 1951
1490920 1956
1490930 1956
1490940 1962
1490950 1968
1490960 1968
1490970 1973
1490980 1977
1490990 1980
1491000 1980
1491010 1984
1491020 1989
1491030 1989
1491040 1994
1491050 1999
1491060 1999
1491070 2003
1491080 2007
1491090 2007
1491100 2009
1491110 2009
1491120 2009
1491130 2004
1491140 1997
1491150 1997
1491160 1992
1491170 1986
1491180 1979
1491190 1979
1491200 1968
1491210 1958
1491220 1958
1491230 1949
1491240 1942
1491250 1942
1491260 1932
1491270 1919
1491280 1919
1491290 1913
1491300 1911
1491310 1911
1491320 1915
1491330 1915
1491340 1907
1491350 1907
1491360 1895
1491370 1892
1491380 1892
1491390 1891
1491400 1887
1491410 1887
1491420 1885
1491430 1883
1491440 1883
1491450 1881
1491460 1878
1491470 1878
1491480 1877
1491490 1875
1491500 1872
1491510 1872
1491520 1867
1491530 1864
1491540 1864
1491550 1862
1491560 1858
1491570 1858
1491580 1854
1491590 1851
1491600 1851
1491610 1848
1491620 1843
1491630 1843
1491640 1836
1491650 1829
1491660 1829
1491670 1824
1491680 1821
1491690 1818
1491700 1818
1491710 1816
1491720 1813
1491730 1813
1491740 1811
1491750 1810
1491760 1810
1491770 1808
1491780 1806
1491790 1806
1491800 1804
1491810 1803
1491820 1803
1491830 1801
1491840 1800
1491850 1798
1491860 1798
1491870 1796
1491880 1793
1491890 1793
1491900 1792
1491910 1790
1491920 1790
1491930 1788
1491940 1786
1491950 1786
1491960 1784
1491970 1782
1491980 1782
1491990 1780
1492000 1777
1492010 1775
1492020 1775
1492030 1774
1492040 1772
1492050 1772
1492060 1770
1492070 1770
1492080 1770
1492090 1769
1492100 1768
1492110 1768
1492120 1767
1492130 1766
1492140 1766
1492150 1765
1492160 1763
1492170 1763
1492180 1760
1492190 1757
1492200 1752
1492210 1752
1492220 1747
1492230 1742
1492240 1742
1492250 1739
1492260 1736
1492270 1736
1492280 1735
1492290 1734
1492300 1734
1492310 1733
1492320 1733
1492330 1733
1492340 1733
1492350 1733
1492360 1734
1492370 1734
1492380 1733
1492390 1732
1492400 1732
1492410 1732
1492420 1732
1492430 1732
1492440 1731
1492450 1730
1492460 1730
1492470 1731
1492480 1732
1492490 1732
1492500 1729
1492510 1725
1492520 1720
1492530 1720
1492540 1715
1492550 1710
1492560 1710
1492570 1706
1492580 1704
1492590 1704
1492600 1700
1492610 1695
1492620 1695
1492630 1690
1492640 1685
1492650 1685
1492660 1681
1492670 1678
1492680 1678
1492690 1675
1492700 1672
1492710 1669
1492720 1669
1492730 1664
1492740 1659
1492750 1659
1492760 1654
1492770 1650
1492780 1650
1492790 1647
1492800 1644
1492810 1644
1492820 1640
1492830 1634
1492840 1634
1492850 1629
1492860 1623
1492870 1618
1492880 1618
1492890 1613
1492900 1608
1492910 1608
1492920 1604
1492930 1600
1492940 1600
1492950 1596
1492960 1594
1492970 1594
1492980 1592
1492990 1590
1493000 1590
1493010 1587
1493020 1584
1493030 1582
1493040 1582
1493050 1578
1493060 1575
1493070 1575
1493080 1571
1493090 1569
1493100 1569
1493110 1566
1493120 1564
1493130 1564
1493140 1565
1493150 1566
1493160 1566
1493170 1566
1493180 1566
1493190 1566
1493200 1566
1493210 1567
1493220 1567
1493230 1567
1493240 1568
1493250 1571
1493260 1571
1493270 1575
1493280 1579
1493290 1579
1493300 1582
1493310 1585
1493320 1585
1493330 1588
1493340 1590
1493350 1590
1493360 1592
1493370 1595
1493380 1599
1493390 1599
1493400 1601
1493410 1604
1493420 1604
1493430 1606
1493440 1605
1493450 1605
1493460 1603
1493470 1603
1493480 1603
1493490 1606
1493500 1608
1493510 1608
1493520 1608
1493530 1605
1493540 1601
1493550 1601
1493560 1598
1493570 1599
1493580 1599
1493590 1599
1493600 1600
1493610 1600
1493620 1601
1493630 1602
1493640 1602
1493650 1603
1493660 1604
1493670 1604
1493680 1606
1493690 1609
1493700 1609
1493710 1611
1493720 1614
1493730 1615
1493740 1615
1493750 1616
1493760 1618
1493770 1618
1493780 1619
1493790 1621
1493800 1621
1493810 1622
1493820 1624
1493830 1624
1493840 1626
1493850 1629
1493860 1629
1493870 1633
1493880 1636
1493890 1639
1493900 1639
1493910 1641
1493920 1643
1493930 1643
1493940 1645
1493950 1645
1493960 1645
1493970 1645
1493980 1645
1493990 1645
1494000 1645
1494010 1645
1494020 1645
1494030 1644
1494040 1642
1494050 1641
1494060 1641
1494070 1639
1494080 1636
1494090 1636
1494100 1633
1494110 1630
1494120 1630
1494130 1627
1494140 1626
1494150 1626
1494160 1626
1494170 1626
1494180 1626
1494190 1625
1494200 1624
1494210 1624
1494220 1622
1494230 1620
1494240 1619
1494250 1619
1494260 1617
1494270 1614
1494280 1614
1494290 1612
1494300 1610
1494310 1610
1494320 1607
1494330 1606
1494340 1606
1494350 1603
1494360 1599
1494370 1599
1494380 1595
1494390 1592
1494400 1589
1494410 1589
1494420 1585
1494430 1580
1494440 1580
1494450 1578
1494460 1577
1494470 1577
1494480 1578
1494490 1577
1494500 1577
1494510 1574
1494520 1573
1494530 1573
1494540 1571
1494550 1568
1494560 1564
1494570 1564
1494580 1561
1494590 1560
1494600 1560
1494610 1559
1494620 1557
1494630 1557
1494640 1556
1494650 1555
1494660 1555
1494670 1554
1494680 1553
1494690 1553
1494700 1553
1494710 1552
1494720 1552
1494730 1547
1494740 1545
1494750 1546
1494760 1546
1494770 1547
1494780 1549
1494790 1549
1494800 1551
1494810 1554
1494820 1554
1494830 1557
1494840 1559
1494850 1559
1494860 1562
1494870 1564
1494880 1564
1494890 1566
1494900 1569
1494910 1571
1494920 1571
1494930 1574
1494940 1578
1494950 1578
1494960 1583
1494970 1586
1494980 1586
1494990 1589
1495000 1593
1495010 1593
1495020 1597
1495030 1599
1495040 1599
1495050 1601
1495060 1603
1495070 1607
1495080 1607
1495090 1611
1495100 1614
1495110 1614
1495120 1616
1495130 1619
1495140 1619
1495150 1622
1495160 1624
1495170 1624
1495180 1626
1495190 1628
1495200 1628
1495210 1630
1495220 1632
1495230 1635
1495240 1635
1495250 1636
1495260 1637
1495270 1637
1495280 1638
1495290 1640
1495300 1640
1495310 1642
1495320 1643
1495330 1643
1495340 1644
1495350 1645
1495360 1645
1495370 1646
1495380 1647
1495390 1647
1495400 1648
1495410 1650
1495420 1652
1495430 1652
1495440 1653
1495450 1654
1495460 1654
1495470 1655
1495480 1656
1495490 1656
1495500 1657
1495510 1658
1495520 1658
1495530 1659
1495540 1659
1495550 1659
1495560 1659
1495570 1659
1495580 1659
1495590 1659
1495600 1660
1495610 1660
1495620 1660
1495630 1661
1495640 1663
1495650 1663
1495660 1665
1495670 1666
1495680 1666
1495690 1668
1495700 1670
1495710 1670
1495720 1673
1495730 1675
1495740 1678
1495750 1678
1495760 1680
1495770 1679
1495780 1679
1495790 1677
1495800 1675
1495810 1675
1495820 1673
1495830 1673
1495840 1673
1495850 1673
1495860 1673
1495870 1673
1495880 1673
1495890 1674
1495900 1674
1495910 1676
1495920 1679
1495930 1682
1495940 1682
1495950 1684
1495960 1685
1495970 1685
1495980 1684
1495990 1684
1496000 1684
1496010 1685
1496020 1687
1496030 1687
1496040 1688
1496050 1689
1496060 1689
1496070 1688
1496080 1688
1496090 1689
1496100 1689
1496110 1691
1496120 1694
1496130 1694
1496140 1698
1496150 1701
1496160 1701
1496170 1704
1496180 1706
1496190 1706
1496200 1708
1496210 1710
1496220 1710
1496230 1713
1496240 1715
1496250 1718
1496260 1718
1496270 1720
1496280 1722
1496290 1722
1496300 1722
1496310 1723
1496320 1723
1496330 1722
1496340 1721
1496350 1721
1496360 1724
1496370 1728
1496380 1728
1496390 1732
1496400 1735
1496410 1735
1496420 1737
1496430 1738
1496440 1739
1496450 1739
1496460 1741
1496470 1740
1496480 1740
1496490 1740
1496500 1741
1496510 1741
1496520 1742
1496530 1744
1496540 1744
1496550 1746
1496560 1747
1496570 1747
1496580 1749
1496590 1752
1496600 1755
1496610 1755
1496620 1758
1496630 1762
1496640 1762
1496650 1766
1496660 1770
1496670 1770
1496680 1773
1496690 1775
1496700 1775
1496710 1776
1496720 1777
1496730 1777
1496740 1779
1496750 1780
1496760 1781
1496770 1781
1496780 1783
1496790 1783
1496800 1783
1496810 1784
1496820 1784
1496830 1784
1496840 1784
1496850 1782
1496860 1782
1496870 1779
1496880 1775
1496890 1775
1496900 1771
1496910 1769
1496920 1769
1496930 1766
1496940 1763
1496950 1760
1496960 1760
1496970 1755
1496980 1751
1496990 1751
1497000 1749
1497010 1744
1497020 1744
1497030 1738
1497040 1735
1497050 1735
1497060 1733
1497070 1731
1497080 1731
1497090 1724
1497100 1719
1497110 1716
1497120 1716
1497130 1715
1497140 1714
1497150 1714
1497160 1712
1497170 1710
1497180 1710
1497190 1706
1497200 1701
1497210 1701
1497220 1696
1497230 1693
1497240 1693
1497250 1690
1497260 1686
1497270 1680
1497280 1680
1497290 1674
1497300 1672
1497310 1672
1497320 1673
1497330 1672
1497340 1672
1497350 1672
1497360 1673
1497370 1673
1497380 1675
1497390 1677
1497400 1677
1497410 1678
1497420 1680
1497430 1680
1497440 1682
1497450 1684
1497460 1686
1497470 1686
1497480 1688
1497490 1689
1497500 1689
1497510 1691
1497520 1694
1497530 1694
1497540 1695
1497550 1695
1497560 1695
1497570 1695
1497580 1694
1497590 1694
1497600 1694
1497610 1692
1497620 1690
1497630 1690
1497640 1688
1497650 1686
1497660 1686
1497670 1684
1497680 1682
1497690 1682
1497700 1678
1497710 1671
1497720 1671
1497730 1664
1497740 1659
1497750 1659
1497760 1655
1497770 1651
1497780 1647
1497790 1647
1497800 1642
1497810 1641
1497820 1641
1497830 1644
1497840 1645
1497850 1645
1497860 1644
1497870 1644
1497880 1644
1497890 1642
1497900 1643
1497910 1643
1497920 1645
1497930 1648
1497940 1648
1497950 1653
1497960 1655
1497970 1654
1497980 1654
1497990 1654
1498000 1656
1498010 1656
1498020 1657
1498030 1659
1498040 1659
1498050 1661
1498060 1661
1498070 1661
1498080 1662
1498090 1663
1498100 1663
1498110 1665
1498120 1664
1498130 1664
1498140 1664
1498150 1665
1498160 1664
1498170 1664
1498180 1663
1498190 1667
1498200 1667
1498210 1671
1498220 1674
1498230 1674
1498240 1676
1498250 1678
1498260 1678
1498270 1680
1498280 1682
1498290 1684
1498300 1684
1498310 1686
1498320 1689
1498330 1689
1498340 1691
1498350 1693
1498360 1693
1498370 1695
1498380 1697
1498390 1697
1498400 1698
1498410 1699
1498420 1699
1498430 1700
1498440 1702
1498450 1702
1498460 1703
1498470 1705
1498480 1708
1498490 1708
1498500 1710
1498510 1712
1498520 1712
1498530 1713
1498540 1714
1498550 1714
1498560 1714
1498570 1714
1498580 1714
1498590 1714
1498600 1713
1498610 1713
1498620 1712
1498630 1711
1498640 1708
1498650 1708
1498660 1704
1498670 1701
1498680 1701
1498690 1697
1498700 1694
1498710 1694
1498720 1687
1498730 1677
1498740 1677
1498750 1665
1498760 1657
1498770 1657
1498780 1649
1498790 1641
1498800 1634
1498810 1634
1498820 1628
1498830 1623
1498840 1623
1498850 1618
1498860 1613
1498870 1613
1498880 1609
1498890 1605
1498900 1605
1498910 1600
1498920 1594
1498930 1594
1498940 1586
1498950 1575
1498960 1575
1498970 1561
1498980 1548
1498990 1539
1499000 1539
1499010 1531
1499020 1523
1499030 1523
1499040 1515
1499050 1508
1499060 1508
1499070 1500
1499080 1492
1499090 1492
1499100 1483
1499110 1475
1499120 1475
1499130 1467
1499140 1460
1499150 1460
1499160 1460
1499170 1459
1499180 1460
1499190 1460
1499200 1459
1499210 1459
1499220 1459
1499230 1457
1499240 1453
1499250 1453
1499260 1446
1499270 1448
1499280 1448
1499290 1454
1499300 1457
1499310 1458
1499320 1458
1499330 1458
1499340 1458
1499350 1458
1499360 1458
1499370 1459
1499380 1459
1499390 1461
1499400 1462
1499410 1462
1499420 1465
1499430 1469
1499440 1469
1499450 1472
1499460 1478
1499470 1478
1499480 1481
1499490 1484
1499500 1487
1499510 1487
1499520 1488
1499530 1489
1499540 1489
1499550 1490
1499560 1491
1499570 1491
1499580 1492
1499590 1491
1499600 1491
1499610 1489
1499620 1485
1499630 1485
1499640 1480
1499650 1475
1499660 1468
1499670 1468
1499680 1463
1499690 1457
1499700 1457
1499710 1451
1499720 1446
1499730 1446
1499740 1442
1499750 1437
1499760 1437
1499770 1432
1499780 1426
1499790 1426
1499800 1421
1499810 1418
1499820 1416
1499830 1416
1499840 1413
1499850 1409
1499860 1409
1499870 1402
1499880 1392
1499890 1392
1499900 1379
1499910 1369
1499920 1370
1499930 1361
1499940 1352
1499950 1352
1499960 1353
1499970 1359
1499980 1359
1499990 1363
