1480000 1084
1480010 1081
1480020 1082
1480030 1082
1480040 1080
1480050 1078
1480060 1087
1480070 1087
1480080 1091
1480090 1089
1480100 1089
1480110 1085
1480120 1082
1480130 1082
1480140 1077
1480150 1060
1480160 1060
1480170 1053
1480180 1050
1480190 1050
1480200 1048
1480210 1045
1480220 1041
1480230 1041
1480240 1038
1480250 1037
1480260 1037
1480270 1036
1480280 1034
1480290 1034
1480300 1030
1480310 1026
1480320 1026
1480330 1028
1480340 1030
1480350 1030
1480360 1030
1480370 1031
1480380 1031
1480390 1031
1480400 1030
1480410 1024
1480420 1024
1480430 1017
1480440 1011
1480450 1011
1480460 1005
1480470 1000
1480480 1000
1480490 994
1480500 987
1480510 987
1480520 982
1480530 976
1480540 976
1480550 966
1480560 955
1480570 944
1480580 944
1480590 934
1480600 923
1480610 923
1480620 912
1480630 908
1480640 908
1480650 912
1480660 907
1480670 907
1480680 897
1480690 886
1480700 886
1480710 880
1480720 870
1480730 870
1480740 862
1480750 857
1480760 853
1480770 853
1480780 854
1480790 860
1480800 860
1480810 867
1480820 877
1480830 877
1480840 889
1480850 903
1480860 903
1480870 919
1480880 931
1480890 931
1480900 940
1480910 950
1480920 960
1480930 960
1480940 969
1480950 976
1480960 976
1480970 981
1480980 980
1480990 980
1481000 979
1481010 978
1481020 978
1481030 975
1481040 973
1481050 973
1481060 974
1481070 975
1481080 975
1481090 975
1481100 974
1481110 972
1481120 972
1481130 969
1481140 967
1481150 967
1481160 966
1481170 965
1481180 965
1481190 963
1481200 961
1481210 961
1481220 956
1481230 955
1481240 955
1481250 954
1481260 954
1481270 956
1481280 956
1481290 956
1481300 955
1481310 955
1481320 954
1481330 952
1481340 952
1481350 949
1481360 945
1481370 945
1481380 942
1481390 935
1481400 935
1481410 925
1481420 918
1481430 910
1481440 910
1481450 900
1481460 895
1481470 895
1481480 891
1481490 886
1481500 886
1481510 882
1481520 878
1481530 878
1481540 880
1481550 886
1481560 886
1481570 893
1481580 898
1481590 898
1481600 895
1481610 888
1481620 882
1481630 882
1481640 885
1481650 888
1481660 888
1481670 887
1481680 885
1481690 885
1481700 883
1481710 881
1481720 881
1481730 879
1481740 878
1481750 878
1481760 880
1481770 882
1481780 878
1481790 878
1481800 869
1481810 864
1481820 864
1481830 857
1481840 854
1481850 854
1481860 856
1481870 859
1481880 859
1481890 860
1481900 859
1481910 859
1481920 855
1481930 847
1481940 847
1481950 845
1481960 847
1481970 847
1481980 847
1481990 844
1482000 841
1482010 841
1482020 840
1482030 839
1482040 839
1482050 837
1482060 838
1482070 838
1482080 838
1482090 838
1482100 838
1482110 838
1482120 839
1482130 840
1482140 840
1482150 840
1482160 840
1482170 840
1482180 839
1482190 836
1482200 836
1482210 831
1482220 828
1482230 828
1482240 824
1482250 818
1482260 818
1482270 814
1482280 811
1482290 811
1482300 808
1482310 806
1482320 802
1482330 802
1482340 797
1482350 793
1482360 793
1482370 791
1482380 791
1482390 791
1482400 791
1482410 791
1482420 791
1482430 790
1482440 787
1482450 787
1482460 784
1482470 781
1482480 778
1482490 778
1482500 772
1482510 769
1482520 769
1482530 765
1482540 761
1482550 761
1482560 761
1482570 763
1482580 763
1482590 765
1482600 766
1482610 766
1482620 764
1482630 763
1482640 761
1482650 761
1482660 759
1482670 755
1482680 755
1482690 750
1482700 747
1482710 747
1482720 743
1482730 737
1482740 737
1482750 735
1482760 735
1482770 735
1482780 733
1482790 731
1482800 731
1482810 729
1482820 728
1482830 727
1482840 727
1482850 726
1482860 722
1482870 722
1482880 720
1482890 715
1482900 715
1482910 713
1482920 713
1482930 713
1482940 716
1482950 718
1482960 718
1482970 717
1482980 717
1482990 715
1483000 715
1483010 712
1483020 712
1483030 712
1483040 713
1483050 714
1483060 714
1483070 713
1483080 711
1483090 711
1483100 708
1483110 705
1483120 705
1483130 702
1483140 699
1483150 699
1483160 697
1483170 697
1483180 698
1483190 698
1483200 698
1483210 697
1483220 697
1483230 696
1483240 694
1483250 694
1483260 691
1483270 687
1483280 687
1483290 684
1483300 682
1483310 682
1483320 679
1483330 680
1483340 683
1483350 683
1483360 685
1483370 686
1483380 686
1483390 686
1483400 686
1483410 686
1483420 686
1483430 687
1483440 687
1483450 687
1483460 687
1483470 687
1483480 687
1483490 686
1483500 686
1483510 686
1483520 685
1483530 684
1483540 684
1483550 684
1483560 683
1483570 683
1483580 680
1483590 679
1483600 679
1483610 678
1483620 677
1483630 677
1483640 676
1483650 675
1483660 675
1483670 674
1483680 674
1483690 673
1483700 673
1483710 672
1483720 672
1483730 672
1483740 670
1483750 669
1483760 669
1483770 668
1483780 667
1483790 667
1483800 666
1483810 665
1483820 665
1483830 662
1483840 660
1483850 659
1483860 659
1483870 657
1483880 656
1483890 656
1483900 655
1483910 654
1483920 654
1483930 652
1483940 651
1483950 651
1483960 649
1483970 644
1483980 644
1483990 638
1484000 632
1484010 632
1484020 627
1484030 623
1484040 620
1484050 620
1484060 618
1484070 616
1484080 616
1484090 615
1484100 613
1484110 613
1484120 611
1484130 609
1484140 609
1484150 607
1484160 605
1484170 605
1484180 604
1484190 602
1484200 600
1484210 600
1484220 598
1484230 596
1484240 596
1484250 595
1484260 594
1484270 594
1484280 593
1484290 593
1484300 593
1484310 592
1484320 591
1484330 591
1484340 589
1484350 589
1484360 589
1484370 588
1484380 587
1484390 584
1484400 584
1484410 578
1484420 575
1484430 575
1484440 573
1484450 572
1484460 572
1484470 571
1484480 570
1484490 570
1484500 569
1484510 569
1484520 569
1484530 569
1484540 568
1484550 568
1484560 568
1484570 568
1484580 567
1484590 567
1484600 567
1484610 567
1484620 567
1484630 567
1484640 567
1484650 567
1484660 567
1484670 567
1484680 567
1484690 567
1484700 567
1484710 567
1484720 567
1484730 567
1484740 567
1484750 567
1484760 567
1484770 567
1484780 567
1484790 567
1484800 567
1484810 567
1484820 567
1484830 567
1484840 567
1484850 566
1484860 566
1484870 566
1484880 567
1484890 566
1484900 566
1484910 566
1484920 566
1484930 566
1484940 566
1484950 567
1484960 567
1484970 567
1484980 567
1484990 567
1485000 567
1485010 567
1485020 567
1485030 567
1485040 566
1485050 567
1485060 569
1485070 569
1485080 570
1485090 570
1485100 570
1485110 569
1485120 569
1485130 569
1485140 569
1485150 569
1485160 569
1485170 570
1485180 569
1485190 569
1485200 569
1485210 568
1485220 568
1485230 567
1485240 568
1485250 568
1485260 568
1485270 567
1485280 568
1485290 568
1485300 568
1485310 568
1485320 568
1485330 568
1485340 568
1485350 568
1485360 568
1485370 568
1485380 568
1485390 568
1485400 568
1485410 568
1485420 568
1485430 567
1485440 566
1485450 566
1485460 564
1485470 564
1485480 564
1485490 564
1485500 564
1485510 564
1485520 567
1485530 567
1485540 567
1485550 568
1485560 568
1485570 568
1485580 568
1485590 568
1485600 568
1485610 568
1485620 567
1485630 567
1485640 567
1485650 567
1485660 567
1485670 567
1485680 567
1485690 567
1485700 567
1485710 567
1485720 567
1485730 567
1485740 567
1485750 567
1485760 567
1485770 567
1485780 567
1485790 567
1485800 567
1485810 567
1485820 567
1485830 567
1485840 567
1485850 567
1485860 567
1485870 567
1485880 567
1485890 567
1485900 567
1485910 567
1485920 567
1485930 567
1485940 567
1485950 567
1485960 567
1485970 567
1485980 567
1485990 567
1486000 567
1486010 567
1486020 567
1486030 567
1486040 567
1486050 567
1486060 567
1486070 567
1486080 567
1486090 567
1486100 567
1486110 567
1486120 567
1486130 567
1486140 567
1486150 567
1486160 567
1486170 567
1486180 567
1486190 567
1486200 567
1486210 567
1486220 567
1486230 567
1486240 567
1486250 567
1486260 567
1486270 567
1486280 567
1486290 567
1486300 567
1486310 567
1486320 567
1486330 567
1486340 567
1486350 567
1486360 567
1486370 567
1486380 568
1486390 567
1486400 567
1486410 568
1486420 569
1486430 569
1486440 570
1486450 571
1486460 572
1486470 572
1486480 572
1486490 572
1486500 572
1486510 572
1486520 573
1486530 573
1486540 573
1486550 573
1486560 573
1486570 574
1486580 574
1486590 574
1486600 574
1486610 574
1486620 574
1486630 574
1486640 575
1486650 575
1486660 575
1486670 576
1486680 576
1486690 576
1486700 576
1486710 576
1486720 576
1486730 576
1486740 576
1486750 576
1486760 576
1486770 577
1486780 577
1486790 577
1486800 577
1486810 577
1486820 577
1486830 577
1486840 578
1486850 578
1486860 578
1486870 578
1486880 578
1486890 578
1486900 578
1486910 578
1486920 579
1486930 579
1486940 579
1486950 579
1486960 579
1486970 579
1486980 579
1486990 580
1487000 580
1487010 580
1487020 580
1487030 580
1487040 580
1487050 581
1487060 581
1487070 581
1487080 582
1487090 582
1487100 582
1487110 583
1487120 583
1487130 583
1487140 583
1487150 583
1487160 583
1487170 583
1487180 583
1487190 583
1487200 583
1487210 583
1487220 584
1487230 584
1487240 584
1487250 584
1487260 584
1487270 584
1487280 584
1487290 584
1487300 584
1487310 584
1487320 584
1487330 584
1487340 584
1487350 584
1487360 584
1487370 584
1487380 584
1487390 584
1487400 585
1487410 585
1487420 585
1487430 588
1487440 594
1487450 594
1487460 601
1487470 609
1487480 616
1487490 616
1487500 623
1487510 628
1487520 628
1487530 633
1487540 638
1487550 638
1487560 641
1487570 643
1487580 643
1487590 644
1487600 646
1487610 646
1487620 649
1487630 654
1487640 654
1487650 657
1487660 659
1487670 663
1487680 663
1487690 666
1487700 670
1487710 670
1487720 673
1487730 677
1487740 677
1487750 681
1487760 684
1487770 684
1487780 687
1487790 690
1487800 690
1487810 693
1487820 696
1487830 700
1487840 700
1487850 703
1487860 707
1487870 707
1487880 712
1487890 716
1487900 716
1487910 722
1487920 727
1487930 727
1487940 733
1487950 739
1487960 739
1487970 744
1487980 749
1487990 749
1488000 755
1488010 760
1488020 766
1488030 766
1488040 773
1488050 780
1488060 780
1488070 786
1488080 792
1488090 792
1488100 798
1488110 804
1488120 804
1488130 810
1488140 817
1488150 817
1488160 823
1488170 829
1488180 834
1488190 834
1488200 841
1488210 845
1488220 845
1488230 852
1488240 859
1488250 859
1488260 866
1488270 875
1488280 875
1488290 884
1488300 893
1488310 893
1488320 903
1488330 911
1488340 920
1488350 920
1488360 929
1488370 937
1488380 937
1488390 946
1488400 955
1488410 955
1488420 962
1488430 969
1488440 969
1488450 974
1488460 981
1488470 981
1488480 989
1488490 996
1488500 996
1488510 1002
1488520 1008
1488530 1014
1488540 1014
1488550 1022
1488560 1029
1488570 1029
1488580 1037
1488590 1045
1488600 1045
1488610 1052
1488620 1059
1488630 1059
1488640 1066
1488650 1074
1488660 1074
1488670 1081
1488680 1089
1488690 1096
1488700 1096
1488710 1103
1488720 1110
1488730 1110
1488740 1117
1488750 1125
1488760 1125
1488770 1128
1488780 1136
1488790 1136
1488800 1146
1488810 1157
1488820 1157
1488830 1162
1488840 1167
1488850 1167
1488860 1171
1488870 1174
1488880 1177
1488890 1177
1488900 1182
1488910 1187
1488920 1187
1488930 1191
1488940 1194
1488950 1194
1488960 1197
1488970 1200
1488980 1200
1488990 1204
1489000 1208
1489010 1208
1489020 1211
1489030 1215
1489040 1216
1489050 1216
1489060 1216
1489070 1216
1489080 1216
1489090 1215
1489100 1215
1489110 1215
1489120 1215
1489130 1217
1489140 1217
1489150 1219
1489160 1224
1489170 1224
1489180 1224
1489190 1223
1489200 1223
1489210 1222
1489220 1224
1489230 1228
1489240 1228
1489250 1235
1489260 1240
1489270 1240
1489280 1242
1489290 1245
1489300 1245
1489310 1246
1489320 1246
1489330 1246
1489340 1244
1489350 1241
1489360 1241
1489370 1238
1489380 1235
1489390 1232
1489400 1232
1489410 1229
1489420 1226
1489430 1226
1489440 1222
1489450 1224
1489460 1224
1489470 1232
1489480 1242
1489490 1242
1489500 1252
1489510 1256
1489520 1256
1489530 1258
1489540 1259
1489550 1259
1489560 1259
1489570 1260
1489580 1262
1489590 1262
1489600 1263
1489610 1264
1489620 1264
1489630 1264
1489640 1263
1489650 1263
1489660 1261
1489670 1256
1489680 1256
1489690 1254
1489700 1255
1489710 1255
1489720 1255
1489730 1254
1489740 1257
1489750 1257
1489760 1258
1489770 1252
1489780 1252
1489790 1247
1489800 1247
1489810 1247
1489820 1253
1489830 1253
1489840 1253
1489850 1247
1489860 1236
1489870 1236
1489880 1228
1489890 1230
1489900 1232
1489910 1232
1489920 1238
1489930 1245
1489940 1245
1489950 1248
1489960 1246
1489970 1246
1489980 1242
1489990 1236
1490000 1236
1490010 1229
1490020 1219
1490030 1219
1490040 1208
1490050 1198
1490060 1198
1490070 1188
1490080 1178
1490090 1170
1490100 1170
1490110 1163
1490120 1155
1490130 1155
1490140 1150
1490150 1148
1490160 1148
1490170 1149
1490180 1153
1490190 1153
1490200 1155
1490210 1150
1490220 1150
1490230 1141
1490240 1130
1490250 1120
1490260 1120
1490270 1128
1490280 1138
1490290 1138
1490300 1146
1490310 1155
1490320 1155
1490330 1166
1490340 1172
1490350 1172
1490360 1175
1490370 1179
1490380 1179
1490390 1188
1490400 1196
1490410 1196
1490420 1206
1490430 1217
1490440 1225
1490450 1225
1490460 1233
1490470 1239
1490480 1239
1490490 1243
1490500 1246
1490510 1246
1490520 1248
1490530 1246
1490540 1246
1490550 1243
1490560 1241
1490570 1241
1490580 1238
1490590 1234
1490600 1230
1490610 1230
1490620 1225
1490630 1221
1490640 1221
1490650 1213
1490660 1198
1490670 1198
1490680 1190
1490690 1182
1490700 1182
1490710 1174
1490720 1166
1490730 1166
1490740 1158
1490750 1151
1490760 1143
1490770 1143
1490780 1136
1490790 1131
1490800 1131
1490810 1123
1490820 1115
1490830 1115
1490840 1105
1490850 1100
1490860 1100
1490870 1098
1490880 1097
1490890 1097
1490900 1093
1490910 1086
1490920 1086
1490930 1077
1490940 1067
1490950 1054
1490960 1054
1490970 1037
1490980 1047
1490990 1047
1491000 1063
1491010 1077
1491020 1077
1491030 1085
1491040 1085
1491050 1085
1491060 1088
1491070 1093
1491080 1093
1491090 1097
1491100 1101
1491110 1106
1491120 1106
1491130 1111
1491140 1112
1491150 1112
1491160 1111
1491170 1111
1491180 1111
1491190 1111
1491200 1112
1491210 1112
1491220 1114
1491230 1118
1491240 1118
1491250 1120
1491260 1123
1491270 1123
1491280 1126
1491290 1129
1491300 1131
1491310 1131
1491320 1132
1491330 1132
1491340 1132
1491350 1131
1491360 1129
1491370 1129
1491380 1126
1491390 1123
1491400 1123
1491410 1118
1491420 1112
1491430 1112
1491440 1105
1491450 1098
1491460 1089
1491470 1089
1491480 1083
1491490 1076
1491500 1076
1491510 1070
1491520 1060
1491530 1060
1491540 1047
1491550 1037
1491560 1037
1491570 1031
1491580 1025
1491590 1025
1491600 1019
1491610 1016
1491620 1016
1491630 1004
1491640 996
1491650 979
1491660 979
1491670 968
1491680 966
1491690 966
1491700 974
1491710 986
1491720 986
1491730 990
1491740 967
1491750 967
1491760 952
1491770 951
1491780 951
1491790 953
1491800 960
1491810 966
1491820 966
1491830 970
1491840 973
1491850 973
1491860 976
1491870 979
1491880 979
1491890 982
1491900 983
1491910 983
1491920 977
1491930 973
1491940 973
1491950 977
1491960 980
1491970 993
1491980 993
1491990 1010
1492000 1015
1492010 1015
1492020 1016
1492030 1019
1492040 1019
1492050 1022
1492060 1025
1492070 1025
1492080 1028
1492090 1028
1492100 1028
1492110 1029
1492120 1027
1492130 1027
1492140 1020
1492150 1022
1492160 1024
1492170 1024
1492180 1025
1492190 1023
1492200 1023
1492210 1022
1492220 1024
1492230 1024
1492240 1024
1492250 1021
1492260 1021
1492270 1011
1492280 1010
1492290 1010
1492300 1010
1492310 1012
1492320 1015
1492330 1015
1492340 1018
1492350 1025
1492360 1025
1492370 1031
1492380 1034
1492390 1034
1492400 1037
1492410 1040
1492420 1040
1492430 1043
1492440 1044
1492450 1044
1492460 1047
1492470 1055
1492480 1055
1492490 1066
1492500 1074
1492510 1078
1492520 1078
1492530 1077
1492540 1073
1492550 1073
1492560 1071
1492570 1077
1492580 1077
1492590 1083
1492600 1084
1492610 1084
1492620 1087
1492630 1090
1492640 1090
1492650 1095
1492660 1099
1492670 1103
1492680 1103
1492690 1107
1492700 1109
1492710 1109
1492720 1110
1492730 1117
1492740 1117
1492750 1122
1492760 1124
1492770 1124
1492780 1125
1492790 1126
1492800 1126
1492810 1129
1492820 1133
1492830 1133
1492840 1138
1492850 1136
1492860 1138
1492870 1138
1492880 1142
1492890 1146
1492900 1146
1492910 1150
1492920 1157
1492930 1157
1492940 1166
1492950 1175
1492960 1175
1492970 1182
1492980 1194
1492990 1194
1493000 1202
1493010 1210
1493020 1218
1493030 1218
1493040 1221
1493050 1221
1493060 1221
1493070 1217
1493080 1213
1493090 1213
1493100 1205
1493110 1198
1493120 1198
1493130 1195
1493140 1192
1493150 1192
1493160 1187
1493170 1181
1493180 1171
1493190 1171
1493200 1164
1493210 1155
1493220 1155
1493230 1148
1493240 1158
1493250 1158
1493260 1179
1493270 1198
1493280 1198
1493290 1217
1493300 1235
1493310 1235
1493320 1249
1493330 1257
1493340 1257
1493350 1262
1493360 1266
1493370 1270
1493380 1270
1493390 1273
1493400 1275
1493410 1275
1493420 1278
1493430 1279
1493440 1279
1493450 1280
1493460 1281
1493470 1281
1493480 1280
1493490 1281
1493500 1281
1493510 1281
1493520 1282
1493530 1283
1493540 1283
1493550 1284
1493560 1283
1493570 1283
1493580 1283
1493590 1281
1493600 1281
1493610 1280
1493620 1280
1493630 1280
1493640 1282
1493650 1284
1493660 1284
1493670 1287
1493680 1289
1493690 1289
1493700 1292
1493710 1294
1493720 1296
1493730 1296
1493740 1299
1493750 1301
1493760 1301
1493770 1305
1493780 1307
1493790 1307
1493800 1309
1493810 1311
1493820 1311
1493830 1313
1493840 1315
1493850 1315
1493860 1316
1493870 1323
1493880 1327
1493890 1327
1493900 1326
1493910 1325
1493920 1325
1493930 1323
1493940 1322
1493950 1322
1493960 1323
1493970 1324
1493980 1324
1493990 1327
1494000 1331
1494010 1331
1494020 1333
1494030 1335
1494040 1335
1494050 1337
1494060 1339
1494070 1339
1494080 1339
1494090 1339
1494100 1342
1494110 1342
1494120 1342
1494130 1342
1494140 1342
1494150 1341
1494160 1337
1494170 1337
1494180 1338
1494190 1338
1494200 1338
1494210 1337
1494220 1335
1494230 1333
1494240 1333
1494250 1323
1494260 1313
1494270 1313
1494280 1310
1494290 1308
1494300 1308
1494310 1307
1494320 1307
1494330 1307
1494340 1306
1494350 1305
1494360 1305
1494370 1304
1494380 1303
1494390 1302
1494400 1302
1494410 1302
1494420 1301
1494430 1301
1494440 1300
1494450 1300
1494460 1300
1494470 1300
1494480 1300
1494490 1300
1494500 1299
1494510 1300
1494520 1300
1494530 1300
1494540 1301
1494550 1301
1494560 1303
1494570 1304
1494580 1302
1494590 1302
1494600 1301
1494610 1300
1494620 1300
1494630 1298
1494640 1294
1494650 1294
1494660 1296
1494670 1301
1494680 1301
1494690 1305
1494700 1302
1494710 1302
1494720 1301
1494730 1301
1494740 1301
1494750 1301
1494760 1298
1494770 1298
1494780 1298
1494790 1298
1494800 1299
1494810 1299
1494820 1300
1494830 1300
1494840 1300
1494850 1300
1494860 1300
1494870 1300
1494880 1301
1494890 1302
1494900 1302
1494910 1301
1494920 1299
1494930 1297
1494940 1297
1494950 1295
1494960 1297
1494970 1297
1494980 1302
1494990 1303
1495000 1303
1495010 1304
1495020 1305
1495030 1305
1495040 1302
1495050 1298
1495060 1298
1495070 1298
1495080 1297
1495090 1293
1495100 1293
1495110 1290
1495120 1293
1495130 1293
1495140 1296
1495150 1297
1495160 1297
1495170 1299
1495180 1300
1495190 1300
1495200 1302
1495210 1303
1495220 1303
1495230 1303
1495240 1305
1495250 1305
1495260 1307
1495270 1310
1495280 1313
1495290 1313
1495300 1315
1495310 1316
1495320 1316
1495330 1320
1495340 1323
1495350 1323
1495360 1325
1495370 1326
1495380 1326
1495390 1326
1495400 1327
1495410 1327
1495420 1326
1495430 1323
1495440 1320
1495450 1320
1495460 1315
1495470 1311
1495480 1311
1495490 1310
1495500 1309
1495510 1309
1495520 1308
1495530 1308
1495540 1308
1495550 1308
1495560 1310
1495570 1310
1495580 1313
1495590 1316
1495600 1319
1495610 1319
1495620 1322
1495630 1325
1495640 1325
1495650 1328
1495660 1330
1495670 1330
1495680 1332
1495690 1334
1495700 1334
1495710 1337
1495720 1338
1495730 1338
1495740 1340
1495750 1343
1495760 1343
1495770 1346
1495780 1350
1495790 1355
1495800 1355
1495810 1357
1495820 1357
1495830 1357
1495840 1364
1495850 1370
1495860 1370
1495870 1373
1495880 1375
1495890 1375
1495900 1375
1495910 1376
1495920 1376
1495930 1375
1495940 1374
1495950 1373
1495960 1373
1495970 1372
1495980 1372
1495990 1372
1496000 1373
1496010 1375
1496020 1375
1496030 1378
1496040 1380
1496050 1380
1496060 1382
1496070 1384
1496080 1384
1496090 1387
1496100 1390
1496110 1390
1496120 1393
1496130 1396
1496140 1399
1496150 1399
1496160 1403
1496170 1407
1496180 1407
1496190 1409
1496200 1413
1496210 1413
1496220 1416
1496230 1419
1496240 1419
1496250 1422
1496260 1426
1496270 1426
1496280 1431
1496290 1435
1496300 1438
1496310 1438
1496320 1442
1496330 1445
1496340 1445
1496350 1448
1496360 1451
1496370 1451
1496380 1450
1496390 1448
1496400 1448
1496410 1452
1496420 1458
1496430 1458
1496440 1461
1496450 1462
1496460 1462
1496470 1465
1496480 1469
1496490 1475
1496500 1475
1496510 1483
1496520 1488
1496530 1488
1496540 1493
1496550 1499
1496560 1499
1496570 1507
1496580 1514
1496590 1514
1496600 1520
1496610 1528
1496620 1528
1496630 1534
1496640 1541
1496650 1548
1496660 1548
1496670 1555
1496680 1561
1496690 1561
1496700 1569
1496710 1575
1496720 1575
1496730 1581
1496740 1586
1496750 1586
1496760 1591
1496770 1596
1496780 1596
1496790 1601
1496800 1607
1496810 1613
1496820 1613
1496830 1617
1496840 1622
1496850 1622
1496860 1625
1496870 1629
1496880 1629
1496890 1632
1496900 1636
1496910 1636
1496920 1640
1496930 1644
1496940 1644
1496950 1646
1496960 1648
1496970 1648
1496980 1650
1496990 1651
1497000 1653
1497010 1653
1497020 1655
1497030 1658
1497040 1658
1497050 1661
1497060 1665
1497070 1665
1497080 1668
1497090 1671
1497100 1671
1497110 1674
1497120 1676
1497130 1676
1497140 1678
1497150 1680
1497160 1683
1497170 1683
1497180 1686
1497190 1691
1497200 1691
1497210 1695
1497220 1698
1497230 1698
1497240 1700
1497250 1702
1497260 1702
1497270 1703
1497280 1704
1497290 1704
1497300 1707
1497310 1709
1497320 1709
1497330 1711
1497340 1713
1497350 1714
1497360 1714
1497370 1716
1497380 1718
1497390 1718
1497400 1720
1497410 1722
1497420 1722
1497430 1724
1497440 1726
1497450 1726
1497460 1726
1497470 1726
1497480 1726
1497490 1728
1497500 1731
1497510 1734
1497520 1734
1497530 1737
1497540 1740
1497550 1740
1497560 1743
1497570 1746
1497580 1746
1497590 1749
1497600 1752
1497610 1752
1497620 1755
1497630 1758
1497640 1758
1497650 1761
1497660 1762
1497670 1764
1497680 1764
1497690 1764
1497700 1765
1497710 1765
1497720 1765
1497730 1765
1497740 1765
1497750 1766
1497760 1765
1497770 1765
1497780 1764
1497790 1764
1497800 1764
1497810 1763
1497820 1762
1497830 1762
1497840 1761
1497850 1759
1497860 1756
1497870 1756
1497880 1755
1497890 1752
1497900 1752
1497910 1748
1497920 1744
1497930 1744
1497940 1740
1497950 1737
1497960 1737
1497970 1730
1497980 1723
1497990 1723
1498000 1716
1498010 1712
1498020 1707
1498030 1707
1498040 1701
1498050 1696
1498060 1696
1498070 1693
1498080 1688
1498090 1688
1498100 1684
1498110 1681
1498120 1681
1498130 1679
1498140 1673
1498150 1673
1498160 1666
1498170 1660
1498180 1660
1498190 1654
1498200 1647
1498210 1640
1498220 1640
1498230 1634
1498240 1630
1498250 1630
1498260 1625
1498270 1620
1498280 1620
1498290 1614
1498300 1610
1498310 1610
1498320 1607
1498330 1603
1498340 1603
1498350 1598
1498360 1596
1498370 1590
1498380 1590
1498390 1582
1498400 1576
1498410 1576
1498420 1578
1498430 1580
1498440 1580
1498450 1581
1498460 1579
1498470 1579
1498480 1579
1498490 1580
1498500 1580
1498510 1582
1498520 1586
1498530 1586
1498540 1588
1498550 1589
1498560 1590
1498570 1590
1498580 1589
1498590 1586
1498600 1586
1498610 1580
1498620 1575
1498630 1575
1498640 1570
1498650 1567
1498660 1567
1498670 1567
1498680 1568
1498690 1568
1498700 1569
1498710 1570
1498720 1570
1498730 1570
1498740 1570
1498750 1569
1498760 1569
1498770 1568
1498780 1568
1498790 1568
1498800 1568
1498810 1566
1498820 1566
1498830 1559
1498840 1550
1498850 1550
1498860 1540
1498870 1527
1498880 1516
1498890 1516
1498900 1504
1498910 1495
1498920 1495
1498930 1487
1498940 1480
1498950 1480
1498960 1474
1498970 1467
1498980 1467
1498990 1461
1499000 1455
1499010 1455
1499020 1445
1499030 1430
1499040 1430
1499050 1425
1499060 1434
1499070 1443
1499080 1443
1499090 1447
1499100 1451
1499110 1451
1499120 1452
1499130 1451
1499140 1451
1499150 1450
1499160 1449
1499170 1449
1499180 1450
1499190 1448
1499200 1448
1499210 1445
1499220 1443
1499230 1443
1499240 1443
1499250 1445
1499260 1449
1499270 1449
1499280 1455
1499290 1459
1499300 1459
1499310 1458
1499320 1458
1499330 1458
1499340 1458
1499350 1455
1499360 1455
1499370 1452
1499380 1449
1499390 1449
1499400 1446
1499410 1446
1499420 1445
1499430 1445
1499440 1441
1499450 1435
1499460 1435
1499470 1429
1499480 1423
1499490 1423
1499500 1419
1499510 1415
1499520 1415
1499530 1410
1499540 1403
1499550 1403
1499560 1401
1499570 1407
1499580 1419
1499590 1419
1499600 1429
1499610 1443
1499620 1443
1499630 1448
1499640 1446
1499650 1446
1499660 1440
1499670 1429
1499680 1429
1499690 1417
1499700 1411
1499710 1411
1499720 1407
1499730 1400
1499740 1400
1499750 1383
1499760 1372
1499770 1372
1499780 1372
1499790 1373
1499800 1373
1499810 1373
1499820 1371
1499830 1370
1499840 1370
1499850 1365
1499860 1357
1499870 1357
1499880 1354
1499890 1352
1499900 1352
1499910 1354
1499920 1361
1499930 1371
1499940 1371
1499950 1378
1499960 1379
1499970 1379
1499980 1372
1499990 1365
