1480000 1457
1480010 1453
1480020 1449
1480030 1444
1480040 1444
1480050 1439
1480060 1435
1480070 1435
1480080 1430
1480090 1426
1480100 1426
1480110 1421
1480120 1416
1480130 1416
1480140 1411
1480150 1405
1480160 1405
1480170 1398
1480180 1392
1480190 1392
1480200 1387
1480210 1380
1480220 1375
1480230 1375
1480240 1368
1480250 1362
1480260 1362
1480270 1355
1480280 1348
1480290 1348
1480300 1342
1480310 1335
1480320 1335
1480330 1328
1480340 1321
1480350 1321
1480360 1314
1480370 1308
1480380 1302
1480390 1302
1480400 1295
1480410 1287
1480420 1287
1480430 1279
1480440 1270
1480450 1270
1480460 1261
1480470 1252
1480480 1252
1480490 1241
1480500 1229
1480510 1229
1480520 1218
1480530 1209
1480540 1209
1480550 1201
1480560 1197
1480570 1193
1480580 1193
1480590 1188
1480600 1184
1480610 1184
1480620 1180
1480630 1169
1480640 1169
1480650 1163
1480660 1173
1480670 1173
1480680 1186
1480690 1192
1480700 1192
1480710 1196
1480720 1198
1480730 1198
1480740 1198
1480750 1199
1480760 1200
1480770 1200
1480780 1200
1480790 1201
1480800 1201
1480810 1207
1480820 1216
1480830 1216
1480840 1222
1480850 1232
1480860 1232
1480870 1242
1480880 1251
1480890 1251
1480900 1258
1480910 1265
1480920 1272
1480930 1272
1480940 1281
1480950 1290
1480960 1290
1480970 1298
1480980 1309
1480990 1309
1481000 1319
1481010 1326
1481020 1326
1481030 1334
1481040 1341
1481050 1341
1481060 1349
1481070 1356
1481080 1362
1481090 1362
1481100 1366
1481110 1370
1481120 1370
1481130 1376
1481140 1381
1481150 1381
1481160 1384
1481170 1385
1481180 1385
1481190 1387
1481200 1387
1481210 1387
1481220 1386
1481230 1384
1481240 1384
1481250 1381
1481260 1377
1481270 1374
1481280 1374
1481290 1372
1481300 1370
1481310 1370
1481320 1368
1481330 1362
1481340 1362
1481350 1355
1481360 1352
1481370 1352
1481380 1351
1481390 1351
1481400 1351
1481410 1352
1481420 1349
1481430 1344
1481440 1344
1481450 1341
1481460 1339
1481470 1339
1481480 1338
1481490 1338
1481500 1338
1481510 1344
1481520 1341
1481530 1341
1481540 1337
1481550 1333
1481560 1333
1481570 1329
1481580 1324
1481590 1324
1481600 1317
1481610 1309
1481620 1301
1481630 1301
1481640 1297
1481650 1295
1481660 1295
1481670 1291
1481680 1289
1481690 1289
1481700 1290
1481710 1290
1481720 1290
1481730 1288
1481740 1286
1481750 1286
1481760 1284
1481770 1282
1481780 1278
1481790 1278
1481800 1274
1481810 1268
1481820 1268
1481830 1263
1481840 1259
1481850 1259
1481860 1254
1481870 1248
1481880 1248
1481890 1240
1481900 1230
1481910 1230
1481920 1225
1481930 1234
1481940 1244
1481950 1244
1481960 1250
1481970 1258
1481980 1258
1481990 1266
1482000 1268
1482010 1268
1482020 1266
1482030 1264
1482040 1264
1482050 1262
1482060 1258
1482070 1258
1482080 1254
1482090 1252
1482100 1252
1482110 1251
1482120 1250
1482130 1246
1482140 1246
1482150 1242
1482160 1241
1482170 1241
1482180 1242
1482190 1241
1482200 1241
1482210 1238
1482220 1234
1482230 1234
1482240 1230
1482250 1224
1482260 1224
1482270 1216
1482280 1211
1482290 1211
1482300 1211
1482310 1207
1482320 1202
1482330 1202
1482340 1201
1482350 1200
1482360 1200
1482370 1199
1482380 1197
1482390 1197
1482400 1196
1482410 1195
1482420 1195
1482430 1193
1482440 1190
1482450 1190
1482460 1186
1482470 1183
1482480 1182
1482490 1182
1482500 1182
1482510 1182
1482520 1182
1482530 1180
1482540 1177
1482550 1177
1482560 1174
1482570 1173
1482580 1173
1482590 1172
1482600 1171
1482610 1171
1482620 1168
1482630 1162
1482640 1157
1482650 1157
1482660 1151
1482670 1146
1482680 1146
1482690 1146
1482700 1144
1482710 1144
1482720 1138
1482730 1133
1482740 1133
1482750 1130
1482760 1128
1482770 1128
1482780 1125
1482790 1123
1482800 1123
1482810 1122
1482820 1120
1482830 1118
1482840 1118
1482850 1117
1482860 1116
1482870 1116
1482880 1113
1482890 1108
1482900 1108
1482910 1102
1482920 1100
1482930 1100
1482940 1097
1482950 1093
1482960 1093
1482970 1090
1482980 1088
1482990 1086
1483000 1086
1483010 1085
1483020 1084
1483030 1084
1483040 1081
1483050 1076
1483060 1076
1483070 1071
1483080 1067
1483090 1067
1483100 1065
1483110 1062
1483120 1062
1483130 1060
1483140 1057
1483150 1057
1483160 1056
1483170 1056
1483180 1057
1483190 1057
1483200 1059
1483210 1060
1483220 1060
1483230 1060
1483240 1060
1483250 1060
1483260 1059
1483270 1058
1483280 1058
1483290 1058
1483300 1056
1483310 1056
1483320 1053
1483330 1051
1483340 1048
1483350 1048
1483360 1045
1483370 1043
1483380 1043
1483390 1041
1483400 1038
1483410 1038
1483420 1039
1483430 1039
1483440 1039
1483450 1040
1483460 1040
1483470 1040
1483480 1040
1483490 1040
1483500 1038
1483510 1038
1483520 1036
1483530 1034
1483540 1034
1483550 1032
1483560 1030
1483570 1030
1483580 1029
1483590 1027
1483600 1027
1483610 1026
1483620 1024
1483630 1024
1483640 1022
1483650 1021
1483660 1021
1483670 1019
1483680 1017
1483690 1015
1483700 1015
1483710 1014
1483720 1012
1483730 1012
1483740 1010
1483750 1009
1483760 1009
1483770 1006
1483780 1002
1483790 1002
1483800 998
1483810 995
1483820 995
1483830 991
1483840 988
1483850 984
1483860 984
1483870 981
1483880 978
1483890 978
1483900 976
1483910 973
1483920 973
1483930 971
1483940 971
1483950 971
1483960 971
1483970 969
1483980 969
1483990 969
1484000 969
1484010 969
1484020 968
1484030 966
1484040 963
1484050 963
1484060 962
1484070 961
1484080 961
1484090 959
1484100 958
1484110 958
1484120 957
1484130 957
1484140 957
1484150 956
1484160 955
1484170 955
1484180 953
1484190 952
1484200 950
1484210 950
1484220 949
1484230 948
1484240 948
1484250 946
1484260 945
1484270 945
1484280 942
1484290 938
1484300 938
1484310 934
1484320 930
1484330 930
1484340 927
1484350 923
1484360 923
1484370 920
1484380 918
1484390 915
1484400 915
1484410 910
1484420 904
1484430 904
1484440 898
1484450 893
1484460 893
1484470 888
1484480 882
1484490 882
1484500 875
1484510 869
1484520 869
1484530 865
1484540 861
1484550 858
1484560 858
1484570 853
1484580 849
1484590 849
1484600 848
1484610 845
1484620 845
1484630 842
1484640 838
1484650 838
1484660 832
1484670 826
1484680 826
1484690 820
1484700 816
1484710 816
1484720 810
1484730 804
1484740 799
1484750 799
1484760 794
1484770 789
1484780 789
1484790 785
1484800 781
1484810 781
1484820 775
1484830 770
1484840 770
1484850 763
1484860 755
1484870 755
1484880 748
1484890 741
1484900 735
1484910 735
1484920 728
1484930 722
1484940 722
1484950 716
1484960 710
1484970 710
1484980 704
1484990 700
1485000 700
1485010 695
1485020 690
1485030 690
1485040 685
1485050 679
1485060 674
1485070 674
1485080 669
1485090 664
1485100 664
1485110 659
1485120 655
1485130 655
1485140 650
1485150 646
1485160 646
1485170 643
1485180 640
1485190 640
1485200 636
1485210 633
1485220 633
1485230 631
1485240 628
1485250 625
1485260 625
1485270 622
1485280 622
1485290 622
1485300 620
1485310 618
1485320 618
1485330 614
1485340 611
1485350 611
1485360 608
1485370 605
1485380 605
1485390 602
1485400 595
1485410 585
1485420 585
1485430 575
1485440 569
1485450 569
1485460 567
1485470 566
1485480 566
1485490 566
1485500 566
1485510 566
1485520 566
1485530 567
1485540 567
1485550 568
1485560 566
1485570 566
1485580 567
1485590 567
1485600 567
1485610 567
1485620 567
1485630 566
1485640 566
1485650 564
1485660 564
1485670 564
1485680 564
1485690 564
1485700 564
1485710 564
1485720 564
1485730 564
1485740 565
1485750 566
1485760 567
1485770 567
1485780 567
1485790 567
1485800 567
1485810 567
1485820 567
1485830 567
1485840 567
1485850 566
1485860 566
1485870 566
1485880 566
1485890 566
1485900 566
1485910 566
1485920 566
1485930 566
1485940 566
1485950 566
1485960 566
1485970 566
1485980 566
1485990 566
1486000 566
1486010 566
1486020 566
1486030 566
1486040 566
1486050 566
1486060 566
1486070 566
1486080 566
1486090 566
1486100 566
1486110 566
1486120 566
1486130 566
1486140 566
1486150 566
1486160 566
1486170 566
1486180 566
1486190 566
1486200 566
1486210 566
1486220 566
1486230 566
1486240 566
1486250 566
1486260 566
1486270 566
1486280 566
1486290 566
1486300 566
1486310 566
1486320 566
1486330 566
1486340 566
1486350 567
1486360 567
1486370 567
1486380 568
1486390 568
1486400 568
1486410 569
1486420 571
1486430 571
1486440 574
1486450 576
1486460 576
1486470 576
1486480 576
1486490 577
1486500 577
1486510 577
1486520 577
1486530 577
1486540 577
1486550 577
1486560 577
1486570 577
1486580 577
1486590 577
1486600 577
1486610 577
1486620 577
1486630 577
1486640 578
1486650 578
1486660 578
1486670 579
1486680 579
1486690 579
1486700 579
1486710 580
1486720 580
1486730 580
1486740 581
1486750 581
1486760 582
1486770 583
1486780 583
1486790 584
1486800 584
1486810 585
1486820 585
1486830 585
1486840 586
1486850 586
1486860 586
1486870 586
1486880 586
1486890 587
1486900 588
1486910 588
1486920 588
1486930 589
1486940 589
1486950 589
1486960 589
1486970 590
1486980 590
1486990 591
1487000 591
1487010 591
1487020 591
1487030 592
1487040 592
1487050 592
1487060 593
1487070 593
1487080 593
1487090 593
1487100 593
1487110 594
1487120 595
1487130 595
1487140 595
1487150 596
1487160 596
1487170 596
1487180 597
1487190 598
1487200 598
1487210 599
1487220 600
1487230 600
1487240 600
1487250 601
1487260 601
1487270 602
1487280 603
1487290 603
1487300 603
1487310 604
1487320 604
1487330 604
1487340 605
1487350 605
1487360 605
1487370 606
1487380 607
1487390 607
1487400 608
1487410 608
1487420 608
1487430 609
1487440 609
1487450 609
1487460 610
1487470 611
1487480 611
1487490 612
1487500 612
1487510 613
1487520 613
1487530 614
1487540 615
1487550 615
1487560 615
1487570 616
1487580 616
1487590 617
1487600 618
1487610 618
1487620 618
1487630 619
1487640 619
1487650 619
1487660 620
1487670 620
1487680 620
1487690 621
1487700 622
1487710 622
1487720 622
1487730 622
1487740 622
1487750 622
1487760 626
1487770 626
1487780 634
1487790 643
1487800 643
1487810 651
1487820 661
1487830 661
1487840 667
1487850 671
1487860 677
1487870 677
1487880 684
1487890 688
1487900 688
1487910 692
1487920 698
1487930 698
1487940 702
1487950 705
1487960 705
1487970 713
1487980 722
1487990 722
1488000 729
1488010 735
1488020 741
1488030 741
1488040 747
1488050 753
1488060 753
1488070 758
1488080 762
1488090 762
1488100 767
1488110 772
1488120 772
1488130 777
1488140 780
1488150 780
1488160 782
1488170 783
1488180 784
1488190 784
1488200 785
1488210 785
1488220 785
1488230 784
1488240 781
1488250 781
1488260 774
1488270 770
1488280 770
1488290 778
1488300 782
1488310 782
1488320 786
1488330 786
1488340 786
1488350 782
1488360 778
1488370 777
1488380 777
1488390 781
1488400 787
1488410 787
1488420 789
1488430 789
1488440 789
1488450 789
1488460 788
1488470 788
1488480 789
1488490 791
1488500 791
1488510 791
1488520 790
1488530 788
1488540 788
1488550 782
1488560 777
1488570 777
1488580 779
1488590 781
1488600 781
1488610 779
1488620 776
1488630 776
1488640 771
1488650 774
1488660 774
1488670 782
1488680 783
1488690 783
1488700 785
1488710 788
1488720 793
1488730 793
1488740 800
1488750 808
1488760 808
1488770 813
1488780 814
1488790 814
1488800 811
1488810 802
1488820 802
1488830 796
1488840 792
1488850 792
1488860 787
1488870 784
1488880 786
1488890 786
1488900 791
1488910 791
1488920 791
1488930 783
1488940 776
1488950 776
1488960 773
1488970 771
1488980 771
1488990 772
1489000 773
1489010 773
1489020 763
1489030 753
1489040 753
1489050 747
1489060 745
1489070 742
1489080 742
1489090 743
1489100 745
1489110 745
1489120 744
1489130 737
1489140 737
1489150 738
1489160 739
1489170 739
1489180 742
1489190 748
1489200 748
1489210 756
1489220 764
1489230 768
1489240 768
1489250 773
1489260 778
1489270 778
1489280 775
1489290 768
1489300 768
1489310 764
1489320 767
1489330 767
1489340 768
1489350 771
1489360 771
1489370 774
1489380 775
1489390 775
1489400 774
1489410 771
1489420 768
1489430 768
1489440 767
1489450 768
1489460 768
1489470 769
1489480 771
1489490 771
1489500 775
1489510 781
1489520 781
1489530 786
1489540 792
1489550 792
1489560 798
1489570 801
1489580 806
1489590 806
1489600 811
1489610 815
1489620 815
1489630 816
1489640 816
1489650 816
1489660 814
1489670 815
1489680 815
1489690 822
1489700 827
1489710 827
1489720 829
1489730 828
1489740 828
1489750 832
1489760 837
1489770 839
1489780 839
1489790 838
1489800 838
1489810 838
1489820 840
1489830 844
1489840 844
1489850 849
1489860 855
1489870 855
1489880 860
1489890 861
1489900 861
1489910 859
1489920 857
1489930 855
1489940 855
1489950 850
1489960 844
1489970 844
1489980 845
1489990 850
1490000 850
1490010 859
1490020 866
1490030 866
1490040 875
1490050 881
1490060 881
1490070 884
1490080 887
1490090 892
1490100 892
1490110 897
1490120 903
1490130 903
1490140 904
1490150 904
1490160 904
1490170 904
1490180 905
1490190 905
1490200 907
1490210 909
1490220 909
1490230 910
1490240 909
1490250 909
1490260 910
1490270 913
1490280 914
1490290 914
1490300 915
1490310 916
1490320 916
1490330 917
1490340 918
1490350 918
1490360 919
1490370 919
1490380 919
1490390 918
1490400 917
1490410 917
1490420 917
1490430 917
1490440 917
1490450 917
1490460 918
1490470 918
1490480 918
1490490 918
1490500 918
1490510 918
1490520 918
1490530 918
1490540 918
1490550 919
1490560 921
1490570 921
1490580 926
1490590 931
1490600 931
1490610 933
1490620 934
1490630 934
1490640 934
1490650 935
1490660 936
1490670 936
1490680 936
1490690 935
1490700 935
1490710 936
1490720 939
1490730 939
1490740 944
1490750 950
1490760 950
1490770 954
1490780 956
1490790 957
1490800 957
1490810 954
1490820 949
1490830 949
1490840 947
1490850 940
1490860 940
1490870 930
1490880 933
1490890 933
1490900 941
1490910 950
1490920 950
1490930 959
1490940 968
1490950 968
1490960 975
1490970 982
1490980 988
1490990 988
1491000 996
1491010 1002
1491020 1002
1491030 1007
1491040 1013
1491050 1013
1491060 1018
1491070 1023
1491080 1023
1491090 1028
1491100 1033
1491110 1033
1491120 1038
1491130 1043
1491140 1048
1491150 1048
1491160 1054
1491170 1060
1491180 1060
1491190 1064
1491200 1069
1491210 1069
1491220 1073
1491230 1078
1491240 1078
1491250 1082
1491260 1086
1491270 1086
1491280 1090
1491290 1095
1491300 1095
1491310 1099
1491320 1103
1491330 1107
1491340 1107
1491350 1110
1491360 1113
1491370 1113
1491380 1118
1491390 1122
1491400 1122
1491410 1125
1491420 1130
1491430 1130
1491440 1133
1491450 1136
1491460 1136
1491470 1140
1491480 1143
1491490 1147
1491500 1147
1491510 1151
1491520 1154
1491530 1154
1491540 1157
1491550 1160
1491560 1160
1491570 1159
1491580 1163
1491590 1163
1491600 1170
1491610 1173
1491620 1173
1491630 1173
1491640 1176
1491650 1184
1491660 1184
1491670 1193
1491680 1200
1491690 1200
1491700 1206
1491710 1213
1491720 1213
1491730 1220
1491740 1228
1491750 1228
1491760 1236
1491770 1243
1491780 1243
1491790 1251
1491800 1259
1491810 1259
1491820 1266
1491830 1273
1491840 1280
1491850 1280
1491860 1286
1491870 1293
1491880 1293
1491890 1300
1491900 1306
1491910 1306
1491920 1313
1491930 1319
1491940 1319
1491950 1325
1491960 1332
1491970 1332
1491980 1339
1491990 1344
1492000 1350
1492010 1350
1492020 1356
1492030 1362
1492040 1362
1492050 1369
1492060 1376
1492070 1376
1492080 1384
1492090 1391
1492100 1391
1492110 1399
1492120 1406
1492130 1406
1492140 1413
1492150 1419
1492160 1419
1492170 1425
1492180 1432
1492190 1438
1492200 1438
1492210 1443
1492220 1448
1492230 1448
1492240 1454
1492250 1460
1492260 1460
1492270 1467
1492280 1473
1492290 1473
1492300 1479
1492310 1485
1492320 1485
1492330 1491
1492340 1498
1492350 1504
1492360 1504
1492370 1511
1492380 1515
1492390 1515
1492400 1520
1492410 1525
1492420 1525
1492430 1530
1492440 1535
1492450 1535
1492460 1540
1492470 1544
1492480 1544
1492490 1548
1492500 1551
1492510 1551
1492520 1553
1492530 1554
1492540 1554
1492550 1554
1492560 1555
1492570 1555
1492580 1555
1492590 1556
1492600 1557
1492610 1557
1492620 1560
1492630 1562
1492640 1562
1492650 1566
1492660 1568
1492670 1568
1492680 1570
1492690 1571
1492700 1571
1492710 1571
1492720 1571
1492730 1570
1492740 1570
1492750 1568
1492760 1566
1492770 1566
1492780 1564
1492790 1562
1492800 1562
1492810 1558
1492820 1556
1492830 1556
1492840 1557
1492850 1558
1492860 1558
1492870 1561
1492880 1564
1492890 1567
1492900 1567
1492910 1571
1492920 1575
1492930 1575
1492940 1579
1492950 1584
1492960 1584
1492970 1588
1492980 1591
1492990 1591
1493000 1594
1493010 1595
1493020 1595
1493030 1595
1493040 1594
1493050 1592
1493060 1592
1493070 1588
1493080 1584
1493090 1584
1493100 1580
1493110 1575
1493120 1575
1493130 1571
1493140 1566
1493150 1566
1493160 1561
1493170 1554
1493180 1554
1493190 1549
1493200 1542
1493210 1535
1493220 1535
1493230 1529
1493240 1523
1493250 1523
1493260 1517
1493270 1510
1493280 1510
1493290 1503
1493300 1497
1493310 1497
1493320 1491
1493330 1485
1493340 1485
1493350 1479
1493360 1473
1493370 1473
1493380 1467
1493390 1460
1493400 1453
1493410 1453
1493420 1444
1493430 1434
1493440 1434
1493450 1424
1493460 1415
1493470 1415
1493480 1412
1493490 1417
1493500 1417
1493510 1419
1493520 1418
1493530 1418
1493540 1417
1493550 1415
1493560 1411
1493570 1411
1493580 1406
1493590 1397
1493600 1397
1493610 1390
1493620 1394
1493630 1394
1493640 1401
1493650 1408
1493660 1408
1493670 1413
1493680 1415
1493690 1415
1493700 1419
1493710 1425
1493720 1425
1493730 1429
1493740 1434
1493750 1437
1493760 1437
1493770 1441
1493780 1446
1493790 1446
1493800 1451
1493810 1457
1493820 1457
1493830 1463
1493840 1468
1493850 1468
1493860 1471
1493870 1474
1493880 1474
1493890 1479
1493900 1483
1493910 1489
1493920 1489
1493930 1495
1493940 1501
1493950 1501
1493960 1507
1493970 1514
1493980 1514
1493990 1521
1494000 1529
1494010 1529
1494020 1534
1494030 1542
1494040 1542
1494050 1548
1494060 1553
1494070 1553
1494080 1558
1494090 1563
1494100 1566
1494110 1566
1494120 1569
1494130 1574
1494140 1574
1494150 1579
1494160 1583
1494170 1583
1494180 1587
1494190 1590
1494200 1590
1494210 1591
1494220 1592
1494230 1592
1494240 1594
1494250 1596
1494260 1598
1494270 1598
1494280 1602
1494290 1605
1494300 1605
1494310 1609
1494320 1613
1494330 1613
1494340 1616
1494350 1618
1494360 1618
1494370 1619
1494380 1619
1494390 1619
1494400 1619
1494410 1618
1494420 1618
1494430 1617
1494440 1616
1494450 1615
1494460 1615
1494470 1614
1494480 1614
1494490 1614
1494500 1611
1494510 1606
1494520 1606
1494530 1600
1494540 1596
1494550 1596
1494560 1590
1494570 1583
1494580 1583
1494590 1582
1494600 1582
1494610 1579
1494620 1579
1494630 1577
1494640 1577
1494650 1577
1494660 1579
1494670 1581
1494680 1581
1494690 1585
1494700 1589
1494710 1589
1494720 1593
1494730 1598
1494740 1598
1494750 1601
1494760 1606
1494770 1611
1494780 1611
1494790 1616
1494800 1620
1494810 1620
1494820 1624
1494830 1629
1494840 1629
1494850 1634
1494860 1639
1494870 1639
1494880 1645
1494890 1649
1494900 1649
1494910 1653
1494920 1657
1494930 1657
1494940 1658
1494950 1661
1494960 1663
1494970 1663
1494980 1664
1494990 1668
1495000 1668
1495010 1672
1495020 1675
1495030 1675
1495040 1674
1495050 1673
1495060 1673
1495070 1671
1495080 1670
1495090 1670
1495100 1670
1495110 1669
1495120 1669
1495130 1669
1495140 1669
1495150 1671
1495160 1671
1495170 1672
1495180 1673
1495190 1673
1495200 1675
1495210 1676
1495220 1676
1495230 1675
1495240 1676
1495250 1676
1495260 1678
1495270 1682
1495280 1682
1495290 1686
1495300 1691
1495310 1695
1495320 1695
1495330 1696
1495340 1697
1495350 1697
1495360 1699
1495370 1702
1495380 1702
1495390 1705
1495400 1707
1495410 1707
1495420 1709
1495430 1709
1495440 1709
1495450 1710
1495460 1710
1495470 1710
1495480 1710
1495490 1711
1495500 1711
1495510 1711
1495520 1712
1495530 1713
1495540 1713
1495550 1715
1495560 1718
1495570 1718
1495580 1719
1495590 1720
1495600 1720
1495610 1722
1495620 1725
1495630 1725
1495640 1727
1495650 1728
1495660 1731
1495670 1731
1495680 1734
1495690 1736
1495700 1736
1495710 1738
1495720 1740
1495730 1740
1495740 1742
1495750 1743
1495760 1743
1495770 1742
1495780 1742
1495790 1742
1495800 1743
1495810 1744
1495820 1744
1495830 1744
1495840 1744
1495850 1744
1495860 1744
1495870 1745
1495880 1746
1495890 1746
1495900 1747
1495910 1748
1495920 1748
1495930 1750
1495940 1752
1495950 1752
1495960 1752
1495970 1753
1495980 1753
1495990 1756
1496000 1758
1496010 1760
1496020 1760
1496030 1762
1496040 1761
1496050 1761
1496060 1761
1496070 1763
1496080 1763
1496090 1765
1496100 1768
1496110 1768
1496120 1771
1496130 1773
1496140 1773
1496150 1776
1496160 1779
1496170 1782
1496180 1782
1496190 1785
1496200 1787
1496210 1787
1496220 1788
1496230 1789
1496240 1789
1496250 1789
1496260 1787
1496270 1787
1496280 1786
1496290 1785
1496300 1785
1496310 1784
1496320 1783
1496330 1783
1496340 1781
1496350 1782
1496360 1782
1496370 1782
1496380 1781
1496390 1778
1496400 1778
1496410 1774
1496420 1771
1496430 1771
1496440 1765
1496450 1762
1496460 1762
1496470 1761
1496480 1759
1496490 1759
1496500 1758
1496510 1757
1496520 1755
1496530 1755
1496540 1752
1496550 1752
1496560 1752
1496570 1752
1496580 1752
1496590 1752
1496600 1752
1496610 1751
1496620 1751
1496630 1749
1496640 1747
1496650 1747
1496660 1745
1496670 1743
1496680 1741
1496690 1741
1496700 1739
1496710 1737
1496720 1737
1496730 1736
1496740 1736
1496750 1736
1496760 1735
1496770 1736
1496780 1736
1496790 1736
1496800 1737
1496810 1737
1496820 1736
1496830 1732
1496840 1732
1496850 1722
1496860 1717
1496870 1714
1496880 1714
1496890 1714
1496900 1714
1496910 1714
1496920 1711
1496930 1707
1496940 1707
1496950 1703
1496960 1700
1496970 1700
1496980 1701
1496990 1703
1497000 1703
1497010 1705
1497020 1705
1497030 1704
1497040 1704
1497050 1704
1497060 1705
1497070 1705
1497080 1706
1497090 1706
1497100 1706
1497110 1706
1497120 1705
1497130 1705
1497140 1704
1497150 1704
1497160 1704
1497170 1703
1497180 1702
1497190 1702
1497200 1700
1497210 1698
1497220 1696
1497230 1696
1497240 1695
1497250 1692
1497260 1692
1497270 1689
1497280 1688
1497290 1688
1497300 1687
1497310 1686
1497320 1686
1497330 1684
1497340 1683
1497350 1683
1497360 1682
1497370 1682
1497380 1682
1497390 1682
1497400 1682
1497410 1681
1497420 1681
1497430 1680
1497440 1679
1497450 1679
1497460 1677
1497470 1675
1497480 1675
1497490 1672
1497500 1670
1497510 1670
1497520 1667
1497530 1664
1497540 1664
1497550 1661
1497560 1658
1497570 1655
1497580 1655
1497590 1653
1497600 1649
1497610 1649
1497620 1645
1497630 1640
1497640 1640
1497650 1636
1497660 1634
1497670 1634
1497680 1630
1497690 1626
1497700 1626
1497710 1623
1497720 1623
1497730 1624
1497740 1624
1497750 1624
1497760 1625
1497770 1625
1497780 1626
1497790 1626
1497800 1626
1497810 1626
1497820 1625
1497830 1625
1497840 1623
1497850 1622
1497860 1622
1497870 1620
1497880 1615
1497890 1615
1497900 1607
1497910 1600
1497920 1598
1497930 1598
1497940 1596
1497950 1585
1497960 1585
1497970 1574
1497980 1564
1497990 1564
1498000 1556
1498010 1548
1498020 1548
1498030 1540
1498040 1531
1498050 1531
1498060 1524
1498070 1517
1498080 1510
1498090 1510
1498100 1502
1498110 1494
1498120 1494
1498130 1487
1498140 1480
1498150 1480
1498160 1472
1498170 1463
1498180 1463
1498190 1457
1498200 1453
1498210 1453
1498220 1450
1498230 1449
1498240 1448
1498250 1448
1498260 1446
1498270 1444
1498280 1444
1498290 1444
1498300 1442
1498310 1442
1498320 1439
1498330 1437
1498340 1437
1498350 1434
1498360 1430
1498370 1430
1498380 1428
1498390 1429
1498400 1429
1498410 1428
1498420 1426
1498430 1421
1498440 1421
1498450 1415
1498460 1408
1498470 1408
1498480 1404
1498490 1400
1498500 1400
1498510 1399
1498520 1400
1498530 1400
1498540 1403
1498550 1406
1498560 1406
1498570 1408
1498580 1409
1498590 1409
1498600 1409
1498610 1409
1498620 1408
1498630 1408
1498640 1407
1498650 1406
1498660 1406
1498670 1403
1498680 1401
1498690 1401
1498700 1400
1498710 1400
1498720 1400
1498730 1400
1498740 1399
1498750 1399
1498760 1395
1498770 1390
1498780 1384
1498790 1384
1498800 1380
1498810 1377
1498820 1377
1498830 1373
1498840 1369
1498850 1369
1498860 1366
1498870 1363
1498880 1363
1498890 1360
1498900 1355
1498910 1355
1498920 1349
1498930 1343
1498940 1337
1498950 1337
1498960 1331
1498970 1327
1498980 1327
1498990 1322
1499000 1317
1499010 1317
1499020 1312
1499030 1308
1499040 1308
1499050 1305
1499060 1301
1499070 1301
1499080 1299
1499090 1298
1499100 1298
1499110 1295
1499120 1290
1499130 1285
1499140 1285
1499150 1280
1499160 1275
1499170 1275
1499180 1270
1499190 1266
1499200 1266
1499210 1261
1499220 1256
1499230 1256
1499240 1250
1499250 1244
1499260 1244
1499270 1238
1499280 1232
1499290 1225
1499300 1225
1499310 1218
1499320 1213
1499330 1213
1499340 1206
1499350 1200
1499360 1200
1499370 1195
1499380 1190
1499390 1190
1499400 1185
1499410 1179
1499420 1179
1499430 1173
1499440 1165
1499450 1165
1499460 1158
1499470 1151
1499480 1142
1499490 1142
1499500 1135
1499510 1129
1499520 1129
1499530 1124
1499540 1117
1499550 1117
1499560 1112
1499570 1105
1499580 1105
1499590 1098
1499600 1091
1499610 1091
1499620 1084
1499630 1077
1499640 1069
1499650 1069
1499660 1061
1499670 1055
1499680 1055
1499690 1050
1499700 1043
1499710 1043
1499720 1036
1499730 1030
1499740 1030
1499750 1023
1499760 1017
1499770 1017
1499780 1012
1499790 1006
1499800 998
1499810 998
1499820 995
1499830 997
1499840 997
1499850 1002
1499860 1008
1499870 1008
1499880 1013
1499890 1015
1499900 1015
1499910 1014
1499920 1011
1499930 1011
1499940 1009
1499950 1007
1499960 1007
1499970 1005
1499980 1004
1499990 1003
