1480000 1699
1480010 1691
1480020 1682
1480030 1676
1480040 1676
1480050 1673
1480060 1667
1480070 1667
1480080 1675
1480090 1684
1480100 1684
1480110 1690
1480120 1691
1480130 1691
1480140 1689
1480150 1692
1480160 1692
1480170 1694
1480180 1695
1480190 1699
1480200 1699
1480210 1705
1480220 1715
1480230 1715
1480240 1724
1480250 1732
1480260 1732
1480270 1738
1480280 1739
1480290 1739
1480300 1737
1480310 1734
1480320 1734
1480330 1730
1480340 1724
1480350 1724
1480360 1720
1480370 1714
1480380 1707
1480390 1707
1480400 1699
1480410 1691
1480420 1691
1480430 1683
1480440 1675
1480450 1675
1480460 1666
1480470 1657
1480480 1657
1480490 1650
1480500 1660
1480510 1660
1480520 1663
1480530 1661
1480540 1663
1480550 1663
1480560 1678
1480570 1680
1480580 1680
1480590 1673
1480600 1669
1480610 1669
1480620 1663
1480630 1653
1480640 1653
1480650 1648
1480660 1657
1480670 1657
1480680 1666
1480690 1674
1480700 1674
1480710 1685
1480720 1698
1480730 1711
1480740 1711
1480750 1721
1480760 1733
1480770 1733
1480780 1742
1480790 1751
1480800 1751
1480810 1761
1480820 1771
1480830 1771
1480840 1774
1480850 1772
1480860 1772
1480870 1770
1480880 1776
1480890 1782
1480900 1782
1480910 1786
1480920 1791
1480930 1791
1480940 1792
1480950 1795
1480960 1795
1480970 1801
1480980 1800
1480990 1800
1481000 1790
1481010 1791
1481020 1791
1481030 1802
1481040 1807
1481050 1807
1481060 1809
1481070 1812
1481080 1819
1481090 1819
1481100 1826
1481110 1832
1481120 1832
1481130 1837
1481140 1840
1481150 1840
1481160 1842
1481170 1843
1481180 1843
1481190 1844
1481200 1845
1481210 1845
1481220 1846
1481230 1846
1481240 1846
1481250 1846
1481260 1844
1481270 1842
1481280 1842
1481290 1841
1481300 1840
1481310 1840
1481320 1839
1481330 1834
1481340 1834
1481350 1831
1481360 1830
1481370 1830
1481380 1829
1481390 1827
1481400 1827
1481410 1826
1481420 1824
1481430 1823
1481440 1823
1481450 1821
1481460 1815
1481470 1815
1481480 1809
1481490 1803
1481500 1803
1481510 1799
1481520 1794
1481530 1794
1481540 1790
1481550 1789
1481560 1789
1481570 1786
1481580 1782
1481590 1778
1481600 1778
1481610 1774
1481620 1771
1481630 1771
1481640 1766
1481650 1761
1481660 1761
1481670 1756
1481680 1753
1481690 1753
1481700 1754
1481710 1754
1481720 1754
1481730 1751
1481740 1749
1481750 1745
1481760 1745
1481770 1743
1481780 1738
1481790 1738
1481800 1733
1481810 1727
1481820 1727
1481830 1721
1481840 1717
1481850 1717
1481860 1712
1481870 1709
1481880 1709
1481890 1704
1481900 1700
1481910 1700
1481920 1694
1481930 1688
1481940 1683
1481950 1683
1481960 1680
1481970 1680
1481980 1680
1481990 1678
1482000 1674
1482010 1674
1482020 1670
1482030 1667
1482040 1667
1482050 1663
1482060 1659
1482070 1659
1482080 1655
1482090 1651
1482100 1647
1482110 1647
1482120 1644
1482130 1641
1482140 1641
1482150 1638
1482160 1634
1482170 1634
1482180 1629
1482190 1624
1482200 1624
1482210 1620
1482220 1615
1482230 1615
1482240 1612
1482250 1611
1482260 1611
1482270 1608
1482280 1603
1482290 1600
1482300 1600
1482310 1597
1482320 1593
1482330 1593
1482340 1589
1482350 1586
1482360 1586
1482370 1582
1482380 1579
1482390 1579
1482400 1576
1482410 1573
1482420 1573
1482430 1567
1482440 1564
1482450 1562
1482460 1562
1482470 1557
1482480 1554
1482490 1554
1482500 1550
1482510 1547
1482520 1547
1482530 1542
1482540 1536
1482550 1536
1482560 1531
1482570 1526
1482580 1526
1482590 1522
1482600 1517
1482610 1517
1482620 1512
1482630 1506
1482640 1501
1482650 1501
1482660 1495
1482670 1492
1482680 1492
1482690 1488
1482700 1485
1482710 1485
1482720 1481
1482730 1477
1482740 1477
1482750 1473
1482760 1469
1482770 1469
1482780 1463
1482790 1458
1482800 1453
1482810 1453
1482820 1450
1482830 1446
1482840 1446
1482850 1444
1482860 1439
1482870 1439
1482880 1434
1482890 1429
1482900 1429
1482910 1424
1482920 1421
1482930 1421
1482940 1418
1482950 1417
1482960 1417
1482970 1415
1482980 1413
1482990 1410
1483000 1410
1483010 1404
1483020 1400
1483030 1400
1483040 1396
1483050 1394
1483060 1394
1483070 1391
1483080 1388
1483090 1388
1483100 1385
1483110 1380
1483120 1380
1483130 1375
1483140 1371
1483150 1369
1483160 1369
1483170 1367
1483180 1365
1483190 1365
1483200 1363
1483210 1361
1483220 1361
1483230 1360
1483240 1359
1483250 1359
1483260 1356
1483270 1351
1483280 1351
1483290 1346
1483300 1342
1483310 1342
1483320 1338
1483330 1334
1483340 1330
1483350 1330
1483360 1326
1483370 1322
1483380 1322
1483390 1317
1483400 1314
1483410 1314
1483420 1311
1483430 1308
1483440 1308
1483450 1304
1483460 1299
1483470 1299
1483480 1295
1483490 1290
1483500 1289
1483510 1289
1483520 1286
1483530 1282
1483540 1282
1483550 1277
1483560 1274
1483570 1274
1483580 1271
1483590 1267
1483600 1267
1483610 1263
1483620 1260
1483630 1260
1483640 1258
1483650 1254
1483660 1254
1483670 1250
1483680 1246
1483690 1241
1483700 1241
1483710 1236
1483720 1230
1483730 1230
1483740 1225
1483750 1221
1483760 1221
1483770 1217
1483780 1213
1483790 1213
1483800 1209
1483810 1204
1483820 1204
1483830 1200
1483840 1194
1483850 1188
1483860 1188
1483870 1182
1483880 1177
1483890 1177
1483900 1170
1483910 1163
1483920 1163
1483930 1156
1483940 1151
1483950 1151
1483960 1146
1483970 1141
1483980 1141
1483990 1137
1484000 1131
1484010 1131
1484020 1125
1484030 1118
1484040 1110
1484050 1110
1484060 1103
1484070 1096
1484080 1096
1484090 1091
1484100 1083
1484110 1083
1484120 1076
1484130 1069
1484140 1069
1484150 1063
1484160 1057
1484170 1057
1484180 1051
1484190 1045
1484200 1039
1484210 1039
1484220 1033
1484230 1026
1484240 1026
1484250 1020
1484260 1015
1484270 1015
1484280 1009
1484290 1003
1484300 1003
1484310 998
1484320 993
1484330 993
1484340 989
1484350 985
1484360 985
1484370 981
1484380 978
1484390 976
1484400 976
1484410 973
1484420 971
1484430 971
1484440 968
1484450 964
1484460 964
1484470 959
1484480 954
1484490 954
1484500 948
1484510 942
1484520 942
1484530 937
1484540 933
1484550 928
1484560 928
1484570 924
1484580 919
1484590 919
1484600 916
1484610 913
1484620 913
1484630 909
1484640 903
1484650 903
1484660 896
1484670 893
1484680 893
1484690 890
1484700 891
1484710 891
1484720 886
1484730 880
1484740 875
1484750 875
1484760 871
1484770 867
1484780 867
1484790 863
1484800 859
1484810 859
1484820 855
1484830 851
1484840 851
1484850 846
1484860 840
1484870 840
1484880 834
1484890 825
1484900 822
1484910 822
1484920 818
1484930 809
1484940 809
1484950 802
1484960 795
1484970 795
1484980 788
1484990 781
1485000 781
1485010 775
1485020 770
1485030 770
1485040 765
1485050 760
1485060 760
1485070 756
1485080 752
1485090 747
1485100 747
1485110 743
1485120 738
1485130 738
1485140 734
1485150 728
1485160 728
1485170 721
1485180 715
1485190 715
1485200 709
1485210 701
1485220 701
1485230 693
1485240 688
1485250 687
1485260 687
1485270 684
1485280 680
1485290 680
1485300 673
1485310 666
1485320 666
1485330 658
1485340 649
1485350 649
1485360 641
1485370 630
1485380 630
1485390 620
1485400 612
1485410 612
1485420 608
1485430 607
1485440 606
1485450 606
1485460 605
1485470 605
1485480 605
1485490 604
1485500 604
1485510 604
1485520 604
1485530 604
1485540 604
1485550 605
1485560 605
1485570 605
1485580 604
1485590 604
1485600 603
1485610 603
1485620 603
1485630 601
1485640 601
1485650 600
1485660 600
1485670 600
1485680 598
1485690 597
1485700 597
1485710 596
1485720 594
1485730 594
1485740 593
1485750 592
1485760 591
1485770 591
1485780 590
1485790 589
1485800 589
1485810 588
1485820 587
1485830 587
1485840 587
1485850 586
1485860 586
1485870 584
1485880 584
1485890 584
1485900 583
1485910 582
1485920 582
1485930 581
1485940 580
1485950 579
1485960 579
1485970 578
1485980 578
1485990 578
1486000 577
1486010 575
1486020 575
1486030 574
1486040 573
1486050 573
1486060 572
1486070 573
1486080 573
1486090 572
1486100 571
1486110 571
1486120 571
1486130 567
1486140 566
1486150 566
1486160 566
1486170 566
1486180 566
1486190 566
1486200 566
1486210 566
1486220 567
1486230 566
1486240 566
1486250 563
1486260 562
1486270 562
1486280 562
1486290 562
1486300 564
1486310 564
1486320 565
1486330 566
1486340 566
1486350 566
1486360 566
1486370 566
1486380 566
1486390 566
1486400 566
1486410 566
1486420 566
1486430 566
1486440 566
1486450 566
1486460 566
1486470 566
1486480 566
1486490 567
1486500 567
1486510 567
1486520 567
1486530 567
1486540 567
1486550 567
1486560 567
1486570 568
1486580 568
1486590 568
1486600 568
1486610 569
1486620 569
1486630 569
1486640 569
1486650 569
1486660 569
1486670 570
1486680 570
1486690 570
1486700 570
1486710 570
1486720 570
1486730 571
1486740 571
1486750 571
1486760 571
1486770 572
1486780 572
1486790 572
1486800 572
1486810 572
1486820 572
1486830 573
1486840 573
1486850 573
1486860 573
1486870 573
1486880 573
1486890 573
1486900 573
1486910 573
1486920 574
1486930 574
1486940 574
1486950 574
1486960 574
1486970 574
1486980 575
1486990 575
1487000 576
1487010 576
1487020 575
1487030 576
1487040 576
1487050 577
1487060 577
1487070 577
1487080 576
1487090 576
1487100 576
1487110 576
1487120 576
1487130 576
1487140 576
1487150 577
1487160 577
1487170 577
1487180 576
1487190 576
1487200 576
1487210 576
1487220 576
1487230 576
1487240 576
1487250 577
1487260 577
1487270 577
1487280 577
1487290 577
1487300 577
1487310 577
1487320 577
1487330 577
1487340 577
1487350 577
1487360 577
1487370 577
1487380 577
1487390 577
1487400 577
1487410 577
1487420 577
1487430 577
1487440 577
1487450 577
1487460 578
1487470 579
1487480 579
1487490 579
1487500 580
1487510 581
1487520 581
1487530 584
1487540 587
1487550 587
1487560 591
1487570 597
1487580 597
1487590 603
1487600 608
1487610 608
1487620 614
1487630 620
1487640 620
1487650 627
1487660 633
1487670 633
1487680 639
1487690 645
1487700 651
1487710 651
1487720 658
1487730 667
1487740 667
1487750 673
1487760 678
1487770 678
1487780 685
1487790 695
1487800 695
1487810 702
1487820 709
1487830 709
1487840 716
1487850 723
1487860 729
1487870 729
1487880 734
1487890 742
1487900 742
1487910 746
1487920 748
1487930 748
1487940 751
1487950 754
1487960 754
1487970 759
1487980 764
1487990 764
1488000 770
1488010 774
1488020 774
1488030 776
1488040 780
1488050 786
1488060 786
1488070 790
1488080 792
1488090 792
1488100 797
1488110 801
1488120 801
1488130 806
1488140 812
1488150 812
1488160 819
1488170 825
1488180 825
1488190 829
1488200 833
1488210 838
1488220 838
1488230 844
1488240 850
1488250 850
1488260 855
1488270 860
1488280 860
1488290 864
1488300 869
1488310 869
1488320 875
1488330 882
1488340 882
1488350 887
1488360 892
1488370 892
1488380 898
1488390 903
1488400 909
1488410 909
1488420 916
1488430 922
1488440 922
1488450 927
1488460 931
1488470 931
1488480 935
1488490 939
1488500 939
1488510 944
1488520 950
1488530 950
1488540 957
1488550 963
1488560 969
1488570 969
1488580 974
1488590 977
1488600 977
1488610 979
1488620 982
1488630 982
1488640 986
1488650 989
1488660 989
1488670 992
1488680 995
1488690 995
1488700 998
1488710 1003
1488720 1003
1488730 1008
1488740 1012
1488750 1015
1488760 1015
1488770 1020
1488780 1023
1488790 1023
1488800 1027
1488810 1032
1488820 1032
1488830 1036
1488840 1040
1488850 1040
1488860 1043
1488870 1046
1488880 1046
1488890 1049
1488900 1053
1488910 1058
1488920 1058
1488930 1062
1488940 1067
1488950 1067
1488960 1073
1488970 1078
1488980 1078
1488990 1082
1489000 1085
1489010 1085
1489020 1090
1489030 1096
1489040 1096
1489050 1102
1489060 1108
1489070 1108
1489080 1114
1489090 1120
1489100 1125
1489110 1125
1489120 1131
1489130 1135
1489140 1135
1489150 1139
1489160 1142
1489170 1142
1489180 1145
1489190 1149
1489200 1149
1489210 1153
1489220 1158
1489230 1158
1489240 1163
1489250 1166
1489260 1171
1489270 1171
1489280 1175
1489290 1180
1489300 1180
1489310 1183
1489320 1185
1489330 1185
1489340 1188
1489350 1192
1489360 1192
1489370 1196
1489380 1200
1489390 1200
1489400 1203
1489410 1206
1489420 1210
1489430 1210
1489440 1214
1489450 1217
1489460 1217
1489470 1220
1489480 1223
1489490 1223
1489500 1226
1489510 1230
1489520 1230
1489530 1234
1489540 1238
1489550 1238
1489560 1240
1489570 1242
1489580 1242
1489590 1244
1489600 1247
1489610 1250
1489620 1250
1489630 1253
1489640 1256
1489650 1256
1489660 1258
1489670 1260
1489680 1260
1489690 1261
1489700 1262
1489710 1262
1489720 1264
1489730 1266
1489740 1266
1489750 1267
1489760 1267
1489770 1267
1489780 1267
1489790 1268
1489800 1270
1489810 1270
1489820 1271
1489830 1272
1489840 1272
1489850 1273
1489860 1273
1489870 1273
1489880 1273
1489890 1273
1489900 1273
1489910 1275
1489920 1278
1489930 1278
1489940 1280
1489950 1282
1489960 1283
1489970 1283
1489980 1280
1489990 1276
1490000 1276
1490010 1274
1490020 1273
1490030 1273
1490040 1272
1490050 1271
1490060 1271
1490070 1272
1490080 1273
1490090 1273
1490100 1274
1490110 1275
1490120 1275
1490130 1275
1490140 1275
1490150 1275
1490160 1275
1490170 1277
1490180 1280
1490190 1280
1490200 1283
1490210 1286
1490220 1286
1490230 1288
1490240 1290
1490250 1290
1490260 1291
1490270 1292
1490280 1292
1490290 1293
1490300 1296
1490310 1303
1490320 1303
1490330 1309
1490340 1318
1490350 1318
1490360 1327
1490370 1331
1490380 1331
1490390 1334
1490400 1337
1490410 1337
1490420 1339
1490430 1341
1490440 1341
1490450 1343
1490460 1345
1490470 1345
1490480 1345
1490490 1345
1490500 1344
1490510 1344
1490520 1344
1490530 1343
1490540 1343
1490550 1342
1490560 1341
1490570 1341
1490580 1337
1490590 1331
1490600 1331
1490610 1327
1490620 1329
1490630 1329
1490640 1332
1490650 1334
1490660 1333
1490670 1333
1490680 1332
1490690 1330
1490700 1330
1490710 1328
1490720 1324
1490730 1324
1490740 1319
1490750 1316
1490760 1316
1490770 1316
1490780 1325
1490790 1325
1490800 1332
1490810 1338
1490820 1344
1490830 1344
1490840 1349
1490850 1353
1490860 1353
1490870 1355
1490880 1357
1490890 1357
1490900 1361
1490910 1365
1490920 1365
1490930 1369
1490940 1371
1490950 1371
1490960 1374
1490970 1378
1490980 1378
1490990 1379
1491000 1380
1491010 1380
1491020 1380
1491030 1380
1491040 1381
1491050 1381
1491060 1380
1491070 1381
1491080 1381
1491090 1379
1491100 1374
1491110 1374
1491120 1368
1491130 1365
1491140 1365
1491150 1362
1491160 1358
1491170 1356
1491180 1356
1491190 1355
1491200 1354
1491210 1354
1491220 1352
1491230 1351
1491240 1351
1491250 1350
1491260 1348
1491270 1348
1491280 1347
1491290 1347
1491300 1347
1491310 1345
1491320 1343
1491330 1343
1491340 1341
1491350 1339
1491360 1336
1491370 1336
1491380 1334
1491390 1332
1491400 1332
1491410 1331
1491420 1331
1491430 1331
1491440 1331
1491450 1329
1491460 1329
1491470 1327
1491480 1326
1491490 1326
1491500 1325
1491510 1325
1491520 1325
1491530 1325
1491540 1324
1491550 1322
1491560 1322
1491570 1321
1491580 1321
1491590 1321
1491600 1319
1491610 1316
1491620 1316
1491630 1314
1491640 1316
1491650 1316
1491660 1317
1491670 1319
1491680 1319
1491690 1321
1491700 1322
1491710 1321
1491720 1321
1491730 1319
1491740 1315
1491750 1315
1491760 1310
1491770 1305
1491780 1305
1491790 1299
1491800 1291
1491810 1291
1491820 1289
1491830 1298
1491840 1298
1491850 1306
1491860 1313
1491870 1317
1491880 1317
1491890 1320
1491900 1322
1491910 1322
1491920 1327
1491930 1334
1491940 1334
1491950 1340
1491960 1346
1491970 1346
1491980 1353
1491990 1360
1492000 1360
1492010 1364
1492020 1370
1492030 1370
1492040 1375
1492050 1381
1492060 1385
1492070 1385
1492080 1389
1492090 1393
1492100 1393
1492110 1397
1492120 1402
1492130 1402
1492140 1406
1492150 1411
1492160 1411
1492170 1415
1492180 1419
1492190 1419
1492200 1420
1492210 1424
1492220 1430
1492230 1430
1492240 1436
1492250 1443
1492260 1443
1492270 1448
1492280 1453
1492290 1453
1492300 1457
1492310 1461
1492320 1461
1492330 1464
1492340 1467
1492350 1467
1492360 1471
1492370 1477
1492380 1477
1492390 1482
1492400 1486
1492410 1490
1492420 1490
1492430 1494
1492440 1497
1492450 1497
1492460 1501
1492470 1506
1492480 1506
1492490 1511
1492500 1515
1492510 1515
1492520 1520
1492530 1525
1492540 1525
1492550 1528
1492560 1531
1492570 1533
1492580 1533
1492590 1533
1492600 1535
1492610 1535
1492620 1539
1492630 1545
1492640 1545
1492650 1550
1492660 1558
1492670 1558
1492680 1564
1492690 1571
1492700 1571
1492710 1577
1492720 1582
1492730 1582
1492740 1587
1492750 1592
1492760 1599
1492770 1599
1492780 1605
1492790 1609
1492800 1609
1492810 1612
1492820 1618
1492830 1618
1492840 1624
1492850 1629
1492860 1629
1492870 1633
1492880 1638
1492890 1638
1492900 1643
1492910 1648
1492920 1653
1492930 1653
1492940 1655
1492950 1656
1492960 1656
1492970 1658
1492980 1662
1492990 1662
1493000 1667
1493010 1671
1493020 1671
1493030 1673
1493040 1671
1493050 1671
1493060 1668
1493070 1669
1493080 1669
1493090 1672
1493100 1676
1493110 1680
1493120 1680
1493130 1684
1493140 1686
1493150 1686
1493160 1689
1493170 1693
1493180 1693
1493190 1698
1493200 1702
1493210 1702
1493220 1706
1493230 1710
1493240 1710
1493250 1714
1493260 1717
1493270 1721
1493280 1721
1493290 1724
1493300 1728
1493310 1728
1493320 1732
1493330 1735
1493340 1735
1493350 1738
1493360 1741
1493370 1741
1493380 1744
1493390 1746
1493400 1746
1493410 1748
1493420 1749
1493430 1750
1493440 1750
1493450 1750
1493460 1751
1493470 1751
1493480 1752
1493490 1751
1493500 1751
1493510 1749
1493520 1747
1493530 1747
1493540 1746
1493550 1745
1493560 1745
1493570 1743
1493580 1742
1493590 1742
1493600 1742
1493610 1741
1493620 1738
1493630 1738
1493640 1734
1493650 1730
1493660 1730
1493670 1726
1493680 1719
1493690 1719
1493700 1714
1493710 1710
1493720 1710
1493730 1705
1493740 1702
1493750 1702
1493760 1700
1493770 1697
1493780 1695
1493790 1695
1493800 1695
1493810 1692
1493820 1692
1493830 1689
1493840 1686
1493850 1686
1493860 1684
1493870 1683
1493880 1683
1493890 1680
1493900 1677
1493910 1677
1493920 1672
1493930 1667
1493940 1667
1493950 1663
1493960 1662
1493970 1662
1493980 1662
1493990 1662
1494000 1662
1494010 1662
1494020 1663
1494030 1661
1494040 1661
1494050 1656
1494060 1649
1494070 1649
1494080 1644
1494090 1641
1494100 1641
1494110 1639
1494120 1636
1494130 1633
1494140 1633
1494150 1631
1494160 1629
1494170 1629
1494180 1627
1494190 1624
1494200 1624
1494210 1623
1494220 1622
1494230 1622
1494240 1620
1494250 1615
1494260 1615
1494270 1612
1494280 1609
1494290 1609
1494300 1604
1494310 1595
1494320 1594
1494330 1594
1494340 1596
1494350 1595
1494360 1595
1494370 1593
1494380 1591
1494390 1591
1494400 1590
1494410 1588
1494420 1588
1494430 1586
1494440 1583
1494450 1583
1494460 1580
1494470 1580
1494480 1582
1494490 1582
1494500 1584
1494510 1586
1494520 1586
1494530 1587
1494540 1586
1494550 1586
1494560 1585
1494570 1584
1494580 1584
1494590 1583
1494600 1582
1494610 1582
1494620 1581
1494630 1579
1494640 1579
1494650 1575
1494660 1570
1494670 1564
1494680 1564
1494690 1558
1494700 1553
1494710 1553
1494720 1548
1494730 1543
1494740 1543
1494750 1536
1494760 1529
1494770 1529
1494780 1523
1494790 1518
1494800 1518
1494810 1513
1494820 1509
1494830 1503
1494840 1503
1494850 1497
1494860 1493
1494870 1493
1494880 1489
1494890 1486
1494900 1486
1494910 1484
1494920 1482
1494930 1482
1494940 1479
1494950 1477
1494960 1477
1494970 1476
1494980 1473
1494990 1473
1495000 1470
1495010 1469
1495020 1468
1495030 1468
1495040 1466
1495050 1465
1495060 1465
1495070 1463
1495080 1460
1495090 1460
1495100 1457
1495110 1455
1495120 1455
1495130 1450
1495140 1444
1495150 1444
1495160 1437
1495170 1430
1495180 1426
1495190 1426
1495200 1425
1495210 1426
1495220 1426
1495230 1426
1495240 1426
1495250 1426
1495260 1426
1495270 1423
1495280 1423
1495290 1418
1495300 1412
1495310 1412
1495320 1405
1495330 1396
1495340 1396
1495350 1392
1495360 1390
1495370 1388
1495380 1388
1495390 1387
1495400 1386
1495410 1386
1495420 1384
1495430 1380
1495440 1380
1495450 1375
1495460 1371
1495470 1371
1495480 1367
1495490 1364
1495500 1364
1495510 1362
1495520 1360
1495530 1356
1495540 1356
1495550 1355
1495560 1357
1495570 1357
1495580 1358
1495590 1358
1495600 1358
1495610 1358
1495620 1359
1495630 1359
1495640 1359
1495650 1358
1495660 1358
1495670 1355
1495680 1350
1495690 1350
1495700 1345
1495710 1343
1495720 1339
1495730 1339
1495740 1337
1495750 1338
1495760 1338
1495770 1338
1495780 1335
1495790 1335
1495800 1333
1495810 1334
1495820 1334
1495830 1335
1495840 1336
1495850 1336
1495860 1336
1495870 1334
1495880 1331
1495890 1331
1495900 1330
1495910 1332
1495920 1332
1495930 1335
1495940 1337
1495950 1337
1495960 1339
1495970 1341
1495980 1341
1495990 1343
1496000 1343
1496010 1343
1496020 1345
1496030 1346
1496040 1346
1496050 1347
1496060 1348
1496070 1350
1496080 1350
1496090 1353
1496100 1355
1496110 1355
1496120 1358
1496130 1359
1496140 1359
1496150 1360
1496160 1360
1496170 1360
1496180 1361
1496190 1363
1496200 1363
1496210 1364
1496220 1366
1496230 1368
1496240 1368
1496250 1369
1496260 1370
1496270 1370
1496280 1371
1496290 1371
1496300 1371
1496310 1367
1496320 1363
1496330 1363
1496340 1358
1496350 1353
1496360 1353
1496370 1347
1496380 1342
1496390 1342
1496400 1336
1496410 1330
1496420 1324
1496430 1324
1496440 1317
1496450 1309
1496460 1309
1496470 1302
1496480 1296
1496490 1296
1496500 1291
1496510 1288
1496520 1288
1496530 1287
1496540 1287
1496550 1287
1496560 1286
1496570 1285
1496580 1283
1496590 1283
1496600 1278
1496610 1271
1496620 1271
1496630 1265
1496640 1263
1496650 1263
1496660 1261
1496670 1257
1496680 1257
1496690 1252
1496700 1248
1496710 1248
1496720 1244
1496730 1237
1496740 1237
1496750 1231
1496760 1234
1496770 1236
1496780 1236
1496790 1237
1496800 1237
1496810 1237
1496820 1235
1496830 1234
1496840 1234
1496850 1233
1496860 1233
1496870 1233
1496880 1233
1496890 1234
1496900 1234
1496910 1233
1496920 1231
1496930 1227
1496940 1227
1496950 1222
1496960 1217
1496970 1217
1496980 1212
1496990 1207
1497000 1207
1497010 1202
1497020 1199
1497030 1199
1497040 1196
1497050 1193
1497060 1193
1497070 1199
1497080 1206
1497090 1212
1497100 1212
1497110 1217
1497120 1219
1497130 1219
1497140 1222
1497150 1225
1497160 1225
1497170 1228
1497180 1231
1497190 1231
1497200 1235
1497210 1237
1497220 1237
1497230 1239
1497240 1241
1497250 1241
1497260 1243
1497270 1244
1497280 1245
1497290 1245
1497300 1245
1497310 1245
1497320 1245
1497330 1245
1497340 1245
1497350 1245
1497360 1246
1497370 1246
1497380 1246
1497390 1247
1497400 1248
1497410 1248
1497420 1247
1497430 1245
1497440 1243
1497450 1243
1497460 1242
1497470 1240
1497480 1240
1497490 1237
1497500 1235
1497510 1235
1497520 1235
1497530 1234
1497540 1234
1497550 1231
1497560 1229
1497570 1229
1497580 1227
1497590 1225
1497600 1225
1497610 1223
1497620 1220
1497630 1216
1497640 1216
1497650 1213
1497660 1208
1497670 1208
1497680 1204
1497690 1200
1497700 1200
1497710 1198
1497720 1196
1497730 1196
1497740 1189
1497750 1186
1497760 1186
1497770 1184
1497780 1182
1497790 1183
1497800 1183
1497810 1183
1497820 1181
1497830 1181
1497840 1179
1497850 1177
1497860 1177
1497870 1176
1497880 1174
1497890 1174
1497900 1172
1497910 1171
1497920 1171
1497930 1169
1497940 1168
1497950 1168
1497960 1166
1497970 1164
1497980 1162
1497990 1162
1498000 1159
1498010 1156
1498020 1156
1498030 1155
1498040 1154
1498050 1154
1498060 1152
1498070 1149
1498080 1149
1498090 1146
1498100 1143
1498110 1143
1498120 1141
1498130 1140
1498140 1140
1498150 1140
1498160 1139
1498170 1137
1498180 1137
1498190 1133
1498200 1131
1498210 1131
1498220 1129
1498230 1125
1498240 1125
1498250 1121
1498260 1118
1498270 1118
1498280 1115
1498290 1112
1498300 1112
1498310 1109
1498320 1105
1498330 1101
1498340 1101
1498350 1097
1498360 1093
1498370 1093
1498380 1089
1498390 1085
1498400 1085
1498410 1082
1498420 1080
1498430 1080
1498440 1078
1498450 1074
1498460 1074
1498470 1070
1498480 1066
1498490 1063
1498500 1063
1498510 1059
1498520 1055
1498530 1055
1498540 1049
1498550 1043
1498560 1043
1498570 1035
1498580 1029
1498590 1029
1498600 1023
1498610 1016
1498620 1016
1498630 1010
1498640 1005
1498650 1005
1498660 999
1498670 993
1498680 988
1498690 988
1498700 983
1498710 979
1498720 979
1498730 974
1498740 968
1498750 968
1498760 961
1498770 953
1498780 953
1498790 946
1498800 941
1498810 941
1498820 936
1498830 931
1498840 926
1498850 926
1498860 920
1498870 917
1498880 917
1498890 916
1498900 919
1498910 919
1498920 918
1498930 916
1498940 916
1498950 914
1498960 912
1498970 912
1498980 911
1498990 910
1499000 910
1499010 908
1499020 906
1499030 906
1499040 906
1499050 907
1499060 908
1499070 908
1499080 908
1499090 908
1499100 908
1499110 906
1499120 901
1499130 901
1499140 895
1499150 889
1499160 889
1499170 884
1499180 879
1499190 874
1499200 874
1499210 870
1499220 870
1499230 870
1499240 871
1499250 871
1499260 871
1499270 868
1499280 861
1499290 861
1499300 855
1499310 850
1499320 850
1499330 845
1499340 842
1499350 842
1499360 841
1499370 840
1499380 838
1499390 838
1499400 837
1499410 837
1499420 837
1499430 837
1499440 833
1499450 833
1499460 825
1499470 814
1499480 814
1499490 801
1499500 794
1499510 794
1499520 796
1499530 798
1499540 798
1499550 798
1499560 799
1499570 800
1499580 800
1499590 802
1499600 801
1499610 801
1499620 798
1499630 794
1499640 794
1499650 790
1499660 787
1499670 787
1499680 785
1499690 783
1499700 783
1499710 781
1499720 778
1499730 776
1499740 776
1499750 772
1499760 768
1499770 768
1499780 764
1499790 759
1499800 759
1499810 756
1499820 753
1499830 753
1499840 748
1499850 743
1499860 743
1499870 740
1499880 735
1499890 731
1499900 731
1499910 726
1499920 723
1499930 717
1499940 714
1499950 709
1499960 709
1499970 702
1499980 694
1499990 694
