1480000 1765
1480010 1762
1480020 1762
1480030 1755
1480040 1755
1480050 1745
1480060 1741
1480070 1741
1480080 1750
1480090 1756
1480100 1756
1480110 1764
1480120 1768
1480130 1768
1480140 1774
1480150 1783
1480160 1783
1480170 1788
1480180 1792
1480190 1790
1480200 1790
1480210 1790
1480220 1794
1480230 1794
1480240 1800
1480250 1805
1480260 1805
1480270 1806
1480280 1802
1480290 1802
1480300 1794
1480310 1785
1480320 1785
1480330 1778
1480340 1772
1480350 1772
1480360 1769
1480370 1760
1480380 1749
1480390 1749
1480400 1739
1480410 1733
1480420 1733
1480430 1733
1480440 1733
1480450 1733
1480460 1736
1480470 1741
1480480 1741
1480490 1742
1480500 1740
1480510 1740
1480520 1737
1480530 1735
1480540 1731
1480550 1731
1480560 1724
1480570 1717
1480580 1717
1480590 1709
1480600 1704
1480610 1704
1480620 1709
1480630 1714
1480640 1714
1480650 1714
1480660 1711
1480670 1711
1480680 1714
1480690 1724
1480700 1724
1480710 1739
1480720 1752
1480730 1763
1480740 1763
1480750 1774
1480760 1787
1480770 1787
1480780 1797
1480790 1807
1480800 1807
1480810 1814
1480820 1821
1480830 1821
1480840 1831
1480850 1843
1480860 1843
1480870 1853
1480880 1861
1480890 1867
1480900 1867
1480910 1872
1480920 1875
1480930 1875
1480940 1876
1480950 1876
1480960 1876
1480970 1875
1480980 1874
1480990 1874
1481000 1873
1481010 1873
1481020 1873
1481030 1874
1481040 1874
1481050 1874
1481060 1875
1481070 1875
1481080 1877
1481090 1877
1481100 1880
1481110 1884
1481120 1884
1481130 1885
1481140 1884
1481150 1884
1481160 1882
1481170 1880
1481180 1880
1481190 1877
1481200 1873
1481210 1873
1481220 1869
1481230 1865
1481240 1860
1481250 1860
1481260 1856
1481270 1853
1481280 1853
1481290 1849
1481300 1845
1481310 1845
1481320 1841
1481330 1838
1481340 1838
1481350 1836
1481360 1834
1481370 1834
1481380 1831
1481390 1828
1481400 1825
1481410 1825
1481420 1822
1481430 1819
1481440 1819
1481450 1816
1481460 1813
1481470 1813
1481480 1809
1481490 1805
1481500 1805
1481510 1802
1481520 1799
1481530 1799
1481540 1796
1481550 1793
1481560 1793
1481570 1790
1481580 1787
1481590 1782
1481600 1782
1481610 1778
1481620 1776
1481630 1776
1481640 1775
1481650 1771
1481660 1771
1481670 1766
1481680 1761
1481690 1761
1481700 1757
1481710 1752
1481720 1752
1481730 1748
1481740 1744
1481750 1741
1481760 1741
1481770 1738
1481780 1735
1481790 1735
1481800 1731
1481810 1727
1481820 1727
1481830 1724
1481840 1720
1481850 1720
1481860 1717
1481870 1712
1481880 1712
1481890 1708
1481900 1705
1481910 1705
1481920 1701
1481930 1696
1481940 1691
1481950 1691
1481960 1686
1481970 1682
1481980 1682
1481990 1678
1482000 1674
1482010 1674
1482020 1671
1482030 1666
1482040 1666
1482050 1661
1482060 1655
1482070 1655
1482080 1649
1482090 1643
1482100 1637
1482110 1637
1482120 1632
1482130 1626
1482140 1626
1482150 1620
1482160 1614
1482170 1614
1482180 1608
1482190 1603
1482200 1603
1482210 1598
1482220 1593
1482230 1593
1482240 1589
1482250 1586
1482260 1586
1482270 1583
1482280 1584
1482290 1584
1482300 1584
1482310 1582
1482320 1577
1482330 1577
1482340 1573
1482350 1569
1482360 1569
1482370 1564
1482380 1560
1482390 1560
1482400 1557
1482410 1551
1482420 1551
1482430 1547
1482440 1542
1482450 1538
1482460 1538
1482470 1535
1482480 1532
1482490 1532
1482500 1528
1482510 1524
1482520 1524
1482530 1520
1482540 1515
1482550 1515
1482560 1509
1482570 1504
1482580 1504
1482590 1500
1482600 1496
1482610 1496
1482620 1492
1482630 1487
1482640 1482
1482650 1482
1482660 1476
1482670 1470
1482680 1470
1482690 1465
1482700 1460
1482710 1460
1482720 1456
1482730 1452
1482740 1452
1482750 1448
1482760 1443
1482770 1443
1482780 1440
1482790 1437
1482800 1434
1482810 1434
1482820 1432
1482830 1429
1482840 1429
1482850 1426
1482860 1424
1482870 1424
1482880 1422
1482890 1417
1482900 1417
1482910 1412
1482920 1407
1482930 1407
1482940 1403
1482950 1400
1482960 1400
1482970 1396
1482980 1393
1482990 1389
1483000 1389
1483010 1386
1483020 1384
1483030 1384
1483040 1381
1483050 1378
1483060 1378
1483070 1376
1483080 1375
1483090 1375
1483100 1372
1483110 1369
1483120 1369
1483130 1366
1483140 1363
1483150 1360
1483160 1360
1483170 1358
1483180 1354
1483190 1354
1483200 1350
1483210 1346
1483220 1346
1483230 1342
1483240 1338
1483250 1338
1483260 1335
1483270 1332
1483280 1332
1483290 1328
1483300 1324
1483310 1324
1483320 1320
1483330 1318
1483340 1316
1483350 1316
1483360 1315
1483370 1311
1483380 1311
1483390 1308
1483400 1303
1483410 1303
1483420 1297
1483430 1293
1483440 1293
1483450 1288
1483460 1282
1483470 1282
1483480 1278
1483490 1273
1483500 1267
1483510 1267
1483520 1262
1483530 1259
1483540 1259
1483550 1255
1483560 1251
1483570 1251
1483580 1247
1483590 1241
1483600 1241
1483610 1235
1483620 1231
1483630 1231
1483640 1227
1483650 1224
1483660 1224
1483670 1222
1483680 1220
1483690 1218
1483700 1218
1483710 1218
1483720 1215
1483730 1215
1483740 1210
1483750 1205
1483760 1205
1483770 1200
1483780 1195
1483790 1195
1483800 1190
1483810 1184
1483820 1184
1483830 1178
1483840 1172
1483850 1167
1483860 1167
1483870 1164
1483880 1161
1483890 1161
1483900 1159
1483910 1156
1483920 1156
1483930 1150
1483940 1143
1483950 1143
1483960 1136
1483970 1130
1483980 1130
1483990 1124
1484000 1118
1484010 1118
1484020 1112
1484030 1105
1484040 1098
1484050 1098
1484060 1091
1484070 1084
1484080 1084
1484090 1078
1484100 1071
1484110 1071
1484120 1066
1484130 1062
1484140 1062
1484150 1058
1484160 1054
1484170 1054
1484180 1050
1484190 1044
1484200 1037
1484210 1037
1484220 1032
1484230 1027
1484240 1027
1484250 1022
1484260 1016
1484270 1016
1484280 1009
1484290 1003
1484300 1003
1484310 997
1484320 992
1484330 992
1484340 986
1484350 979
1484360 979
1484370 972
1484380 967
1484390 965
1484400 965
1484410 961
1484420 956
1484430 956
1484440 952
1484450 950
1484460 950
1484470 948
1484480 946
1484490 946
1484500 943
1484510 941
1484520 941
1484530 938
1484540 933
1484550 929
1484560 929
1484570 927
1484580 925
1484590 925
1484600 920
1484610 914
1484620 914
1484630 908
1484640 902
1484650 902
1484660 898
1484670 894
1484680 894
1484690 889
1484700 883
1484710 883
1484720 877
1484730 872
1484740 867
1484750 867
1484760 861
1484770 857
1484780 857
1484790 852
1484800 847
1484810 847
1484820 843
1484830 838
1484840 838
1484850 832
1484860 825
1484870 825
1484880 819
1484890 815
1484900 812
1484910 812
1484920 809
1484930 805
1484940 805
1484950 803
1484960 802
1484970 802
1484980 800
1484990 796
1485000 796
1485010 790
1485020 785
1485030 785
1485040 782
1485050 779
1485060 779
1485070 777
1485080 774
1485090 769
1485100 769
1485110 763
1485120 756
1485130 756
1485140 749
1485150 742
1485160 742
1485170 735
1485180 727
1485190 727
1485200 720
1485210 714
1485220 714
1485230 707
1485240 700
1485250 693
1485260 693
1485270 685
1485280 678
1485290 678
1485300 672
1485310 668
1485320 668
1485330 664
1485340 658
1485350 658
1485360 653
1485370 648
1485380 648
1485390 643
1485400 636
1485410 636
1485420 624
1485430 618
1485440 617
1485450 617
1485460 618
1485470 618
1485480 618
1485490 617
1485500 616
1485510 616
1485520 615
1485530 615
1485540 615
1485550 614
1485560 613
1485570 613
1485580 612
1485590 611
1485600 610
1485610 610
1485620 609
1485630 607
1485640 607
1485650 607
1485660 605
1485670 605
1485680 603
1485690 602
1485700 602
1485710 601
1485720 600
1485730 600
1485740 598
1485750 597
1485760 597
1485770 596
1485780 595
1485790 594
1485800 594
1485810 593
1485820 591
1485830 591
1485840 590
1485850 589
1485860 589
1485870 587
1485880 586
1485890 586
1485900 585
1485910 584
1485920 584
1485930 584
1485940 583
1485950 582
1485960 582
1485970 581
1485980 581
1485990 581
1486000 580
1486010 579
1486020 579
1486030 578
1486040 577
1486050 577
1486060 576
1486070 575
1486080 575
1486090 574
1486100 573
1486110 572
1486120 572
1486130 571
1486140 571
1486150 571
1486160 569
1486170 569
1486180 569
1486190 567
1486200 565
1486210 565
1486220 565
1486230 565
1486240 565
1486250 565
1486260 565
1486270 565
1486280 567
1486290 566
1486300 564
1486310 564
1486320 562
1486330 562
1486340 562
1486350 562
1486360 562
1486370 562
1486380 563
1486390 565
1486400 565
1486410 565
1486420 566
1486430 566
1486440 566
1486450 566
1486460 566
1486470 566
1486480 566
1486490 566
1486500 566
1486510 566
1486520 566
1486530 566
1486540 566
1486550 566
1486560 566
1486570 567
1486580 567
1486590 567
1486600 567
1486610 567
1486620 567
1486630 567
1486640 567
1486650 568
1486660 568
1486670 568
1486680 568
1486690 568
1486700 569
1486710 569
1486720 569
1486730 569
1486740 569
1486750 569
1486760 570
1486770 570
1486780 570
1486790 570
1486800 570
1486810 571
1486820 571
1486830 571
1486840 571
1486850 571
1486860 571
1486870 571
1486880 571
1486890 572
1486900 573
1486910 573
1486920 574
1486930 572
1486940 572
1486950 573
1486960 574
1486970 574
1486980 574
1486990 573
1487000 573
1487010 573
1487020 573
1487030 573
1487040 573
1487050 573
1487060 573
1487070 573
1487080 573
1487090 573
1487100 573
1487110 573
1487120 573
1487130 573
1487140 573
1487150 573
1487160 574
1487170 574
1487180 573
1487190 574
1487200 574
1487210 574
1487220 574
1487230 574
1487240 574
1487250 574
1487260 574
1487270 574
1487280 574
1487290 574
1487300 574
1487310 575
1487320 575
1487330 575
1487340 575
1487350 574
1487360 574
1487370 575
1487380 575
1487390 575
1487400 575
1487410 575
1487420 575
1487430 575
1487440 575
1487450 575
1487460 575
1487470 574
1487480 574
1487490 574
1487500 574
1487510 575
1487520 575
1487530 577
1487540 580
1487550 580
1487560 587
1487570 596
1487580 596
1487590 604
1487600 610
1487610 610
1487620 617
1487630 622
1487640 622
1487650 628
1487660 632
1487670 632
1487680 636
1487690 641
1487700 647
1487710 647
1487720 654
1487730 662
1487740 662
1487750 669
1487760 676
1487770 676
1487780 683
1487790 690
1487800 690
1487810 699
1487820 708
1487830 708
1487840 716
1487850 722
1487860 726
1487870 726
1487880 729
1487890 733
1487900 733
1487910 737
1487920 742
1487930 742
1487940 746
1487950 749
1487960 749
1487970 752
1487980 754
1487990 754
1488000 759
1488010 764
1488020 764
1488030 768
1488040 771
1488050 774
1488060 774
1488070 780
1488080 785
1488090 785
1488100 788
1488110 792
1488120 792
1488130 797
1488140 804
1488150 804
1488160 811
1488170 816
1488180 816
1488190 822
1488200 827
1488210 833
1488220 833
1488230 840
1488240 848
1488250 848
1488260 853
1488270 857
1488280 857
1488290 860
1488300 865
1488310 865
1488320 869
1488330 874
1488340 874
1488350 879
1488360 883
1488370 883
1488380 887
1488390 892
1488400 897
1488410 897
1488420 902
1488430 906
1488440 906
1488450 910
1488460 916
1488470 916
1488480 924
1488490 931
1488500 931
1488510 935
1488520 937
1488530 937
1488540 939
1488550 942
1488560 947
1488570 947
1488580 952
1488590 956
1488600 956
1488610 959
1488620 965
1488630 965
1488640 970
1488650 975
1488660 975
1488670 980
1488680 985
1488690 985
1488700 991
1488710 994
1488720 994
1488730 1002
1488740 1008
1488750 1011
1488760 1011
1488770 1014
1488780 1018
1488790 1018
1488800 1021
1488810 1025
1488820 1025
1488830 1029
1488840 1033
1488850 1033
1488860 1037
1488870 1043
1488880 1043
1488890 1048
1488900 1053
1488910 1058
1488920 1058
1488930 1061
1488940 1064
1488950 1064
1488960 1067
1488970 1072
1488980 1072
1488990 1076
1489000 1081
1489010 1081
1489020 1087
1489030 1093
1489040 1093
1489050 1100
1489060 1107
1489070 1107
1489080 1113
1489090 1119
1489100 1126
1489110 1126
1489120 1132
1489130 1137
1489140 1137
1489150 1140
1489160 1143
1489170 1143
1489180 1147
1489190 1150
1489200 1150
1489210 1154
1489220 1158
1489230 1158
1489240 1163
1489250 1169
1489260 1175
1489270 1175
1489280 1180
1489290 1184
1489300 1184
1489310 1187
1489320 1189
1489330 1189
1489340 1191
1489350 1194
1489360 1194
1489370 1196
1489380 1200
1489390 1200
1489400 1204
1489410 1210
1489420 1210
1489430 1214
1489440 1218
1489450 1222
1489460 1222
1489470 1226
1489480 1231
1489490 1231
1489500 1237
1489510 1242
1489520 1242
1489530 1247
1489540 1251
1489550 1251
1489560 1255
1489570 1259
1489580 1259
1489590 1261
1489600 1265
1489610 1268
1489620 1268
1489630 1271
1489640 1273
1489650 1273
1489660 1276
1489670 1279
1489680 1279
1489690 1282
1489700 1285
1489710 1285
1489720 1288
1489730 1291
1489740 1291
1489750 1294
1489760 1296
1489770 1296
1489780 1298
1489790 1300
1489800 1302
1489810 1302
1489820 1304
1489830 1307
1489840 1307
1489850 1309
1489860 1312
1489870 1312
1489880 1314
1489890 1316
1489900 1316
1489910 1319
1489920 1322
1489930 1322
1489940 1326
1489950 1329
1489960 1331
1489970 1331
1489980 1334
1489990 1336
1490000 1336
1490010 1338
1490020 1341
1490030 1341
1490040 1343
1490050 1345
1490060 1345
1490070 1345
1490080 1346
1490090 1346
1490100 1347
1490110 1348
1490120 1348
1490130 1350
1490140 1351
1490150 1352
1490160 1352
1490170 1352
1490180 1354
1490190 1354
1490200 1357
1490210 1359
1490220 1359
1490230 1360
1490240 1361
1490250 1361
1490260 1363
1490270 1365
1490280 1365
1490290 1366
1490300 1367
1490310 1368
1490320 1368
1490330 1369
1490340 1370
1490350 1370
1490360 1371
1490370 1373
1490380 1373
1490390 1375
1490400 1378
1490410 1378
1490420 1381
1490430 1384
1490440 1384
1490450 1386
1490460 1388
1490470 1389
1490480 1389
1490490 1389
1490500 1389
1490510 1389
1490520 1389
1490530 1388
1490540 1388
1490550 1386
1490560 1383
1490570 1383
1490580 1383
1490590 1382
1490600 1382
1490610 1380
1490620 1379
1490630 1379
1490640 1378
1490650 1378
1490660 1377
1490670 1377
1490680 1377
1490690 1376
1490700 1376
1490710 1375
1490720 1375
1490730 1375
1490740 1374
1490750 1372
1490760 1372
1490770 1370
1490780 1368
1490790 1368
1490800 1366
1490810 1363
1490820 1361
1490830 1361
1490840 1358
1490850 1355
1490860 1355
1490870 1353
1490880 1355
1490890 1355
1490900 1360
1490910 1367
1490920 1367
1490930 1374
1490940 1380
1490950 1380
1490960 1385
1490970 1390
1490980 1390
1490990 1394
1491000 1398
1491010 1401
1491020 1401
1491030 1403
1491040 1405
1491050 1405
1491060 1407
1491070 1409
1491080 1409
1491090 1410
1491100 1413
1491110 1413
1491120 1416
1491130 1419
1491140 1419
1491150 1420
1491160 1419
1491170 1413
1491180 1413
1491190 1409
1491200 1408
1491210 1408
1491220 1407
1491230 1405
1491240 1405
1491250 1403
1491260 1401
1491270 1401
1491280 1399
1491290 1398
1491300 1398
1491310 1399
1491320 1397
1491330 1397
1491340 1393
1491350 1391
1491360 1388
1491370 1388
1491380 1386
1491390 1384
1491400 1384
1491410 1382
1491420 1381
1491430 1381
1491440 1376
1491450 1371
1491460 1371
1491470 1368
1491480 1365
1491490 1365
1491500 1362
1491510 1360
1491520 1357
1491530 1357
1491540 1355
1491550 1352
1491560 1352
1491570 1351
1491580 1349
1491590 1349
1491600 1347
1491610 1347
1491620 1347
1491630 1349
1491640 1350
1491650 1350
1491660 1349
1491670 1353
1491680 1353
1491690 1354
1491700 1351
1491710 1347
1491720 1347
1491730 1343
1491740 1341
1491750 1341
1491760 1339
1491770 1337
1491780 1337
1491790 1333
1491800 1321
1491810 1321
1491820 1314
1491830 1317
1491840 1317
1491850 1321
1491860 1326
1491870 1329
1491880 1329
1491890 1330
1491900 1330
1491910 1330
1491920 1331
1491930 1336
1491940 1336
1491950 1340
1491960 1344
1491970 1344
1491980 1348
1491990 1353
1492000 1353
1492010 1356
1492020 1360
1492030 1360
1492040 1364
1492050 1369
1492060 1373
1492070 1373
1492080 1376
1492090 1380
1492100 1380
1492110 1385
1492120 1388
1492130 1388
1492140 1391
1492150 1394
1492160 1394
1492170 1398
1492180 1401
1492190 1401
1492200 1404
1492210 1405
1492220 1406
1492230 1406
1492240 1410
1492250 1414
1492260 1414
1492270 1419
1492280 1426
1492290 1426
1492300 1432
1492310 1438
1492320 1438
1492330 1443
1492340 1447
1492350 1447
1492360 1452
1492370 1456
1492380 1456
1492390 1461
1492400 1466
1492410 1471
1492420 1471
1492430 1476
1492440 1482
1492450 1482
1492460 1487
1492470 1492
1492480 1492
1492490 1499
1492500 1505
1492510 1505
1492520 1512
1492530 1515
1492540 1515
1492550 1519
1492560 1524
1492570 1529
1492580 1529
1492590 1534
1492600 1539
1492610 1539
1492620 1545
1492630 1551
1492640 1551
1492650 1557
1492660 1563
1492670 1563
1492680 1570
1492690 1574
1492700 1574
1492710 1579
1492720 1583
1492730 1583
1492740 1585
1492750 1585
1492760 1587
1492770 1587
1492780 1589
1492790 1592
1492800 1592
1492810 1594
1492820 1596
1492830 1596
1492840 1599
1492850 1603
1492860 1603
1492870 1605
1492880 1608
1492890 1608
1492900 1611
1492910 1614
1492920 1616
1492930 1616
1492940 1618
1492950 1622
1492960 1622
1492970 1626
1492980 1630
1492990 1630
1493000 1632
1493010 1632
1493020 1632
1493030 1633
1493040 1637
1493050 1637
1493060 1641
1493070 1641
1493080 1641
1493090 1642
1493100 1642
1493110 1644
1493120 1644
1493130 1647
1493140 1649
1493150 1649
1493160 1652
1493170 1656
1493180 1656
1493190 1659
1493200 1664
1493210 1664
1493220 1669
1493230 1673
1493240 1673
1493250 1676
1493260 1679
1493270 1683
1493280 1683
1493290 1687
1493300 1690
1493310 1690
1493320 1693
1493330 1695
1493340 1695
1493350 1696
1493360 1698
1493370 1698
1493380 1700
1493390 1700
1493400 1700
1493410 1701
1493420 1702
1493430 1702
1493440 1703
1493450 1703
1493460 1704
1493470 1704
1493480 1704
1493490 1704
1493500 1704
1493510 1704
1493520 1704
1493530 1704
1493540 1704
1493550 1705
1493560 1705
1493570 1702
1493580 1698
1493590 1698
1493600 1696
1493610 1695
1493620 1695
1493630 1695
1493640 1695
1493650 1694
1493660 1694
1493670 1692
1493680 1689
1493690 1689
1493700 1687
1493710 1684
1493720 1684
1493730 1681
1493740 1678
1493750 1678
1493760 1676
1493770 1674
1493780 1674
1493790 1670
1493800 1666
1493810 1662
1493820 1662
1493830 1658
1493840 1654
1493850 1654
1493860 1649
1493870 1646
1493880 1646
1493890 1643
1493900 1642
1493910 1642
1493920 1641
1493930 1641
1493940 1641
1493950 1641
1493960 1640
1493970 1639
1493980 1639
1493990 1638
1494000 1637
1494010 1637
1494020 1636
1494030 1634
1494040 1634
1494050 1631
1494060 1628
1494070 1628
1494080 1624
1494090 1617
1494100 1617
1494110 1612
1494120 1607
1494130 1607
1494140 1601
1494150 1595
1494160 1589
1494170 1589
1494180 1584
1494190 1581
1494200 1581
1494210 1576
1494220 1572
1494230 1572
1494240 1566
1494250 1560
1494260 1560
1494270 1557
1494280 1553
1494290 1553
1494300 1549
1494310 1543
1494320 1539
1494330 1539
1494340 1532
1494350 1530
1494360 1530
1494370 1537
1494380 1538
1494390 1538
1494400 1536
1494410 1532
1494420 1532
1494430 1529
1494440 1528
1494450 1528
1494460 1530
1494470 1533
1494480 1533
1494490 1533
1494500 1533
1494510 1532
1494520 1532
1494530 1528
1494540 1524
1494550 1524
1494560 1523
1494570 1524
1494580 1524
1494590 1526
1494600 1527
1494610 1527
1494620 1527
1494630 1528
1494640 1528
1494650 1527
1494660 1525
1494670 1523
1494680 1523
1494690 1521
1494700 1518
1494710 1518
1494720 1515
1494730 1511
1494740 1511
1494750 1506
1494760 1501
1494770 1501
1494780 1496
1494790 1490
1494800 1490
1494810 1484
1494820 1479
1494830 1476
1494840 1476
1494850 1473
1494860 1470
1494870 1470
1494880 1467
1494890 1462
1494900 1462
1494910 1457
1494920 1451
1494930 1451
1494940 1445
1494950 1440
1494960 1440
1494970 1434
1494980 1427
1494990 1427
1495000 1422
1495010 1416
1495020 1410
1495030 1410
1495040 1406
1495050 1401
1495060 1401
1495070 1397
1495080 1394
1495090 1394
1495100 1392
1495110 1390
1495120 1390
1495130 1388
1495140 1387
1495150 1387
1495160 1386
1495170 1384
1495180 1383
1495190 1383
1495200 1380
1495210 1376
1495220 1376
1495230 1371
1495240 1365
1495250 1365
1495260 1360
1495270 1355
1495280 1355
1495290 1353
1495300 1350
1495310 1350
1495320 1349
1495330 1348
1495340 1348
1495350 1347
1495360 1346
1495370 1345
1495380 1345
1495390 1343
1495400 1344
1495410 1344
1495420 1347
1495430 1349
1495440 1349
1495450 1350
1495460 1347
1495470 1347
1495480 1343
1495490 1338
1495500 1338
1495510 1335
1495520 1333
1495530 1332
1495540 1332
1495550 1331
1495560 1330
1495570 1330
1495580 1327
1495590 1323
1495600 1323
1495610 1321
1495620 1321
1495630 1321
1495640 1321
1495650 1319
1495660 1319
1495670 1317
1495680 1316
1495690 1316
1495700 1311
1495710 1305
1495720 1298
1495730 1298
1495740 1292
1495750 1287
1495760 1287
1495770 1289
1495780 1291
1495790 1291
1495800 1287
1495810 1286
1495820 1286
1495830 1287
1495840 1287
1495850 1287
1495860 1286
1495870 1281
1495880 1276
1495890 1276
1495900 1272
1495910 1272
1495920 1272
1495930 1272
1495940 1273
1495950 1273
1495960 1273
1495970 1273
1495980 1273
1495990 1272
1496000 1273
1496010 1273
1496020 1275
1496030 1278
1496040 1278
1496050 1282
1496060 1284
1496070 1286
1496080 1286
1496090 1291
1496100 1295
1496110 1295
1496120 1299
1496130 1303
1496140 1303
1496150 1307
1496160 1310
1496170 1310
1496180 1311
1496190 1312
1496200 1312
1496210 1314
1496220 1317
1496230 1319
1496240 1319
1496250 1322
1496260 1324
1496270 1324
1496280 1325
1496290 1326
1496300 1326
1496310 1327
1496320 1326
1496330 1326
1496340 1325
1496350 1324
1496360 1324
1496370 1323
1496380 1321
1496390 1321
1496400 1320
1496410 1318
1496420 1316
1496430 1316
1496440 1313
1496450 1310
1496460 1310
1496470 1305
1496480 1300
1496490 1300
1496500 1295
1496510 1291
1496520 1291
1496530 1287
1496540 1284
1496550 1284
1496560 1281
1496570 1280
1496580 1279
1496590 1279
1496600 1277
1496610 1274
1496620 1274
1496630 1271
1496640 1268
1496650 1268
1496660 1264
1496670 1258
1496680 1258
1496690 1252
1496700 1245
1496710 1245
1496720 1239
1496730 1232
1496740 1232
1496750 1227
1496760 1224
1496770 1221
1496780 1221
1496790 1214
1496800 1208
1496810 1208
1496820 1202
1496830 1195
1496840 1195
1496850 1189
1496860 1181
1496870 1181
1496880 1173
1496890 1165
1496900 1165
1496910 1159
1496920 1159
1496930 1159
1496940 1159
1496950 1158
1496960 1159
1496970 1159
1496980 1159
1496990 1158
1497000 1158
1497010 1152
1497020 1145
1497030 1145
1497040 1142
1497050 1147
1497060 1147
1497070 1155
1497080 1159
1497090 1159
1497100 1157
1497110 1150
1497120 1148
1497130 1148
1497140 1150
1497150 1153
1497160 1153
1497170 1157
1497180 1161
1497190 1161
1497200 1164
1497210 1165
1497220 1165
1497230 1167
1497240 1169
1497250 1169
1497260 1171
1497270 1174
1497280 1177
1497290 1177
1497300 1178
1497310 1178
1497320 1178
1497330 1178
1497340 1177
1497350 1177
1497360 1177
1497370 1176
1497380 1176
1497390 1176
1497400 1175
1497410 1175
1497420 1174
1497430 1172
1497440 1172
1497450 1173
1497460 1174
1497470 1175
1497480 1175
1497490 1175
1497500 1173
1497510 1173
1497520 1171
1497530 1169
1497540 1169
1497550 1167
1497560 1165
1497570 1165
1497580 1164
1497590 1162
1497600 1162
1497610 1159
1497620 1156
1497630 1154
1497640 1154
1497650 1152
1497660 1150
1497670 1150
1497680 1148
1497690 1144
1497700 1144
1497710 1141
1497720 1136
1497730 1136
1497740 1130
1497750 1126
1497760 1126
1497770 1124
1497780 1123
1497790 1123
1497800 1123
1497810 1123
1497820 1121
1497830 1121
1497840 1119
1497850 1116
1497860 1116
1497870 1114
1497880 1113
1497890 1113
1497900 1112
1497910 1111
1497920 1111
1497930 1110
1497940 1109
1497950 1109
1497960 1107
1497970 1106
1497980 1105
1497990 1105
1498000 1105
1498010 1104
1498020 1104
1498030 1103
1498040 1101
1498050 1101
1498060 1099
1498070 1098
1498080 1098
1498090 1099
1498100 1100
1498110 1100
1498120 1102
1498130 1102
1498140 1102
1498150 1102
1498160 1101
1498170 1099
1498180 1099
1498190 1098
1498200 1095
1498210 1095
1498220 1092
1498230 1090
1498240 1090
1498250 1087
1498260 1084
1498270 1084
1498280 1081
1498290 1078
1498300 1078
1498310 1073
1498320 1069
1498330 1067
1498340 1067
1498350 1065
1498360 1063
1498370 1063
1498380 1061
1498390 1059
1498400 1059
1498410 1056
1498420 1052
1498430 1052
1498440 1049
1498450 1048
1498460 1048
1498470 1046
1498480 1044
1498490 1044
1498500 1043
1498510 1040
1498520 1036
1498530 1036
1498540 1031
1498550 1027
1498560 1027
1498570 1023
1498580 1019
1498590 1019
1498600 1015
1498610 1012
1498620 1012
1498630 1008
1498640 1004
1498650 1004
1498660 1000
1498670 995
1498680 991
1498690 991
1498700 986
1498710 982
1498720 982
1498730 977
1498740 973
1498750 973
1498760 969
1498770 964
1498780 964
1498790 958
1498800 952
1498810 952
1498820 949
1498830 945
1498840 940
1498850 940
1498860 935
1498870 930
1498880 930
1498890 926
1498900 922
1498910 922
1498920 917
1498930 912
1498940 912
1498950 907
1498960 902
1498970 902
1498980 898
1498990 894
1499000 894
1499010 889
1499020 884
1499030 880
1499040 880
1499050 876
1499060 870
1499070 870
1499080 865
1499090 860
1499100 860
1499110 853
1499120 844
1499130 844
1499140 834
1499150 831
1499160 831
1499170 834
1499180 833
1499190 829
1499200 829
1499210 828
1499220 827
1499230 827
1499240 824
1499250 818
1499260 818
1499270 813
1499280 808
1499290 808
1499300 803
1499310 798
1499320 798
1499330 794
1499340 790
1499350 790
1499360 789
1499370 788
1499380 785
1499390 785
1499400 782
1499410 779
1499420 779
1499430 776
1499440 772
1499450 772
1499460 769
1499470 764
1499480 764
1499490 759
1499500 754
1499510 754
1499520 750
1499530 746
1499540 741
1499550 741
1499560 737
1499570 734
1499580 734
1499590 731
1499600 725
1499610 725
1499620 717
1499630 717
1499640 717
1499650 718
1499660 719
1499670 719
1499680 721
1499690 724
1499700 724
1499710 728
1499720 730
1499730 728
1499740 728
1499750 724
1499760 719
1499770 719
1499780 715
1499790 710
1499800 710
1499810 703
1499820 698
1499830 698
1499840 693
1499850 688
1499860 688
1499870 681
1499880 676
1499890 672
1499900 672
1499910 669
1499920 667
1499930 667
1499940 666
1499950 665
1499960 665
1499970 662
1499980 660
1499990 660
