1480000 1571
1480010 1571
1480020 1573
1480030 1575
1480040 1575
1480050 1578
1480060 1580
1480070 1580
1480080 1583
1480090 1585
1480100 1585
1480110 1588
1480120 1590
1480130 1590
1480140 1594
1480150 1597
1480160 1599
1480170 1599
1480180 1602
1480190 1603
1480200 1603
1480210 1606
1480220 1613
1480230 1613
1480240 1620
1480250 1628
1480260 1628
1480270 1635
1480280 1641
1480290 1641
1480300 1648
1480310 1655
1480320 1661
1480330 1661
1480340 1668
1480350 1675
1480360 1675
1480370 1682
1480380 1688
1480390 1688
1480400 1694
1480410 1699
1480420 1699
1480430 1704
1480440 1710
1480450 1710
1480460 1717
1480470 1724
1480480 1724
1480490 1731
1480500 1738
1480510 1746
1480520 1746
1480530 1753
1480540 1760
1480550 1760
1480560 1767
1480570 1774
1480580 1774
1480590 1780
1480600 1787
1480610 1787
1480620 1792
1480630 1796
1480640 1796
1480650 1798
1480660 1799
1480670 1800
1480680 1800
1480690 1801
1480700 1802
1480710 1802
1480720 1801
1480730 1800
1480740 1800
1480750 1800
1480760 1801
1480770 1801
1480780 1800
1480790 1801
1480800 1801
1480810 1806
1480820 1813
1480830 1813
1480840 1821
1480850 1829
1480860 1836
1480870 1836
1480880 1843
1480890 1849
1480900 1849
1480910 1855
1480920 1861
1480930 1861
1480940 1868
1480950 1874
1480960 1874
1480970 1880
1480980 1885
1480990 1885
1481000 1890
1481010 1896
1481020 1901
1481030 1901
1481040 1906
1481050 1911
1481060 1911
1481070 1917
1481080 1923
1481090 1923
1481100 1928
1481110 1934
1481120 1934
1481130 1939
1481140 1943
1481150 1943
1481160 1948
1481170 1952
1481180 1952
1481190 1956
1481200 1961
1481210 1963
1481220 1963
1481230 1966
1481240 1969
1481250 1969
1481260 1972
1481270 1974
1481280 1974
1481290 1976
1481300 1978
1481310 1978
1481320 1978
1481330 1978
1481340 1978
1481350 1979
1481360 1980
1481370 1981
1481380 1981
1481390 1981
1481400 1981
1481410 1981
1481420 1981
1481430 1981
1481440 1981
1481450 1981
1481460 1980
1481470 1980
1481480 1979
1481490 1975
1481500 1975
1481510 1971
1481520 1970
1481530 1970
1481540 1970
1481550 1969
1481560 1968
1481570 1968
1481580 1966
1481590 1962
1481600 1962
1481610 1957
1481620 1952
1481630 1952
1481640 1948
1481650 1946
1481660 1946
1481670 1944
1481680 1941
1481690 1941
1481700 1939
1481710 1936
1481720 1933
1481730 1933
1481740 1930
1481750 1926
1481760 1926
1481770 1921
1481780 1916
1481790 1916
1481800 1911
1481810 1906
1481820 1906
1481830 1902
1481840 1897
1481850 1897
1481860 1893
1481870 1888
1481880 1888
1481890 1885
1481900 1881
1481910 1877
1481920 1877
1481930 1874
1481940 1869
1481950 1869
1481960 1864
1481970 1858
1481980 1858
1481990 1853
1482000 1848
1482010 1848
1482020 1843
1482030 1838
1482040 1838
1482050 1830
1482060 1823
1482070 1823
1482080 1817
1482090 1812
1482100 1807
1482110 1807
1482120 1803
1482130 1798
1482140 1798
1482150 1794
1482160 1790
1482170 1790
1482180 1786
1482190 1782
1482200 1782
1482210 1778
1482220 1774
1482230 1774
1482240 1770
1482250 1765
1482260 1760
1482270 1760
1482280 1756
1482290 1752
1482300 1752
1482310 1747
1482320 1743
1482330 1743
1482340 1740
1482350 1736
1482360 1736
1482370 1733
1482380 1730
1482390 1730
1482400 1726
1482410 1724
1482420 1724
1482430 1722
1482440 1720
1482450 1718
1482460 1718
1482470 1715
1482480 1712
1482490 1712
1482500 1709
1482510 1707
1482520 1707
1482530 1705
1482540 1703
1482550 1703
1482560 1701
1482570 1698
1482580 1698
1482590 1696
1482600 1693
1482610 1691
1482620 1691
1482630 1688
1482640 1685
1482650 1685
1482660 1683
1482670 1680
1482680 1680
1482690 1677
1482700 1673
1482710 1673
1482720 1669
1482730 1665
1482740 1665
1482750 1661
1482760 1658
1482770 1658
1482780 1654
1482790 1652
1482800 1648
1482810 1648
1482820 1642
1482830 1637
1482840 1637
1482850 1631
1482860 1626
1482870 1626
1482880 1621
1482890 1615
1482900 1615
1482910 1610
1482920 1604
1482930 1604
1482940 1599
1482950 1593
1482960 1587
1482970 1587
1482980 1580
1482990 1573
1483000 1573
1483010 1565
1483020 1559
1483030 1559
1483040 1553
1483050 1543
1483060 1543
1483070 1533
1483080 1530
1483090 1530
1483100 1529
1483110 1530
1483120 1530
1483130 1532
1483140 1531
1483150 1530
1483160 1530
1483170 1528
1483180 1527
1483190 1527
1483200 1525
1483210 1525
1483220 1525
1483230 1525
1483240 1524
1483250 1524
1483260 1523
1483270 1521
1483280 1521
1483290 1517
1483300 1513
1483310 1510
1483320 1510
1483330 1508
1483340 1507
1483350 1507
1483360 1506
1483370 1505
1483380 1505
1483390 1502
1483400 1500
1483410 1500
1483420 1497
1483430 1495
1483440 1495
1483450 1493
1483460 1491
1483470 1491
1483480 1489
1483490 1482
1483500 1472
1483510 1472
1483520 1462
1483530 1465
1483540 1465
1483550 1464
1483560 1457
1483570 1457
1483580 1449
1483590 1443
1483600 1443
1483610 1440
1483620 1433
1483630 1433
1483640 1427
1483650 1421
1483660 1414
1483670 1414
1483680 1404
1483690 1397
1483700 1397
1483710 1391
1483720 1384
1483730 1384
1483740 1379
1483750 1374
1483760 1374
1483770 1369
1483780 1365
1483790 1365
1483800 1361
1483810 1359
1483820 1359
1483830 1355
1483840 1348
1483850 1342
1483860 1342
1483870 1336
1483880 1331
1483890 1331
1483900 1329
1483910 1328
1483920 1328
1483930 1326
1483940 1323
1483950 1323
1483960 1318
1483970 1314
1483980 1314
1483990 1310
1484000 1307
1484010 1307
1484020 1305
1484030 1302
1484040 1297
1484050 1297
1484060 1292
1484070 1288
1484080 1288
1484090 1284
1484100 1282
1484110 1282
1484120 1280
1484130 1275
1484140 1275
1484150 1270
1484160 1268
1484170 1268
1484180 1265
1484190 1262
1484200 1259
1484210 1259
1484220 1256
1484230 1252
1484240 1252
1484250 1249
1484260 1247
1484270 1247
1484280 1246
1484290 1243
1484300 1243
1484310 1239
1484320 1236
1484330 1236
1484340 1232
1484350 1228
1484360 1228
1484370 1223
1484380 1215
1484390 1211
1484400 1211
1484410 1207
1484420 1205
1484430 1205
1484440 1202
1484450 1198
1484460 1198
1484470 1194
1484480 1192
1484490 1192
1484500 1187
1484510 1182
1484520 1182
1484530 1175
1484540 1169
1484550 1164
1484560 1164
1484570 1160
1484580 1156
1484590 1156
1484600 1152
1484610 1149
1484620 1149
1484630 1146
1484640 1143
1484650 1143
1484660 1140
1484670 1138
1484680 1138
1484690 1135
1484700 1130
1484710 1130
1484720 1124
1484730 1117
1484740 1109
1484750 1109
1484760 1102
1484770 1093
1484780 1093
1484790 1085
1484800 1076
1484810 1076
1484820 1067
1484830 1059
1484840 1059
1484850 1052
1484860 1045
1484870 1045
1484880 1038
1484890 1032
1484900 1026
1484910 1026
1484920 1021
1484930 1015
1484940 1015
1484950 1007
1484960 1000
1484970 1000
1484980 991
1484990 983
1485000 983
1485010 975
1485020 967
1485030 967
1485040 959
1485050 953
1485060 953
1485070 949
1485080 944
1485090 936
1485100 936
1485110 925
1485120 917
1485130 917
1485140 905
1485150 893
1485160 893
1485170 883
1485180 873
1485190 873
1485200 865
1485210 857
1485220 857
1485230 849
1485240 841
1485250 833
1485260 833
1485270 826
1485280 819
1485290 819
1485300 811
1485310 802
1485320 802
1485330 795
1485340 788
1485350 788
1485360 781
1485370 774
1485380 774
1485390 767
1485400 760
1485410 760
1485420 754
1485430 749
1485440 744
1485450 744
1485460 740
1485470 736
1485480 736
1485490 728
1485500 720
1485510 720
1485520 713
1485530 707
1485540 707
1485550 701
1485560 697
1485570 697
1485580 694
1485590 691
1485600 688
1485610 688
1485620 684
1485630 678
1485640 678
1485650 671
1485660 666
1485670 666
1485680 662
1485690 658
1485700 658
1485710 654
1485720 650
1485730 650
1485740 644
1485750 640
1485760 640
1485770 636
1485780 633
1485790 629
1485800 629
1485810 624
1485820 619
1485830 619
1485840 616
1485850 612
1485860 612
1485870 606
1485880 601
1485890 601
1485900 596
1485910 590
1485920 590
1485930 585
1485940 581
1485950 578
1485960 578
1485970 574
1485980 573
1485990 573
1486000 573
1486010 571
1486020 571
1486030 569
1486040 567
1486050 567
1486060 565
1486070 565
1486080 565
1486090 564
1486100 564
1486110 564
1486120 564
1486130 564
1486140 564
1486150 564
1486160 564
1486170 564
1486180 564
1486190 565
1486200 565
1486210 565
1486220 564
1486230 564
1486240 564
1486250 564
1486260 564
1486270 564
1486280 564
1486290 564
1486300 564
1486310 563
1486320 562
1486330 561
1486340 561
1486350 562
1486360 562
1486370 562
1486380 561
1486390 562
1486400 562
1486410 562
1486420 562
1486430 562
1486440 562
1486450 564
1486460 564
1486470 565
1486480 564
1486490 563
1486500 563
1486510 563
1486520 563
1486530 563
1486540 563
1486550 563
1486560 563
1486570 563
1486580 563
1486590 563
1486600 563
1486610 562
1486620 562
1486630 565
1486640 566
1486650 566
1486660 565
1486670 564
1486680 563
1486690 563
1486700 562
1486710 562
1486720 562
1486730 562
1486740 562
1486750 562
1486760 562
1486770 562
1486780 562
1486790 562
1486800 562
1486810 562
1486820 562
1486830 562
1486840 562
1486850 562
1486860 562
1486870 562
1486880 562
1486890 562
1486900 562
1486910 562
1486920 562
1486930 562
1486940 562
1486950 562
1486960 562
1486970 562
1486980 562
1486990 562
1487000 562
1487010 562
1487020 562
1487030 562
1487040 562
1487050 562
1487060 562
1487070 562
1487080 562
1487090 563
1487100 563
1487110 562
1487120 562
1487130 562
1487140 561
1487150 562
1487160 562
1487170 562
1487180 562
1487190 562
1487200 562
1487210 562
1487220 562
1487230 562
1487240 561
1487250 560
1487260 560
1487270 560
1487280 560
1487290 560
1487300 560
1487310 560
1487320 560
1487330 560
1487340 560
1487350 560
1487360 563
1487370 563
1487380 563
1487390 563
1487400 563
1487410 563
1487420 563
1487430 562
1487440 562
1487450 562
1487460 562
1487470 563
1487480 563
1487490 563
1487500 563
1487510 563
1487520 563
1487530 563
1487540 563
1487550 563
1487560 563
1487570 563
1487580 563
1487590 563
1487600 563
1487610 563
1487620 563
1487630 563
1487640 563
1487650 563
1487660 563
1487670 563
1487680 563
1487690 563
1487700 563
1487710 563
1487720 563
1487730 563
1487740 563
1487750 563
1487760 563
1487770 563
1487780 563
1487790 563
1487800 563
1487810 563
1487820 563
1487830 563
1487840 564
1487850 565
1487860 565
1487870 564
1487880 564
1487890 564
1487900 564
1487910 564
1487920 563
1487930 563
1487940 563
1487950 563
1487960 563
1487970 563
1487980 563
1487990 563
1488000 563
1488010 563
1488020 563
1488030 565
1488040 568
1488050 568
1488060 574
1488070 581
1488080 590
1488090 590
1488100 598
1488110 607
1488120 607
1488130 616
1488140 628
1488150 628
1488160 639
1488170 646
1488180 646
1488190 652
1488200 658
1488210 658
1488220 666
1488230 674
1488240 674
1488250 684
1488260 696
1488270 704
1488280 704
1488290 710
1488300 716
1488310 716
1488320 721
1488330 728
1488340 728
1488350 737
1488360 745
1488370 745
1488380 752
1488390 755
1488400 755
1488410 759
1488420 763
1488430 770
1488440 770
1488450 778
1488460 784
1488470 784
1488480 787
1488490 790
1488500 790
1488510 793
1488520 798
1488530 798
1488540 802
1488550 807
1488560 807
1488570 811
1488580 817
1488590 817
1488600 824
1488610 827
1488620 831
1488630 831
1488640 836
1488650 841
1488660 841
1488670 846
1488680 852
1488690 852
1488700 857
1488710 863
1488720 863
1488730 869
1488740 877
1488750 877
1488760 884
1488770 889
1488780 893
1488790 893
1488800 897
1488810 901
1488820 901
1488830 905
1488840 911
1488850 911
1488860 917
1488870 924
1488880 924
1488890 928
1488900 932
1488910 932
1488920 935
1488930 940
1488940 940
1488950 945
1488960 950
1488970 955
1488980 955
1488990 959
1489000 963
1489010 963
1489020 967
1489030 972
1489040 972
1489050 977
1489060 981
1489070 981
1489080 985
1489090 987
1489100 987
1489110 990
1489120 995
1489130 1001
1489140 1001
1489150 1004
1489160 1007
1489170 1007
1489180 1010
1489190 1015
1489200 1015
1489210 1018
1489220 1021
1489230 1021
1489240 1026
1489250 1030
1489260 1030
1489270 1035
1489280 1041
1489290 1041
1489300 1046
1489310 1051
1489320 1055
1489330 1055
1489340 1061
1489350 1066
1489360 1066
1489370 1071
1489380 1076
1489390 1076
1489400 1082
1489410 1090
1489420 1090
1489430 1096
1489440 1104
1489450 1104
1489460 1110
1489470 1115
1489480 1121
1489490 1121
1489500 1126
1489510 1130
1489520 1130
1489530 1133
1489540 1137
1489550 1137
1489560 1140
1489570 1144
1489580 1144
1489590 1147
1489600 1150
1489610 1150
1489620 1153
1489630 1157
1489640 1157
1489650 1160
1489660 1162
1489670 1165
1489680 1165
1489690 1169
1489700 1172
1489710 1172
1489720 1176
1489730 1179
1489740 1179
1489750 1182
1489760 1185
1489770 1185
1489780 1187
1489790 1190
1489800 1190
1489810 1193
1489820 1196
1489830 1198
1489840 1198
1489850 1201
1489860 1204
1489870 1204
1489880 1206
1489890 1209
1489900 1209
1489910 1212
1489920 1216
1489930 1216
1489940 1219
1489950 1223
1489960 1223
1489970 1227
1489980 1232
1489990 1232
1490000 1238
1490010 1244
1490020 1250
1490030 1250
1490040 1254
1490050 1258
1490060 1258
1490070 1261
1490080 1263
1490090 1263
1490100 1266
1490110 1268
1490120 1268
1490130 1271
1490140 1275
1490150 1275
1490160 1279
1490170 1284
1490180 1284
1490190 1289
1490200 1294
1490210 1299
1490220 1299
1490230 1304
1490240 1308
1490250 1308
1490260 1312
1490270 1315
1490280 1315
1490290 1318
1490300 1321
1490310 1321
1490320 1323
1490330 1325
1490340 1325
1490350 1327
1490360 1330
1490370 1333
1490380 1333
1490390 1337
1490400 1340
1490410 1340
1490420 1343
1490430 1345
1490440 1345
1490450 1348
1490460 1350
1490470 1350
1490480 1352
1490490 1354
1490500 1354
1490510 1356
1490520 1357
1490530 1357
1490540 1359
1490550 1360
1490560 1361
1490570 1361
1490580 1361
1490590 1361
1490600 1361
1490610 1363
1490620 1364
1490630 1364
1490640 1364
1490650 1365
1490660 1365
1490670 1365
1490680 1367
1490690 1367
1490700 1368
1490710 1369
1490720 1370
1490730 1370
1490740 1371
1490750 1372
1490760 1372
1490770 1372
1490780 1371
1490790 1371
1490800 1371
1490810 1370
1490820 1370
1490830 1369
1490840 1368
1490850 1368
1490860 1368
1490870 1368
1490880 1368
1490890 1367
1490900 1367
1490910 1368
1490920 1368
1490930 1368
1490940 1368
1490950 1368
1490960 1368
1490970 1366
1490980 1366
1490990 1364
1491000 1362
1491010 1362
1491020 1362
1491030 1364
1491040 1364
1491050 1363
1491060 1362
1491070 1360
1491080 1360
1491090 1359
1491100 1361
1491110 1361
1491120 1362
1491130 1362
1491140 1362
1491150 1362
1491160 1363
1491170 1363
1491180 1364
1491190 1363
1491200 1363
1491210 1362
1491220 1360
1491230 1360
1491240 1358
1491250 1355
1491260 1352
1491270 1352
1491280 1349
1491290 1346
1491300 1346
1491310 1344
1491320 1341
1491330 1341
1491340 1340
1491350 1338
1491360 1338
1491370 1337
1491380 1336
1491390 1336
1491400 1334
1491410 1332
1491420 1330
1491430 1330
1491440 1328
1491450 1326
1491460 1326
1491470 1324
1491480 1323
1491490 1323
1491500 1320
1491510 1316
1491520 1316
1491530 1312
1491540 1309
1491550 1309
1491560 1306
1491570 1303
1491580 1303
1491590 1302
1491600 1300
1491610 1298
1491620 1298
1491630 1295
1491640 1292
1491650 1292
1491660 1289
1491670 1286
1491680 1286
1491690 1281
1491700 1276
1491710 1276
1491720 1270
1491730 1265
1491740 1265
1491750 1258
1491760 1253
1491770 1247
1491780 1247
1491790 1243
1491800 1238
1491810 1238
1491820 1233
1491830 1227
1491840 1227
1491850 1221
1491860 1215
1491870 1215
1491880 1209
1491890 1204
1491900 1204
1491910 1198
1491920 1193
1491930 1193
1491940 1189
1491950 1188
1491960 1186
1491970 1186
1491980 1184
1491990 1183
1492000 1183
1492010 1182
1492020 1178
1492030 1178
1492040 1174
1492050 1168
1492060 1168
1492070 1162
1492080 1156
1492090 1156
1492100 1151
1492110 1146
1492120 1141
1492130 1141
1492140 1136
1492150 1131
1492160 1131
1492170 1127
1492180 1124
1492190 1124
1492200 1120
1492210 1117
1492220 1117
1492230 1113
1492240 1109
1492250 1109
1492260 1105
1492270 1098
1492280 1098
1492290 1091
1492300 1084
1492310 1078
1492320 1078
1492330 1073
1492340 1067
1492350 1067
1492360 1062
1492370 1066
1492380 1066
1492390 1074
1492400 1080
1492410 1080
1492420 1079
1492430 1074
1492440 1074
1492450 1069
1492460 1064
1492470 1064
1492480 1064
1492490 1069
1492500 1074
1492510 1074
1492520 1076
1492530 1077
1492540 1077
1492550 1079
1492560 1082
1492570 1082
1492580 1085
1492590 1087
1492600 1087
1492610 1089
1492620 1090
1492630 1090
1492640 1090
1492650 1092
1492660 1094
1492670 1094
1492680 1096
1492690 1097
1492700 1097
1492710 1098
1492720 1099
1492730 1099
1492740 1101
1492750 1103
1492760 1103
1492770 1104
1492780 1105
1492790 1105
1492800 1106
1492810 1108
1492820 1108
1492830 1109
1492840 1106
1492850 1101
1492860 1101
1492870 1097
1492880 1093
1492890 1093
1492900 1094
1492910 1097
1492920 1097
1492930 1099
1492940 1100
1492950 1100
1492960 1101
1492970 1102
1492980 1102
1492990 1103
1493000 1103
1493010 1103
1493020 1103
1493030 1106
1493040 1108
1493050 1108
1493060 1109
1493070 1109
1493080 1109
1493090 1109
1493100 1107
1493110 1107
1493120 1107
1493130 1104
1493140 1104
1493150 1097
1493160 1089
1493170 1089
1493180 1084
1493190 1084
1493200 1082
1493210 1082
1493220 1080
1493230 1078
1493240 1078
1493250 1078
1493260 1079
1493270 1079
1493280 1079
1493290 1078
1493300 1078
1493310 1074
1493320 1066
1493330 1066
1493340 1059
1493350 1061
1493360 1064
1493370 1064
1493380 1066
1493390 1067
1493400 1067
1493410 1064
1493420 1058
1493430 1058
1493440 1053
1493450 1051
1493460 1051
1493470 1054
1493480 1055
1493490 1055
1493500 1054
1493510 1048
1493520 1048
1493530 1043
1493540 1038
1493550 1032
1493560 1032
1493570 1027
1493580 1021
1493590 1021
1493600 1022
1493610 1029
1493620 1029
1493630 1035
1493640 1041
1493650 1041
1493660 1045
1493670 1045
1493680 1045
1493690 1042
1493700 1037
1493710 1032
1493720 1032
1493730 1032
1493740 1033
1493750 1033
1493760 1033
1493770 1033
1493780 1033
1493790 1033
1493800 1035
1493810 1035
1493820 1036
1493830 1037
1493840 1037
1493850 1037
1493860 1037
1493870 1037
1493880 1036
1493890 1034
1493900 1027
1493910 1027
1493920 1024
1493930 1022
1493940 1022
1493950 1019
1493960 1016
1493970 1016
1493980 1012
1493990 1008
1494000 1008
1494010 1004
1494020 1003
1494030 1003
1494040 1001
1494050 995
1494060 992
1494070 992
1494080 994
1494090 997
1494100 997
1494110 1000
1494120 1003
1494130 1003
1494140 1006
1494150 1006
1494160 1006
1494170 1005
1494180 1000
1494190 1000
1494200 994
1494210 987
1494220 987
1494230 981
1494240 978
1494250 979
1494260 979
1494270 980
1494280 981
1494290 981
1494300 981
1494310 979
1494320 979
1494330 976
1494340 973
1494350 973
1494360 972
1494370 969
1494380 969
1494390 963
1494400 961
1494410 962
1494420 962
1494430 962
1494440 961
1494450 961
1494460 959
1494470 957
1494480 957
1494490 958
1494500 957
1494510 957
1494520 955
1494530 952
1494540 952
1494550 948
1494560 945
1494570 945
1494580 942
1494590 939
1494600 935
1494610 935
1494620 931
1494630 928
1494640 928
1494650 924
1494660 921
1494670 921
1494680 917
1494690 913
1494700 913
1494710 910
1494720 907
1494730 907
1494740 904
1494750 900
1494760 900
1494770 895
1494780 891
1494790 887
1494800 887
1494810 884
1494820 881
1494830 881
1494840 877
1494850 872
1494860 872
1494870 869
1494880 865
1494890 865
1494900 862
1494910 859
1494920 859
1494930 857
1494940 856
1494950 856
1494960 856
1494970 857
1494980 856
1494990 856
1495000 850
1495010 845
1495020 845
1495030 841
1495040 837
1495050 837
1495060 833
1495070 827
1495080 827
1495090 819
1495100 818
1495110 818
1495120 817
1495130 813
1495140 812
1495150 812
1495160 813
1495170 809
1495180 809
1495190 804
1495200 797
1495210 797
1495220 791
1495230 783
1495240 783
1495250 777
1495260 778
1495270 778
1495280 778
1495290 777
1495300 775
1495310 775
1495320 776
1495330 776
1495340 776
1495350 774
1495360 772
1495370 772
1495380 769
1495390 766
1495400 766
1495410 762
1495420 756
1495430 756
1495440 751
1495450 748
1495460 748
1495470 742
1495480 738
1495490 732
1495500 732
1495510 727
1495520 722
1495530 722
1495540 716
1495550 708
1495560 708
1495570 703
1495580 707
1495590 707
1495600 719
1495610 735
1495620 735
1495630 745
1495640 750
1495650 749
1495660 749
1495670 748
1495680 745
1495690 745
1495700 740
1495710 737
1495720 737
1495730 732
1495740 725
1495750 725
1495760 718
1495770 709
1495780 709
1495790 701
1495800 694
1495810 694
1495820 689
1495830 683
1495840 676
1495850 676
1495860 670
1495870 663
1495880 663
1495890 659
1495900 656
1495910 656
1495920 653
1495930 652
1495940 652
1495950 651
1495960 655
1495970 655
1495980 662
1495990 668
1496000 671
1496010 671
1496020 673
1496030 672
1496040 672
1496050 667
1496060 660
1496070 660
1496080 655
1496090 649
1496100 649
1496110 642
1496120 637
1496130 637
1496140 636
1496150 636
1496160 636
1496170 635
1496180 633
1496190 633
1496200 633
1496210 634
1496220 638
1496230 638
1496240 642
1496250 647
1496260 647
1496270 651
1496280 652
1496290 652
1496300 650
1496310 644
1496320 644
1496330 638
1496340 631
1496350 626
1496360 626
1496370 623
1496380 622
1496390 622
1496400 622
1496410 621
1496420 621
1496430 620
1496440 620
1496450 620
1496460 623
1496470 629
1496480 629
1496490 635
1496500 639
1496510 639
1496520 639
1496530 638
1496540 637
1496550 637
1496560 637
1496570 637
1496580 637
1496590 636
1496600 633
1496610 633
1496620 628
1496630 623
1496640 623
1496650 621
1496660 623
1496670 623
1496680 623
1496690 624
1496700 624
1496710 623
1496720 624
1496730 625
1496740 625
1496750 625
1496760 626
1496770 626
1496780 626
1496790 627
1496800 627
1496810 626
1496820 625
1496830 625
1496840 625
1496850 625
1496860 625
1496870 624
1496880 623
1496890 622
1496900 622
1496910 620
1496920 620
1496930 620
1496940 619
1496950 618
1496960 618
1496970 617
1496980 616
1496990 616
1497000 616
1497010 616
1497020 616
1497030 617
1497040 618
1497050 618
1497060 617
1497070 617
1497080 616
1497090 616
1497100 615
1497110 611
1497120 611
1497130 610
1497140 610
1497150 610
1497160 609
1497170 608
1497180 608
1497190 607
1497200 606
1497210 606
1497220 605
1497230 604
1497240 603
1497250 603
1497260 602
1497270 601
1497280 601
1497290 600
1497300 598
1497310 598
1497320 597
1497330 596
1497340 596
1497350 595
1497360 593
1497370 593
1497380 591
1497390 590
1497400 590
1497410 590
1497420 589
1497430 588
1497440 588
1497450 587
1497460 586
1497470 586
1497480 585
1497490 585
1497500 585
1497510 585
1497520 584
1497530 584
1497540 583
1497550 582
1497560 582
1497570 581
1497580 579
1497590 578
1497600 578
1497610 577
1497620 576
1497630 576
1497640 576
1497650 574
1497660 574
1497670 573
1497680 572
1497690 572
1497700 571
1497710 570
1497720 570
1497730 569
1497740 569
1497750 569
1497760 568
1497770 567
1497780 566
1497790 566
1497800 566
1497810 564
1497820 564
1497830 564
1497840 563
1497850 563
1497860 562
1497870 561
1497880 561
1497890 561
1497900 560
1497910 560
1497920 559
1497930 559
1497940 558
1497950 558
1497960 557
1497970 557
1497980 557
1497990 556
1498000 555
1498010 555
1498020 555
1498030 554
1498040 554
1498050 554
1498060 554
1498070 554
1498080 553
1498090 552
1498100 552
1498110 552
1498120 553
1498130 552
1498140 552
1498150 550
1498160 550
1498170 550
1498180 550
1498190 550
1498200 550
1498210 550
1498220 550
1498230 550
1498240 549
1498250 549
1498260 549
1498270 549
1498280 548
1498290 548
1498300 548
1498310 547
1498320 546
1498330 546
1498340 546
1498350 546
1498360 546
1498370 545
1498380 545
1498390 545
1498400 545
1498410 545
1498420 545
1498430 544
1498440 545
1498450 545
1498460 546
1498470 546
1498480 546
1498490 546
1498500 546
1498510 545
1498520 545
1498530 545
1498540 545
1498550 545
1498560 545
1498570 545
1498580 545
1498590 544
1498600 544
1498610 544
1498620 543
1498630 543
1498640 543
1498650 543
1498660 541
1498670 537
1498680 537
1498690 537
1498700 537
1498710 537
1498720 537
1498730 537
1498740 537
1498750 537
1498760 537
1498770 537
1498780 537
1498790 537
1498800 537
1498810 537
1498820 537
1498830 537
1498840 537
1498850 537
1498860 537
1498870 537
1498880 537
1498890 537
1498900 537
1498910 537
1498920 537
1498930 537
1498940 537
1498950 537
1498960 537
1498970 537
1498980 537
1498990 537
1499000 537
1499010 537
1499020 537
1499030 537
1499040 537
1499050 537
1499060 537
1499070 537
1499080 537
1499090 537
1499100 537
1499110 537
1499120 537
1499130 537
1499140 537
1499150 537
1499160 538
1499170 538
1499180 538
1499190 538
1499200 538
1499210 538
1499220 538
1499230 538
1499240 537
1499250 537
1499260 537
1499270 538
1499280 538
1499290 538
1499300 538
1499310 538
1499320 538
1499330 538
1499340 538
1499350 537
1499360 535
1499370 535
1499380 535
1499390 535
1499400 535
1499410 535
1499420 535
1499430 535
1499440 535
1499450 534
1499460 534
1499470 534
1499480 534
1499490 534
1499500 534
1499510 536
1499520 538
1499530 538
1499540 538
1499550 537
1499560 537
1499570 537
1499580 536
1499590 535
1499600 535
1499610 535
1499620 536
1499630 536
1499640 537
1499650 537
1499660 537
1499670 537
1499680 537
1499690 537
1499700 537
1499710 537
1499720 537
1499730 537
1499740 537
1499750 537
1499760 537
1499770 537
1499780 537
1499790 537
1499800 537
1499810 537
1499820 537
1499830 537
1499840 537
1499850 537
1499860 537
1499870 537
1499880 537
1499890 537
1499900 537
1499910 537
1499920 537
1499930 537
1499940 537
1499950 537
1499960 537
1499970 537
1499980 537
1499990 537
