1480000 1216
1480010 1216
1480020 1209
1480030 1205
1480040 1205
1480050 1201
1480060 1196
1480070 1194
1480080 1194
1480090 1188
1480100 1183
1480110 1183
1480120 1179
1480130 1177
1480140 1177
1480150 1174
1480160 1171
1480170 1171
1480180 1165
1480190 1158
1480200 1158
1480210 1155
1480220 1153
1480230 1153
1480240 1151
1480250 1149
1480260 1148
1480270 1148
1480280 1147
1480290 1146
1480300 1146
1480310 1145
1480320 1144
1480330 1144
1480340 1144
1480350 1146
1480360 1146
1480370 1148
1480380 1153
1480390 1153
1480400 1155
1480410 1158
1480420 1158
1480430 1162
1480440 1166
1480450 1168
1480460 1168
1480470 1172
1480480 1177
1480490 1177
1480500 1182
1480510 1185
1480520 1185
1480530 1187
1480540 1188
1480550 1188
1480560 1190
1480570 1194
1480580 1194
1480590 1197
1480600 1199
1480610 1202
1480620 1202
1480630 1206
1480640 1211
1480650 1211
1480660 1213
1480670 1213
1480680 1213
1480690 1214
1480700 1215
1480710 1215
1480720 1217
1480730 1219
1480740 1219
1480750 1219
1480760 1217
1480770 1217
1480780 1210
1480790 1202
1480800 1194
1480810 1194
1480820 1185
1480830 1176
1480840 1176
1480850 1164
1480860 1166
1480870 1166
1480880 1179
1480890 1181
1480900 1181
1480910 1180
1480920 1185
1480930 1185
1480940 1190
1480950 1194
1480960 1194
1480970 1199
1480980 1204
1480990 1208
1481000 1208
1481010 1205
1481020 1197
1481030 1197
1481040 1189
1481050 1185
1481060 1185
1481070 1182
1481080 1177
1481090 1177
1481100 1171
1481110 1165
1481120 1165
1481130 1159
1481140 1154
1481150 1160
1481160 1160
1481170 1174
1481180 1189
1481190 1189
1481200 1199
1481210 1205
1481220 1205
1481230 1207
1481240 1210
1481250 1210
1481260 1211
1481270 1210
1481280 1210
1481290 1211
1481300 1216
1481310 1216
1481320 1217
1481330 1214
1481340 1210
1481350 1210
1481360 1212
1481370 1219
1481380 1219
1481390 1219
1481400 1218
1481410 1218
1481420 1219
1481430 1225
1481440 1225
1481450 1232
1481460 1238
1481470 1238
1481480 1242
1481490 1249
1481500 1256
1481510 1256
1481520 1263
1481530 1270
1481540 1270
1481550 1276
1481560 1283
1481570 1283
1481580 1290
1481590 1293
1481600 1293
1481610 1296
1481620 1298
1481630 1298
1481640 1300
1481650 1301
1481660 1301
1481670 1302
1481680 1303
1481690 1305
1481700 1305
1481710 1307
1481720 1309
1481730 1309
1481740 1310
1481750 1312
1481760 1312
1481770 1313
1481780 1314
1481790 1314
1481800 1315
1481810 1317
1481820 1317
1481830 1317
1481840 1317
1481850 1317
1481860 1317
1481870 1315
1481880 1315
1481890 1315
1481900 1315
1481910 1314
1481920 1314
1481930 1312
1481940 1309
1481950 1309
1481960 1307
1481970 1305
1481980 1305
1481990 1303
1482000 1300
1482010 1300
1482020 1298
1482030 1296
1482040 1294
1482050 1294
1482060 1292
1482070 1290
1482080 1290
1482090 1286
1482100 1283
1482110 1283
1482120 1283
1482130 1282
1482140 1282
1482150 1281
1482160 1280
1482170 1280
1482180 1277
1482190 1275
1482200 1275
1482210 1272
1482220 1268
1482230 1264
1482240 1264
1482250 1260
1482260 1257
1482270 1257
1482280 1255
1482290 1252
1482300 1252
1482310 1249
1482320 1245
1482330 1245
1482340 1241
1482350 1238
1482360 1238
1482370 1234
1482380 1230
1482390 1230
1482400 1225
1482410 1220
1482420 1213
1482430 1213
1482440 1206
1482450 1203
1482460 1203
1482470 1200
1482480 1196
1482490 1196
1482500 1191
1482510 1184
1482520 1184
1482530 1178
1482540 1172
1482550 1172
1482560 1162
1482570 1152
1482580 1140
1482590 1140
1482600 1128
1482610 1117
1482620 1117
1482630 1113
1482640 1116
1482650 1116
1482660 1120
1482670 1126
1482680 1126
1482690 1126
1482700 1121
1482710 1121
1482720 1115
1482730 1108
1482740 1108
1482750 1103
1482760 1100
1482770 1096
1482780 1096
1482790 1093
1482800 1092
1482810 1092
1482820 1091
1482830 1089
1482840 1089
1482850 1086
1482860 1082
1482870 1082
1482880 1078
1482890 1074
1482900 1074
1482910 1071
1482920 1067
1482930 1065
1482940 1065
1482950 1059
1482960 1052
1482970 1052
1482980 1046
1482990 1041
1483000 1041
1483010 1038
1483020 1035
1483030 1035
1483040 1032
1483050 1030
1483060 1030
1483070 1027
1483080 1026
1483090 1026
1483100 1027
1483110 1028
1483120 1031
1483130 1031
1483140 1033
1483150 1034
1483160 1034
1483170 1033
1483180 1032
1483190 1032
1483200 1029
1483210 1026
1483220 1026
1483230 1024
1483240 1020
1483250 1020
1483260 1015
1483270 1011
1483280 1011
1483290 1008
1483300 1006
1483310 1004
1483320 1004
1483330 1004
1483340 1003
1483350 1003
1483360 1002
1483370 1002
1483380 1002
1483390 1005
1483400 1008
1483410 1008
1483420 1010
1483430 1010
1483440 1010
1483450 1010
1483460 1009
1483470 1007
1483480 1007
1483490 1005
1483500 1004
1483510 1004
1483520 1003
1483530 1002
1483540 1002
1483550 1001
1483560 1001
1483570 1001
1483580 1001
1483590 1000
1483600 1000
1483610 999
1483620 998
1483630 998
1483640 999
1483650 1000
1483660 1002
1483670 1002
1483680 1003
1483690 1004
1483700 1004
1483710 1006
1483720 1005
1483730 1005
1483740 1003
1483750 1001
1483760 1001
1483770 1002
1483780 1002
1483790 1002
1483800 1004
1483810 1008
1483820 1008
1483830 1014
1483840 1018
1483850 1023
1483860 1023
1483870 1026
1483880 1028
1483890 1028
1483900 1031
1483910 1033
1483920 1033
1483930 1035
1483940 1036
1483950 1036
1483960 1036
1483970 1037
1483980 1037
1483990 1039
1484000 1039
1484010 1038
1484020 1038
1484030 1035
1484040 1032
1484050 1032
1484060 1032
1484070 1036
1484080 1036
1484090 1041
1484100 1045
1484110 1045
1484120 1044
1484130 1040
1484140 1040
1484150 1035
1484160 1032
1484170 1032
1484180 1029
1484190 1027
1484200 1024
1484210 1024
1484220 1023
1484230 1017
1484240 1017
1484250 1010
1484260 1004
1484270 1004
1484280 999
1484290 1000
1484300 1000
1484310 1001
1484320 999
1484330 999
1484340 991
1484350 983
1484360 975
1484370 975
1484380 966
1484390 957
1484400 957
1484410 948
1484420 937
1484430 937
1484440 925
1484450 916
1484460 916
1484470 908
1484480 900
1484490 900
1484500 893
1484510 886
1484520 886
1484530 879
1484540 873
1484550 867
1484560 867
1484570 862
1484580 857
1484590 857
1484600 852
1484610 847
1484620 847
1484630 842
1484640 838
1484650 838
1484660 833
1484670 829
1484680 829
1484690 825
1484700 821
1484710 821
1484720 817
1484730 814
1484740 810
1484750 810
1484760 806
1484770 803
1484780 803
1484790 802
1484800 801
1484810 801
1484820 799
1484830 794
1484840 794
1484850 787
1484860 780
1484870 780
1484880 773
1484890 767
1484900 761
1484910 761
1484920 756
1484930 753
1484940 753
1484950 751
1484960 748
1484970 748
1484980 743
1484990 738
1485000 738
1485010 735
1485020 731
1485030 731
1485040 726
1485050 718
1485060 718
1485070 712
1485080 706
1485090 702
1485100 702
1485110 699
1485120 695
1485130 695
1485140 691
1485150 686
1485160 686
1485170 680
1485180 676
1485190 676
1485200 672
1485210 667
1485220 667
1485230 662
1485240 657
1485250 657
1485260 651
1485270 646
1485280 644
1485290 644
1485300 641
1485310 633
1485320 633
1485330 623
1485340 616
1485350 616
1485360 610
1485370 605
1485380 605
1485390 598
1485400 593
1485410 593
1485420 588
1485430 586
1485440 584
1485450 584
1485460 584
1485470 584
1485480 584
1485490 583
1485500 583
1485510 583
1485520 583
1485530 583
1485540 583
1485550 583
1485560 583
1485570 583
1485580 583
1485590 583
1485600 583
1485610 582
1485620 582
1485630 582
1485640 582
1485650 582
1485660 582
1485670 582
1485680 582
1485690 581
1485700 581
1485710 581
1485720 580
1485730 580
1485740 580
1485750 580
1485760 580
1485770 579
1485780 579
1485790 579
1485800 579
1485810 579
1485820 578
1485830 578
1485840 578
1485850 577
1485860 577
1485870 578
1485880 579
1485890 579
1485900 576
1485910 569
1485920 569
1485930 566
1485940 566
1485950 566
1485960 566
1485970 566
1485980 566
1485990 566
1486000 567
1486010 566
1486020 566
1486030 566
1486040 565
1486050 565
1486060 565
1486070 564
1486080 564
1486090 565
1486100 565
1486110 565
1486120 566
1486130 566
1486140 566
1486150 566
1486160 564
1486170 562
1486180 562
1486190 563
1486200 564
1486210 564
1486220 563
1486230 562
1486240 562
1486250 562
1486260 562
1486270 562
1486280 561
1486290 560
1486300 560
1486310 558
1486320 557
1486330 556
1486340 556
1486350 556
1486360 556
1486370 556
1486380 558
1486390 561
1486400 561
1486410 561
1486420 561
1486430 561
1486440 562
1486450 562
1486460 562
1486470 563
1486480 565
1486490 565
1486500 566
1486510 569
1486520 573
1486530 573
1486540 576
1486550 579
1486560 579
1486570 586
1486580 590
1486590 590
1486600 596
1486610 601
1486620 601
1486630 606
1486640 612
1486650 612
1486660 618
1486670 625
1486680 625
1486690 632
1486700 638
1486710 644
1486720 644
1486730 649
1486740 655
1486750 655
1486760 662
1486770 668
1486780 668
1486790 674
1486800 679
1486810 679
1486820 685
1486830 692
1486840 692
1486850 700
1486860 707
1486870 712
1486880 712
1486890 719
1486900 727
1486910 727
1486920 735
1486930 746
1486940 746
1486950 757
1486960 768
1486970 768
1486980 777
1486990 785
1487000 785
1487010 791
1487020 795
1487030 795
1487040 801
1487050 808
1487060 813
1487070 813
1487080 818
1487090 823
1487100 823
1487110 829
1487120 834
1487130 834
1487140 839
1487150 844
1487160 844
1487170 849
1487180 854
1487190 854
1487200 858
1487210 863
1487220 866
1487230 866
1487240 870
1487250 873
1487260 873
1487270 876
1487280 881
1487290 881
1487300 885
1487310 889
1487320 889
1487330 891
1487340 896
1487350 896
1487360 899
1487370 903
1487380 903
1487390 906
1487400 910
1487410 914
1487420 914
1487430 917
1487440 920
1487450 920
1487460 923
1487470 925
1487480 925
1487490 927
1487500 930
1487510 930
1487520 933
1487530 936
1487540 936
1487550 939
1487560 941
1487570 941
1487580 943
1487590 947
1487600 949
1487610 949
1487620 952
1487630 954
1487640 954
1487650 956
1487660 958
1487670 958
1487680 961
1487690 963
1487700 963
1487710 964
1487720 966
1487730 966
1487740 968
1487750 969
1487760 969
1487770 969
1487780 969
1487790 971
1487800 971
1487810 974
1487820 978
1487830 978
1487840 981
1487850 982
1487860 982
1487870 982
1487880 981
1487890 981
1487900 982
1487910 983
1487920 983
1487930 983
1487940 984
1487950 986
1487960 986
1487970 987
1487980 989
1487990 989
1488000 990
1488010 989
1488020 989
1488030 988
1488040 989
1488050 989
1488060 990
1488070 989
1488080 989
1488090 988
1488100 987
1488110 987
1488120 987
1488130 989
1488140 987
1488150 987
1488160 985
1488170 985
1488180 985
1488190 985
1488200 986
1488210 986
1488220 987
1488230 989
1488240 989
1488250 991
1488260 992
1488270 992
1488280 993
1488290 996
1488300 1001
1488310 1001
1488320 1004
1488330 1006
1488340 1006
1488350 1006
1488360 1009
1488370 1009
1488380 1013
1488390 1015
1488400 1015
1488410 1016
1488420 1017
1488430 1017
1488440 1018
1488450 1019
1488460 1019
1488470 1021
1488480 1023
1488490 1023
1488500 1023
1488510 1023
1488520 1025
1488530 1025
1488540 1026
1488550 1028
1488560 1028
1488570 1030
1488580 1030
1488590 1030
1488600 1029
1488610 1028
1488620 1028
1488630 1025
1488640 1022
1488650 1018
1488660 1018
1488670 1017
1488680 1016
1488690 1016
1488700 1017
1488710 1018
1488720 1018
1488730 1019
1488740 1020
1488750 1020
1488760 1022
1488770 1024
1488780 1024
1488790 1026
1488800 1027
1488810 1027
1488820 1028
1488830 1029
1488840 1029
1488850 1029
1488860 1029
1488870 1028
1488880 1028
1488890 1028
1488900 1028
1488910 1028
1488920 1028
1488930 1029
1488940 1029
1488950 1029
1488960 1028
1488970 1028
1488980 1027
1488990 1025
1489000 1025
1489010 1022
1489020 1019
1489030 1016
1489040 1016
1489050 1016
1489060 1017
1489070 1017
1489080 1013
1489090 1009
1489100 1009
1489110 1002
1489120 997
1489130 997
1489140 993
1489150 987
1489160 987
1489170 982
1489180 976
1489190 972
1489200 972
1489210 967
1489220 963
1489230 963
1489240 959
1489250 955
1489260 955
1489270 952
1489280 950
1489290 950
1489300 948
1489310 945
1489320 945
1489330 943
1489340 940
1489350 940
1489360 938
1489370 932
1489380 934
1489390 934
1489400 932
1489410 927
1489420 927
1489430 921
1489440 917
1489450 917
1489460 912
1489470 907
1489480 907
1489490 901
1489500 897
1489510 897
1489520 895
1489530 896
1489540 896
1489550 899
1489560 900
1489570 901
1489580 901
1489590 900
1489600 894
1489610 894
1489620 889
1489630 885
1489640 885
1489650 880
1489660 877
1489670 877
1489680 874
1489690 874
1489700 874
1489710 874
1489720 871
1489730 868
1489740 868
1489750 865
1489760 859
1489770 859
1489780 851
1489790 844
1489800 844
1489810 837
1489820 831
1489830 831
1489840 825
1489850 822
1489860 822
1489870 820
1489880 825
1489890 825
1489900 825
1489910 822
1489920 821
1489930 821
1489940 820
1489950 817
1489960 817
1489970 815
1489980 813
1489990 813
1490000 810
1490010 805
1490020 805
1490030 800
1490040 795
1490050 795
1490060 791
1490070 787
1490080 783
1490090 783
1490100 780
1490110 778
1490120 778
1490130 777
1490140 776
1490150 776
1490160 777
1490170 781
1490180 781
1490190 779
1490200 777
1490210 777
1490220 772
1490230 764
1490240 764
1490250 761
1490260 760
1490270 757
1490280 757
1490290 754
1490300 752
1490310 752
1490320 748
1490330 745
1490340 745
1490350 743
1490360 741
1490370 741
1490380 737
1490390 737
1490400 737
1490410 736
1490420 734
1490430 734
1490440 733
1490450 731
1490460 729
1490470 729
1490480 728
1490490 726
1490500 726
1490510 725
1490520 724
1490530 724
1490540 722
1490550 718
1490560 718
1490570 712
1490580 708
1490590 708
1490600 703
1490610 698
1490620 694
1490630 694
1490640 689
1490650 682
1490660 682
1490670 676
1490680 671
1490690 671
1490700 672
1490710 662
1490720 662
1490730 653
1490740 647
1490750 647
1490760 643
1490770 638
1490780 638
1490790 635
1490800 631
1490810 629
1490820 629
1490830 628
1490840 619
1490850 619
1490860 615
1490870 612
1490880 612
1490890 610
1490900 608
1490910 608
1490920 604
1490930 601
1490940 601
1490950 598
1490960 596
1490970 596
1490980 593
1490990 590
1491000 587
1491010 587
1491020 584
1491030 581
1491040 581
1491050 577
1491060 575
1491070 575
1491080 574
1491090 574
1491100 574
1491110 575
1491120 574
1491130 574
1491140 573
1491150 572
1491160 572
1491170 572
1491180 572
1491190 573
1491200 573
1491210 573
1491220 573
1491230 573
1491240 572
1491250 573
1491260 573
1491270 571
1491280 569
1491290 569
1491300 566
1491310 564
1491320 564
1491330 563
1491340 562
1491350 561
1491360 561
1491370 559
1491380 557
1491390 557
1491400 556
1491410 554
1491420 554
1491430 552
1491440 550
1491450 550
1491460 549
1491470 548
1491480 548
1491490 547
1491500 546
1491510 546
1491520 546
1491530 546
1491540 546
1491550 546
1491560 546
1491570 546
1491580 546
1491590 546
1491600 546
1491610 546
1491620 546
1491630 546
1491640 546
1491650 546
1491660 546
1491670 546
1491680 546
1491690 547
1491700 548
1491710 548
1491720 549
1491730 549
1491740 549
1491750 548
1491760 548
1491770 548
1491780 549
1491790 549
1491800 549
1491810 550
1491820 549
1491830 549
1491840 549
1491850 548
1491860 548
1491870 548
1491880 548
1491890 548
1491900 548
1491910 548
1491920 548
1491930 548
1491940 548
1491950 548
1491960 548
1491970 548
1491980 548
1491990 548
1492000 548
1492010 548
1492020 548
1492030 548
1492040 548
1492050 548
1492060 548
1492070 548
1492080 548
1492090 548
1492100 548
1492110 548
1492120 548
1492130 548
1492140 548
1492150 548
1492160 548
1492170 548
1492180 548
1492190 548
1492200 548
1492210 548
1492220 548
1492230 548
1492240 548
1492250 548
1492260 548
1492270 548
1492280 548
1492290 548
1492300 548
1492310 548
1492320 548
1492330 548
1492340 548
1492350 548
1492360 548
1492370 548
1492380 548
1492390 548
1492400 548
1492410 547
1492420 547
1492430 547
1492440 547
1492450 548
1492460 548
1492470 548
1492480 548
1492490 548
1492500 548
1492510 548
1492520 547
1492530 547
1492540 547
1492550 547
1492560 547
1492570 547
1492580 547
1492590 547
1492600 547
1492610 547
1492620 547
1492630 547
1492640 547
1492650 547
1492660 547
1492670 547
1492680 547
1492690 547
1492700 547
1492710 547
1492720 547
1492730 547
1492740 547
1492750 547
1492760 547
1492770 547
1492780 547
1492790 547
1492800 547
1492810 547
1492820 547
1492830 547
1492840 547
1492850 547
1492860 547
1492870 547
1492880 547
1492890 547
1492900 547
1492910 547
1492920 547
1492930 547
1492940 547
1492950 547
1492960 547
1492970 547
1492980 547
1492990 547
1493000 547
1493010 547
1493020 546
1493030 545
1493040 545
1493050 544
1493060 544
1493070 544
1493080 544
1493090 544
1493100 544
1493110 544
1493120 544
1493130 544
1493140 544
1493150 544
1493160 544
1493170 544
1493180 544
1493190 544
1493200 544
1493210 544
1493220 544
1493230 544
1493240 544
1493250 544
1493260 544
1493270 544
1493280 544
1493290 544
1493300 544
1493310 544
1493320 544
1493330 544
1493340 544
1493350 545
1493360 545
1493370 544
1493380 545
1493390 545
1493400 545
1493410 546
1493420 546
1493430 546
1493440 545
1493450 545
1493460 546
1493470 546
1493480 546
1493490 546
1493500 546
1493510 546
1493520 546
1493530 546
1493540 546
1493550 546
1493560 546
1493570 546
1493580 546
1493590 546
1493600 546
1493610 546
1493620 546
1493630 546
1493640 546
1493650 546
1493660 545
1493670 545
1493680 545
1493690 545
1493700 545
1493710 545
1493720 545
1493730 545
1493740 545
1493750 545
1493760 545
1493770 545
1493780 545
1493790 545
1493800 545
1493810 545
1493820 545
1493830 545
1493840 545
1493850 545
1493860 545
1493870 545
1493880 545
1493890 545
1493900 545
1493910 545
1493920 545
1493930 545
1493940 547
1493950 547
1493960 547
1493970 545
1493980 545
1493990 545
1494000 545
1494010 545
1494020 545
1494030 545
1494040 545
1494050 544
1494060 544
1494070 544
1494080 544
1494090 544
1494100 544
1494110 545
1494120 545
1494130 545
1494140 545
1494150 545
1494160 545
1494170 545
1494180 545
1494190 545
1494200 545
1494210 544
1494220 544
1494230 544
1494240 544
1494250 544
1494260 544
1494270 544
1494280 544
1494290 544
1494300 544
1494310 544
1494320 545
1494330 545
1494340 545
1494350 545
1494360 545
1494370 545
1494380 545
1494390 545
1494400 545
1494410 545
1494420 545
1494430 545
1494440 545
1494450 545
1494460 545
1494470 545
1494480 545
1494490 543
1494500 543
1494510 542
1494520 542
1494530 542
1494540 542
1494550 542
1494560 542
1494570 542
1494580 542
1494590 542
1494600 542
1494610 542
1494620 542
1494630 542
1494640 542
1494650 542
1494660 542
1494670 542
1494680 543
1494690 543
1494700 544
1494710 544
1494720 544
1494730 545
1494740 545
1494750 545
1494760 545
1494770 545
1494780 544
1494790 544
1494800 544
1494810 544
1494820 544
1494830 544
1494840 544
1494850 544
1494860 544
1494870 544
1494880 544
1494890 544
1494900 544
1494910 544
1494920 544
1494930 544
1494940 544
1494950 544
1494960 544
1494970 544
1494980 544
1494990 544
1495000 544
1495010 544
1495020 544
1495030 544
1495040 544
1495050 544
1495060 544
1495070 544
1495080 544
1495090 544
1495100 544
1495110 544
1495120 543
1495130 543
1495140 543
1495150 543
1495160 543
1495170 543
1495180 543
1495190 543
1495200 543
1495210 543
1495220 543
1495230 543
1495240 543
1495250 543
1495260 543
1495270 543
1495280 543
1495290 543
1495300 543
1495310 543
1495320 543
1495330 543
1495340 543
1495350 543
1495360 543
1495370 543
1495380 543
1495390 543
1495400 543
1495410 543
1495420 543
1495430 543
1495440 543
1495450 543
1495460 543
1495470 543
1495480 543
1495490 543
1495500 543
1495510 543
1495520 543
1495530 543
1495540 543
1495550 543
1495560 543
1495570 543
1495580 543
1495590 543
1495600 543
1495610 543
1495620 543
1495630 543
1495640 543
1495650 543
1495660 543
1495670 543
1495680 543
1495690 543
1495700 543
1495710 543
1495720 543
1495730 543
1495740 543
1495750 543
1495760 543
1495770 543
1495780 543
1495790 543
1495800 543
1495810 543
1495820 543
1495830 543
1495840 543
1495850 543
1495860 543
1495870 543
1495880 543
1495890 543
1495900 543
1495910 543
1495920 543
1495930 543
1495940 543
1495950 542
1495960 542
1495970 542
1495980 542
1495990 542
1496000 542
1496010 542
1496020 542
1496030 542
1496040 542
1496050 542
1496060 542
1496070 542
1496080 542
1496090 542
1496100 543
1496110 543
1496120 543
1496130 542
1496140 542
1496150 542
1496160 542
1496170 541
1496180 541
1496190 541
1496200 541
1496210 542
1496220 542
1496230 543
1496240 543
1496250 543
1496260 543
1496270 544
1496280 544
1496290 544
1496300 545
1496310 545
1496320 546
1496330 548
1496340 551
1496350 551
1496360 556
1496370 561
1496380 561
1496390 566
1496400 572
1496410 572
1496420 575
1496430 578
1496440 578
1496450 580
1496460 583
1496470 583
1496480 585
1496490 586
1496500 586
1496510 586
1496520 585
1496530 582
1496540 582
1496550 581
1496560 578
1496570 578
1496580 575
1496590 572
1496600 572
1496610 570
1496620 568
1496630 568
1496640 567
1496650 566
1496660 566
1496670 566
1496680 567
1496690 567
1496700 567
1496710 567
1496720 568
1496730 568
1496740 570
1496750 571
1496760 571
1496770 573
1496780 575
1496790 575
1496800 577
1496810 579
1496820 579
1496830 582
1496840 586
1496850 586
1496860 589
1496870 592
1496880 594
1496890 594
1496900 596
1496910 599
1496920 599
1496930 602
1496940 606
1496950 606
1496960 609
1496970 612
1496980 612
1496990 614
1497000 615
1497010 615
1497020 616
1497030 616
1497040 616
1497050 616
1497060 616
1497070 618
1497080 618
1497090 619
1497100 619
1497110 619
1497120 619
1497130 618
1497140 618
1497150 617
1497160 616
1497170 616
1497180 613
1497190 609
1497200 609
1497210 605
1497220 602
1497230 598
1497240 598
1497250 592
1497260 586
1497270 586
1497280 582
1497290 578
1497300 578
1497310 574
1497320 571
1497330 571
1497340 568
1497350 565
1497360 565
1497370 562
1497380 559
1497390 559
1497400 555
1497410 554
1497420 553
1497430 553
1497440 552
1497450 551
1497460 551
1497470 551
1497480 551
1497490 551
1497500 550
1497510 550
1497520 550
1497530 550
1497540 551
1497550 551
1497560 551
1497570 551
1497580 551
1497590 551
1497600 554
1497610 555
1497620 555
1497630 555
1497640 555
1497650 555
1497660 555
1497670 555
1497680 555
1497690 555
1497700 555
1497710 555
1497720 555
1497730 555
1497740 555
1497750 555
1497760 555
1497770 555
1497780 555
1497790 554
1497800 554
1497810 554
1497820 554
1497830 554
1497840 554
1497850 554
1497860 554
1497870 554
1497880 554
1497890 554
1497900 554
1497910 554
1497920 554
1497930 554
1497940 554
1497950 553
1497960 553
1497970 553
1497980 553
1497990 553
1498000 553
1498010 553
1498020 553
1498030 553
1498040 553
1498050 553
1498060 553
1498070 553
1498080 553
1498090 553
1498100 553
1498110 553
1498120 553
1498130 553
1498140 553
1498150 553
1498160 553
1498170 553
1498180 553
1498190 553
1498200 553
1498210 554
1498220 554
1498230 554
1498240 554
1498250 554
1498260 555
1498270 556
1498280 556
1498290 557
1498300 558
1498310 559
1498320 559
1498330 560
1498340 562
1498350 562
1498360 564
1498370 566
1498380 566
1498390 568
1498400 570
1498410 570
1498420 573
1498430 575
1498440 575
1498450 577
1498460 579
1498470 579
1498480 581
1498490 583
1498500 585
1498510 585
1498520 588
1498530 592
1498540 592
1498550 597
1498560 601
1498570 601
1498580 605
1498590 611
1498600 611
1498610 618
1498620 624
1498630 624
1498640 630
1498650 635
1498660 641
1498670 641
1498680 641
1498690 638
1498700 638
1498710 637
1498720 637
1498730 637
1498740 637
1498750 637
1498760 637
1498770 637
1498780 637
1498790 637
1498800 637
1498810 637
1498820 637
1498830 637
1498840 636
1498850 635
1498860 635
1498870 635
1498880 635
1498890 635
1498900 635
1498910 634
1498920 634
1498930 634
1498940 634
1498950 634
1498960 633
1498970 632
1498980 632
1498990 631
1499000 631
1499010 631
1499020 630
1499030 629
1499040 629
1499050 629
1499060 628
1499070 628
1499080 628
1499090 628
1499100 628
1499110 628
1499120 628
1499130 628
1499140 628
1499150 628
1499160 629
1499170 629
1499180 629
1499190 628
1499200 627
1499210 627
1499220 626
1499230 626
1499240 626
1499250 626
1499260 626
1499270 626
1499280 627
1499290 628
1499300 628
1499310 630
1499320 633
1499330 633
1499340 636
1499350 640
1499360 640
1499370 643
1499380 647
1499390 650
1499400 650
1499410 654
1499420 658
1499430 658
1499440 661
1499450 664
1499460 664
1499470 666
1499480 669
1499490 669
1499500 671
1499510 672
1499520 672
1499530 673
1499540 674
1499550 674
1499560 675
1499570 676
1499580 677
1499590 677
1499600 678
1499610 679
1499620 679
1499630 680
1499640 681
1499650 681
1499660 681
1499670 682
1499680 682
1499690 682
1499700 683
1499710 683
1499720 683
1499730 683
1499740 684
1499750 684
1499760 685
1499770 686
1499780 686
1499790 686
1499800 686
1499810 686
1499820 686
1499830 686
1499840 686
1499850 687
1499860 687
1499870 687
1499880 687
1499890 686
1499900 686
1499910 685
1499920 685
1499930 684
1499940 684
1499950 683
1499960 682
1499970 682
1499980 681
1499990 680
