1480000 1204
1480010 1204
1480020 1201
1480030 1196
1480040 1196
1480050 1191
1480060 1188
1480070 1184
1480080 1184
1480090 1185
1480100 1190
1480110 1190
1480120 1201
1480130 1214
1480140 1214
1480150 1226
1480160 1234
1480170 1234
1480180 1241
1480190 1244
1480200 1244
1480210 1246
1480220 1250
1480230 1250
1480240 1254
1480250 1256
1480260 1258
1480270 1258
1480280 1261
1480290 1263
1480300 1263
1480310 1264
1480320 1268
1480330 1268
1480340 1272
1480350 1274
1480360 1274
1480370 1275
1480380 1277
1480390 1277
1480400 1281
1480410 1286
1480420 1286
1480430 1291
1480440 1296
1480450 1299
1480460 1299
1480470 1302
1480480 1305
1480490 1305
1480500 1308
1480510 1311
1480520 1311
1480530 1315
1480540 1316
1480550 1316
1480560 1317
1480570 1319
1480580 1319
1480590 1319
1480600 1319
1480610 1323
1480620 1323
1480630 1326
1480640 1327
1480650 1327
1480660 1326
1480670 1324
1480680 1324
1480690 1319
1480700 1313
1480710 1313
1480720 1310
1480730 1306
1480740 1306
1480750 1305
1480760 1307
1480770 1307
1480780 1307
1480790 1304
1480800 1299
1480810 1299
1480820 1293
1480830 1288
1480840 1288
1480850 1283
1480860 1278
1480870 1278
1480880 1274
1480890 1267
1480900 1267
1480910 1259
1480920 1251
1480930 1251
1480940 1248
1480950 1253
1480960 1261
1480970 1261
1480980 1270
1480990 1278
1481000 1278
1481010 1286
1481020 1288
1481030 1288
1481040 1284
1481050 1278
1481060 1278
1481070 1271
1481080 1260
1481090 1260
1481100 1255
1481110 1261
1481120 1261
1481130 1268
1481140 1275
1481150 1283
1481160 1283
1481170 1288
1481180 1289
1481190 1289
1481200 1284
1481210 1280
1481220 1280
1481230 1289
1481240 1299
1481250 1299
1481260 1303
1481270 1302
1481280 1302
1481290 1307
1481300 1313
1481310 1313
1481320 1319
1481330 1325
1481340 1329
1481350 1329
1481360 1331
1481370 1334
1481380 1334
1481390 1337
1481400 1339
1481410 1339
1481420 1338
1481430 1339
1481440 1339
1481450 1342
1481460 1345
1481470 1345
1481480 1348
1481490 1352
1481500 1356
1481510 1356
1481520 1361
1481530 1364
1481540 1364
1481550 1366
1481560 1367
1481570 1367
1481580 1369
1481590 1371
1481600 1371
1481610 1372
1481620 1373
1481630 1373
1481640 1374
1481650 1375
1481660 1375
1481670 1377
1481680 1379
1481690 1381
1481700 1381
1481710 1382
1481720 1384
1481730 1384
1481740 1384
1481750 1385
1481760 1385
1481770 1385
1481780 1384
1481790 1384
1481800 1384
1481810 1383
1481820 1383
1481830 1383
1481840 1382
1481850 1382
1481860 1382
1481870 1381
1481880 1381
1481890 1381
1481900 1381
1481910 1381
1481920 1381
1481930 1382
1481940 1381
1481950 1381
1481960 1380
1481970 1379
1481980 1379
1481990 1377
1482000 1378
1482010 1378
1482020 1379
1482030 1378
1482040 1376
1482050 1376
1482060 1373
1482070 1370
1482080 1370
1482090 1371
1482100 1371
1482110 1371
1482120 1368
1482130 1364
1482140 1364
1482150 1359
1482160 1354
1482170 1354
1482180 1348
1482190 1343
1482200 1343
1482210 1338
1482220 1333
1482230 1329
1482240 1329
1482250 1325
1482260 1321
1482270 1321
1482280 1318
1482290 1314
1482300 1314
1482310 1310
1482320 1307
1482330 1307
1482340 1303
1482350 1298
1482360 1298
1482370 1291
1482380 1283
1482390 1274
1482400 1274
1482410 1263
1482420 1252
1482430 1252
1482440 1249
1482450 1250
1482460 1250
1482470 1253
1482480 1254
1482490 1254
1482500 1253
1482510 1252
1482520 1252
1482530 1251
1482540 1251
1482550 1251
1482560 1250
1482570 1250
1482580 1249
1482590 1249
1482600 1249
1482610 1248
1482620 1248
1482630 1244
1482640 1242
1482650 1242
1482660 1239
1482670 1233
1482680 1233
1482690 1224
1482700 1215
1482710 1215
1482720 1207
1482730 1202
1482740 1202
1482750 1197
1482760 1191
1482770 1187
1482780 1187
1482790 1182
1482800 1179
1482810 1179
1482820 1174
1482830 1166
1482840 1166
1482850 1161
1482860 1160
1482870 1160
1482880 1154
1482890 1142
1482900 1142
1482910 1132
1482920 1124
1482930 1118
1482940 1118
1482950 1114
1482960 1111
1482970 1111
1482980 1106
1482990 1099
1483000 1099
1483010 1095
1483020 1094
1483030 1094
1483040 1094
1483050 1093
1483060 1093
1483070 1091
1483080 1088
1483090 1088
1483100 1084
1483110 1084
1483120 1086
1483130 1086
1483140 1086
1483150 1084
1483160 1084
1483170 1080
1483180 1078
1483190 1078
1483200 1076
1483210 1075
1483220 1075
1483230 1072
1483240 1070
1483250 1070
1483260 1066
1483270 1064
1483280 1064
1483290 1062
1483300 1060
1483310 1059
1483320 1059
1483330 1060
1483340 1060
1483350 1060
1483360 1060
1483370 1060
1483380 1060
1483390 1061
1483400 1063
1483410 1063
1483420 1066
1483430 1067
1483440 1067
1483450 1068
1483460 1069
1483470 1069
1483480 1069
1483490 1068
1483500 1067
1483510 1067
1483520 1066
1483530 1066
1483540 1066
1483550 1065
1483560 1064
1483570 1064
1483580 1063
1483590 1064
1483600 1064
1483610 1068
1483620 1073
1483630 1073
1483640 1076
1483650 1079
1483660 1081
1483670 1081
1483680 1084
1483690 1086
1483700 1086
1483710 1088
1483720 1091
1483730 1091
1483740 1093
1483750 1095
1483760 1095
1483770 1099
1483780 1103
1483790 1103
1483800 1109
1483810 1113
1483820 1113
1483830 1117
1483840 1120
1483850 1121
1483860 1121
1483870 1123
1483880 1125
1483890 1125
1483900 1127
1483910 1129
1483920 1129
1483930 1129
1483940 1129
1483950 1129
1483960 1130
1483970 1129
1483980 1129
1483990 1127
1484000 1126
1484010 1127
1484020 1127
1484030 1128
1484040 1129
1484050 1129
1484060 1129
1484070 1129
1484080 1129
1484090 1128
1484100 1127
1484110 1127
1484120 1125
1484130 1123
1484140 1123
1484150 1119
1484160 1115
1484170 1115
1484180 1111
1484190 1109
1484200 1109
1484210 1109
1484220 1105
1484230 1099
1484240 1099
1484250 1093
1484260 1086
1484270 1086
1484280 1083
1484290 1078
1484300 1078
1484310 1061
1484320 1046
1484330 1046
1484340 1037
1484350 1028
1484360 1019
1484370 1019
1484380 1009
1484390 999
1484400 999
1484410 990
1484420 980
1484430 980
1484440 972
1484450 965
1484460 965
1484470 957
1484480 949
1484490 949
1484500 941
1484510 935
1484520 935
1484530 929
1484540 924
1484550 916
1484560 916
1484570 909
1484580 902
1484590 902
1484600 893
1484610 887
1484620 887
1484630 879
1484640 870
1484650 870
1484660 864
1484670 861
1484680 861
1484690 859
1484700 853
1484710 853
1484720 848
1484730 842
1484740 833
1484750 833
1484760 825
1484770 818
1484780 818
1484790 809
1484800 798
1484810 798
1484820 790
1484830 785
1484840 785
1484850 781
1484860 775
1484870 775
1484880 768
1484890 762
1484900 754
1484910 754
1484920 747
1484930 740
1484940 740
1484950 735
1484960 730
1484970 730
1484980 725
1484990 719
1485000 719
1485010 710
1485020 703
1485030 703
1485040 696
1485050 693
1485060 693
1485070 690
1485080 686
1485090 680
1485100 680
1485110 675
1485120 668
1485130 668
1485140 661
1485150 653
1485160 653
1485170 647
1485180 639
1485190 639
1485200 633
1485210 627
1485220 627
1485230 622
1485240 616
1485250 616
1485260 610
1485270 604
1485280 598
1485290 598
1485300 593
1485310 587
1485320 587
1485330 582
1485340 579
1485350 579
1485360 578
1485370 577
1485380 577
1485390 577
1485400 576
1485410 576
1485420 576
1485430 575
1485440 575
1485450 575
1485460 575
1485470 575
1485480 575
1485490 575
1485500 575
1485510 575
1485520 575
1485530 575
1485540 575
1485550 575
1485560 575
1485570 575
1485580 575
1485590 575
1485600 575
1485610 575
1485620 575
1485630 574
1485640 574
1485650 574
1485660 574
1485670 574
1485680 574
1485690 574
1485700 574
1485710 573
1485720 573
1485730 573
1485740 573
1485750 572
1485760 572
1485770 572
1485780 572
1485790 572
1485800 572
1485810 572
1485820 571
1485830 571
1485840 571
1485850 570
1485860 570
1485870 566
1485880 564
1485890 564
1485900 564
1485910 564
1485920 564
1485930 564
1485940 564
1485950 564
1485960 564
1485970 563
1485980 563
1485990 563
1486000 563
1486010 563
1486020 563
1486030 563
1486040 562
1486050 562
1486060 562
1486070 562
1486080 562
1486090 562
1486100 562
1486110 562
1486120 562
1486130 562
1486140 562
1486150 560
1486160 557
1486170 556
1486180 556
1486190 556
1486200 556
1486210 556
1486220 556
1486230 558
1486240 558
1486250 561
1486260 559
1486270 559
1486280 559
1486290 559
1486300 559
1486310 559
1486320 560
1486330 563
1486340 563
1486350 568
1486360 574
1486370 574
1486380 584
1486390 595
1486400 595
1486410 604
1486420 613
1486430 613
1486440 620
1486450 626
1486460 626
1486470 632
1486480 639
1486490 639
1486500 646
1486510 652
1486520 657
1486530 657
1486540 662
1486550 667
1486560 667
1486570 671
1486580 676
1486590 676
1486600 679
1486610 682
1486620 682
1486630 686
1486640 686
1486650 686
1486660 688
1486670 688
1486680 688
1486690 685
1486700 683
1486710 681
1486720 681
1486730 679
1486740 676
1486750 676
1486760 673
1486770 670
1486780 670
1486790 667
1486800 666
1486810 666
1486820 667
1486830 670
1486840 670
1486850 675
1486860 680
1486870 685
1486880 685
1486890 692
1486900 703
1486910 703
1486920 718
1486930 731
1486940 731
1486950 740
1486960 742
1486970 742
1486980 745
1486990 751
1487000 751
1487010 753
1487020 756
1487030 756
1487040 760
1487050 766
1487060 773
1487070 773
1487080 781
1487090 789
1487100 789
1487110 796
1487120 804
1487130 804
1487140 813
1487150 816
1487160 816
1487170 822
1487180 830
1487190 830
1487200 836
1487210 841
1487220 841
1487230 846
1487240 852
1487250 856
1487260 856
1487270 858
1487280 860
1487290 860
1487300 861
1487310 861
1487320 861
1487330 860
1487340 860
1487350 860
1487360 864
1487370 865
1487380 865
1487390 865
1487400 864
1487410 865
1487420 865
1487430 865
1487440 865
1487450 865
1487460 866
1487470 869
1487480 869
1487490 871
1487500 873
1487510 873
1487520 875
1487530 878
1487540 878
1487550 879
1487560 880
1487570 880
1487580 880
1487590 881
1487600 881
1487610 881
1487620 882
1487630 882
1487640 882
1487650 882
1487660 879
1487670 879
1487680 876
1487690 874
1487700 874
1487710 872
1487720 869
1487730 869
1487740 866
1487750 861
1487760 856
1487770 856
1487780 852
1487790 850
1487800 850
1487810 848
1487820 845
1487830 845
1487840 842
1487850 840
1487860 840
1487870 839
1487880 839
1487890 839
1487900 839
1487910 837
1487920 837
1487930 835
1487940 834
1487950 832
1487960 832
1487970 831
1487980 831
1487990 831
1488000 832
1488010 834
1488020 834
1488030 834
1488040 834
1488050 834
1488060 833
1488070 833
1488080 833
1488090 834
1488100 833
1488110 833
1488120 834
1488130 835
1488140 835
1488150 835
1488160 835
1488170 836
1488180 836
1488190 836
1488200 839
1488210 839
1488220 842
1488230 844
1488240 844
1488250 845
1488260 848
1488270 848
1488280 849
1488290 848
1488300 848
1488310 848
1488320 849
1488330 852
1488340 852
1488350 857
1488360 868
1488370 868
1488380 875
1488390 876
1488400 876
1488410 881
1488420 882
1488430 882
1488440 882
1488450 881
1488460 881
1488470 879
1488480 880
1488490 880
1488500 880
1488510 880
1488520 880
1488530 880
1488540 885
1488550 888
1488560 888
1488570 891
1488580 894
1488590 894
1488600 897
1488610 899
1488620 899
1488630 902
1488640 905
1488650 905
1488660 909
1488670 912
1488680 915
1488690 915
1488700 918
1488710 920
1488720 920
1488730 921
1488740 919
1488750 919
1488760 915
1488770 913
1488780 913
1488790 912
1488800 910
1488810 910
1488820 906
1488830 906
1488840 908
1488850 908
1488860 912
1488870 918
1488880 918
1488890 917
1488900 919
1488910 919
1488920 922
1488930 924
1488940 924
1488950 928
1488960 932
1488970 932
1488980 932
1488990 931
1489000 931
1489010 927
1489020 923
1489030 920
1489040 920
1489050 917
1489060 914
1489070 914
1489080 910
1489090 907
1489100 907
1489110 904
1489120 902
1489130 902
1489140 900
1489150 896
1489160 896
1489170 894
1489180 892
1489190 888
1489200 888
1489210 883
1489220 877
1489230 877
1489240 871
1489250 867
1489260 867
1489270 863
1489280 859
1489290 859
1489300 853
1489310 848
1489320 848
1489330 844
1489340 839
1489350 839
1489360 836
1489370 832
1489380 828
1489390 828
1489400 824
1489410 821
1489420 821
1489430 819
1489440 816
1489450 816
1489460 814
1489470 810
1489480 810
1489490 805
1489500 798
1489510 798
1489520 788
1489530 781
1489540 781
1489550 777
1489560 773
1489570 770
1489580 770
1489590 766
1489600 762
1489610 762
1489620 758
1489630 752
1489640 752
1489650 746
1489660 741
1489670 741
1489680 737
1489690 733
1489700 733
1489710 728
1489720 724
1489730 721
1489740 721
1489750 717
1489760 714
1489770 714
1489780 710
1489790 707
1489800 707
1489810 704
1489820 702
1489830 702
1489840 700
1489850 699
1489860 699
1489870 697
1489880 696
1489890 696
1489900 697
1489910 698
1489920 697
1489930 697
1489940 694
1489950 693
1489960 693
1489970 692
1489980 691
1489990 691
1490000 690
1490010 689
1490020 689
1490030 688
1490040 688
1490050 688
1490060 687
1490070 686
1490080 686
1490090 684
1490100 683
1490110 681
1490120 681
1490130 677
1490140 674
1490150 674
1490160 670
1490170 667
1490180 667
1490190 663
1490200 660
1490210 660
1490220 657
1490230 653
1490240 653
1490250 649
1490260 646
1490270 641
1490280 641
1490290 636
1490300 632
1490310 632
1490320 629
1490330 625
1490340 625
1490350 622
1490360 616
1490370 616
1490380 613
1490390 611
1490400 611
1490410 608
1490420 605
1490430 605
1490440 603
1490450 601
1490460 599
1490470 599
1490480 597
1490490 595
1490500 595
1490510 592
1490520 589
1490530 589
1490540 587
1490550 584
1490560 584
1490570 582
1490580 580
1490590 580
1490600 578
1490610 575
1490620 575
1490630 571
1490640 568
1490650 566
1490660 566
1490670 565
1490680 564
1490690 564
1490700 564
1490710 562
1490720 562
1490730 559
1490740 556
1490750 556
1490760 554
1490770 553
1490780 553
1490790 551
1490800 550
1490810 550
1490820 550
1490830 549
1490840 550
1490850 550
1490860 550
1490870 550
1490880 550
1490890 549
1490900 548
1490910 548
1490920 550
1490930 550
1490940 550
1490950 550
1490960 550
1490970 550
1490980 550
1490990 549
1491000 549
1491010 549
1491020 549
1491030 548
1491040 548
1491050 547
1491060 547
1491070 547
1491080 547
1491090 546
1491100 546
1491110 546
1491120 546
1491130 546
1491140 546
1491150 546
1491160 546
1491170 546
1491180 546
1491190 546
1491200 546
1491210 546
1491220 546
1491230 546
1491240 546
1491250 546
1491260 546
1491270 548
1491280 549
1491290 549
1491300 549
1491310 549
1491320 549
1491330 549
1491340 549
1491350 549
1491360 549
1491370 549
1491380 549
1491390 549
1491400 549
1491410 550
1491420 550
1491430 549
1491440 549
1491450 549
1491460 549
1491470 549
1491480 549
1491490 549
1491500 549
1491510 549
1491520 549
1491530 549
1491540 549
1491550 549
1491560 548
1491570 548
1491580 548
1491590 548
1491600 548
1491610 548
1491620 549
1491630 549
1491640 549
1491650 549
1491660 549
1491670 549
1491680 548
1491690 548
1491700 548
1491710 548
1491720 548
1491730 548
1491740 548
1491750 548
1491760 548
1491770 548
1491780 548
1491790 548
1491800 548
1491810 548
1491820 548
1491830 548
1491840 547
1491850 547
1491860 547
1491870 548
1491880 548
1491890 548
1491900 548
1491910 548
1491920 548
1491930 548
1491940 548
1491950 548
1491960 548
1491970 548
1491980 548
1491990 548
1492000 548
1492010 548
1492020 548
1492030 548
1492040 548
1492050 548
1492060 548
1492070 548
1492080 549
1492090 549
1492100 549
1492110 548
1492120 548
1492130 548
1492140 548
1492150 548
1492160 548
1492170 548
1492180 548
1492190 548
1492200 548
1492210 548
1492220 548
1492230 548
1492240 548
1492250 548
1492260 548
1492270 548
1492280 548
1492290 548
1492300 548
1492310 548
1492320 548
1492330 548
1492340 548
1492350 548
1492360 548
1492370 548
1492380 548
1492390 548
1492400 548
1492410 548
1492420 548
1492430 548
1492440 548
1492450 548
1492460 548
1492470 548
1492480 548
1492490 548
1492500 548
1492510 548
1492520 548
1492530 548
1492540 548
1492550 548
1492560 548
1492570 548
1492580 548
1492590 548
1492600 548
1492610 548
1492620 548
1492630 548
1492640 548
1492650 548
1492660 548
1492670 548
1492680 547
1492690 547
1492700 547
1492710 547
1492720 547
1492730 547
1492740 547
1492750 547
1492760 547
1492770 547
1492780 547
1492790 547
1492800 547
1492810 547
1492820 547
1492830 547
1492840 547
1492850 547
1492860 547
1492870 547
1492880 547
1492890 547
1492900 547
1492910 547
1492920 547
1492930 547
1492940 547
1492950 547
1492960 547
1492970 547
1492980 547
1492990 547
1493000 547
1493010 547
1493020 547
1493030 547
1493040 547
1493050 546
1493060 546
1493070 546
1493080 546
1493090 546
1493100 546
1493110 546
1493120 546
1493130 546
1493140 546
1493150 546
1493160 546
1493170 546
1493180 546
1493190 546
1493200 546
1493210 546
1493220 546
1493230 546
1493240 546
1493250 546
1493260 546
1493270 546
1493280 546
1493290 546
1493300 546
1493310 546
1493320 546
1493330 546
1493340 546
1493350 546
1493360 546
1493370 546
1493380 546
1493390 546
1493400 546
1493410 546
1493420 546
1493430 546
1493440 546
1493450 546
1493460 546
1493470 546
1493480 546
1493490 546
1493500 546
1493510 546
1493520 546
1493530 546
1493540 546
1493550 546
1493560 546
1493570 546
1493580 546
1493590 546
1493600 546
1493610 546
1493620 546
1493630 546
1493640 546
1493650 546
1493660 546
1493670 546
1493680 546
1493690 546
1493700 546
1493710 546
1493720 546
1493730 546
1493740 546
1493750 546
1493760 545
1493770 545
1493780 545
1493790 544
1493800 544
1493810 544
1493820 544
1493830 544
1493840 544
1493850 543
1493860 543
1493870 543
1493880 543
1493890 543
1493900 543
1493910 543
1493920 543
1493930 543
1493940 543
1493950 543
1493960 543
1493970 543
1493980 543
1493990 543
1494000 543
1494010 543
1494020 543
1494030 543
1494040 543
1494050 543
1494060 543
1494070 543
1494080 543
1494090 543
1494100 543
1494110 543
1494120 543
1494130 543
1494140 543
1494150 543
1494160 543
1494170 543
1494180 543
1494190 543
1494200 544
1494210 544
1494220 544
1494230 545
1494240 545
1494250 545
1494260 545
1494270 545
1494280 545
1494290 545
1494300 545
1494310 545
1494320 544
1494330 544
1494340 544
1494350 544
1494360 544
1494370 544
1494380 544
1494390 544
1494400 544
1494410 544
1494420 544
1494430 544
1494440 544
1494450 544
1494460 544
1494470 544
1494480 544
1494490 544
1494500 544
1494510 544
1494520 544
1494530 544
1494540 544
1494550 544
1494560 544
1494570 544
1494580 544
1494590 544
1494600 544
1494610 544
1494620 544
1494630 544
1494640 544
1494650 544
1494660 544
1494670 544
1494680 544
1494690 544
1494700 544
1494710 544
1494720 544
1494730 544
1494740 544
1494750 544
1494760 544
1494770 544
1494780 544
1494790 544
1494800 544
1494810 544
1494820 544
1494830 544
1494840 544
1494850 544
1494860 544
1494870 544
1494880 544
1494890 544
1494900 544
1494910 544
1494920 544
1494930 544
1494940 544
1494950 544
1494960 543
1494970 543
1494980 543
1494990 543
1495000 543
1495010 543
1495020 542
1495030 542
1495040 542
1495050 543
1495060 543
1495070 543
1495080 543
1495090 543
1495100 543
1495110 543
1495120 543
1495130 543
1495140 543
1495150 543
1495160 543
1495170 543
1495180 543
1495190 543
1495200 543
1495210 542
1495220 543
1495230 543
1495240 543
1495250 543
1495260 543
1495270 543
1495280 543
1495290 543
1495300 543
1495310 543
1495320 543
1495330 543
1495340 543
1495350 543
1495360 543
1495370 543
1495380 543
1495390 543
1495400 543
1495410 543
1495420 543
1495430 543
1495440 543
1495450 543
1495460 543
1495470 543
1495480 543
1495490 543
1495500 543
1495510 543
1495520 543
1495530 543
1495540 543
1495550 543
1495560 543
1495570 543
1495580 543
1495590 543
1495600 543
1495610 543
1495620 542
1495630 542
1495640 542
1495650 542
1495660 542
1495670 542
1495680 542
1495690 543
1495700 543
1495710 543
1495720 542
1495730 542
1495740 542
1495750 542
1495760 542
1495770 542
1495780 542
1495790 542
1495800 542
1495810 542
1495820 542
1495830 542
1495840 542
1495850 542
1495860 543
1495870 543
1495880 544
1495890 544
1495900 544
1495910 545
1495920 547
1495930 547
1495940 550
1495950 552
1495960 552
1495970 557
1495980 561
1495990 565
1496000 565
1496010 570
1496020 575
1496030 575
1496040 578
1496050 583
1496060 583
1496070 587
1496080 591
1496090 591
1496100 592
1496110 593
1496120 593
1496130 594
1496140 595
1496150 595
1496160 597
1496170 599
1496180 602
1496190 602
1496200 605
1496210 608
1496220 608
1496230 611
1496240 614
1496250 614
1496260 617
1496270 619
1496280 619
1496290 620
1496300 619
1496310 619
1496320 615
1496330 611
1496340 611
1496350 607
1496360 603
1496370 600
1496380 600
1496390 595
1496400 588
1496410 588
1496420 582
1496430 576
1496440 576
1496450 573
1496460 569
1496470 569
1496480 567
1496490 565
1496500 565
1496510 564
1496520 562
1496530 561
1496540 561
1496550 560
1496560 560
1496570 560
1496580 559
1496590 559
1496600 559
1496610 559
1496620 558
1496630 558
1496640 558
1496650 558
1496660 558
1496670 558
1496680 558
1496690 558
1496700 558
1496710 558
1496720 558
1496730 558
1496740 558
1496750 558
1496760 558
1496770 558
1496780 558
1496790 558
1496800 558
1496810 558
1496820 558
1496830 558
1496840 558
1496850 558
1496860 557
1496870 557
1496880 557
1496890 557
1496900 557
1496910 557
1496920 557
1496930 557
1496940 557
1496950 557
1496960 558
1496970 559
1496980 559
1496990 560
1497000 564
1497010 564
1497020 567
1497030 569
1497040 569
1497050 570
1497060 572
1497070 575
1497080 575
1497090 574
1497100 572
1497110 572
1497120 569
1497130 567
1497140 567
1497150 566
1497160 564
1497170 564
1497180 562
1497190 560
1497200 560
1497210 558
1497220 555
1497230 555
1497240 555
1497250 554
1497260 554
1497270 554
1497280 553
1497290 553
1497300 553
1497310 552
1497320 552
1497330 552
1497340 553
1497350 553
1497360 553
1497370 553
1497380 553
1497390 553
1497400 554
1497410 554
1497420 554
1497430 554
1497440 555
1497450 555
1497460 555
1497470 556
1497480 557
1497490 557
1497500 558
1497510 560
1497520 560
1497530 561
1497540 561
1497550 561
1497560 561
1497570 561
1497580 561
1497590 561
1497600 562
1497610 562
1497620 562
1497630 562
1497640 562
1497650 562
1497660 564
1497670 565
1497680 565
1497690 562
1497700 562
1497710 562
1497720 561
1497730 562
1497740 562
1497750 562
1497760 562
1497770 562
1497780 562
1497790 562
1497800 562
1497810 562
1497820 562
1497830 562
1497840 562
1497850 563
1497860 563
1497870 563
1497880 563
1497890 563
1497900 563
1497910 564
1497920 565
1497930 565
1497940 566
1497950 567
1497960 568
1497970 568
1497980 569
1497990 570
1498000 570
1498010 570
1498020 571
1498030 571
1498040 571
1498050 572
1498060 572
1498070 572
1498080 574
1498090 574
1498100 578
1498110 582
1498120 582
1498130 585
1498140 589
1498150 593
1498160 593
1498170 596
1498180 600
1498190 600
1498200 604
1498210 608
1498220 608
1498230 612
1498240 617
1498250 617
1498260 622
1498270 625
1498280 625
1498290 627
1498300 630
1498310 630
1498320 632
1498330 635
1498340 638
1498350 638
1498360 640
1498370 640
1498380 640
1498390 641
1498400 640
1498410 640
1498420 639
1498430 638
1498440 638
1498450 638
1498460 637
1498470 637
1498480 637
1498490 637
1498500 636
1498510 636
1498520 634
1498530 633
1498540 633
1498550 632
1498560 632
1498570 632
1498580 631
1498590 631
1498600 631
1498610 630
1498620 629
1498630 629
1498640 629
1498650 628
1498660 628
1498670 627
1498680 627
1498690 628
1498700 628
1498710 628
1498720 629
1498730 629
1498740 629
1498750 629
1498760 629
1498770 629
1498780 627
1498790 627
1498800 626
1498810 625
1498820 625
1498830 625
1498840 626
1498850 626
1498860 625
1498870 625
1498880 625
1498890 625
1498900 625
1498910 625
1498920 625
1498930 625
1498940 625
1498950 625
1498960 625
1498970 625
1498980 625
1498990 625
1499000 625
1499010 625
1499020 626
1499030 627
1499040 628
1499050 628
1499060 629
1499070 630
1499080 630
1499090 630
1499100 630
1499110 630
1499120 630
1499130 629
1499140 629
1499150 628
1499160 627
1499170 627
1499180 626
1499190 626
1499200 626
1499210 624
1499220 622
1499230 622
1499240 622
1499250 622
1499260 623
1499270 623
1499280 625
1499290 627
1499300 627
1499310 628
1499320 628
1499330 628
1499340 628
1499350 629
1499360 629
1499370 631
1499380 632
1499390 632
1499400 632
1499410 632
1499420 632
1499430 632
1499440 632
1499450 632
1499460 632
1499470 633
1499480 635
1499490 635
1499500 636
1499510 638
1499520 638
1499530 639
1499540 640
1499550 640
1499560 640
1499570 640
1499580 641
1499590 641
1499600 644
1499610 646
1499620 646
1499630 647
1499640 649
1499650 649
1499660 650
1499670 652
1499680 652
1499690 653
1499700 655
1499710 655
1499720 657
1499730 658
1499740 658
1499750 660
1499760 662
1499770 663
1499780 663
1499790 665
1499800 666
1499810 666
1499820 667
1499830 668
1499840 668
1499850 669
1499860 669
1499870 669
1499880 670
1499890 670
1499900 670
1499910 670
1499920 670
1499930 670
1499940 670
1499950 669
1499960 668
1499970 668
1499980 668
1499990 667
