1480000 1422
1480010 1422
1480020 1428
1480030 1434
1480040 1434
1480050 1438
1480060 1441
1480070 1445
1480080 1445
1480090 1450
1480100 1455
1480110 1455
1480120 1460
1480130 1466
1480140 1466
1480150 1469
1480160 1472
1480170 1472
1480180 1475
1480190 1479
1480200 1479
1480210 1484
1480220 1489
1480230 1494
1480240 1494
1480250 1499
1480260 1504
1480270 1504
1480280 1509
1480290 1514
1480300 1514
1480310 1520
1480320 1526
1480330 1526
1480340 1532
1480350 1537
1480360 1537
1480370 1541
1480380 1545
1480390 1545
1480400 1550
1480410 1555
1480420 1560
1480430 1560
1480440 1564
1480450 1570
1480460 1570
1480470 1575
1480480 1580
1480490 1580
1480500 1584
1480510 1589
1480520 1589
1480530 1593
1480540 1598
1480550 1598
1480560 1602
1480570 1608
1480580 1608
1480590 1613
1480600 1618
1480610 1623
1480620 1623
1480630 1626
1480640 1630
1480650 1630
1480660 1635
1480670 1639
1480680 1639
1480690 1641
1480700 1645
1480710 1645
1480720 1647
1480730 1650
1480740 1650
1480750 1652
1480760 1654
1480770 1654
1480780 1654
1480790 1653
1480800 1652
1480810 1652
1480820 1650
1480830 1648
1480840 1648
1480850 1647
1480860 1647
1480870 1647
1480880 1646
1480890 1645
1480900 1645
1480910 1644
1480920 1642
1480930 1642
1480940 1640
1480950 1638
1480960 1637
1480970 1637
1480980 1634
1480990 1631
1481000 1631
1481010 1628
1481020 1624
1481030 1624
1481040 1622
1481050 1617
1481060 1617
1481070 1610
1481080 1603
1481090 1603
1481100 1603
1481110 1611
1481120 1611
1481130 1617
1481140 1620
1481150 1626
1481160 1626
1481170 1631
1481180 1635
1481190 1635
1481200 1639
1481210 1643
1481220 1643
1481230 1646
1481240 1649
1481250 1649
1481260 1653
1481270 1658
1481280 1658
1481290 1663
1481300 1668
1481310 1673
1481320 1673
1481330 1677
1481340 1681
1481350 1681
1481360 1684
1481370 1688
1481380 1688
1481390 1692
1481400 1695
1481410 1695
1481420 1699
1481430 1703
1481440 1703
1481450 1705
1481460 1708
1481470 1708
1481480 1709
1481490 1709
1481500 1710
1481510 1710
1481520 1710
1481530 1710
1481540 1710
1481550 1709
1481560 1709
1481570 1709
1481580 1708
1481590 1708
1481600 1708
1481610 1708
1481620 1709
1481630 1709
1481640 1710
1481650 1709
1481660 1709
1481670 1708
1481680 1707
1481690 1706
1481700 1706
1481710 1703
1481720 1700
1481730 1700
1481740 1697
1481750 1695
1481760 1695
1481770 1694
1481780 1693
1481790 1693
1481800 1691
1481810 1690
1481820 1690
1481830 1688
1481840 1686
1481850 1683
1481860 1683
1481870 1680
1481880 1679
1481890 1679
1481900 1677
1481910 1674
1481920 1674
1481930 1672
1481940 1669
1481950 1669
1481960 1668
1481970 1665
1481980 1665
1481990 1662
1482000 1659
1482010 1659
1482020 1656
1482030 1651
1482040 1646
1482050 1646
1482060 1641
1482070 1638
1482080 1638
1482090 1637
1482100 1637
1482110 1637
1482120 1634
1482130 1632
1482140 1632
1482150 1630
1482160 1629
1482170 1629
1482180 1628
1482190 1626
1482200 1626
1482210 1624
1482220 1623
1482230 1621
1482240 1621
1482250 1618
1482260 1615
1482270 1615
1482280 1609
1482290 1606
1482300 1606
1482310 1604
1482320 1599
1482330 1599
1482340 1594
1482350 1591
1482360 1591
1482370 1587
1482380 1582
1482390 1578
1482400 1578
1482410 1572
1482420 1567
1482430 1567
1482440 1562
1482450 1556
1482460 1556
1482470 1551
1482480 1545
1482490 1545
1482500 1539
1482510 1533
1482520 1533
1482530 1528
1482540 1524
1482550 1524
1482560 1520
1482570 1515
1482580 1510
1482590 1510
1482600 1507
1482610 1505
1482620 1505
1482630 1502
1482640 1498
1482650 1498
1482660 1494
1482670 1492
1482680 1492
1482690 1489
1482700 1486
1482710 1486
1482720 1486
1482730 1487
1482740 1487
1482750 1486
1482760 1482
1482770 1480
1482780 1480
1482790 1474
1482800 1470
1482810 1470
1482820 1467
1482830 1465
1482840 1465
1482850 1465
1482860 1466
1482870 1466
1482880 1469
1482890 1471
1482900 1471
1482910 1472
1482920 1474
1482930 1476
1482940 1476
1482950 1478
1482960 1481
1482970 1481
1482980 1483
1482990 1485
1483000 1485
1483010 1487
1483020 1487
1483030 1487
1483040 1487
1483050 1484
1483060 1484
1483070 1481
1483080 1479
1483090 1479
1483100 1477
1483110 1474
1483120 1472
1483130 1472
1483140 1469
1483150 1466
1483160 1466
1483170 1461
1483180 1457
1483190 1457
1483200 1452
1483210 1446
1483220 1446
1483230 1441
1483240 1436
1483250 1436
1483260 1432
1483270 1427
1483280 1422
1483290 1422
1483300 1418
1483310 1414
1483320 1414
1483330 1410
1483340 1406
1483350 1406
1483360 1402
1483370 1398
1483380 1398
1483390 1393
1483400 1387
1483410 1387
1483420 1382
1483430 1378
1483440 1378
1483450 1372
1483460 1365
1483470 1361
1483480 1361
1483490 1359
1483500 1355
1483510 1355
1483520 1349
1483530 1344
1483540 1344
1483550 1337
1483560 1331
1483570 1331
1483580 1324
1483590 1317
1483600 1317
1483610 1311
1483620 1305
1483630 1305
1483640 1298
1483650 1291
1483660 1284
1483670 1284
1483680 1277
1483690 1270
1483700 1270
1483710 1262
1483720 1255
1483730 1255
1483740 1248
1483750 1241
1483760 1241
1483770 1234
1483780 1228
1483790 1228
1483800 1221
1483810 1214
1483820 1207
1483830 1207
1483840 1199
1483850 1192
1483860 1192
1483870 1184
1483880 1176
1483890 1176
1483900 1168
1483910 1160
1483920 1160
1483930 1152
1483940 1143
1483950 1143
1483960 1136
1483970 1128
1483980 1128
1483990 1120
1484000 1113
1484010 1106
1484020 1106
1484030 1100
1484040 1095
1484050 1095
1484060 1090
1484070 1084
1484080 1084
1484090 1077
1484100 1070
1484110 1070
1484120 1064
1484130 1057
1484140 1057
1484150 1051
1484160 1044
1484170 1044
1484180 1038
1484190 1032
1484200 1025
1484210 1025
1484220 1019
1484230 1012
1484240 1012
1484250 1007
1484260 1001
1484270 1001
1484280 996
1484290 991
1484300 991
1484310 986
1484320 980
1484330 980
1484340 975
1484350 969
1484360 963
1484370 963
1484380 957
1484390 951
1484400 951
1484410 947
1484420 942
1484430 942
1484440 938
1484450 933
1484460 933
1484470 928
1484480 922
1484490 922
1484500 916
1484510 910
1484520 910
1484530 904
1484540 897
1484550 890
1484560 890
1484570 885
1484580 881
1484590 881
1484600 876
1484610 873
1484620 873
1484630 869
1484640 866
1484650 866
1484660 864
1484670 861
1484680 861
1484690 856
1484700 850
1484710 850
1484720 844
1484730 837
1484740 828
1484750 828
1484760 819
1484770 811
1484780 811
1484790 802
1484800 792
1484810 792
1484820 789
1484830 794
1484840 794
1484850 792
1484860 784
1484870 784
1484880 774
1484890 764
1484900 757
1484910 757
1484920 747
1484930 736
1484940 736
1484950 726
1484960 717
1484970 717
1484980 708
1484990 696
1485000 696
1485010 682
1485020 671
1485030 671
1485040 664
1485050 656
1485060 656
1485070 649
1485080 641
1485090 633
1485100 633
1485110 625
1485120 619
1485130 619
1485140 614
1485150 609
1485160 609
1485170 604
1485180 601
1485190 601
1485200 598
1485210 596
1485220 596
1485230 595
1485240 594
1485250 594
1485260 592
1485270 591
1485280 589
1485290 589
1485300 588
1485310 587
1485320 587
1485330 586
1485340 585
1485350 585
1485360 584
1485370 583
1485380 583
1485390 582
1485400 581
1485410 581
1485420 580
1485430 579
1485440 578
1485450 578
1485460 577
1485470 575
1485480 575
1485490 574
1485500 572
1485510 572
1485520 570
1485530 569
1485540 569
1485550 568
1485560 567
1485570 567
1485580 566
1485590 564
1485600 564
1485610 563
1485620 563
1485630 562
1485640 562
1485650 562
1485660 561
1485670 561
1485680 559
1485690 559
1485700 559
1485710 558
1485720 557
1485730 557
1485740 554
1485750 554
1485760 554
1485770 554
1485780 554
1485790 554
1485800 555
1485810 557
1485820 559
1485830 559
1485840 559
1485850 558
1485860 558
1485870 558
1485880 558
1485890 558
1485900 558
1485910 558
1485920 558
1485930 558
1485940 558
1485950 558
1485960 558
1485970 559
1485980 559
1485990 559
1486000 559
1486010 560
1486020 560
1486030 560
1486040 560
1486050 560
1486060 560
1486070 561
1486080 561
1486090 561
1486100 561
1486110 561
1486120 561
1486130 561
1486140 561
1486150 561
1486160 561
1486170 561
1486180 561
1486190 561
1486200 560
1486210 560
1486220 560
1486230 560
1486240 560
1486250 560
1486260 560
1486270 560
1486280 560
1486290 560
1486300 560
1486310 559
1486320 559
1486330 559
1486340 559
1486350 559
1486360 559
1486370 559
1486380 559
1486390 559
1486400 559
1486410 558
1486420 558
1486430 558
1486440 558
1486450 558
1486460 558
1486470 558
1486480 557
1486490 557
1486500 557
1486510 557
1486520 557
1486530 557
1486540 557
1486550 557
1486560 557
1486570 557
1486580 557
1486590 557
1486600 557
1486610 557
1486620 557
1486630 557
1486640 557
1486650 557
1486660 556
1486670 556
1486680 556
1486690 556
1486700 556
1486710 556
1486720 556
1486730 556
1486740 556
1486750 556
1486760 556
1486770 556
1486780 556
1486790 556
1486800 556
1486810 556
1486820 556
1486830 556
1486840 556
1486850 556
1486860 556
1486870 556
1486880 555
1486890 555
1486900 556
1486910 556
1486920 556
1486930 556
1486940 556
1486950 555
1486960 555
1486970 555
1486980 555
1486990 555
1487000 555
1487010 555
1487020 555
1487030 555
1487040 555
1487050 555
1487060 555
1487070 555
1487080 555
1487090 555
1487100 555
1487110 555
1487120 555
1487130 555
1487140 555
1487150 555
1487160 555
1487170 555
1487180 555
1487190 555
1487200 554
1487210 554
1487220 554
1487230 554
1487240 554
1487250 554
1487260 554
1487270 554
1487280 554
1487290 554
1487300 554
1487310 555
1487320 555
1487330 555
1487340 555
1487350 555
1487360 555
1487370 555
1487380 555
1487390 556
1487400 556
1487410 556
1487420 555
1487430 556
1487440 556
1487450 556
1487460 556
1487470 556
1487480 556
1487490 555
1487500 556
1487510 556
1487520 558
1487530 557
1487540 557
1487550 554
1487560 554
1487570 554
1487580 554
1487590 554
1487600 554
1487610 554
1487620 554
1487630 554
1487640 554
1487650 554
1487660 554
1487670 554
1487680 554
1487690 554
1487700 554
1487710 554
1487720 554
1487730 554
1487740 555
1487750 554
1487760 554
1487770 554
1487780 554
1487790 552
1487800 552
1487810 551
1487820 551
1487830 551
1487840 551
1487850 551
1487860 551
1487870 554
1487880 554
1487890 554
1487900 555
1487910 555
1487920 555
1487930 555
1487940 555
1487950 555
1487960 555
1487970 554
1487980 554
1487990 554
1488000 553
1488010 553
1488020 553
1488030 554
1488040 554
1488050 554
1488060 554
1488070 554
1488080 554
1488090 554
1488100 554
1488110 554
1488120 555
1488130 555
1488140 555
1488150 555
1488160 555
1488170 554
1488180 554
1488190 554
1488200 555
1488210 555
1488220 554
1488230 555
1488240 555
1488250 555
1488260 555
1488270 555
1488280 555
1488290 555
1488300 555
1488310 555
1488320 555
1488330 555
1488340 555
1488350 555
1488360 555
1488370 555
1488380 554
1488390 554
1488400 554
1488410 554
1488420 554
1488430 554
1488440 554
1488450 554
1488460 554
1488470 554
1488480 554
1488490 554
1488500 554
1488510 554
1488520 554
1488530 554
1488540 554
1488550 554
1488560 554
1488570 554
1488580 554
1488590 554
1488600 555
1488610 555
1488620 555
1488630 554
1488640 554
1488650 554
1488660 554
1488670 553
1488680 553
1488690 553
1488700 553
1488710 553
1488720 553
1488730 553
1488740 553
1488750 553
1488760 553
1488770 554
1488780 554
1488790 555
1488800 558
1488810 558
1488820 560
1488830 562
1488840 562
1488850 562
1488860 562
1488870 562
1488880 562
1488890 560
1488900 558
1488910 558
1488920 555
1488930 554
1488940 554
1488950 553
1488960 553
1488970 553
1488980 553
1488990 553
1489000 553
1489010 553
1489020 553
1489030 553
1489040 553
1489050 553
1489060 553
1489070 553
1489080 552
1489090 553
1489100 553
1489110 553
1489120 553
1489130 553
1489140 553
1489150 552
1489160 552
1489170 553
1489180 552
1489190 552
1489200 552
1489210 553
1489220 553
1489230 553
1489240 552
1489250 552
1489260 552
1489270 553
1489280 553
1489290 553
1489300 553
1489310 553
1489320 553
1489330 553
1489340 553
1489350 553
1489360 553
1489370 552
1489380 552
1489390 553
1489400 553
1489410 552
1489420 552
1489430 550
1489440 550
1489450 550
1489460 550
1489470 550
1489480 550
1489490 550
1489500 553
1489510 553
1489520 553
1489530 553
1489540 553
1489550 553
1489560 553
1489570 553
1489580 553
1489590 553
1489600 553
1489610 553
1489620 553
1489630 553
1489640 553
1489650 553
1489660 553
1489670 553
1489680 553
1489690 553
1489700 553
1489710 553
1489720 553
1489730 553
1489740 553
1489750 553
1489760 553
1489770 553
1489780 552
1489790 552
1489800 552
1489810 552
1489820 552
1489830 552
1489840 552
1489850 552
1489860 552
1489870 552
1489880 552
1489890 552
1489900 552
1489910 552
1489920 552
1489930 552
1489940 552
1489950 552
1489960 552
1489970 552
1489980 552
1489990 552
1490000 552
1490010 552
1490020 552
1490030 552
1490040 551
1490050 551
1490060 551
1490070 552
1490080 552
1490090 552
1490100 552
1490110 552
1490120 552
1490130 552
1490140 552
1490150 552
1490160 552
1490170 553
1490180 553
1490190 553
1490200 553
1490210 553
1490220 553
1490230 553
1490240 553
1490250 553
1490260 553
1490270 553
1490280 553
1490290 553
1490300 553
1490310 553
1490320 553
1490330 553
1490340 553
1490350 553
1490360 553
1490370 553
1490380 553
1490390 553
1490400 553
1490410 553
1490420 553
1490430 553
1490440 553
1490450 553
1490460 553
1490470 553
1490480 552
1490490 552
1490500 552
1490510 552
1490520 552
1490530 552
1490540 552
1490550 552
1490560 552
1490570 552
1490580 552
1490590 552
1490600 552
1490610 552
1490620 552
1490630 552
1490640 552
1490650 552
1490660 552
1490670 552
1490680 552
1490690 552
1490700 552
1490710 552
1490720 552
1490730 552
1490740 552
1490750 552
1490760 552
1490770 552
1490780 552
1490790 552
1490800 552
1490810 552
1490820 552
1490830 552
1490840 552
1490850 552
1490860 552
1490870 552
1490880 552
1490890 552
1490900 552
1490910 552
1490920 552
1490930 551
1490940 551
1490950 552
1490960 552
1490970 552
1490980 551
1490990 551
1491000 551
1491010 551
1491020 551
1491030 551
1491040 551
1491050 551
1491060 551
1491070 551
1491080 551
1491090 551
1491100 551
1491110 551
1491120 551
1491130 551
1491140 550
1491150 550
1491160 550
1491170 550
1491180 550
1491190 550
1491200 550
1491210 550
1491220 550
1491230 550
1491240 550
1491250 550
1491260 550
1491270 550
1491280 550
1491290 550
1491300 550
1491310 550
1491320 550
1491330 550
1491340 550
1491350 550
1491360 550
1491370 550
1491380 550
1491390 550
1491400 550
1491410 550
1491420 550
1491430 550
1491440 550
1491450 550
1491460 550
1491470 550
1491480 550
1491490 550
1491500 550
1491510 550
1491520 550
1491530 550
1491540 550
1491550 550
1491560 550
1491570 550
1491580 550
1491590 550
1491600 550
1491610 550
1491620 550
1491630 550
1491640 550
1491650 550
1491660 550
1491670 550
1491680 550
1491690 550
1491700 550
1491710 550
1491720 550
1491730 550
1491740 550
1491750 550
1491760 550
1491770 550
1491780 550
1491790 549
1491800 549
1491810 549
1491820 549
1491830 549
1491840 549
1491850 549
1491860 549
1491870 549
1491880 549
1491890 549
1491900 549
1491910 549
1491920 550
1491930 550
1491940 550
1491950 550
1491960 550
1491970 550
1491980 550
1491990 550
1492000 550
1492010 550
1492020 550
1492030 550
1492040 550
1492050 550
1492060 550
1492070 550
1492080 550
1492090 550
1492100 550
1492110 550
1492120 550
1492130 550
1492140 550
1492150 550
1492160 550
1492170 550
1492180 550
1492190 550
1492200 550
1492210 550
1492220 550
1492230 550
1492240 550
1492250 550
1492260 550
1492270 550
1492280 550
1492290 549
1492300 549
1492310 549
1492320 549
1492330 549
1492340 549
1492350 549
1492360 549
1492370 549
1492380 549
1492390 549
1492400 549
1492410 549
1492420 549
1492430 549
1492440 549
1492450 549
1492460 550
1492470 550
1492480 550
1492490 550
1492500 550
1492510 550
1492520 550
1492530 550
1492540 549
1492550 549
1492560 549
1492570 549
1492580 549
1492590 549
1492600 549
1492610 549
1492620 549
1492630 549
1492640 548
1492650 548
1492660 548
1492670 548
1492680 548
1492690 548
1492700 548
1492710 548
1492720 548
1492730 548
1492740 548
1492750 548
1492760 548
1492770 548
1492780 548
1492790 548
1492800 548
1492810 548
1492820 548
1492830 548
1492840 548
1492850 548
1492860 549
1492870 549
1492880 549
1492890 549
1492900 549
1492910 549
1492920 549
1492930 549
1492940 549
1492950 549
1492960 549
1492970 549
1492980 549
1492990 550
1493000 550
1493010 550
1493020 550
1493030 550
1493040 550
1493050 549
1493060 549
1493070 549
1493080 549
1493090 549
1493100 549
1493110 549
1493120 549
1493130 549
1493140 549
1493150 549
1493160 549
1493170 549
1493180 549
1493190 549
1493200 549
1493210 549
1493220 550
1493230 550
1493240 551
1493250 552
1493260 552
1493270 553
1493280 553
1493290 553
1493300 552
1493310 550
1493320 550
1493330 548
1493340 550
1493350 550
1493360 550
1493370 551
1493380 551
1493390 551
1493400 552
1493410 552
1493420 552
1493430 553
1493440 554
1493450 554
1493460 556
1493470 557
1493480 557
1493490 555
1493500 552
1493510 552
1493520 551
1493530 551
1493540 551
1493550 551
1493560 551
1493570 551
1493580 551
1493590 551
1493600 551
1493610 551
1493620 551
1493630 551
1493640 551
1493650 551
1493660 551
1493670 551
1493680 551
1493690 551
1493700 551
1493710 551
1493720 551
1493730 552
1493740 552
1493750 552
1493760 552
1493770 552
1493780 552
1493790 551
1493800 551
1493810 551
1493820 550
1493830 550
1493840 549
1493850 548
1493860 548
1493870 548
1493880 548
1493890 548
1493900 548
1493910 548
1493920 548
1493930 548
1493940 548
1493950 548
1493960 548
1493970 548
1493980 548
1493990 548
1494000 548
1494010 548
1494020 548
1494030 548
1494040 548
1494050 548
1494060 548
1494070 548
1494080 548
1494090 548
1494100 549
1494110 549
1494120 549
1494130 550
1494140 551
1494150 551
1494160 551
1494170 550
1494180 550
1494190 550
1494200 549
1494210 549
1494220 549
1494230 549
1494240 549
1494250 549
1494260 549
1494270 548
1494280 548
1494290 548
1494300 548
1494310 548
1494320 548
1494330 548
1494340 548
1494350 549
1494360 549
1494370 549
1494380 549
1494390 549
1494400 549
1494410 549
1494420 549
1494430 549
1494440 549
1494450 549
1494460 550
1494470 550
1494480 551
1494490 552
1494500 552
1494510 553
1494520 554
1494530 554
1494540 554
1494550 554
1494560 554
1494570 554
1494580 554
1494590 554
1494600 554
1494610 554
1494620 555
1494630 555
1494640 555
1494650 557
1494660 557
1494670 561
1494680 561
1494690 561
1494700 560
1494710 560
1494720 560
1494730 560
1494740 559
1494750 559
1494760 559
1494770 560
1494780 561
1494790 561
1494800 561
1494810 562
1494820 562
1494830 564
1494840 566
1494850 566
1494860 568
1494870 570
1494880 570
1494890 574
1494900 578
1494910 578
1494920 580
1494930 580
1494940 580
1494950 580
1494960 580
1494970 580
1494980 580
1494990 580
1495000 580
1495010 580
1495020 579
1495030 579
1495040 579
1495050 579
1495060 578
1495070 578
1495080 578
1495090 577
1495100 577
1495110 577
1495120 576
1495130 576
1495140 576
1495150 575
1495160 573
1495170 573
1495180 572
1495190 572
1495200 572
1495210 572
1495220 572
1495230 572
1495240 572
1495250 571
1495260 571
1495270 570
1495280 570
1495290 570
1495300 570
1495310 570
1495320 570
1495330 570
1495340 570
1495350 570
1495360 570
1495370 572
1495380 572
1495390 572
1495400 573
1495410 574
1495420 574
1495430 576
1495440 578
1495450 578
1495460 580
1495470 582
1495480 582
1495490 583
1495500 584
1495510 586
1495520 586
1495530 587
1495540 588
1495550 588
1495560 589
1495570 589
1495580 589
1495590 589
1495600 589
1495610 589
1495620 589
1495630 589
1495640 589
1495650 590
1495660 591
1495670 591
1495680 592
1495690 593
1495700 594
1495710 594
1495720 594
1495730 593
1495740 593
1495750 594
1495760 594
1495770 594
1495780 594
1495790 593
1495800 593
1495810 591
1495820 588
1495830 588
1495840 585
1495850 583
1495860 582
1495870 582
1495880 580
1495890 579
1495900 579
1495910 578
1495920 577
1495930 577
1495940 577
1495950 576
1495960 576
1495970 576
1495980 576
1495990 576
1496000 576
1496010 576
1496020 576
1496030 576
1496040 576
1496050 575
1496060 575
1496070 575
1496080 575
1496090 575
1496100 574
1496110 574
1496120 574
1496130 575
1496140 575
1496150 575
1496160 575
1496170 575
1496180 575
1496190 575
1496200 575
1496210 575
1496220 575
1496230 575
1496240 575
1496250 575
1496260 573
1496270 571
1496280 571
1496290 569
1496300 567
1496310 567
1496320 566
1496330 566
1496340 566
1496350 566
1496360 565
1496370 565
1496380 565
1496390 565
1496400 565
1496410 565
1496420 565
1496430 565
1496440 565
1496450 565
1496460 565
1496470 565
1496480 565
1496490 565
1496500 565
1496510 565
1496520 564
1496530 564
1496540 564
1496550 564
1496560 564
1496570 564
1496580 564
1496590 564
1496600 564
1496610 564
1496620 564
1496630 564
1496640 564
1496650 564
1496660 564
1496670 565
1496680 565
1496690 565
1496700 565
1496710 566
1496720 566
1496730 568
1496740 569
1496750 569
1496760 569
1496770 569
1496780 569
1496790 569
1496800 569
1496810 569
1496820 569
1496830 569
1496840 569
1496850 569
1496860 569
1496870 569
1496880 569
1496890 569
1496900 569
1496910 569
1496920 569
1496930 569
1496940 569
1496950 569
1496960 570
1496970 570
1496980 570
1496990 570
1497000 569
1497010 569
1497020 570
1497030 569
1497040 569
1497050 569
1497060 569
1497070 569
1497080 570
1497090 570
1497100 570
1497110 573
1497120 577
1497130 581
1497140 581
1497150 585
1497160 589
1497170 589
1497180 589
1497190 589
1497200 589
1497210 589
1497220 589
1497230 589
1497240 588
1497250 587
1497260 587
1497270 586
1497280 585
1497290 584
1497300 584
1497310 583
1497320 582
1497330 582
1497340 581
1497350 581
1497360 581
1497370 581
1497380 581
1497390 581
1497400 581
1497410 581
1497420 581
1497430 581
1497440 581
1497450 581
1497460 581
1497470 581
1497480 582
1497490 582
1497500 582
1497510 582
1497520 582
1497530 582
1497540 581
1497550 581
1497560 581
1497570 582
1497580 582
1497590 582
1497600 582
1497610 582
1497620 582
1497630 582
1497640 582
1497650 582
1497660 583
1497670 583
1497680 583
1497690 583
1497700 583
1497710 583
1497720 583
1497730 583
1497740 583
1497750 584
1497760 584
1497770 584
1497780 584
1497790 584
1497800 584
1497810 585
1497820 585
1497830 585
1497840 585
1497850 585
1497860 585
1497870 585
1497880 586
1497890 586
1497900 586
1497910 587
1497920 587
1497930 587
1497940 587
1497950 588
1497960 588
1497970 588
1497980 588
1497990 588
1498000 588
1498010 588
1498020 587
1498030 587
1498040 587
1498050 587
1498060 587
1498070 587
1498080 587
1498090 587
1498100 587
1498110 587
1498120 587
1498130 587
1498140 587
1498150 587
1498160 587
1498170 587
1498180 587
1498190 587
1498200 587
1498210 587
1498220 587
1498230 587
1498240 587
1498250 587
1498260 587
1498270 587
1498280 587
1498290 587
1498300 587
1498310 587
1498320 587
1498330 586
1498340 586
1498350 586
1498360 586
1498370 586
1498380 586
1498390 586
1498400 586
1498410 586
1498420 586
1498430 586
1498440 586
1498450 587
1498460 587
1498470 587
1498480 588
1498490 589
1498500 589
1498510 590
1498520 592
1498530 592
1498540 594
1498550 596
1498560 597
1498570 597
1498580 599
1498590 602
1498600 602
1498610 605
1498620 606
1498630 606
1498640 607
1498650 606
1498660 606
1498670 604
1498680 603
1498690 603
1498700 605
1498710 607
1498720 607
1498730 611
1498740 614
1498750 615
1498760 615
1498770 615
1498780 615
1498790 615
1498800 615
1498810 615
1498820 615
1498830 615
1498840 617
1498850 617
1498860 616
1498870 611
1498880 611
1498890 610
1498900 608
1498910 608
1498920 608
1498930 608
1498940 606
1498950 606
1498960 606
1498970 605
1498980 605
1498990 605
1499000 604
1499010 604
1499020 602
1499030 602
1499040 602
1499050 601
1499060 601
1499070 601
1499080 601
1499090 601
1499100 601
1499110 601
1499120 601
1499130 600
1499140 600
1499150 601
1499160 601
1499170 601
1499180 600
1499190 600
1499200 600
1499210 601
1499220 601
1499230 601
1499240 601
1499250 602
1499260 602
1499270 603
1499280 603
1499290 603
1499300 603
1499310 604
1499320 604
1499330 604
1499340 604
1499350 605
1499360 605
1499370 608
1499380 610
1499390 610
1499400 612
1499410 614
1499420 614
1499430 615
1499440 615
1499450 615
1499460 615
1499470 614
1499480 614
1499490 614
1499500 613
1499510 613
1499520 613
1499530 613
1499540 612
1499550 612
1499560 612
1499570 613
1499580 613
1499590 613
1499600 613
1499610 613
1499620 613
1499630 613
1499640 614
1499650 614
1499660 614
1499670 614
1499680 614
1499690 614
1499700 615
1499710 618
1499720 619
1499730 621
1499740 621
1499750 622
1499760 623
1499770 623
1499780 624
1499790 624
1499800 624
1499810 624
1499820 625
1499830 625
1499840 625
1499850 626
1499860 625
1499870 625
1499880 625
1499890 625
1499900 625
1499910 625
1499920 625
1499930 625
1499940 625
1499950 625
1499960 625
1499970 625
1499980 625
1499990 625
