1480000 1914
1480010 1914
1480020 1914
1480030 1914
1480040 1914
1480050 1914
1480060 1914
1480070 1914
1480080 1914
1480090 1913
1480100 1911
1480110 1911
1480120 1911
1480130 1911
1480140 1911
1480150 1911
1480160 1913
1480170 1913
1480180 1915
1480190 1916
1480200 1918
1480210 1918
1480220 1920
1480230 1921
1480240 1921
1480250 1923
1480260 1924
1480270 1924
1480280 1924
1480290 1924
1480300 1924
1480310 1924
1480320 1923
1480330 1923
1480340 1923
1480350 1923
1480360 1923
1480370 1923
1480380 1925
1480390 1928
1480400 1928
1480410 1931
1480420 1934
1480430 1934
1480440 1936
1480450 1938
1480460 1938
1480470 1939
1480480 1940
1480490 1940
1480500 1943
1480510 1945
1480520 1945
1480530 1947
1480540 1948
1480550 1948
1480560 1950
1480570 1953
1480580 1955
1480590 1955
1480600 1956
1480610 1958
1480620 1958
1480630 1959
1480640 1960
1480650 1960
1480660 1961
1480670 1963
1480680 1963
1480690 1965
1480700 1966
1480710 1966
1480720 1966
1480730 1966
1480740 1964
1480750 1964
1480760 1962
1480770 1961
1480780 1961
1480790 1963
1480800 1965
1480810 1965
1480820 1965
1480830 1964
1480840 1964
1480850 1967
1480860 1967
1480870 1967
1480880 1963
1480890 1958
1480900 1958
1480910 1954
1480920 1953
1480930 1952
1480940 1952
1480950 1947
1480960 1939
1480970 1939
1480980 1932
1480990 1926
1481000 1926
1481010 1925
1481020 1922
1481030 1922
1481040 1922
1481050 1924
1481060 1924
1481070 1927
1481080 1924
1481090 1924
1481100 1919
1481110 1912
1481120 1904
1481130 1904
1481140 1894
1481150 1889
1481160 1889
1481170 1888
1481180 1889
1481190 1889
1481200 1886
1481210 1884
1481220 1884
1481230 1890
1481240 1897
1481250 1897
1481260 1902
1481270 1904
1481280 1896
1481290 1896
1481300 1888
1481310 1880
1481320 1880
1481330 1872
1481340 1865
1481350 1865
1481360 1860
1481370 1854
1481380 1854
1481390 1848
1481400 1843
1481410 1843
1481420 1839
1481430 1836
1481440 1836
1481450 1833
1481460 1828
1481470 1822
1481480 1822
1481490 1826
1481500 1831
1481510 1831
1481520 1835
1481530 1839
1481540 1839
1481550 1844
1481560 1845
1481570 1845
1481580 1844
1481590 1846
1481600 1846
1481610 1849
1481620 1853
1481630 1853
1481640 1858
1481650 1859
1481660 1858
1481670 1858
1481680 1856
1481690 1855
1481700 1855
1481710 1853
1481720 1850
1481730 1850
1481740 1851
1481750 1853
1481760 1853
1481770 1853
1481780 1851
1481790 1851
1481800 1847
1481810 1844
1481820 1844
1481830 1841
1481840 1839
1481850 1837
1481860 1837
1481870 1835
1481880 1832
1481890 1832
1481900 1827
1481910 1822
1481920 1822
1481930 1821
1481940 1822
1481950 1822
1481960 1821
1481970 1821
1481980 1821
1481990 1822
1482000 1823
1482010 1822
1482020 1822
1482030 1822
1482040 1822
1482050 1822
1482060 1821
1482070 1821
1482080 1821
1482090 1819
1482100 1817
1482110 1817
1482120 1814
1482130 1813
1482140 1813
1482150 1813
1482160 1811
1482170 1811
1482180 1809
1482190 1807
1482200 1805
1482210 1805
1482220 1803
1482230 1801
1482240 1801
1482250 1799
1482260 1797
1482270 1797
1482280 1796
1482290 1793
1482300 1793
1482310 1792
1482320 1791
1482330 1791
1482340 1789
1482350 1784
1482360 1784
1482370 1778
1482380 1775
1482390 1772
1482400 1772
1482410 1770
1482420 1768
1482430 1768
1482440 1767
1482450 1766
1482460 1766
1482470 1765
1482480 1764
1482490 1764
1482500 1763
1482510 1762
1482520 1762
1482530 1761
1482540 1761
1482550 1759
1482560 1759
1482570 1755
1482580 1751
1482590 1751
1482600 1749
1482610 1746
1482620 1746
1482630 1744
1482640 1741
1482650 1741
1482660 1739
1482670 1737
1482680 1737
1482690 1734
1482700 1730
1482710 1730
1482720 1726
1482730 1723
1482740 1719
1482750 1719
1482760 1716
1482770 1712
1482780 1712
1482790 1709
1482800 1706
1482810 1706
1482820 1704
1482830 1702
1482840 1702
1482850 1701
1482860 1699
1482870 1699
1482880 1698
1482890 1697
1482900 1697
1482910 1695
1482920 1693
1482930 1691
1482940 1691
1482950 1691
1482960 1690
1482970 1690
1482980 1689
1482990 1688
1483000 1688
1483010 1687
1483020 1686
1483030 1686
1483040 1683
1483050 1679
1483060 1679
1483070 1676
1483080 1672
1483090 1668
1483100 1668
1483110 1663
1483120 1659
1483130 1659
1483140 1655
1483150 1652
1483160 1652
1483170 1649
1483180 1645
1483190 1645
1483200 1640
1483210 1634
1483220 1634
1483230 1630
1483240 1626
1483250 1626
1483260 1623
1483270 1620
1483280 1616
1483290 1616
1483300 1611
1483310 1607
1483320 1607
1483330 1603
1483340 1600
1483350 1600
1483360 1595
1483370 1590
1483380 1590
1483390 1585
1483400 1580
1483410 1580
1483420 1576
1483430 1571
1483440 1571
1483450 1565
1483460 1560
1483470 1554
1483480 1554
1483490 1547
1483500 1541
1483510 1541
1483520 1535
1483530 1529
1483540 1529
1483550 1522
1483560 1515
1483570 1515
1483580 1509
1483590 1501
1483600 1501
1483610 1494
1483620 1488
1483630 1488
1483640 1482
1483650 1476
1483660 1470
1483670 1470
1483680 1463
1483690 1456
1483700 1456
1483710 1448
1483720 1440
1483730 1440
1483740 1434
1483750 1427
1483760 1427
1483770 1421
1483780 1415
1483790 1415
1483800 1408
1483810 1403
1483820 1396
1483830 1396
1483840 1388
1483850 1380
1483860 1380
1483870 1372
1483880 1362
1483890 1362
1483900 1352
1483910 1346
1483920 1346
1483930 1339
1483940 1332
1483950 1332
1483960 1327
1483970 1322
1483980 1322
1483990 1318
1484000 1313
1484010 1308
1484020 1308
1484030 1303
1484040 1298
1484050 1298
1484060 1294
1484070 1291
1484080 1291
1484090 1287
1484100 1284
1484110 1284
1484120 1280
1484130 1275
1484140 1275
1484150 1269
1484160 1265
1484170 1265
1484180 1264
1484190 1261
1484200 1258
1484210 1258
1484220 1256
1484230 1254
1484240 1254
1484250 1251
1484260 1248
1484270 1248
1484280 1245
1484290 1243
1484300 1243
1484310 1240
1484320 1236
1484330 1236
1484340 1231
1484350 1227
1484360 1224
1484370 1224
1484380 1220
1484390 1215
1484400 1215
1484410 1209
1484420 1203
1484430 1203
1484440 1198
1484450 1192
1484460 1192
1484470 1189
1484480 1185
1484490 1185
1484500 1183
1484510 1181
1484520 1181
1484530 1179
1484540 1173
1484550 1168
1484560 1168
1484570 1163
1484580 1156
1484590 1156
1484600 1150
1484610 1147
1484620 1147
1484630 1144
1484640 1140
1484650 1140
1484660 1136
1484670 1132
1484680 1132
1484690 1128
1484700 1122
1484710 1122
1484720 1117
1484730 1114
1484740 1112
1484750 1112
1484760 1109
1484770 1106
1484780 1106
1484790 1103
1484800 1100
1484810 1100
1484820 1098
1484830 1098
1484840 1098
1484850 1098
1484860 1098
1484870 1098
1484880 1097
1484890 1096
1484900 1093
1484910 1093
1484920 1091
1484930 1090
1484940 1090
1484950 1088
1484960 1085
1484970 1085
1484980 1082
1484990 1079
1485000 1079
1485010 1076
1485020 1072
1485030 1072
1485040 1069
1485050 1065
1485060 1065
1485070 1062
1485080 1060
1485090 1058
1485100 1058
1485110 1057
1485120 1056
1485130 1056
1485140 1055
1485150 1053
1485160 1053
1485170 1052
1485180 1049
1485190 1049
1485200 1046
1485210 1044
1485220 1044
1485230 1041
1485240 1037
1485250 1037
1485260 1033
1485270 1030
1485280 1027
1485290 1027
1485300 1024
1485310 1021
1485320 1021
1485330 1019
1485340 1016
1485350 1016
1485360 1014
1485370 1011
1485380 1011
1485390 1008
1485400 1002
1485410 1002
1485420 995
1485430 990
1485440 990
1485450 985
1485460 980
1485470 975
1485480 975
1485490 969
1485500 965
1485510 965
1485520 962
1485530 959
1485540 959
1485550 955
1485560 952
1485570 952
1485580 947
1485590 943
1485600 943
1485610 939
1485620 934
1485630 930
1485640 930
1485650 926
1485660 922
1485670 922
1485680 919
1485690 915
1485700 915
1485710 913
1485720 912
1485730 912
1485740 909
1485750 906
1485760 906
1485770 904
1485780 904
1485790 904
1485800 903
1485810 901
1485820 899
1485830 899
1485840 897
1485850 896
1485860 896
1485870 894
1485880 893
1485890 893
1485900 889
1485910 884
1485920 884
1485930 880
1485940 874
1485950 874
1485960 870
1485970 866
1485980 866
1485990 863
1486000 860
1486010 858
1486020 858
1486030 857
1486040 855
1486050 855
1486060 854
1486070 854
1486080 854
1486090 855
1486100 856
1486110 856
1486120 856
1486130 856
1486140 856
1486150 856
1486160 856
1486170 856
1486180 856
1486190 856
1486200 856
1486210 856
1486220 855
1486230 854
1486240 854
1486250 853
1486260 851
1486270 851
1486280 848
1486290 845
1486300 845
1486310 841
1486320 836
1486330 836
1486340 831
1486350 826
1486360 823
1486370 823
1486380 820
1486390 818
1486400 818
1486410 817
1486420 820
1486430 820
1486440 824
1486450 826
1486460 826
1486470 827
1486480 827
1486490 827
1486500 827
1486510 825
1486520 825
1486530 823
1486540 820
1486550 817
1486560 817
1486570 815
1486580 813
1486590 813
1486600 810
1486610 807
1486620 807
1486630 804
1486640 801
1486650 801
1486660 798
1486670 795
1486680 795
1486690 792
1486700 789
1486710 786
1486720 786
1486730 784
1486740 781
1486750 781
1486760 779
1486770 777
1486780 777
1486790 774
1486800 771
1486810 771
1486820 767
1486830 764
1486840 764
1486850 761
1486860 759
1486870 759
1486880 756
1486890 753
1486900 751
1486910 751
1486920 747
1486930 745
1486940 745
1486950 743
1486960 741
1486970 741
1486980 738
1486990 736
1487000 736
1487010 734
1487020 733
1487030 733
1487040 732
1487050 731
1487060 731
1487070 730
1487080 729
1487090 728
1487100 728
1487110 728
1487120 727
1487130 727
1487140 724
1487150 723
1487160 723
1487170 722
1487180 721
1487190 721
1487200 719
1487210 718
1487220 718
1487230 716
1487240 713
1487250 709
1487260 709
1487270 707
1487280 704
1487290 704
1487300 701
1487310 698
1487320 698
1487330 694
1487340 690
1487350 690
1487360 682
1487370 677
1487380 677
1487390 673
1487400 669
1487410 669
1487420 664
1487430 659
1487440 656
1487450 656
1487460 655
1487470 652
1487480 652
1487490 650
1487500 648
1487510 648
1487520 645
1487530 642
1487540 642
1487550 638
1487560 633
1487570 633
1487580 630
1487590 627
1487600 627
1487610 623
1487620 618
1487630 613
1487640 613
1487650 607
1487660 601
1487670 601
1487680 596
1487690 591
1487700 591
1487710 586
1487720 580
1487730 580
1487740 572
1487750 566
1487760 566
1487770 561
1487780 557
1487790 557
1487800 557
1487810 557
1487820 558
1487830 558
1487840 560
1487850 561
1487860 561
1487870 561
1487880 561
1487890 561
1487900 561
1487910 561
1487920 561
1487930 561
1487940 560
1487950 560
1487960 560
1487970 560
1487980 560
1487990 560
1488000 560
1488010 560
1488020 560
1488030 560
1488040 560
1488050 560
1488060 559
1488070 560
1488080 560
1488090 560
1488100 560
1488110 560
1488120 560
1488130 559
1488140 559
1488150 559
1488160 559
1488170 559
1488180 559
1488190 559
1488200 559
1488210 559
1488220 560
1488230 560
1488240 560
1488250 559
1488260 559
1488270 559
1488280 559
1488290 559
1488300 559
1488310 559
1488320 559
1488330 559
1488340 559
1488350 559
1488360 559
1488370 559
1488380 559
1488390 559
1488400 559
1488410 559
1488420 559
1488430 559
1488440 559
1488450 559
1488460 559
1488470 559
1488480 559
1488490 559
1488500 559
1488510 559
1488520 559
1488530 559
1488540 559
1488550 559
1488560 559
1488570 559
1488580 559
1488590 559
1488600 559
1488610 560
1488620 560
1488630 559
1488640 559
1488650 559
1488660 559
1488670 559
1488680 559
1488690 559
1488700 559
1488710 559
1488720 559
1488730 559
1488740 560
1488750 560
1488760 560
1488770 560
1488780 560
1488790 560
1488800 560
1488810 560
1488820 560
1488830 560
1488840 560
1488850 560
1488860 560
1488870 560
1488880 560
1488890 561
1488900 561
1488910 561
1488920 561
1488930 561
1488940 561
1488950 561
1488960 561
1488970 561
1488980 561
1488990 561
1489000 561
1489010 562
1489020 562
1489030 562
1489040 562
1489050 562
1489060 562
1489070 562
1489080 562
1489090 562
1489100 562
1489110 563
1489120 563
1489130 563
1489140 563
1489150 563
1489160 563
1489170 563
1489180 563
1489190 563
1489200 563
1489210 563
1489220 563
1489230 563
1489240 563
1489250 564
1489260 564
1489270 564
1489280 564
1489290 564
1489300 564
1489310 564
1489320 564
1489330 564
1489340 564
1489350 564
1489360 564
1489370 564
1489380 564
1489390 564
1489400 564
1489410 564
1489420 565
1489430 565
1489440 565
1489450 565
1489460 565
1489470 565
1489480 565
1489490 565
1489500 564
1489510 564
1489520 564
1489530 564
1489540 564
1489550 564
1489560 564
1489570 564
1489580 564
1489590 564
1489600 564
1489610 564
1489620 564
1489630 564
1489640 564
1489650 564
1489660 564
1489670 564
1489680 564
1489690 564
1489700 564
1489710 564
1489720 564
1489730 564
1489740 564
1489750 564
1489760 564
1489770 564
1489780 564
1489790 564
1489800 564
1489810 564
1489820 564
1489830 564
1489840 564
1489850 564
1489860 564
1489870 564
1489880 564
1489890 564
1489900 564
1489910 564
1489920 564
1489930 564
1489940 564
1489950 564
1489960 564
1489970 564
1489980 564
1489990 564
1490000 564
1490010 564
1490020 564
1490030 564
1490040 564
1490050 564
1490060 564
1490070 563
1490080 563
1490090 563
1490100 563
1490110 563
1490120 563
1490130 563
1490140 563
1490150 563
1490160 563
1490170 563
1490180 563
1490190 563
1490200 563
1490210 563
1490220 563
1490230 563
1490240 563
1490250 563
1490260 563
1490270 563
1490280 563
1490290 563
1490300 563
1490310 563
1490320 563
1490330 563
1490340 563
1490350 563
1490360 563
1490370 563
1490380 563
1490390 563
1490400 563
1490410 564
1490420 564
1490430 564
1490440 564
1490450 564
1490460 564
1490470 564
1490480 564
1490490 564
1490500 564
1490510 564
1490520 564
1490530 564
1490540 564
1490550 564
1490560 564
1490570 564
1490580 564
1490590 564
1490600 564
1490610 564
1490620 564
1490630 564
1490640 564
1490650 564
1490660 564
1490670 564
1490680 564
1490690 564
1490700 564
1490710 564
1490720 564
1490730 564
1490740 564
1490750 564
1490760 564
1490770 564
1490780 564
1490790 564
1490800 564
1490810 564
1490820 565
1490830 565
1490840 565
1490850 566
1490860 566
1490870 567
1490880 567
1490890 567
1490900 567
1490910 567
1490920 566
1490930 566
1490940 566
1490950 566
1490960 566
1490970 566
1490980 566
1490990 567
1491000 567
1491010 567
1491020 567
1491030 567
1491040 568
1491050 568
1491060 568
1491070 568
1491080 568
1491090 569
1491100 569
1491110 569
1491120 569
1491130 569
1491140 570
1491150 570
1491160 570
1491170 570
1491180 572
1491190 572
1491200 574
1491210 576
1491220 576
1491230 576
1491240 575
1491250 575
1491260 575
1491270 574
1491280 574
1491290 574
1491300 575
1491310 574
1491320 574
1491330 574
1491340 573
1491350 573
1491360 573
1491370 574
1491380 574
1491390 574
1491400 574
1491410 574
1491420 574
1491430 574
1491440 575
1491450 575
1491460 575
1491470 575
1491480 575
1491490 575
1491500 575
1491510 575
1491520 575
1491530 575
1491540 575
1491550 576
1491560 576
1491570 576
1491580 576
1491590 575
1491600 575
1491610 575
1491620 575
1491630 575
1491640 575
1491650 576
1491660 575
1491670 575
1491680 576
1491690 575
1491700 575
1491710 575
1491720 575
1491730 575
1491740 576
1491750 576
1491760 576
1491770 576
1491780 576
1491790 576
1491800 576
1491810 576
1491820 576
1491830 576
1491840 576
1491850 576
1491860 576
1491870 575
1491880 575
1491890 575
1491900 575
1491910 575
1491920 575
1491930 575
1491940 574
1491950 574
1491960 574
1491970 574
1491980 574
1491990 574
1492000 573
1492010 572
1492020 572
1492030 572
1492040 572
1492050 572
1492060 571
1492070 571
1492080 571
1492090 570
1492100 569
1492110 569
1492120 569
1492130 568
1492140 568
1492150 568
1492160 568
1492170 567
1492180 567
1492190 567
1492200 567
1492210 567
1492220 566
1492230 566
1492240 566
1492250 566
1492260 566
1492270 566
1492280 566
1492290 566
1492300 566
1492310 566
1492320 567
1492330 567
1492340 567
1492350 566
1492360 566
1492370 566
1492380 566
1492390 566
1492400 566
1492410 566
1492420 566
1492430 566
1492440 566
1492450 567
1492460 567
1492470 567
1492480 568
1492490 568
1492500 570
1492510 571
1492520 572
1492530 572
1492540 574
1492550 575
1492560 575
1492570 575
1492580 576
1492590 576
1492600 576
1492610 577
1492620 577
1492630 577
1492640 579
1492650 579
1492660 579
1492670 579
1492680 580
1492690 580
1492700 581
1492710 582
1492720 582
1492730 583
1492740 585
1492750 585
1492760 586
1492770 586
1492780 586
1492790 586
1492800 586
1492810 586
1492820 586
1492830 586
1492840 586
1492850 585
1492860 585
1492870 585
1492880 585
1492890 585
1492900 585
1492910 585
1492920 585
1492930 586
1492940 586
1492950 585
1492960 585
1492970 585
1492980 585
1492990 585
1493000 585
1493010 585
1493020 585
1493030 585
1493040 586
1493050 586
1493060 586
1493070 586
1493080 586
1493090 587
1493100 587
1493110 588
1493120 590
1493130 590
1493140 592
1493150 593
1493160 593
1493170 593
1493180 593
1493190 593
1493200 593
1493210 592
1493220 593
1493230 593
1493240 594
1493250 595
1493260 595
1493270 595
1493280 595
1493290 595
1493300 596
1493310 598
1493320 598
1493330 599
1493340 601
1493350 601
1493360 604
1493370 605
1493380 605
1493390 606
1493400 608
1493410 609
1493420 609
1493430 609
1493440 610
1493450 610
1493460 610
1493470 611
1493480 611
1493490 611
1493500 611
1493510 611
1493520 612
1493530 612
1493540 612
1493550 612
1493560 613
1493570 613
1493580 614
1493590 614
1493600 614
1493610 614
1493620 615
1493630 615
1493640 615
1493650 614
1493660 614
1493670 614
1493680 614
1493690 614
1493700 614
1493710 614
1493720 613
1493730 613
1493740 613
1493750 613
1493760 613
1493770 613
1493780 613
1493790 613
1493800 613
1493810 613
1493820 613
1493830 613
1493840 613
1493850 614
1493860 614
1493870 615
1493880 616
1493890 616
1493900 617
1493910 618
1493920 618
1493930 619
1493940 620
1493950 620
1493960 620
1493970 621
1493980 621
1493990 621
1494000 621
1494010 621
1494020 621
1494030 621
1494040 621
1494050 621
1494060 621
1494070 621
1494080 621
1494090 620
1494100 620
1494110 620
1494120 620
1494130 620
1494140 620
1494150 620
1494160 620
1494170 620
1494180 620
1494190 620
1494200 620
1494210 620
1494220 620
1494230 620
1494240 620
1494250 620
1494260 621
1494270 621
1494280 621
1494290 620
1494300 620
1494310 620
1494320 619
1494330 618
1494340 618
1494350 619
1494360 619
1494370 619
1494380 619
1494390 618
1494400 618
1494410 613
1494420 609
1494430 609
1494440 609
1494450 612
1494460 612
1494470 616
1494480 616
1494490 615
1494500 615
1494510 611
1494520 605
1494530 605
1494540 604
1494550 606
1494560 606
1494570 605
1494580 604
1494590 604
1494600 603
1494610 604
1494620 604
1494630 603
1494640 603
1494650 603
1494660 603
1494670 605
1494680 610
1494690 610
1494700 616
1494710 620
1494720 620
1494730 620
1494740 620
1494750 620
1494760 618
1494770 618
1494780 618
1494790 619
1494800 620
1494810 620
1494820 623
1494830 629
1494840 629
1494850 634
1494860 639
1494870 641
1494880 641
1494890 642
1494900 642
1494910 642
1494920 642
1494930 641
1494940 641
1494950 641
1494960 640
1494970 640
1494980 638
1494990 637
1495000 637
1495010 636
1495020 634
1495030 633
1495040 633
1495050 633
1495060 633
1495070 633
1495080 633
1495090 633
1495100 633
1495110 633
1495120 633
1495130 633
1495140 634
1495150 634
1495160 634
1495170 633
1495180 631
1495190 631
1495200 631
1495210 634
1495220 636
1495230 636
1495240 637
1495250 638
1495260 638
1495270 638
1495280 638
1495290 638
1495300 639
1495310 639
1495320 639
1495330 639
1495340 639
1495350 639
1495360 640
1495370 640
1495380 640
1495390 640
1495400 640
1495410 640
1495420 640
1495430 640
1495440 640
1495450 640
1495460 640
1495470 640
1495480 640
1495490 639
1495500 639
1495510 639
1495520 638
1495530 638
1495540 638
1495550 637
1495560 637
1495570 637
1495580 638
1495590 639
1495600 640
1495610 640
1495620 641
1495630 642
1495640 642
1495650 643
1495660 643
1495670 643
1495680 644
1495690 645
1495700 645
1495710 647
1495720 648
1495730 648
1495740 651
1495750 654
1495760 656
1495770 656
1495780 655
1495790 658
1495800 658
1495810 663
1495820 667
1495830 667
1495840 672
1495850 675
1495860 675
1495870 678
1495880 679
1495890 679
1495900 681
1495910 683
1495920 683
1495930 684
1495940 685
1495950 685
1495960 685
1495970 685
1495980 686
1495990 686
1496000 687
1496010 688
1496020 688
1496030 688
1496040 688
1496050 688
1496060 688
1496070 688
1496080 688
1496090 688
1496100 683
1496110 683
1496120 681
1496130 687
1496140 693
1496150 693
1496160 697
1496170 702
1496180 702
1496190 703
1496200 702
1496210 702
1496220 706
1496230 708
1496240 708
1496250 708
1496260 707
1496270 707
1496280 706
1496290 704
1496300 705
1496310 705
1496320 707
1496330 710
1496340 710
1496350 710
1496360 711
1496370 711
1496380 715
1496390 720
1496400 720
1496410 720
1496420 718
1496430 718
1496440 718
1496450 717
1496460 717
1496470 716
1496480 715
1496490 715
1496500 715
1496510 714
1496520 712
1496530 712
1496540 715
1496550 721
1496560 721
1496570 725
1496580 728
1496590 728
1496600 729
1496610 730
1496620 730
1496630 731
1496640 732
1496650 732
1496660 731
1496670 732
1496680 734
1496690 734
1496700 735
1496710 736
1496720 736
1496730 736
1496740 737
1496750 737
1496760 737
1496770 738
1496780 738
1496790 739
1496800 740
1496810 740
1496820 741
1496830 741
1496840 740
1496850 740
1496860 741
1496870 742
1496880 742
1496890 743
1496900 744
1496910 744
1496920 744
1496930 744
1496940 744
1496950 744
1496960 744
1496970 744
1496980 744
1496990 744
1497000 744
1497010 743
1497020 742
1497030 741
1497040 741
1497050 741
1497060 740
1497070 740
1497080 738
1497090 737
1497100 737
1497110 738
1497120 740
1497130 740
1497140 742
1497150 744
1497160 744
1497170 745
1497180 746
1497190 746
1497200 747
1497210 748
1497220 747
1497230 747
1497240 745
1497250 742
1497260 742
1497270 738
1497280 735
1497290 735
1497300 728
1497310 720
1497320 720
1497330 724
1497340 730
1497350 730
1497360 730
1497370 729
1497380 729
1497390 728
1497400 729
1497410 730
1497420 730
1497430 730
1497440 731
1497450 731
1497460 733
1497470 733
1497480 733
1497490 730
1497500 727
1497510 727
1497520 725
1497530 728
1497540 728
1497550 734
1497560 742
1497570 747
1497580 747
1497590 753
1497600 758
1497610 758
1497620 761
1497630 764
1497640 764
1497650 765
1497660 764
1497670 764
1497680 767
1497690 774
1497700 774
1497710 776
1497720 777
1497730 777
1497740 777
1497750 777
1497760 777
1497770 777
1497780 776
1497790 775
1497800 775
1497810 774
1497820 774
1497830 774
1497840 775
1497850 776
1497860 776
1497870 777
1497880 778
1497890 778
1497900 778
1497910 779
1497920 779
1497930 778
1497940 774
1497950 776
1497960 776
1497970 780
1497980 782
1497990 782
1498000 783
1498010 786
1498020 786
1498030 787
1498040 790
1498050 790
1498060 793
1498070 795
1498080 795
1498090 798
1498100 800
1498110 802
1498120 802
1498130 804
1498140 805
1498150 805
1498160 807
1498170 810
1498180 810
1498190 812
1498200 812
1498210 812
1498220 811
1498230 811
1498240 811
1498250 819
1498260 826
1498270 826
1498280 829
1498290 831
1498300 833
1498310 833
1498320 835
1498330 836
1498340 836
1498350 836
1498360 837
1498370 837
1498380 837
1498390 838
1498400 838
1498410 838
1498420 839
1498430 839
1498440 841
1498450 844
1498460 844
1498470 847
1498480 849
1498490 852
1498500 852
1498510 854
1498520 856
1498530 856
1498540 858
1498550 860
1498560 860
1498570 861
1498580 862
1498590 862
1498600 864
1498610 865
1498620 865
1498630 866
1498640 867
1498650 867
1498660 867
1498670 868
1498680 868
1498690 868
1498700 869
1498710 869
1498720 869
1498730 869
1498740 870
1498750 870
1498760 870
1498770 870
1498780 870
1498790 871
1498800 871
1498810 871
1498820 872
1498830 872
1498840 873
1498850 873
1498860 873
1498870 873
1498880 873
1498890 873
1498900 874
1498910 874
1498920 874
1498930 874
1498940 874
1498950 874
1498960 874
1498970 874
1498980 874
1498990 874
1499000 874
1499010 874
1499020 874
1499030 874
1499040 874
1499050 877
1499060 879
1499070 879
1499080 880
1499090 881
1499100 881
1499110 881
1499120 882
1499130 882
1499140 882
1499150 882
1499160 882
1499170 883
1499180 883
1499190 883
1499200 884
1499210 885
1499220 888
1499230 888
1499240 889
1499250 890
1499260 890
1499270 891
1499280 892
1499290 892
1499300 893
1499310 893
1499320 893
1499330 893
1499340 893
1499350 893
1499360 893
1499370 893
1499380 894
1499390 894
1499400 894
1499410 893
1499420 893
1499430 892
1499440 889
1499450 889
1499460 888
1499470 889
1499480 889
1499490 889
1499500 890
1499510 890
1499520 891
1499530 891
1499540 891
1499550 891
1499560 892
1499570 892
1499580 892
1499590 893
1499600 894
1499610 894
1499620 895
1499630 897
1499640 897
1499650 898
1499660 900
1499670 900
1499680 902
1499690 904
1499700 904
1499710 905
1499720 906
1499730 906
1499740 906
1499750 907
1499760 909
1499770 909
1499780 910
1499790 912
1499800 912
1499810 914
1499820 915
1499830 915
1499840 916
1499850 918
1499860 918
1499870 919
1499880 920
1499890 920
1499900 921
1499910 921
1499920 922
1499930 922
1499940 922
1499950 922
1499960 922
1499970 922
1499980 923
1499990 923
