1480000 1106
1480010 1106
1480020 1106
1480030 1106
1480040 1106
1480050 1106
1480060 1106
1480070 1104
1480080 1104
1480090 1103
1480100 1102
1480110 1099
1480120 1099
1480130 1097
1480140 1095
1480150 1095
1480160 1094
1480170 1095
1480180 1095
1480190 1095
1480200 1095
1480210 1095
1480220 1095
1480230 1095
1480240 1095
1480250 1095
1480260 1097
1480270 1097
1480280 1098
1480290 1099
1480300 1099
1480310 1099
1480320 1098
1480330 1097
1480340 1097
1480350 1095
1480360 1091
1480370 1091
1480380 1087
1480390 1083
1480400 1083
1480410 1080
1480420 1076
1480430 1076
1480440 1071
1480450 1065
1480460 1065
1480470 1059
1480480 1054
1480490 1050
1480500 1050
1480510 1045
1480520 1043
1480530 1043
1480540 1038
1480550 1035
1480560 1035
1480570 1032
1480580 1031
1480590 1031
1480600 1028
1480610 1026
1480620 1026
1480630 1023
1480640 1019
1480650 1019
1480660 1015
1480670 1008
1480680 1005
1480690 1005
1480700 1007
1480710 1007
1480720 1007
1480730 1002
1480740 996
1480750 996
1480760 989
1480770 982
1480780 982
1480790 977
1480800 975
1480810 975
1480820 973
1480830 966
1480840 966
1480850 957
1480860 956
1480870 961
1480880 961
1480890 968
1480900 975
1480910 975
1480920 983
1480930 990
1480940 990
1480950 993
1480960 993
1480970 993
1480980 993
1480990 993
1481000 993
1481010 992
1481020 991
1481030 991
1481040 991
1481050 991
1481060 990
1481070 990
1481080 990
1481090 989
1481100 989
1481110 987
1481120 986
1481130 986
1481140 983
1481150 981
1481160 981
1481170 978
1481180 976
1481190 976
1481200 973
1481210 971
1481220 969
1481230 969
1481240 967
1481250 965
1481260 965
1481270 963
1481280 963
1481290 963
1481300 962
1481310 958
1481320 958
1481330 955
1481340 950
1481350 950
1481360 947
1481370 943
1481380 943
1481390 940
1481400 938
1481410 936
1481420 936
1481430 933
1481440 931
1481450 931
1481460 930
1481470 929
1481480 929
1481490 928
1481500 927
1481510 927
1481520 925
1481530 923
1481540 923
1481550 921
1481560 919
1481570 919
1481580 917
1481590 916
1481600 913
1481610 913
1481620 911
1481630 909
1481640 909
1481650 907
1481660 905
1481670 905
1481680 902
1481690 898
1481700 898
1481710 895
1481720 892
1481730 892
1481740 889
1481750 886
1481760 886
1481770 883
1481780 879
1481790 876
1481800 876
1481810 874
1481820 871
1481830 871
1481840 868
1481850 864
1481860 864
1481870 860
1481880 856
1481890 856
1481900 851
1481910 845
1481920 845
1481930 839
1481940 834
1481950 834
1481960 830
1481970 825
1481980 822
1481990 822
1482000 819
1482010 816
1482020 816
1482030 812
1482040 808
1482050 808
1482060 805
1482070 801
1482080 801
1482090 797
1482100 793
1482110 793
1482120 786
1482130 781
1482140 776
1482150 776
1482160 770
1482170 765
1482180 765
1482190 760
1482200 754
1482210 754
1482220 749
1482230 743
1482240 743
1482250 738
1482260 732
1482270 732
1482280 725
1482290 721
1482300 721
1482310 716
1482320 712
1482330 707
1482340 707
1482350 703
1482360 696
1482370 696
1482380 691
1482390 689
1482400 689
1482410 686
1482420 682
1482430 682
1482440 678
1482450 674
1482460 674
1482470 671
1482480 667
1482490 667
1482500 663
1482510 660
1482520 657
1482530 657
1482540 655
1482550 653
1482560 653
1482570 652
1482580 651
1482590 651
1482600 652
1482610 654
1482620 654
1482630 655
1482640 656
1482650 656
1482660 656
1482670 657
1482680 657
1482690 657
1482700 658
1482710 659
1482720 659
1482730 660
1482740 660
1482750 660
1482760 661
1482770 662
1482780 662
1482790 663
1482800 663
1482810 663
1482820 663
1482830 663
1482840 663
1482850 662
1482860 661
1482870 661
1482880 660
1482890 659
1482900 658
1482910 658
1482920 657
1482930 655
1482940 655
1482950 653
1482960 652
1482970 652
1482980 651
1482990 650
1483000 650
1483010 649
1483020 648
1483030 648
1483040 647
1483050 646
1483060 645
1483070 645
1483080 644
1483090 643
1483100 643
1483110 643
1483120 643
1483130 643
1483140 643
1483150 643
1483160 643
1483170 642
1483180 642
1483190 642
1483200 641
1483210 641
1483220 641
1483230 641
1483240 641
1483250 641
1483260 641
1483270 641
1483280 641
1483290 641
1483300 641
1483310 640
1483320 640
1483330 639
1483340 639
1483350 639
1483360 639
1483370 639
1483380 639
1483390 638
1483400 638
1483410 638
1483420 638
1483430 638
1483440 637
1483450 637
1483460 637
1483470 636
1483480 636
1483490 635
1483500 635
1483510 635
1483520 635
1483530 634
1483540 634
1483550 634
1483560 634
1483570 634
1483580 633
1483590 632
1483600 632
1483610 632
1483620 631
1483630 630
1483640 630
1483650 630
1483660 629
1483670 629
1483680 628
1483690 628
1483700 628
1483710 627
1483720 627
1483730 627
1483740 626
1483750 625
1483760 625
1483770 625
1483780 624
1483790 624
1483800 623
1483810 622
1483820 622
1483830 622
1483840 621
1483850 620
1483860 620
1483870 619
1483880 618
1483890 618
1483900 616
1483910 617
1483920 617
1483930 616
1483940 616
1483950 616
1483960 615
1483970 613
1483980 612
1483990 612
1484000 611
1484010 610
1484020 610
1484030 609
1484040 608
1484050 608
1484060 608
1484070 607
1484080 607
1484090 606
1484100 606
1484110 606
1484120 605
1484130 605
1484140 605
1484150 604
1484160 603
1484170 603
1484180 603
1484190 601
1484200 601
1484210 601
1484220 600
1484230 600
1484240 600
1484250 600
1484260 599
1484270 599
1484280 598
1484290 597
1484300 597
1484310 596
1484320 596
1484330 596
1484340 596
1484350 596
1484360 596
1484370 596
1484380 596
1484390 596
1484400 596
1484410 596
1484420 596
1484430 596
1484440 596
1484450 596
1484460 596
1484470 596
1484480 596
1484490 596
1484500 596
1484510 596
1484520 596
1484530 596
1484540 596
1484550 596
1484560 596
1484570 596
1484580 596
1484590 596
1484600 596
1484610 598
1484620 598
1484630 599
1484640 600
1484650 600
1484660 601
1484670 607
1484680 607
1484690 612
1484700 616
1484710 616
1484720 617
1484730 617
1484740 618
1484750 618
1484760 619
1484770 617
1484780 617
1484790 616
1484800 616
1484810 616
1484820 617
1484830 616
1484840 616
1484850 616
1484860 616
1484870 616
1484880 616
1484890 620
1484900 620
1484910 624
1484920 627
1484930 631
1484940 631
1484950 636
1484960 642
1484970 642
1484980 648
1484990 653
1485000 653
1485010 657
1485020 660
1485030 660
1485040 661
1485050 659
1485060 659
1485070 659
1485080 660
1485090 662
1485100 662
1485110 664
1485120 666
1485130 666
1485140 670
1485150 674
1485160 674
1485170 676
1485180 677
1485190 677
1485200 679
1485210 680
1485220 680
1485230 682
1485240 683
1485250 683
1485260 684
1485270 687
1485280 689
1485290 689
1485300 691
1485310 693
1485320 693
1485330 694
1485340 695
1485350 695
1485360 695
1485370 695
1485380 695
1485390 696
1485400 695
1485410 695
1485420 695
1485430 695
1485440 695
1485450 697
1485460 701
1485470 705
1485480 705
1485490 707
1485500 707
1485510 707
1485520 707
1485530 707
1485540 707
1485550 707
1485560 707
1485570 707
1485580 709
1485590 711
1485600 711
1485610 712
1485620 713
1485630 713
1485640 714
1485650 715
1485660 714
1485670 714
1485680 714
1485690 713
1485700 713
1485710 715
1485720 716
1485730 716
1485740 711
1485750 701
1485760 701
1485770 700
1485780 703
1485790 703
1485800 709
1485810 712
1485820 712
1485830 711
1485840 707
1485850 710
1485860 710
1485870 716
1485880 721
1485890 721
1485900 728
1485910 736
1485920 736
1485930 743
1485940 750
1485950 750
1485960 755
1485970 754
1485980 754
1485990 751
1486000 748
1486010 745
1486020 745
1486030 743
1486040 741
1486050 741
1486060 741
1486070 742
1486080 742
1486090 747
1486100 753
1486110 753
1486120 758
1486130 764
1486140 764
1486150 770
1486160 776
1486170 776
1486180 781
1486190 787
1486200 792
1486210 792
1486220 798
1486230 804
1486240 804
1486250 810
1486260 816
1486270 816
1486280 819
1486290 819
1486300 819
1486310 820
1486320 824
1486330 824
1486340 828
1486350 831
1486360 831
1486370 831
1486380 830
1486390 830
1486400 830
1486410 831
1486420 831
1486430 831
1486440 832
1486450 834
1486460 834
1486470 836
1486480 839
1486490 839
1486500 840
1486510 841
1486520 841
1486530 844
1486540 847
1486550 847
1486560 849
1486570 851
1486580 854
1486590 854
1486600 856
1486610 858
1486620 858
1486630 861
1486640 863
1486650 863
1486660 866
1486670 868
1486680 868
1486690 871
1486700 873
1486710 873
1486720 875
1486730 878
1486740 878
1486750 881
1486760 883
1486770 884
1486780 884
1486790 887
1486800 890
1486810 890
1486820 893
1486830 896
1486840 896
1486850 899
1486860 901
1486870 901
1486880 905
1486890 908
1486900 908
1486910 912
1486920 916
1486930 920
1486940 920
1486950 925
1486960 931
1486970 931
1486980 938
1486990 947
1487000 947
1487010 954
1487020 960
1487030 960
1487040 965
1487050 971
1487060 971
1487070 975
1487080 981
1487090 981
1487100 987
1487110 992
1487120 997
1487130 997
1487140 1002
1487150 1008
1487160 1008
1487170 1014
1487180 1017
1487190 1017
1487200 1020
1487210 1023
1487220 1023
1487230 1026
1487240 1029
1487250 1029
1487260 1032
1487270 1034
1487280 1034
1487290 1035
1487300 1037
1487310 1040
1487320 1040
1487330 1043
1487340 1045
1487350 1045
1487360 1047
1487370 1048
1487380 1048
1487390 1049
1487400 1050
1487410 1050
1487420 1051
1487430 1052
1487440 1052
1487450 1052
1487460 1053
1487470 1053
1487480 1052
1487490 1053
1487500 1054
1487510 1054
1487520 1054
1487530 1055
1487540 1055
1487550 1056
1487560 1057
1487570 1057
1487580 1059
1487590 1060
1487600 1060
1487610 1060
1487620 1061
1487630 1061
1487640 1062
1487650 1064
1487660 1064
1487670 1066
1487680 1069
1487690 1072
1487700 1072
1487710 1074
1487720 1077
1487730 1077
1487740 1080
1487750 1085
1487760 1085
1487770 1092
1487780 1099
1487790 1099
1487800 1104
1487810 1109
1487820 1109
1487830 1113
1487840 1118
1487850 1123
1487860 1123
1487870 1128
1487880 1132
1487890 1132
1487900 1135
1487910 1137
1487920 1137
1487930 1140
1487940 1144
1487950 1144
1487960 1148
1487970 1151
1487980 1151
1487990 1153
1488000 1156
1488010 1156
1488020 1159
1488030 1160
1488040 1158
1488050 1158
1488060 1160
1488070 1170
1488080 1170
1488090 1175
1488100 1180
1488110 1180
1488120 1184
1488130 1185
1488140 1185
1488150 1189
1488160 1190
1488170 1190
1488180 1187
1488190 1181
1488200 1181
1488210 1174
1488220 1166
1488230 1158
1488240 1158
1488250 1151
1488260 1145
1488270 1145
1488280 1137
1488290 1129
1488300 1129
1488310 1121
1488320 1113
1488330 1113
1488340 1104
1488350 1094
1488360 1094
1488370 1084
1488380 1074
1488390 1074
1488400 1065
1488410 1057
1488420 1051
1488430 1051
1488440 1045
1488450 1039
1488460 1039
1488470 1032
1488480 1024
1488490 1024
1488500 1016
1488510 1009
1488520 1009
1488530 1011
1488540 1017
1488550 1017
1488560 1025
1488570 1033
1488580 1033
1488590 1040
1488600 1047
1488610 1055
1488620 1055
1488630 1062
1488640 1068
1488650 1068
1488660 1074
1488670 1081
1488680 1081
1488690 1088
1488700 1095
1488710 1095
1488720 1104
1488730 1113
1488740 1113
1488750 1125
1488760 1136
1488770 1145
1488780 1145
1488790 1154
1488800 1163
1488810 1163
1488820 1174
1488830 1185
1488840 1185
1488850 1194
1488860 1200
1488870 1200
1488880 1212
1488890 1221
1488900 1221
1488910 1228
1488920 1233
1488930 1233
1488940 1238
1488950 1243
1488960 1248
1488970 1248
1488980 1253
1488990 1255
1489000 1255
1489010 1259
1489020 1264
1489030 1264
1489040 1268
1489050 1272
1489060 1272
1489070 1277
1489080 1282
1489090 1282
1489100 1287
1489110 1292
1489120 1292
1489130 1293
1489140 1297
1489150 1302
1489160 1302
1489170 1304
1489180 1306
1489190 1306
1489200 1307
1489210 1307
1489220 1307
1489230 1307
1489240 1307
1489250 1307
1489260 1306
1489270 1306
1489280 1306
1489290 1306
1489300 1306
1489310 1306
1489320 1305
1489330 1303
1489340 1302
1489350 1302
1489360 1302
1489370 1302
1489380 1302
1489390 1302
1489400 1303
1489410 1303
1489420 1304
1489430 1301
1489440 1301
1489450 1294
1489460 1285
1489470 1285
1489480 1278
1489490 1272
1489500 1272
1489510 1270
1489520 1271
1489530 1272
1489540 1272
1489550 1272
1489560 1271
1489570 1271
1489580 1268
1489590 1264
1489600 1264
1489610 1258
1489620 1251
1489630 1251
1489640 1245
1489650 1241
1489660 1241
1489670 1240
1489680 1239
1489690 1239
1489700 1237
1489710 1231
1489720 1224
1489730 1224
1489740 1218
1489750 1215
1489760 1215
1489770 1213
1489780 1210
1489790 1210
1489800 1207
1489810 1206
1489820 1206
1489830 1199
1489840 1190
1489850 1190
1489860 1183
1489870 1176
1489880 1169
1489890 1169
1489900 1160
1489910 1151
1489920 1151
1489930 1147
1489940 1144
1489950 1144
1489960 1139
1489970 1133
1489980 1133
1489990 1128
1490000 1120
1490010 1120
1490020 1114
1490030 1104
1490040 1104
1490050 1097
1490060 1098
1490070 1107
1490080 1107
1490090 1118
1490100 1129
1490110 1129
1490120 1142
1490130 1156
1490140 1156
1490150 1166
1490160 1174
1490170 1174
1490180 1184
1490190 1195
1490200 1195
1490210 1204
1490220 1213
1490230 1213
1490240 1219
1490250 1225
1490260 1231
1490270 1231
1490280 1236
1490290 1243
1490300 1243
1490310 1251
1490320 1257
1490330 1257
1490340 1264
1490350 1271
1490360 1271
1490370 1277
1490380 1283
1490390 1283
1490400 1292
1490410 1305
1490420 1305
1490430 1314
1490440 1324
1490450 1333
1490460 1333
1490470 1340
1490480 1344
1490490 1344
1490500 1344
1490510 1343
1490520 1343
1490530 1342
1490540 1339
1490550 1339
1490560 1333
1490570 1327
1490580 1327
1490590 1321
1490600 1320
1490610 1320
1490620 1321
1490630 1320
1490640 1317
1490650 1317
1490660 1313
1490670 1308
1490680 1308
1490690 1304
1490700 1301
1490710 1301
1490720 1298
1490730 1290
1490740 1290
1490750 1289
1490760 1301
1490770 1301
1490780 1312
1490790 1322
1490800 1331
1490810 1331
1490820 1342
1490830 1352
1490840 1352
1490850 1363
1490860 1376
1490870 1376
1490880 1388
1490890 1403
1490900 1403
1490910 1415
1490920 1418
1490930 1418
1490940 1421
1490950 1423
1490960 1423
1490970 1424
1490980 1424
1490990 1424
1491000 1424
1491010 1425
1491020 1426
1491030 1426
1491040 1427
1491050 1427
1491060 1427
1491070 1427
1491080 1427
1491090 1427
1491100 1426
1491110 1425
1491120 1425
1491130 1425
1491140 1424
1491150 1424
1491160 1423
1491170 1423
1491180 1424
1491190 1424
1491200 1426
1491210 1428
1491220 1428
1491230 1429
1491240 1430
1491250 1430
1491260 1430
1491270 1430
1491280 1430
1491290 1430
1491300 1430
1491310 1430
1491320 1430
1491330 1430
1491340 1430
1491350 1429
1491360 1429
1491370 1429
1491380 1429
1491390 1430
1491400 1431
1491410 1431
1491420 1432
1491430 1433
1491440 1433
1491450 1433
1491460 1433
1491470 1433
1491480 1432
1491490 1431
1491500 1431
1491510 1432
1491520 1433
1491530 1433
1491540 1433
1491550 1431
1491560 1427
1491570 1427
1491580 1422
1491590 1416
1491600 1416
1491610 1411
1491620 1406
1491630 1406
1491640 1402
1491650 1401
1491660 1401
1491670 1409
1491680 1418
1491690 1418
1491700 1424
1491710 1429
1491720 1429
1491730 1433
1491740 1437
1491750 1439
1491760 1439
1491770 1442
1491780 1443
1491790 1443
1491800 1443
1491810 1443
1491820 1443
1491830 1445
1491840 1446
1491850 1446
1491860 1448
1491870 1448
1491880 1448
1491890 1449
1491900 1451
1491910 1454
1491920 1454
1491930 1458
1491940 1461
1491950 1461
1491960 1464
1491970 1466
1491980 1466
1491990 1469
1492000 1472
1492010 1472
1492020 1474
1492030 1476
1492040 1476
1492050 1477
1492060 1480
1492070 1480
1492080 1482
1492090 1484
1492100 1485
1492110 1485
1492120 1486
1492130 1487
1492140 1487
1492150 1488
1492160 1487
1492170 1487
1492180 1485
1492190 1484
1492200 1484
1492210 1482
1492220 1480
1492230 1480
1492240 1477
1492250 1476
1492260 1476
1492270 1474
1492280 1473
1492290 1473
1492300 1473
1492310 1474
1492320 1475
1492330 1475
1492340 1476
1492350 1477
1492360 1477
1492370 1480
1492380 1482
1492390 1482
1492400 1484
1492410 1485
1492420 1485
1492430 1485
1492440 1485
1492450 1485
1492460 1484
1492470 1485
1492480 1487
1492490 1487
1492500 1489
1492510 1491
1492520 1491
1492530 1494
1492540 1497
1492550 1497
1492560 1499
1492570 1499
1492580 1499
1492590 1500
1492600 1499
1492610 1499
1492620 1500
1492630 1502
1492640 1502
1492650 1502
1492660 1505
1492670 1509
1492680 1509
1492690 1513
1492700 1516
1492710 1516
1492720 1519
1492730 1522
1492740 1522
1492750 1525
1492760 1529
1492770 1529
1492780 1532
1492790 1534
1492800 1534
1492810 1536
1492820 1538
1492830 1539
1492840 1539
1492850 1541
1492860 1543
1492870 1543
1492880 1545
1492890 1546
1492900 1546
1492910 1548
1492920 1549
1492930 1549
1492940 1549
1492950 1551
1492960 1551
1492970 1552
1492980 1555
1492990 1555
1493000 1556
1493010 1557
1493020 1557
1493030 1557
1493040 1556
1493050 1556
1493060 1556
1493070 1556
1493080 1556
1493090 1556
1493100 1559
1493110 1562
1493120 1562
1493130 1564
1493140 1564
1493150 1564
1493160 1564
1493170 1563
1493180 1563
1493190 1561
1493200 1562
1493210 1563
1493220 1563
1493230 1565
1493240 1566
1493250 1566
1493260 1569
1493270 1573
1493280 1573
1493290 1577
1493300 1583
1493310 1583
1493320 1591
1493330 1595
1493340 1595
1493350 1602
1493360 1609
1493370 1609
1493380 1616
1493390 1621
1493400 1627
1493410 1627
1493420 1631
1493430 1633
1493440 1633
1493450 1637
1493460 1640
1493470 1640
1493480 1642
1493490 1646
1493500 1646
1493510 1650
1493520 1653
1493530 1653
1493540 1656
1493550 1659
1493560 1659
1493570 1663
1493580 1668
1493590 1674
1493600 1674
1493610 1678
1493620 1682
1493630 1682
1493640 1686
1493650 1690
1493660 1690
1493670 1693
1493680 1697
1493690 1697
1493700 1699
1493710 1700
1493720 1700
1493730 1702
1493740 1703
1493750 1703
1493760 1704
1493770 1710
1493780 1717
1493790 1717
1493800 1724
1493810 1730
1493820 1730
1493830 1731
1493840 1733
1493850 1733
1493860 1733
1493870 1735
1493880 1735
1493890 1736
1493900 1742
1493910 1742
1493920 1746
1493930 1748
1493940 1745
1493950 1745
1493960 1739
1493970 1734
1493980 1734
1493990 1727
1494000 1720
1494010 1720
1494020 1713
1494030 1706
1494040 1706
1494050 1699
1494060 1693
1494070 1693
1494080 1688
1494090 1682
1494100 1682
1494110 1676
1494120 1670
1494130 1664
1494140 1664
1494150 1659
1494160 1652
1494170 1652
1494180 1645
1494190 1639
1494200 1639
1494210 1632
1494220 1626
1494230 1626
1494240 1620
1494250 1615
1494260 1615
1494270 1610
1494280 1605
1494290 1605
1494300 1596
1494310 1584
1494320 1574
1494330 1574
1494340 1565
1494350 1556
1494360 1556
1494370 1547
1494380 1537
1494390 1537
1494400 1527
1494410 1518
1494420 1518
1494430 1510
1494440 1502
1494450 1502
1494460 1493
1494470 1485
1494480 1485
1494490 1477
1494500 1468
1494510 1461
1494520 1461
1494530 1455
1494540 1449
1494550 1449
1494560 1442
1494570 1436
1494580 1436
1494590 1430
1494600 1425
1494610 1425
1494620 1419
1494630 1414
1494640 1414
1494650 1409
1494660 1403
1494670 1403
1494680 1399
1494690 1397
1494700 1393
1494710 1393
1494720 1390
1494730 1386
1494740 1386
1494750 1382
1494760 1377
1494770 1377
1494780 1374
1494790 1371
1494800 1371
1494810 1368
1494820 1365
1494830 1365
1494840 1363
1494850 1360
1494860 1358
1494870 1358
1494880 1355
1494890 1352
1494900 1352
1494910 1349
1494920 1346
1494930 1346
1494940 1342
1494950 1340
1494960 1340
1494970 1337
1494980 1334
1494990 1334
1495000 1328
1495010 1323
1495020 1323
1495030 1316
1495040 1310
1495050 1304
1495060 1304
1495070 1299
1495080 1297
1495090 1297
1495100 1296
1495110 1296
1495120 1296
1495130 1299
1495140 1303
1495150 1303
1495160 1308
1495170 1313
1495180 1313
1495190 1321
1495200 1329
1495210 1329
1495220 1334
1495230 1338
1495240 1340
1495250 1340
1495260 1344
1495270 1347
1495280 1347
1495290 1351
1495300 1355
1495310 1355
1495320 1358
1495330 1361
1495340 1361
1495350 1365
1495360 1368
1495370 1368
1495380 1372
1495390 1375
1495400 1375
1495410 1376
1495420 1377
1495430 1382
1495440 1382
1495450 1387
1495460 1391
1495470 1391
1495480 1395
1495490 1398
1495500 1398
1495510 1402
1495520 1405
1495530 1405
1495540 1408
1495550 1412
1495560 1412
1495570 1414
1495580 1418
1495590 1418
1495600 1422
1495610 1426
1495620 1429
1495630 1429
1495640 1433
1495650 1435
1495660 1435
1495670 1436
1495680 1436
1495690 1436
1495700 1436
1495710 1437
1495720 1437
1495730 1436
1495740 1434
1495750 1434
1495760 1431
1495770 1427
1495780 1423
1495790 1423
1495800 1419
1495810 1415
1495820 1415
1495830 1410
1495840 1405
1495850 1405
1495860 1400
1495870 1394
1495880 1394
1495890 1387
1495900 1381
1495910 1381
1495920 1375
1495930 1370
1495940 1370
1495950 1365
1495960 1361
1495970 1352
1495980 1352
1495990 1342
1496000 1335
1496010 1335
1496020 1329
1496030 1321
1496040 1321
1496050 1314
1496060 1310
1496070 1310
1496080 1303
1496090 1298
1496100 1298
1496110 1293
1496120 1287
1496130 1287
1496140 1281
1496150 1278
1496160 1286
1496170 1286
1496180 1296
1496190 1309
1496200 1309
1496210 1319
1496220 1327
1496230 1327
1496240 1335
1496250 1342
1496260 1342
1496270 1349
1496280 1357
1496290 1357
1496300 1364
1496310 1371
1496320 1371
1496330 1376
1496340 1382
1496350 1387
1496360 1387
1496370 1392
1496380 1396
1496390 1396
1496400 1401
1496410 1405
1496420 1405
1496430 1410
1496440 1415
1496450 1415
1496460 1421
1496470 1426
1496480 1426
1496490 1430
1496500 1435
1496510 1435
1496520 1438
1496530 1441
1496540 1443
1496550 1443
1496560 1444
1496570 1444
1496580 1444
1496590 1443
1496600 1443
1496610 1443
1496620 1443
1496630 1441
1496640 1441
1496650 1440
1496660 1438
1496670 1438
1496680 1436
1496690 1434
1496700 1434
1496710 1433
1496720 1432
1496730 1429
1496740 1429
1496750 1426
1496760 1425
1496770 1425
1496780 1424
1496790 1423
1496800 1423
1496810 1421
1496820 1420
1496830 1420
1496840 1420
1496850 1423
1496860 1423
1496870 1425
1496880 1424
1496890 1423
1496900 1423
1496910 1422
1496920 1422
1496930 1422
1496940 1422
1496950 1423
1496960 1423
1496970 1424
1496980 1425
1496990 1425
1497000 1424
1497010 1424
1497020 1424
1497030 1423
1497040 1421
1497050 1421
1497060 1421
1497070 1423
1497080 1427
1497090 1427
1497100 1431
1497110 1435
1497120 1435
1497130 1442
1497140 1450
1497150 1450
1497160 1458
1497170 1463
1497180 1463
1497190 1467
1497200 1470
1497210 1470
1497220 1473
1497230 1480
1497240 1480
1497250 1490
1497260 1497
1497270 1504
1497280 1504
1497290 1512
1497300 1522
1497310 1522
1497320 1531
1497330 1538
1497340 1538
1497350 1549
1497360 1558
1497370 1558
1497380 1562
1497390 1564
1497400 1564
1497410 1563
1497420 1562
1497430 1562
1497440 1563
1497450 1566
1497460 1570
1497470 1570
1497480 1574
1497490 1576
1497500 1576
1497510 1577
1497520 1579
1497530 1579
1497540 1582
1497550 1584
1497560 1584
1497570 1588
1497580 1590
1497590 1590
1497600 1589
1497610 1586
1497620 1586
1497630 1583
1497640 1579
1497650 1576
1497660 1576
1497670 1572
1497680 1568
1497690 1568
1497700 1563
1497710 1558
1497720 1558
1497730 1553
1497740 1549
1497750 1549
1497760 1544
1497770 1538
1497780 1538
1497790 1533
1497800 1528
1497810 1522
1497820 1522
1497830 1517
1497840 1512
1497850 1512
1497860 1507
1497870 1501
1497880 1501
1497890 1495
1497900 1489
1497910 1489
1497920 1484
1497930 1478
1497940 1478
1497950 1474
1497960 1473
1497970 1473
1497980 1470
1497990 1468
1498000 1468
1498010 1468
1498020 1469
1498030 1470
1498040 1470
1498050 1471
1498060 1471
1498070 1471
1498080 1470
1498090 1468
1498100 1468
1498110 1466
1498120 1465
1498130 1465
1498140 1464
1498150 1462
1498160 1462
1498170 1461
1498180 1458
1498190 1455
1498200 1455
1498210 1454
1498220 1454
1498230 1454
1498240 1453
1498250 1451
1498260 1451
1498270 1449
1498280 1447
1498290 1447
1498300 1444
1498310 1442
1498320 1442
1498330 1441
1498340 1440
1498350 1440
1498360 1438
1498370 1437
1498380 1435
1498390 1435
1498400 1432
1498410 1428
1498420 1428
1498430 1425
1498440 1421
1498450 1421
1498460 1417
1498470 1413
1498480 1413
1498490 1409
1498500 1404
1498510 1404
1498520 1400
1498530 1395
1498540 1395
1498550 1390
1498560 1385
1498570 1380
1498580 1380
1498590 1374
1498600 1370
1498610 1370
1498620 1365
1498630 1361
1498640 1361
1498650 1357
1498660 1353
1498670 1353
1498680 1349
1498690 1343
1498700 1343
1498710 1338
1498720 1333
1498730 1327
1498740 1327
1498750 1320
1498760 1314
1498770 1314
1498780 1308
1498790 1303
1498800 1303
1498810 1301
1498820 1301
1498830 1301
1498840 1304
1498850 1306
1498860 1306
1498870 1307
1498880 1307
1498890 1307
1498900 1307
1498910 1306
1498920 1304
1498930 1304
1498940 1301
1498950 1298
1498960 1298
1498970 1296
1498980 1293
1498990 1293
1499000 1292
1499010 1289
1499020 1289
1499030 1285
1499040 1283
1499050 1283
1499060 1282
1499070 1278
1499080 1278
1499090 1272
1499100 1268
1499110 1267
1499120 1267
1499130 1262
1499140 1261
1499150 1261
1499160 1265
1499170 1267
1499180 1267
1499190 1271
1499200 1274
1499210 1274
1499220 1278
1499230 1279
1499240 1279
1499250 1279
1499260 1278
1499270 1278
1499280 1276
1499290 1271
1499300 1266
1499310 1266
1499320 1260
1499330 1254
1499340 1254
1499350 1249
1499360 1242
1499370 1242
1499380 1235
1499390 1232
1499400 1232
1499410 1236
1499420 1240
1499430 1240
1499440 1242
1499450 1245
1499460 1245
1499470 1248
1499480 1250
1499490 1252
1499500 1252
1499510 1252
1499520 1253
1499530 1253
1499540 1253
1499550 1253
1499560 1253
1499570 1251
1499580 1251
1499590 1251
1499600 1251
1499610 1250
1499620 1250
1499630 1248
1499640 1247
1499650 1246
1499660 1246
1499670 1246
1499680 1245
1499690 1245
1499700 1245
1499710 1245
1499720 1245
1499730 1244
1499740 1243
1499750 1243
1499760 1242
1499770 1240
1499780 1240
1499790 1240
1499800 1239
1499810 1239
1499820 1239
1499830 1240
1499840 1240
1499850 1240
1499860 1240
1499870 1240
1499880 1240
1499890 1240
1499900 1240
1499910 1240
1499920 1239
1499930 1240
1499940 1240
1499950 1240
1499960 1240
1499970 1240
1499980 1240
1499990 1241
