1480000 1172
1480010 1173
1480020 1174
1480030 1174
1480040 1175
1480050 1176
1480060 1176
1480070 1177
1480080 1177
1480090 1177
1480100 1177
1480110 1176
1480120 1176
1480130 1176
1480140 1175
1480150 1175
1480160 1174
1480170 1174
1480180 1174
1480190 1174
1480200 1173
1480210 1173
1480220 1173
1480230 1171
1480240 1169
1480250 1169
1480260 1168
1480270 1168
1480280 1168
1480290 1170
1480300 1172
1480310 1172
1480320 1174
1480330 1171
1480340 1171
1480350 1166
1480360 1159
1480370 1159
1480380 1153
1480390 1149
1480400 1144
1480410 1144
1480420 1141
1480430 1137
1480440 1137
1480450 1134
1480460 1132
1480470 1132
1480480 1130
1480490 1127
1480500 1127
1480510 1123
1480520 1119
1480530 1119
1480540 1116
1480550 1113
1480560 1113
1480570 1109
1480580 1103
1480590 1100
1480600 1100
1480610 1094
1480620 1089
1480630 1089
1480640 1085
1480650 1080
1480660 1080
1480670 1075
1480680 1072
1480690 1072
1480700 1069
1480710 1066
1480720 1066
1480730 1063
1480740 1061
1480750 1061
1480760 1056
1480770 1051
1480780 1047
1480790 1047
1480800 1043
1480810 1037
1480820 1037
1480830 1032
1480840 1028
1480850 1028
1480860 1022
1480870 1016
1480880 1016
1480890 1011
1480900 1005
1480910 1005
1480920 1000
1480930 996
1480940 996
1480950 992
1480960 990
1480970 988
1480980 988
1480990 986
1481000 984
1481010 984
1481020 980
1481030 976
1481040 976
1481050 973
1481060 969
1481070 969
1481080 963
1481090 946
1481100 946
1481110 932
1481120 924
1481130 924
1481140 921
1481150 916
1481160 913
1481170 913
1481180 915
1481190 916
1481200 916
1481210 917
1481220 923
1481230 923
1481240 932
1481250 945
1481260 945
1481270 955
1481280 963
1481290 963
1481300 970
1481310 977
1481320 977
1481330 984
1481340 992
1481350 999
1481360 999
1481370 1007
1481380 1014
1481390 1014
1481400 1022
1481410 1029
1481420 1029
1481430 1034
1481440 1038
1481450 1038
1481460 1044
1481470 1051
1481480 1051
1481490 1063
1481500 1072
1481510 1072
1481520 1074
1481530 1077
1481540 1083
1481550 1083
1481560 1090
1481570 1095
1481580 1095
1481590 1102
1481600 1107
1481610 1107
1481620 1112
1481630 1116
1481640 1116
1481650 1125
1481660 1134
1481670 1134
1481680 1140
1481690 1144
1481700 1144
1481710 1148
1481720 1152
1481730 1157
1481740 1157
1481750 1163
1481760 1169
1481770 1169
1481780 1176
1481790 1183
1481800 1183
1481810 1190
1481820 1198
1481830 1198
1481840 1206
1481850 1215
1481860 1215
1481870 1223
1481880 1232
1481890 1232
1481900 1241
1481910 1248
1481920 1255
1481930 1255
1481940 1263
1481950 1272
1481960 1272
1481970 1280
1481980 1286
1481990 1286
1482000 1292
1482010 1298
1482020 1298
1482030 1304
1482040 1310
1482050 1310
1482060 1316
1482070 1321
1482080 1325
1482090 1325
1482100 1330
1482110 1335
1482120 1335
1482130 1340
1482140 1346
1482150 1346
1482160 1351
1482170 1356
1482180 1356
1482190 1362
1482200 1367
1482210 1367
1482220 1372
1482230 1377
1482240 1377
1482250 1382
1482260 1387
1482270 1392
1482280 1392
1482290 1396
1482300 1400
1482310 1400
1482320 1404
1482330 1409
1482340 1409
1482350 1414
1482360 1418
1482370 1418
1482380 1422
1482390 1426
1482400 1426
1482410 1431
1482420 1435
1482430 1435
1482440 1440
1482450 1444
1482460 1448
1482470 1448
1482480 1451
1482490 1455
1482500 1455
1482510 1458
1482520 1461
1482530 1461
1482540 1465
1482550 1468
1482560 1468
1482570 1471
1482580 1475
1482590 1475
1482600 1478
1482610 1482
1482620 1482
1482630 1486
1482640 1489
1482650 1493
1482660 1493
1482670 1497
1482680 1500
1482690 1500
1482700 1505
1482710 1509
1482720 1509
1482730 1513
1482740 1518
1482750 1518
1482760 1523
1482770 1527
1482780 1527
1482790 1531
1482800 1534
1482810 1534
1482820 1536
1482830 1539
1482840 1540
1482850 1540
1482860 1541
1482870 1542
1482880 1542
1482890 1544
1482900 1545
1482910 1545
1482920 1546
1482930 1547
1482940 1547
1482950 1550
1482960 1552
1482970 1552
1482980 1555
1482990 1557
1483000 1557
1483010 1557
1483020 1559
1483030 1561
1483040 1561
1483050 1563
1483060 1565
1483070 1565
1483080 1567
1483090 1570
1483100 1570
1483110 1572
1483120 1573
1483130 1573
1483140 1574
1483150 1576
1483160 1576
1483170 1577
1483180 1579
1483190 1579
1483200 1580
1483210 1582
1483220 1583
1483230 1583
1483240 1584
1483250 1584
1483260 1584
1483270 1585
1483280 1586
1483290 1586
1483300 1587
1483310 1588
1483320 1588
1483330 1587
1483340 1582
1483350 1582
1483360 1576
1483370 1571
1483380 1571
1483390 1565
1483400 1559
1483410 1555
1483420 1555
1483430 1555
1483440 1556
1483450 1556
1483460 1558
1483470 1560
1483480 1560
1483490 1561
1483500 1563
1483510 1563
1483520 1563
1483530 1564
1483540 1564
1483550 1565
1483560 1568
1483570 1568
1483580 1569
1483590 1567
1483600 1566
1483610 1566
1483620 1566
1483630 1569
1483640 1569
1483650 1571
1483660 1571
1483670 1571
1483680 1574
1483690 1580
1483700 1580
1483710 1585
1483720 1591
1483730 1591
1483740 1597
1483750 1603
1483760 1603
1483770 1608
1483780 1611
1483790 1612
1483800 1612
1483810 1613
1483820 1614
1483830 1614
1483840 1616
1483850 1619
1483860 1619
1483870 1621
1483880 1623
1483890 1623
1483900 1626
1483910 1630
1483920 1630
1483930 1635
1483940 1641
1483950 1641
1483960 1648
1483970 1654
1483980 1662
1483990 1662
1484000 1670
1484010 1679
1484020 1679
1484030 1685
1484040 1691
1484050 1691
1484060 1697
1484070 1703
1484080 1703
1484090 1709
1484100 1715
1484110 1715
1484120 1718
1484130 1720
1484140 1720
1484150 1722
1484160 1724
1484170 1726
1484180 1726
1484190 1728
1484200 1730
1484210 1730
1484220 1732
1484230 1733
1484240 1733
1484250 1737
1484260 1740
1484270 1740
1484280 1744
1484290 1748
1484300 1748
1484310 1751
1484320 1754
1484330 1754
1484340 1758
1484350 1763
1484360 1768
1484370 1768
1484380 1772
1484390 1777
1484400 1777
1484410 1783
1484420 1789
1484430 1789
1484440 1795
1484450 1801
1484460 1801
1484470 1809
1484480 1817
1484490 1817
1484500 1826
1484510 1834
1484520 1834
1484530 1842
1484540 1850
1484550 1858
1484560 1858
1484570 1868
1484580 1880
1484590 1880
1484600 1891
1484610 1902
1484620 1902
1484630 1910
1484640 1913
1484650 1913
1484660 1915
1484670 1917
1484680 1917
1484690 1918
1484700 1921
1484710 1921
1484720 1926
1484730 1934
1484740 1942
1484750 1942
1484760 1943
1484770 1940
1484780 1940
1484790 1935
1484800 1928
1484810 1928
1484820 1922
1484830 1916
1484840 1916
1484850 1910
1484860 1903
1484870 1903
1484880 1897
1484890 1892
1484900 1892
1484910 1887
1484920 1881
1484930 1872
1484940 1872
1484950 1861
1484960 1850
1484970 1850
1484980 1840
1484990 1831
1485000 1831
1485010 1823
1485020 1815
1485030 1815
1485040 1808
1485050 1802
1485060 1802
1485070 1797
1485080 1790
1485090 1790
1485100 1784
1485110 1777
1485120 1771
1485130 1771
1485140 1765
1485150 1758
1485160 1758
1485170 1750
1485180 1743
1485190 1743
1485200 1735
1485210 1727
1485220 1727
1485230 1718
1485240 1710
1485250 1710
1485260 1702
1485270 1694
1485280 1688
1485290 1688
1485300 1682
1485310 1674
1485320 1674
1485330 1666
1485340 1658
1485350 1658
1485360 1651
1485370 1643
1485380 1643
1485390 1637
1485400 1632
1485410 1632
1485420 1627
1485430 1620
1485440 1620
1485450 1612
1485460 1599
1485470 1590
1485480 1590
1485490 1586
1485500 1580
1485510 1580
1485520 1575
1485530 1570
1485540 1570
1485550 1566
1485560 1563
1485570 1563
1485580 1560
1485590 1556
1485600 1556
1485610 1553
1485620 1551
1485630 1551
1485640 1548
1485650 1545
1485660 1542
1485670 1542
1485680 1539
1485690 1538
1485700 1538
1485710 1534
1485720 1529
1485730 1529
1485740 1526
1485750 1521
1485760 1521
1485770 1517
1485780 1512
1485790 1512
1485800 1508
1485810 1508
1485820 1508
1485830 1508
1485840 1505
1485850 1508
1485860 1508
1485870 1515
1485880 1517
1485890 1517
1485900 1518
1485910 1520
1485920 1520
1485930 1522
1485940 1526
1485950 1526
1485960 1530
1485970 1530
1485980 1530
1485990 1528
1486000 1527
1486010 1527
1486020 1529
1486030 1531
1486040 1535
1486050 1535
1486060 1540
1486070 1545
1486080 1545
1486090 1552
1486100 1559
1486110 1559
1486120 1564
1486130 1570
1486140 1570
1486150 1575
1486160 1581
1486170 1581
1486180 1587
1486190 1593
1486200 1593
1486210 1599
1486220 1605
1486230 1612
1486240 1612
1486250 1619
1486260 1626
1486270 1626
1486280 1634
1486290 1640
1486300 1640
1486310 1647
1486320 1654
1486330 1654
1486340 1662
1486350 1671
1486360 1671
1486370 1680
1486380 1689
1486390 1689
1486400 1696
1486410 1703
1486420 1710
1486430 1710
1486440 1717
1486450 1724
1486460 1724
1486470 1730
1486480 1736
1486490 1736
1486500 1744
1486510 1752
1486520 1752
1486530 1761
1486540 1770
1486550 1770
1486560 1776
1486570 1784
1486580 1784
1486590 1791
1486600 1801
1486610 1809
1486620 1809
1486630 1816
1486640 1820
1486650 1820
1486660 1825
1486670 1829
1486680 1829
1486690 1833
1486700 1836
1486710 1836
1486720 1840
1486730 1844
1486740 1844
1486750 1847
1486760 1851
1486770 1851
1486780 1853
1486790 1856
1486800 1858
1486810 1858
1486820 1860
1486940 1866
1486950 1866
1486960 1866
1486970 1865
1486980 1864
1486990 1863
1487000 1863
1487010 1862
1487020 1861
1487030 1861
1487040 1860
1487050 1860
1487060 1860
1487070 1860
1487080 1859
1487090 1859
1487100 1859
1487110 1858
1487120 1858
1487130 1857
1487140 1856
1487150 1856
1487160 1856
1487170 1856
1487180 1856
1487190 1856
1487200 1854
1487210 1854
1487220 1854
1487230 1854
1487240 1854
1487250 1854
1487260 1854
1487270 1854
1487280 1854
1487290 1855
1487300 1856
1487310 1856
1487320 1857
1487330 1859
1487340 1859
1487350 1862
1487360 1862
1487370 1860
1487380 1860
1487390 1859
1487400 1859
1487410 1859
1487420 1859
1487430 1860
1487440 1860
1487450 1863
1487460 1866
1487470 1866
1487480 1870
1487490 1874
1487500 1874
1487510 1876
1487520 1878
1487530 1878
1487540 1881
1487550 1883
1487560 1884
1487570 1884
1487580 1885
1487590 1885
1487600 1885
1487610 1884
1487620 1884
1487630 1884
1487640 1884
1487650 1884
1487660 1884
1487670 1885
1487680 1886
1487690 1886
1487700 1887
1487710 1888
1487720 1888
1487730 1889
1487740 1892
1487750 1895
1487760 1895
1487770 1897
1487780 1900
1487790 1900
1487800 1904
1487810 1907
1487820 1907
1487830 1910
1487840 1912
1487850 1912
1487860 1913
1487870 1913
1487880 1913
1487890 1914
1487900 1916
1487910 1916
1487920 1918
1487930 1921
1487940 1924
1487950 1924
1487960 1927
1487970 1928
1487980 1928
1487990 1931
1488000 1934
1488010 1934
1488020 1936
1488030 1937
1488040 1937
1488050 1938
1488060 1939
1488070 1939
1488080 1943
1488090 1946
1488100 1946
1488110 1948
1488120 1948
1488130 1949
1488140 1949
1488150 1950
1488160 1952
1488170 1952
1488180 1956
1488190 1962
1488200 1962
1488210 1966
1488220 1968
1488230 1968
1488240 1970
1488250 1974
1488260 1974
1488270 1981
1488280 1984
1488290 1984
1488300 1987
1488310 1991
1488320 1995
1488330 1995
1488340 2000
1488350 2004
1488360 2004
1488370 2009
1488380 2013
1488390 2013
1488400 2019
1488410 2024
1488420 2024
1488430 2029
1488440 2034
1488450 2034
1488460 2040
1488470 2045
1488480 2050
1488490 2050
1488500 2058
1488510 2074
1488520 2074
1488530 2086
1488540 2095
1488550 2095
1488560 2104
1488570 2113
1488580 2113
1488590 2119
1488600 2118
1488610 2118
1488620 2119
1488630 2123
1488640 2123
1488650 2128
1488660 2134
1488670 2141
1488680 2141
1488690 2147
1488700 2155
1488710 2155
1488720 2162
1488730 2168
1488740 2168
1488750 2176
1488760 2183
1488770 2183
1488780 2190
1488790 2196
1488800 2196
1488810 2201
1488820 2206
1488830 2206
1488840 2213
1488850 2219
1488860 2226
1488870 2226
1488880 2233
1488890 2239
1488900 2239
1488910 2245
1488920 2252
1488930 2252
1488940 2258
1488950 2264
1488960 2264
1488970 2272
1488980 2284
1488990 2284
1489000 2293
1489010 2305
1489020 2305
1489030 2316
1489040 2324
1489050 2332
1489060 2332
1489070 2341
1489080 2353
1489090 2353
1489100 2364
1489110 2371
1489120 2371
1489130 2379
1489140 2387
1489150 2387
1489160 2393
1489170 2400
1489180 2400
1489190 2405
1489200 2406
1489210 2406
1489220 2403
1489230 2399
1489240 2394
1489250 2394
1489260 2388
1489270 2382
1489280 2382
1489290 2376
1489300 2369
1489310 2369
1489320 2362
1489330 2356
1489340 2356
1489350 2350
1489360 2346
1489370 2346
1489380 2341
1489390 2335
1489400 2335
1489410 2329
1489420 2325
1489430 2319
1489440 2319
1489450 2312
1489460 2306
1489470 2306
1489480 2295
1489490 2285
1489500 2285
1489510 2273
1489520 2266
1489530 2266
1489540 2260
1489550 2254
1489560 2254
1489570 2248
1489580 2245
1489590 2245
1489600 2238
1489610 2227
1489620 2221
1489630 2221
1489640 2219
1489650 2219
1489660 2219
1489670 2219
1489680 2219
1489690 2219
1489700 2217
1489710 2214
1489720 2214
1489730 2214
1489740 2215
1489750 2215
1489760 2218
1489770 2220
1489780 2220
1489790 2216
1489800 2209
1489810 2208
1489820 2208
1489830 2211
1489840 2215
1489850 2215
1489860 2219
1489870 2223
1489880 2223
1489890 2226
1489900 2226
1489910 2226
1489920 2226
1489930 2224
1489940 2224
1489950 2219
1489960 2212
1489970 2212
1489980 2208
1489990 2207
1490000 2208
1490010 2208
1490020 2208
1490030 2209
1490040 2209
1490050 2210
1490060 2212
1490070 2212
1490080 2212
1490090 2213
1490100 2213
1490110 2209
1490120 2202
1490130 2202
1490140 2198
1490150 2196
1490160 2196
1490170 2194
1490180 2194
1490190 2195
1490200 2195
1490210 2196
1490220 2196
1490230 2196
1490240 2196
1490250 2195
1490260 2195
1490270 2191
1490280 2187
1490290 2187
1490300 2182
1490310 2179
1490320 2179
1490330 2178
1490340 2178
1490350 2178
1490360 2178
1490370 2179
1490380 2180
1490390 2180
1490400 2181
1490410 2182
1490420 2182
1490430 2183
1490440 2182
1490450 2182
1490460 2179
1490470 2177
1490480 2177
1490490 2177
1490500 2179
1490510 2179
1490520 2182
1490530 2185
1490540 2185
1490550 2188
1490560 2191
1490570 2194
1490580 2194
1490590 2195
1490600 2195
1490610 2195
1490620 2197
1490630 2201
1490640 2201
1490650 2207
1490660 2213
1490670 2213
1490680 2219
1490690 2222
1490700 2222
1490710 2223
1490720 2224
1490730 2224
1490740 2224
1490750 2223
1490760 2223
1490770 2223
1490780 2223
1490790 2221
1490800 2221
1490810 2218
1490820 2212
1490830 2212
1490840 2209
1490850 2207
1490860 2207
1490870 2202
1490880 2199
1490890 2199
1490900 2196
1490910 2193
1490920 2193
1490930 2193
1490940 2191
1490950 2186
1490960 2186
1490970 2180
1490980 2174
1490990 2174
1491000 2168
1491010 2163
1491020 2163
1491030 2158
1491040 2154
1491050 2154
1491060 2151
1491070 2150
1491080 2150
1491090 2151
1491100 2151
1491110 2151
1491120 2151
1491130 2150
1491140 2151
1491150 2151
1491160 2153
1491170 2152
1491180 2152
1491190 2151
1491200 2149
1491210 2149
1491220 2147
1491230 2144
1491240 2144
1491250 2142
1491260 2140
1491270 2140
1491280 2138
1491290 2136
1491300 2136
1491310 2133
1491320 2130
1491330 2129
1491340 2129
1491350 2130
1491360 2132
1491370 2132
1491380 2133
1491390 2135
1491400 2135
1491410 2138
1491420 2142
1491430 2142
1491440 2146
1491450 2148
1491460 2148
1491470 2147
1491480 2146
1491490 2146
1491500 2145
1491510 2144
1491520 2142
1491530 2142
1491540 2131
1491550 2121
1491560 2121
1491570 2110
1491580 2101
1491590 2101
1491600 2093
1491610 2084
1491620 2084
1491630 2077
1491640 2070
1491650 2070
1491660 2064
1491670 2059
1491680 2059
1491690 2053
1491700 2046
1491710 2040
1491720 2040
1491730 2033
1491740 2025
1491750 2025
1491760 2016
1491770 2008
1491780 2008
1491790 2000
1491800 1990
1491810 1990
1491820 1979
1491830 1970
1491840 1970
1491850 1961
1491860 1952
1491870 1944
1491880 1944
1491890 1933
1491900 1926
1491910 1926
1491920 1918
1491930 1911
1491940 1911
1491950 1904
1491960 1896
1491970 1896
1491980 1889
1491990 1883
1492000 1883
1492010 1876
1492020 1870
1492030 1870
1492040 1864
1492050 1858
1492060 1853
1492070 1853
1492080 1848
1492090 1843
1492100 1843
1492110 1838
1492120 1834
1492130 1834
1492140 1831
1492150 1827
1492160 1827
1492170 1823
1492180 1823
1492190 1823
1492200 1826
1492210 1826
1492220 1826
1492230 1826
1492240 1826
1492250 1827
1492260 1827
1492270 1828
1492280 1831
1492290 1831
1492300 1832
1492310 1832
1492320 1832
1492330 1832
1492340 1833
1492350 1833
1492360 1835
1492370 1837
1492380 1837
1492390 1840
1492400 1843
1492410 1843
1492420 1845
1492430 1848
1492440 1851
1492450 1851
1492460 1855
1492470 1859
1492480 1859
1492490 1862
1492500 1866
1492510 1866
1492520 1870
1492530 1875
1492540 1875
1492550 1881
1492560 1887
1492570 1887
1492580 1893
1492590 1898
1492600 1898
1492610 1904
1492620 1910
1492630 1916
1492640 1916
1492650 1921
1492660 1926
1492670 1926
1492680 1931
1492690 1937
1492700 1937
1492710 1943
1492720 1950
1492730 1950
1492740 1955
1492750 1960
1492760 1960
1492770 1965
1492780 1969
1492790 1969
1492800 1973
1492810 1977
1492820 1981
1492830 1981
1492840 1984
1492850 1987
1492860 1987
1492870 1990
1492880 1993
1492890 1993
1492900 1999
1492910 2004
1492920 2004
1492930 2008
1492940 2010
1492950 2010
1492960 2013
1492970 2015
1492980 2015
1492990 2019
1493000 2025
1493010 2033
1493020 2033
1493030 2038
1493040 2043
1493050 2043
1493060 2049
1493070 2056
1493080 2056
1493090 2067
1493100 2077
1493110 2077
1493120 2085
1493130 2093
1493140 2093
1493150 2100
1493160 2104
1493170 2104
1493180 2107
1493190 2113
1493200 2120
1493210 2120
1493220 2128
1493230 2136
1493240 2136
1493250 2142
1493260 2147
1493270 2147
1493280 2152
1493290 2155
1493300 2155
1493310 2157
1493320 2158
1493330 2158
1493340 2160
1493350 2161
1493360 2161
1493370 2160
1493380 2161
1493390 2161
1493400 2161
1493410 2161
1493420 2167
1493430 2167
1493440 2172
1493450 2177
1493460 2177
1493470 2180
1493480 2184
1493490 2184
1493500 2188
1493510 2190
1493520 2190
1493530 2194
1493540 2201
1493550 2201
1493560 2208
1493570 2213
1493580 2218
1493590 2218
1493600 2221
1493610 2222
1493620 2222
1493630 2225
1493640 2231
1493650 2231
1493660 2239
1493670 2250
1493680 2250
1493690 2256
1493700 2263
1493710 2263
1493720 2272
1493730 2281
1493740 2281
1493750 2288
1493760 2296
1493770 2303
1493780 2303
1493790 2313
1493800 2325
1493810 2325
1493820 2341
1493830 2361
1493840 2361
1493850 2367
1493860 2366
1493870 2366
1493880 2365
1493890 2365
1493900 2365
1493910 2368
1493920 2374
1493930 2374
1493940 2378
1493950 2384
1493960 2395
1493970 2395
1493980 2408
1493990 2424
1494000 2424
1494010 2428
1494020 2425
1494030 2425
1494040 2423
1494050 2421
1494060 2421
1494070 2420
1494080 2417
1494090 2417
1494100 2415
1494110 2412
1494120 2412
1494130 2410
1494140 2410
1494150 2415
1494160 2415
1494170 2417
1494180 2418
1494190 2418
1494200 2417
1494210 2416
1494220 2416
1494230 2420
1494240 2426
1494250 2426
1494260 2434
1494270 2444
1494280 2444
1494290 2445
1494300 2444
1494310 2444
1494320 2445
1494330 2450
1494340 2457
1494350 2457
1494360 2462
1494370 2465
1494380 2465
1494390 2469
1494400 2473
1494410 2473
1494420 2477
1494430 2481
1494440 2481
1494450 2485
1494460 2488
1494470 2488
1494480 2492
1494490 2496
1494500 2496
1494510 2500
1494520 2504
1494530 2507
1494540 2507
1494550 2509
1494560 2513
1494570 2513
1494580 2517
1494590 2521
1494600 2521
1494610 2525
1494620 2527
1494630 2527
1494640 2530
1494650 2533
1494660 2533
1494670 2536
1494680 2539
1494690 2539
1494700 2543
1494710 2546
1494720 2549
1494730 2549
1494740 2552
1494750 2555
1494760 2555
1494770 2558
1494780 2560
1494790 2560
1494800 2562
1494810 2564
1494820 2564
1494830 2565
1494840 2565
1494850 2565
1494860 2563
1494870 2558
1494880 2558
1494890 2549
1494900 2543
1494910 2541
1494920 2541
1494930 2546
1494940 2546
1494950 2546
1494960 2543
1494970 2540
1494980 2540
1494990 2539
1495000 2547
1495010 2547
1495020 2557
1495030 2561
1495040 2561
1495050 2560
1495060 2559
1495070 2559
1495080 2557
1495090 2557
1495100 2556
1495110 2556
1495120 2553
1495130 2550
1495140 2550
1495150 2546
1495160 2541
1495170 2541
1495180 2538
1495190 2533
1495200 2533
1495210 2529
1495220 2525
1495230 2525
1495240 2522
1495250 2520
1495260 2517
1495270 2517
1495280 2514
1495290 2512
1495300 2512
1495310 2509
1495320 2508
1495330 2508
1495340 2506
1495350 2505
1495360 2505
1495370 2504
1495380 2503
1495390 2503
1495400 2501
1495410 2501
1495420 2501
1495430 2500
1495440 2500
1495450 2501
1495460 2501
1495470 2502
1495480 2504
1495490 2504
1495500 2505
1495510 2505
1495520 2505
1495530 2504
1495540 2505
1495550 2505
1495560 2505
1495570 2506
1495580 2506
1495590 2507
1495600 2507
1495610 2507
1495620 2508
1495630 2510
1495640 2511
1495650 2511
1495660 2513
1495670 2514
1495680 2514
1495690 2515
1495700 2516
1495710 2516
1495720 2516
1495730 2516
1495740 2516
1495750 2515
1495760 2516
1495770 2516
1495780 2515
1495790 2515
1495800 2515
1495810 2514
1495820 2510
1495830 2502
1495840 2502
1495850 2493
1495860 2485
1495870 2485
1495880 2475
1495890 2456
1495900 2456
1495910 2429
1495920 2415
1495930 2415
1495940 2407
1495950 2401
1495960 2401
1495970 2395
1495980 2389
1495990 2389
1496000 2383
1496010 2378
1496020 2372
1496030 2372
1496040 2367
1496050 2362
1496060 2362
1496070 2357
1496080 2353
1496090 2353
1496100 2350
1496110 2347
1496120 2347
1496130 2345
1496140 2344
1496150 2344
1496160 2345
1496170 2347
1496180 2347
1496190 2349
1496200 2351
1496210 2354
1496220 2354
1496230 2359
1496240 2366
1496250 2366
1496260 2369
1496270 2374
1496280 2374
1496290 2381
1496300 2390
1496310 2390
1496320 2406
1496330 2422
1496340 2422
1496350 2429
1496360 2436
1496370 2436
1496380 2444
1496390 2447
1496400 2446
1496410 2446
1496420 2444
1496430 2441
1496440 2441
1496450 2438
1496460 2434
1496470 2434
1496480 2427
1496490 2404
1496500 2404
1496510 2396
1496520 2392
1496530 2392
1496540 2387
1496550 2383
1496560 2383
1496570 2379
1496580 2377
1496590 2375
1496600 2375
1496610 2369
1496620 2365
1496630 2365
1496640 2365
1496650 2364
1496660 2364
1496670 2362
1496680 2357
1496690 2357
1496700 2354
1496710 2350
1496720 2350
1496730 2347
1496740 2342
1496750 2342
1496760 2335
1496770 2331
1496780 2328
1496790 2328
1496800 2325
1496810 2322
1496820 2322
1496830 2319
1496840 2315
1496850 2315
1496860 2312
1496870 2308
1496880 2308
1496890 2303
1496900 2300
1496910 2300
1496920 2297
1496930 2294
1496940 2294
1496950 2291
1496960 2289
1496970 2287
1496980 2287
1496990 2284
1497000 2281
1497010 2281
1497020 2278
1497030 2274
1497040 2274
1497050 2271
1497060 2269
1497070 2269
1497080 2269
1497090 2268
1497100 2268
1497110 2267
1497120 2266
1497130 2266
1497140 2264
1497150 2261
1497160 2258
1497170 2258
1497180 2257
1497190 2258
1497200 2258
1497210 2258
1497220 2257
1497230 2257
1497240 2255
1497250 2251
1497260 2251
1497270 2248
1497280 2245
1497290 2245
1497300 2242
1497310 2240
1497320 2240
1497330 2237
1497340 2234
1497350 2230
1497360 2230
1497370 2226
1497380 2224
1497390 2224
1497400 2222
1497410 2220
1497420 2220
1497430 2217
1497440 2215
1497450 2215
1497460 2214
1497470 2213
1497480 2213
1497490 2211
1497500 2210
1497510 2210
1497520 2208
1497530 2206
1497540 2205
1497550 2205
1497560 2204
1497570 2203
1497580 2203
1497590 2203
1497600 2203
1497610 2203
1497620 2201
1497630 2198
1497640 2198
1497650 2196
1497660 2195
1497670 2195
1497680 2193
1497690 2190
1497700 2190
1497710 2187
1497720 2184
1497730 2181
1497740 2181
1497750 2179
1497760 2176
1497770 2176
1497780 2173
1497790 2171
1497800 2171
1497810 2168
1497820 2165
1497830 2165
1497840 2162
1497850 2160
1497860 2160
1497870 2157
1497880 2154
1497890 2154
1497900 2150
1497910 2146
1497920 2143
1497930 2143
1497940 2139
1497950 2135
1497960 2135
1497970 2131
1497980 2128
1497990 2128
1498000 2124
1498010 2120
1498020 2120
1498030 2117
1498040 2113
1498050 2113
1498060 2110
1498070 2107
1498080 2107
1498090 2104
1498100 2100
1498110 2097
1498120 2097
1498130 2093
1498140 2090
1498150 2090
1498160 2086
1498170 2083
1498180 2083
1498190 2080
1498200 2076
1498210 2076
1498220 2073
1498230 2071
1498240 2071
1498250 2069
1498260 2066
1498270 2066
1498280 2064
1498290 2062
1498300 2061
1498310 2061
1498320 2059
1498330 2057
1498340 2057
1498350 2054
1498360 2052
1498370 2052
1498380 2050
1498390 2048
1498400 2048
1498410 2045
1498420 2042
1498430 2042
1498440 2039
1498450 2037
1498460 2035
1498470 2035
1498480 2034
1498490 2033
1498500 2033
1498510 2031
1498520 2030
1498530 2030
1498540 2028
1498550 2027
1498560 2027
1498570 2025
1498580 2023
1498590 2023
1498600 2021
1498610 2018
1498620 2018
1498630 2016
1498640 2013
1498650 2010
1498660 2010
1498670 2007
1498680 2005
1498690 2005
1498700 2002
1498710 1998
1498720 1998
1498730 1994
1498740 1990
1498750 1990
1498760 1987
1498770 1984
1498780 1984
1498790 1981
1498800 1979
1498810 1979
1498820 1977
1498830 1976
1498840 1976
1498850 1976
1498860 1976
1498870 1975
1498880 1975
1498890 1973
1498900 1970
1498910 1970
1498920 1967
1498930 1965
1498940 1965
1498950 1963
1498960 1960
1498970 1960
1498980 1957
1498990 1956
1499000 1956
1499010 1955
1499020 1955
1499030 1954
1499040 1954
1499050 1953
1499060 1951
1499070 1951
1499080 1950
1499090 1949
1499100 1949
1499110 1947
1499120 1944
1499130 1944
1499140 1942
1499150 1939
1499160 1939
1499170 1936
1499180 1934
1499190 1934
1499200 1931
1499210 1927
1499220 1921
1499230 1921
1499240 1915
1499250 1909
1499260 1909
1499270 1904
1499280 1899
1499290 1899
1499300 1894
1499310 1888
1499320 1888
1499330 1881
1499340 1875
1499350 1875
1499360 1869
1499370 1861
1499380 1861
1499390 1855
1499400 1849
1499410 1843
1499420 1843
1499430 1838
1499440 1834
1499450 1834
1499460 1828
1499470 1823
1499480 1823
1499490 1819
1499500 1814
1499510 1814
1499520 1809
1499530 1804
1499540 1804
1499550 1799
1499560 1793
1499570 1793
1499580 1787
1499590 1782
1499600 1776
1499610 1776
1499620 1771
1499630 1765
1499640 1765
1499650 1759
1499660 1753
1499670 1753
1499680 1747
1499690 1740
1499700 1740
1499710 1733
1499720 1727
1499730 1727
1499740 1723
1499750 1720
1499760 1720
1499770 1717
1499780 1713
1499790 1708
1499800 1708
1499810 1702
1499820 1696
1499830 1696
1499840 1692
1499850 1688
1499860 1688
1499870 1684
1499880 1681
1499890 1681
1499900 1677
1499910 1672
1499920 1672
1499930 1667
1499940 1663
1499950 1663
1499960 1658
1499970 1652
1499980 1647
1499990 1647
