1480000 1667
1480010 1667
1480020 1667
1480030 1667
1480040 1667
1480050 1666
1480060 1666
1480070 1665
1480080 1665
1480090 1665
1480100 1664
1480110 1663
1480120 1663
1480130 1662
1480140 1661
1480150 1661
1480160 1661
1480170 1661
1480180 1661
1480190 1661
1480200 1660
1480210 1659
1480220 1659
1480230 1659
1480240 1658
1480250 1658
1480260 1658
1480270 1658
1480280 1658
1480290 1657
1480300 1656
1480310 1656
1480320 1654
1480330 1651
1480340 1651
1480350 1649
1480360 1647
1480370 1644
1480380 1644
1480390 1641
1480400 1637
1480410 1637
1480420 1633
1480430 1628
1480440 1628
1480450 1624
1480460 1618
1480470 1618
1480480 1609
1480490 1600
1480500 1600
1480510 1591
1480520 1584
1480530 1584
1480540 1580
1480550 1577
1480560 1571
1480570 1571
1480580 1564
1480590 1557
1480600 1557
1480610 1549
1480620 1539
1480630 1539
1480640 1533
1480650 1528
1480660 1528
1480670 1524
1480680 1522
1480690 1522
1480700 1513
1480710 1507
1480720 1507
1480730 1499
1480740 1492
1480750 1486
1480760 1486
1480770 1479
1480780 1473
1480790 1473
1480800 1470
1480810 1471
1480820 1471
1480830 1473
1480840 1472
1480850 1472
1480860 1466
1480870 1464
1480880 1464
1480890 1463
1480900 1460
1480910 1460
1480920 1465
1480930 1463
1480940 1452
1480950 1452
1480960 1452
1480970 1460
1480980 1460
1480990 1466
1481000 1471
1481010 1471
1481020 1473
1481030 1472
1481040 1472
1481050 1470
1481060 1466
1481070 1466
1481080 1460
1481090 1452
1481100 1452
1481110 1444
1481120 1434
1481130 1427
1481140 1427
1481150 1423
1481160 1418
1481170 1418
1481180 1417
1481190 1418
1481200 1418
1481210 1420
1481220 1415
1481230 1415
1481240 1403
1481250 1395
1481260 1395
1481270 1391
1481280 1383
1481290 1383
1481300 1371
1481310 1355
1481320 1338
1481330 1338
1481340 1324
1481350 1316
1481360 1316
1481370 1313
1481380 1306
1481390 1306
1481400 1292
1481410 1270
1481420 1270
1481430 1252
1481440 1234
1481450 1234
1481460 1219
1481470 1206
1481480 1206
1481490 1194
1481500 1185
1481510 1176
1481520 1176
1481530 1169
1481540 1162
1481550 1162
1481560 1155
1481570 1151
1481580 1151
1481590 1147
1481600 1144
1481610 1144
1481620 1141
1481630 1135
1481640 1135
1481650 1127
1481660 1118
1481670 1118
1481680 1119
1481690 1134
1481700 1145
1481710 1145
1481720 1153
1481730 1158
1481740 1158
1481750 1161
1481760 1166
1481770 1166
1481780 1172
1481790 1176
1481800 1176
1481810 1181
1481820 1188
1481830 1188
1481840 1191
1481850 1196
1481860 1196
1481870 1202
1481880 1208
1481890 1214
1481900 1214
1481910 1221
1481920 1229
1481930 1229
1481940 1237
1481950 1245
1481960 1245
1481970 1253
1481980 1261
1481990 1261
1482000 1269
1482010 1279
1482020 1279
1482030 1290
1482040 1299
1482050 1299
1482060 1309
1482070 1322
1482080 1335
1482090 1335
1482100 1347
1482110 1357
1482120 1357
1482130 1365
1482140 1374
1482150 1374
1482160 1383
1482170 1391
1482180 1391
1482190 1396
1482200 1402
1482210 1402
1482220 1405
1482230 1412
1482240 1412
1482250 1418
1482260 1421
1482270 1422
1482280 1422
1482290 1423
1482300 1426
1482310 1426
1482320 1430
1482330 1433
1482340 1433
1482350 1437
1482360 1442
1482370 1442
1482380 1448
1482390 1453
1482400 1453
1482410 1457
1482420 1461
1482430 1461
1482440 1468
1482450 1474
1482460 1479
1482470 1479
1482480 1485
1482490 1490
1482500 1490
1482510 1494
1482520 1497
1482530 1497
1482540 1501
1482550 1507
1482560 1507
1482570 1514
1482580 1521
1482590 1521
1482600 1528
1482610 1534
1482620 1534
1482630 1541
1482640 1547
1482650 1554
1482660 1554
1482670 1559
1482680 1565
1482690 1565
1482700 1569
1482710 1575
1482720 1575
1482730 1582
1482740 1589
1482750 1589
1482760 1596
1482770 1603
1482780 1603
1482790 1608
1482800 1614
1482810 1614
1482820 1621
1482830 1628
1482840 1635
1482850 1635
1482860 1643
1482870 1651
1482880 1651
1482890 1660
1482900 1667
1482910 1667
1482920 1675
1482930 1683
1482940 1683
1482950 1689
1482960 1694
1482970 1694
1482980 1699
1482990 1705
1483000 1705
1483010 1710
1483020 1716
1483030 1723
1483040 1723
1483050 1729
1483060 1737
1483070 1737
1483080 1745
1483090 1753
1483100 1753
1483110 1760
1483120 1767
1483130 1767
1483140 1774
1483150 1781
1483160 1781
1483170 1789
1483180 1796
1483190 1796
1483200 1803
1483210 1810
1483220 1815
1483230 1815
1483240 1821
1483250 1826
1483260 1826
1483270 1833
1483280 1840
1483290 1840
1483300 1848
1483310 1857
1483320 1857
1483330 1866
1483340 1875
1483350 1875
1483360 1884
1483370 1893
1483380 1893
1483390 1902
1483400 1910
1483410 1918
1483420 1918
1483430 1925
1483440 1931
1483450 1931
1483460 1938
1483470 1945
1483480 1945
1483490 1952
1483500 1959
1483510 1959
1483520 1966
1483530 1973
1483540 1973
1483550 1978
1483560 1982
1483570 1982
1483580 1988
1483590 1994
1483600 2000
1483610 2000
1483620 2006
1483630 2011
1483640 2011
1483650 2017
1483660 2024
1483670 2024
1483680 2029
1483690 2036
1483700 2036
1483710 2043
1483720 2050
1483730 2050
1483740 2057
1483750 2065
1483760 2065
1483770 2072
1483780 2079
1483790 2085
1483800 2085
1483810 2091
1483820 2096
1483830 2096
1483840 2100
1483850 2104
1483860 2104
1483870 2107
1483880 2110
1483890 2110
1483900 2113
1483910 2116
1483920 2116
1483930 2120
1483940 2123
1483950 2123
1483960 2126
1483970 2128
1483980 2131
1483990 2131
1484000 2135
1484010 2139
1484020 2139
1484030 2145
1484040 2152
1484050 2152
1484060 2157
1484070 2163
1484080 2163
1484090 2168
1484100 2173
1484110 2173
1484120 2179
1484130 2184
1484140 2184
1484150 2188
1484160 2195
1484170 2195
1484180 2195
1484190 2195
1484200 2200
1484210 2200
1484220 2201
1484230 2199
1484240 2199
1484250 2199
1484260 2197
1484270 2197
1484280 2196
1484290 2196
1484300 2196
1484310 2194
1484320 2192
1484330 2192
1484340 2190
1484350 2189
1484360 2187
1484370 2187
1484380 2186
1484390 2185
1484400 2185
1484410 2184
1484420 2183
1484430 2183
1484440 2182
1484450 2182
1484460 2182
1484470 2181
1484480 2178
1484490 2178
1484500 2175
1484510 2173
1484520 2173
1484530 2172
1484540 2169
1484550 2165
1484560 2165
1484570 2162
1484580 2158
1484590 2158
1484600 2154
1484610 2150
1484620 2150
1484630 2147
1484640 2144
1484650 2144
1484660 2141
1484670 2138
1484680 2138
1484690 2134
1484700 2132
1484710 2132
1484720 2129
1484730 2126
1484740 2123
1484750 2123
1484760 2120
1484770 2116
1484780 2116
1484790 2113
1484800 2109
1484810 2109
1484820 2106
1484830 2104
1484840 2104
1484850 2101
1484860 2098
1484870 2098
1484880 2095
1484890 2091
1484900 2091
1484910 2087
1484920 2084
1484930 2081
1484940 2081
1484950 2079
1484960 2078
1484970 2078
1484980 2078
1484990 2077
1485000 2077
1485010 2076
1485020 2075
1485030 2075
1485040 2075
1485050 2071
1485060 2071
1485070 2063
1485080 2056
1485090 2056
1485100 2049
1485110 2043
1485120 2036
1485130 2036
1485140 2029
1485150 2022
1485160 2022
1485170 2015
1485180 2008
1485190 2008
1485200 2001
1485210 1995
1485220 1995
1485230 1989
1485240 1983
1485250 1983
1485260 1975
1485270 1965
1485280 1965
1485290 1960
1485300 1957
1485310 1954
1485320 1954
1485330 1951
1485340 1944
1485350 1944
1485360 1936
1485370 1928
1485380 1928
1485390 1931
1485400 1942
1485410 1942
1485420 1955
1485430 1965
1485440 1965
1485450 1967
1485460 1969
1485470 1969
1485480 1972
1485490 1972
1485500 1963
1485510 1963
1485520 1943
1485530 1923
1485540 1923
1485550 1911
1485560 1895
1485570 1895
1485580 1885
1485590 1881
1485600 1881
1485610 1874
1485620 1868
1485630 1868
1485640 1863
1485650 1859
1485660 1859
1485670 1851
1485680 1842
1485690 1829
1485700 1829
1485710 1819
1485720 1813
1485730 1813
1485740 1809
1485750 1804
1485760 1804
1485770 1801
1485780 1797
1485790 1797
1485800 1792
1485810 1784
1485820 1784
1485830 1775
1485840 1768
1485850 1768
1485860 1760
1485870 1752
1485880 1742
1485890 1742
1485900 1727
1485910 1723
1485920 1723
1485930 1722
1485940 1721
1485950 1721
1485960 1718
1485970 1713
1485980 1713
1485990 1708
1486000 1702
1486010 1702
1486020 1696
1486030 1689
1486040 1689
1486050 1683
1486060 1677
1486070 1674
1486080 1674
1486090 1671
1486100 1667
1486110 1667
1486120 1664
1486130 1664
1486140 1664
1486150 1665
1486160 1663
1486170 1663
1486180 1662
1486190 1662
1486200 1662
1486210 1662
1486220 1661
1486230 1661
1486240 1658
1486250 1655
1486260 1653
1486270 1653
1486280 1652
1486290 1648
1486300 1648
1486310 1646
1486320 1643
1486330 1643
1486340 1640
1486350 1637
1486360 1637
1486370 1633
1486380 1632
1486390 1632
1486400 1631
1486410 1631
1486420 1629
1486430 1629
1486440 1628
1486450 1628
1486460 1628
1486470 1629
1486480 1629
1486490 1629
1486500 1630
1486510 1630
1486520 1630
1486530 1631
1486540 1632
1486550 1632
1486560 1633
1486570 1634
1486580 1634
1486590 1634
1486600 1635
1486610 1637
1486620 1637
1486630 1639
1486640 1641
1486650 1641
1486660 1644
1486670 1647
1486680 1647
1486690 1650
1486700 1652
1486710 1652
1486720 1654
1486730 1655
1486740 1655
1486750 1657
1486760 1660
1486770 1660
1486780 1663
1486790 1667
1486800 1671
1486810 1671
1486820 1674
1486830 1676
1486840 1676
1486850 1678
1486860 1681
1486870 1681
1486880 1688
1486890 1695
1486900 1695
1486910 1702
1486920 1709
1486930 1709
1486940 1715
1486950 1722
1486960 1722
1486970 1727
1486980 1732
1486990 1743
1487000 1743
1487010 1761
1487020 1773
1487030 1773
1487040 1787
1487050 1800
1487060 1800
1487070 1807
1487080 1815
1487090 1815
1487100 1820
1487110 1820
1487120 1820
1487130 1821
1487140 1814
1487150 1814
1487160 1817
1487170 1834
1487180 1853
1487190 1853
1487200 1872
1487210 1888
1487220 1888
1487230 1906
1487240 1914
1487250 1914
1487260 1913
1487270 1910
1487280 1910
1487290 1909
1487300 1917
1487310 1917
1487320 1929
1487330 1933
1487340 1933
1487350 1934
1487360 1935
1487370 1946
1487380 1946
1487390 1956
1487400 1966
1487410 1966
1487420 1976
1487430 1983
1487440 1983
1487450 1987
1487460 1990
1487470 1990
1487480 1996
1487490 2008
1487500 2008
1487510 2023
1487520 2031
1487530 2031
1487540 2035
1487550 2040
1487560 2048
1487570 2048
1487580 2056
1487590 2064
1487600 2064
1487610 2072
1487620 2081
1487630 2081
1487640 2091
1487650 2099
1487660 2099
1487670 2107
1487680 2116
1487690 2116
1487700 2125
1487710 2135
1487720 2135
1487730 2143
1487740 2153
1487750 2165
1487760 2165
1487770 2173
1487780 2175
1487790 2175
1487800 2178
1487810 2184
1487820 2184
1487830 2191
1487840 2198
1487850 2198
1487860 2206
1487870 2209
1487880 2209
1487890 2215
1487900 2224
1487910 2224
1487920 2233
1487930 2236
1487940 2239
1487950 2239
1487960 2243
1487970 2252
1487980 2252
1487990 2261
1488000 2272
1488010 2272
1488020 2284
1488030 2296
1488040 2296
1488050 2304
1488060 2308
1488070 2308
1488080 2316
1488090 2327
1488100 2327
1488110 2336
1488120 2332
1488130 2327
1488140 2327
1488150 2320
1488160 2312
1488170 2312
1488180 2303
1488190 2295
1488200 2295
1488210 2288
1488220 2282
1488230 2282
1488240 2267
1488250 2243
1488260 2243
1488270 2237
1488280 2231
1488290 2231
1488300 2223
1488310 2216
1488320 2211
1488330 2211
1488340 2206
1488350 2202
1488360 2202
1488370 2197
1488380 2193
1488390 2193
1488400 2189
1488410 2186
1488420 2186
1488430 2183
1488440 2180
1488450 2180
1488460 2176
1488470 2173
1488480 2173
1488490 2172
1488500 2171
1488510 2169
1488520 2169
1488530 2168
1488540 2167
1488550 2167
1488560 2169
1488570 2167
1488580 2167
1488590 2163
1488600 2163
1488610 2163
1488620 2162
1488630 2159
1488640 2159
1488650 2159
1488660 2160
1488670 2160
1488680 2159
1488690 2159
1488700 2159
1488710 2159
1488720 2159
1488730 2159
1488740 2159
1488750 2158
1488760 2156
1488770 2156
1488780 2154
1488790 2152
1488800 2152
1488810 2152
1488820 2154
1488830 2154
1488840 2158
1488850 2161
1488860 2161
1488870 2164
1488880 2168
1488890 2173
1488900 2173
1488910 2178
1488920 2183
1488930 2183
1488940 2188
1488950 2195
1488960 2195
1488970 2203
1488980 2216
1488990 2216
1489000 2229
1489010 2239
1489020 2239
1489030 2248
1489040 2256
1489050 2256
1489060 2264
1489070 2269
1489080 2275
1489090 2275
1489100 2280
1489110 2284
1489120 2284
1489130 2288
1489140 2292
1489150 2292
1489160 2295
1489170 2298
1489180 2298
1489190 2300
1489200 2301
1489210 2301
1489220 2301
1489230 2300
1489240 2300
1489250 2300
1489260 2299
1489270 2298
1489280 2298
1489290 2295
1489300 2295
1489310 2295
1489320 2298
1489330 2298
1489340 2298
1489350 2297
1489360 2294
1489370 2294
1489380 2292
1489390 2294
1489400 2294
1489410 2300
1489420 2303
1489430 2303
1489440 2304
1489450 2305
1489460 2304
1489470 2304
1489480 2301
1489490 2302
1489500 2302
1489510 2308
1489520 2313
1489530 2313
1489540 2315
1489550 2316
1489560 2316
1489570 2319
1489580 2322
1489590 2322
1489600 2324
1489610 2325
1489620 2325
1489630 2325
1489640 2325
1489650 2327
1489660 2327
1489670 2327
1489680 2328
1489690 2328
1489700 2330
1489710 2332
1489720 2332
1489730 2337
1489740 2343
1489750 2343
1489760 2351
1489770 2360
1489780 2360
1489790 2368
1489800 2377
1489810 2377
1489820 2389
1489830 2403
1489840 2411
1489850 2411
1489860 2401
1489870 2391
1489880 2391
1489890 2384
1489900 2381
1489910 2381
1489920 2379
1489930 2375
1489940 2375
1489950 2375
1489960 2374
1489970 2374
1489980 2372
1489990 2360
1490000 2360
1490010 2344
1490020 2337
1490030 2331
1490040 2331
1490050 2325
1490060 2322
1490070 2322
1490080 2322
1490090 2323
1490100 2323
1490110 2323
1490120 2323
1490130 2323
1490140 2322
1490150 2322
1490160 2322
1490170 2321
1490180 2319
1490190 2319
1490200 2317
1490210 2314
1490220 2312
1490230 2312
1490240 2307
1490250 2302
1490260 2302
1490270 2297
1490280 2291
1490290 2291
1490300 2284
1490310 2280
1490320 2280
1490330 2275
1490340 2269
1490350 2269
1490360 2265
1490370 2263
1490380 2263
1490390 2264
1490400 2264
1490410 2261
1490420 2261
1490430 2257
1490440 2254
1490450 2254
1490460 2250
1490470 2242
1490480 2242
1490490 2237
1490500 2238
1490510 2238
1490520 2233
1490530 2234
1490540 2234
1490550 2238
1490560 2236
1490570 2236
1490580 2233
1490590 2230
1490600 2226
1490610 2226
1490620 2227
1490630 2226
1490640 2226
1490650 2222
1490660 2220
1490670 2220
1490680 2218
1490690 2210
1490700 2210
1490710 2202
1490720 2197
1490730 2197
1490740 2193
1490750 2190
1490760 2190
1490770 2186
1490780 2181
1490790 2178
1490800 2178
1490810 2177
1490820 2178
1490830 2178
1490840 2179
1490850 2180
1490860 2180
1490870 2181
1490880 2180
1490890 2180
1490900 2177
1490910 2175
1490920 2175
1490930 2173
1490940 2171
1490950 2171
1490960 2169
1490970 2166
1490980 2164
1490990 2164
1491000 2162
1491010 2159
1491020 2159
1491030 2156
1491040 2152
1491050 2152
1491060 2149
1491070 2146
1491080 2146
1491090 2143
1491100 2140
1491110 2140
1491120 2136
1491130 2132
1491140 2132
1491150 2126
1491160 2122
1491170 2112
1491180 2112
1491190 2106
1491200 2101
1491210 2101
1491220 2097
1491230 2095
1491240 2095
1491250 2092
1491260 2091
1491270 2091
1491280 2088
1491290 2085
1491300 2085
1491310 2083
1491320 2080
1491330 2080
1491340 2077
1491350 2074
1491360 2072
1491370 2072
1491380 2069
1491390 2067
1491400 2067
1491410 2065
1491420 2063
1491430 2063
1491440 2062
1491450 2063
1491460 2063
1491470 2063
1491480 2064
1491490 2064
1491500 2067
1491510 2069
1491520 2069
1491530 2067
1491540 2065
1491550 2065
1491560 2065
1491570 2065
1491580 2063
1491590 2063
1491600 2061
1491610 2060
1491620 2060
1491630 2057
1491640 2057
1491650 2057
1491660 2056
1491670 2056
1491680 2056
1491690 2055
1491700 2054
1491710 2054
1491720 2054
1491730 2057
1491740 2059
1491750 2059
1491760 2060
1491770 2060
1491780 2060
1491790 2060
1491800 2059
1491810 2059
1491820 2059
1491830 2060
1491840 2060
1491850 2062
1491860 2063
1491870 2063
1491880 2065
1491890 2067
1491900 2067
1491910 2069
1491920 2071
1491930 2074
1491940 2074
1491950 2078
1491960 2082
1491970 2082
1491980 2086
1491990 2089
1492000 2089
1492010 2092
1492020 2094
1492030 2094
1492040 2098
1492050 2101
1492060 2101
1492070 2104
1492080 2107
1492090 2107
1492100 2109
1492110 2107
1492120 2109
1492130 2109
1492140 2112
1492150 2116
1492160 2116
1492170 2121
1492180 2124
1492190 2124
1492200 2128
1492210 2132
1492220 2132
1492230 2136
1492240 2138
1492250 2138
1492260 2141
1492270 2143
1492280 2143
1492290 2145
1492300 2148
1492310 2151
1492320 2151
1492330 2155
1492340 2159
1492350 2159
1492360 2162
1492370 2164
1492380 2164
1492390 2166
1492400 2168
1492410 2168
1492420 2170
1492430 2171
1492440 2171
1492450 2172
1492460 2174
1492470 2174
1492480 2176
1492490 2179
1492500 2181
1492510 2181
1492520 2184
1492530 2187
1492540 2187
1492550 2190
1492560 2193
1492570 2193
1492580 2197
1492590 2201
1492600 2201
1492610 2205
1492620 2207
1492630 2207
1492640 2210
1492650 2214
1492660 2214
1492670 2218
1492680 2223
1492690 2228
1492700 2228
1492710 2233
1492720 2237
1492730 2237
1492740 2241
1492750 2245
1492760 2245
1492770 2249
1492780 2254
1492790 2254
1492800 2260
1492810 2265
1492820 2265
1492830 2271
1492840 2276
1492850 2276
1492860 2281
1492870 2287
1492880 2292
1492890 2292
1492900 2297
1492910 2304
1492920 2304
1492930 2315
1492940 2329
1492950 2329
1492960 2338
1492970 2348
1492980 2348
1492990 2366
1493000 2385
1493010 2385
1493020 2392
1493030 2400
1493040 2400
1493050 2413
1493060 2437
1493070 2457
1493080 2457
1493090 2466
1493100 2474
1493110 2474
1493120 2478
1493130 2483
1493140 2483
1493150 2488
1493160 2494
1493170 2494
1493180 2505
1493190 2512
1493200 2512
1493210 2517
1493220 2525
1493230 2525
1493240 2543
1493250 2560
1493260 2558
1493270 2558
1493280 2548
1493290 2540
1493300 2540
1493310 2533
1493320 2527
1493330 2527
1493340 2520
1493350 2514
1493360 2514
1493370 2508
1493380 2501
1493390 2501
1493400 2495
1493410 2490
1493420 2490
1493430 2485
1493440 2480
1493450 2475
1493460 2475
1493470 2471
1493480 2467
1493490 2467
1493500 2463
1493510 2460
1493520 2460
1493530 2459
1493540 2457
1493550 2457
1493560 2455
1493570 2452
1493580 2452
1493590 2448
1493600 2444
1493610 2444
1493620 2439
1493630 2437
1493640 2433
1493650 2433
1493660 2430
1493670 2428
1493680 2428
1493690 2425
1493700 2421
1493710 2421
1493720 2417
1493730 2413
1493740 2413
1493750 2408
1493760 2402
1493770 2402
1493780 2395
1493790 2388
1493800 2388
1493810 2383
1493820 2379
1493830 2374
1493840 2374
1493850 2371
1493860 2368
1493870 2368
1493880 2364
1493890 2361
1493900 2361
1493910 2357
1493920 2353
1493930 2353
1493940 2348
1493950 2341
1493960 2341
1493970 2332
1493980 2323
1493990 2323
1494000 2315
1494010 2308
1494020 2302
1494030 2302
1494040 2298
1494050 2295
1494060 2295
1494070 2293
1494080 2291
1494090 2291
1494100 2286
1494110 2281
1494120 2281
1494130 2276
1494140 2270
1494150 2270
1494160 2264
1494170 2260
1494180 2260
1494190 2255
1494200 2251
1494210 2247
1494220 2247
1494230 2242
1494240 2239
1494250 2239
1494260 2235
1494270 2233
1494280 2233
1494290 2229
1494300 2226
1494310 2226
1494320 2224
1494330 2221
1494340 2221
1494350 2219
1494360 2216
1494370 2216
1494380 2214
1494390 2211
1494400 2206
1494410 2206
1494420 2202
1494430 2196
1494440 2196
1494450 2186
1494460 2177
1494470 2177
1494480 2172
1494490 2167
1494500 2167
1494510 2166
1494520 2166
1494530 2166
1494540 2164
1494550 2162
1494560 2162
1494570 2160
1494580 2158
1494590 2157
1494600 2157
1494610 2158
1494620 2161
1494630 2161
1494640 2159
1494650 2156
1494660 2156
1494670 2152
1494680 2150
1494690 2150
1494700 2148
1494710 2147
1494720 2147
1494730 2146
1494740 2145
1494750 2145
1494760 2144
1494770 2144
1494780 2142
1494790 2142
1494800 2139
1494810 2135
1494820 2135
1494830 2130
1494840 2124
1494850 2124
1494860 2120
1494870 2114
1494880 2114
1494890 2109
1494900 2104
1494910 2104
1494920 2098
1494930 2093
1494940 2093
1494950 2089
1494960 2087
1494970 2084
1494980 2084
1494990 2082
1495000 2081
1495010 2081
1495020 2080
1495030 2079
1495040 2079
1495050 2078
1495060 2083
1495070 2083
1495080 2089
1495090 2096
1495100 2096
1495110 2102
1495120 2106
1495130 2106
1495140 2111
1495150 2114
1495160 2116
1495170 2116
1495180 2116
1495190 2113
1495200 2113
1495210 2109
1495220 2105
1495230 2105
1495240 2104
1495250 2105
1495260 2105
1495270 2105
1495280 2104
1495290 2104
1495300 2105
1495310 2108
1495320 2108
1495330 2111
1495340 2113
1495350 2113
1495360 2113
1495370 2113
1495380 2114
1495390 2114
1495400 2116
1495410 2119
1495420 2119
1495430 2121
1495440 2129
1495450 2129
1495460 2139
1495470 2147
1495480 2147
1495490 2151
1495500 2150
1495510 2150
1495520 2146
1495530 2144
1495540 2142
1495550 2142
1495560 2141
1495570 2140
1495580 2140
1495590 2140
1495600 2137
1495610 2137
1495620 2134
1495630 2131
1495640 2131
1495650 2128
1495660 2125
1495670 2125
1495680 2121
1495690 2116
1495700 2116
1495710 2112
1495720 2109
1495730 2107
1495740 2107
1495750 2106
1495760 2104
1495770 2104
1495780 2103
1495790 2103
1495800 2103
1495810 2103
1495820 2101
1495830 2101
1495840 2099
1495850 2099
1495860 2099
1495870 2099
1495880 2103
1495890 2103
1495900 2108
1495910 2109
1495920 2104
1495930 2104
1495940 2098
1495950 2091
1495960 2091
1495970 2086
1495980 2080
1495990 2080
1496000 2074
1496010 2068
1496020 2068
1496030 2062
1496040 2054
1496050 2054
1496060 2047
1496070 2040
1496080 2033
1496090 2033
1496100 2027
1496110 2021
1496120 2021
1496130 2017
1496140 2012
1496150 2012
1496160 2008
1496170 2004
1496180 2004
1496190 1999
1496200 1993
1496210 1993
1496220 1989
1496230 1986
1496240 1986
1496250 1982
1496260 1978
1496270 1974
1496280 1974
1496290 1970
1496300 1967
1496310 1967
1496320 1964
1496330 1960
1496340 1960
1496350 1957
1496360 1953
1496370 1953
1496380 1950
1496390 1946
1496400 1946
1496410 1942
1496420 1939
1496430 1939
1496440 1936
1496450 1932
1496460 1928
1496470 1928
1496480 1924
1496490 1920
1496500 1920
1496510 1914
1496520 1909
1496530 1909
1496540 1904
1496550 1900
1496560 1900
1496570 1895
1496580 1890
1496590 1890
1496600 1885
1496610 1880
1496620 1880
1496630 1874
1496640 1867
1496650 1864
1496660 1864
1496670 1860
1496680 1854
1496690 1854
1496700 1848
1496710 1842
1496720 1842
1496730 1839
1496740 1837
1496750 1837
1496760 1838
1496770 1840
1496780 1840
1496790 1843
1496800 1842
1496810 1842
1496820 1839
1496830 1838
1496840 1836
1496850 1836
1496860 1839
1496870 1841
1496880 1841
1496890 1842
1496900 1845
1496910 1845
1496920 1860
1496930 1870
1496940 1870
1496950 1870
1496960 1875
1496970 1875
1496980 1882
1496990 1881
1497000 1881
1497010 1890
1497020 1889
1497030 1883
1497040 1883
1497050 1882
1497060 1878
1497070 1878
1497080 1871
1497090 1865
1497100 1865
1497110 1864
1497120 1865
1497130 1865
1497140 1866
1497150 1875
1497160 1875
1497170 1895
1497180 1916
1497190 1916
1497200 1938
1497210 1942
1497220 1940
1497230 1940
1497240 1944
1497250 1950
1497260 1950
1497270 1950
1497280 1945
1497290 1945
1497300 1938
1497310 1931
1497320 1931
1497330 1925
1497340 1919
1497350 1919
1497360 1913
1497370 1908
1497380 1908
1497390 1900
1497400 1892
1497410 1885
1497420 1885
1497430 1878
1497440 1871
1497450 1871
1497460 1866
1497470 1861
1497480 1861
1497490 1857
1497500 1851
1497510 1851
1497520 1846
1497530 1841
1497540 1841
1497550 1836
1497560 1830
1497570 1830
1497580 1825
1497590 1820
1497600 1815
1497610 1815
1497620 1811
1497630 1806
1497640 1806
1497650 1802
1497660 1798
1497670 1798
1497680 1795
1497690 1791
1497700 1791
1497710 1788
1497720 1785
1497730 1785
1497740 1781
1497750 1776
1497760 1776
1497770 1771
1497780 1766
1497790 1761
1497800 1761
1497810 1755
1497820 1749
1497830 1749
1497840 1746
1497850 1742
1497860 1742
1497870 1738
1497880 1734
1497890 1734
1497900 1731
1497910 1727
1497920 1727
1497930 1723
1497940 1718
1497950 1718
1497960 1713
1497970 1709
1497980 1705
1497990 1705
1498000 1702
1498010 1699
1498020 1699
1498030 1697
1498040 1693
1498050 1693
1498060 1688
1498070 1683
1498080 1683
1498090 1678
1498100 1674
1498110 1674
1498120 1670
1498130 1666
1498140 1666
1498150 1661
1498160 1657
1498170 1652
1498180 1652
1498190 1647
1498200 1642
1498210 1642
1498220 1638
1498230 1633
1498240 1633
1498250 1628
1498260 1622
1498270 1622
1498280 1616
1498290 1610
1498300 1610
1498310 1604
1498320 1598
1498330 1598
1498340 1592
1498350 1585
1498360 1579
1498370 1579
1498380 1572
1498390 1566
1498400 1566
1498410 1561
1498420 1555
1498430 1555
1498440 1550
1498450 1545
1498460 1545
1498470 1541
1498480 1537
1498490 1537
1498500 1534
1498510 1530
1498520 1530
1498530 1525
1498540 1520
1498550 1514
1498560 1514
1498570 1508
1498580 1502
1498590 1502
1498600 1497
1498610 1492
1498620 1492
1498630 1486
1498640 1479
1498650 1479
1498660 1474
1498670 1469
1498680 1469
1498690 1465
1498700 1460
1498710 1460
1498720 1455
1498730 1449
1498740 1445
1498750 1445
1498760 1441
1498770 1436
1498780 1436
1498790 1431
1498800 1426
1498810 1426
1498820 1419
1498830 1412
1498840 1412
1498850 1407
1498860 1405
1498870 1405
1498880 1405
1498890 1406
1498900 1406
1498910 1405
1498920 1404
1498930 1404
1498940 1404
1498950 1401
1498960 1399
1498970 1399
1498980 1401
1498990 1401
1499000 1401
1499010 1399
1499020 1398
1499030 1398
1499040 1397
1499050 1393
1499060 1393
1499070 1391
1499080 1387
1499090 1387
1499100 1383
1499110 1378
1499120 1375
1499130 1375
1499140 1373
1499150 1374
1499160 1374
1499170 1376
1499180 1377
1499190 1377
1499200 1376
1499210 1375
1499220 1375
1499230 1374
1499240 1372
1499250 1372
1499260 1370
1499270 1369
1499280 1369
1499290 1370
1499300 1371
1499310 1374
1499320 1374
1499330 1375
1499340 1376
1499350 1376
1499360 1378
1499370 1379
1499380 1379
1499390 1379
1499400 1381
1499410 1381
1499420 1383
1499430 1384
1499440 1384
1499450 1384
1499460 1386
1499470 1386
1499480 1387
1499490 1389
1499500 1390
1499510 1390
1499520 1396
1499530 1406
1499540 1406
1499550 1415
1499560 1422
1499570 1422
1499580 1421
1499590 1416
1499600 1416
1499610 1410
1499620 1405
1499630 1405
1499640 1410
1499650 1428
1499660 1428
1499670 1445
1499680 1444
1499690 1443
1499700 1443
1499710 1443
1499720 1441
1499730 1441
1499740 1439
1499750 1436
1499760 1436
1499770 1433
1499780 1432
1499790 1432
1499800 1430
1499810 1429
1499820 1429
1499830 1427
1499840 1425
1499850 1425
1499860 1424
1499870 1422
1499880 1419
1499890 1419
1499900 1417
1499910 1416
1499920 1416
1499930 1414
1499940 1412
1499950 1412
1499960 1412
1499970 1411
1499980 1411
1499990 1409
