1480000 1982
1480010 1993
1480020 2004
1480030 2004
1480040 2011
1480050 2017
1480060 2021
1480070 2021
1480080 2003
1480090 1983
1480100 1983
1480110 1985
1480120 1990
1480130 1990
1480140 1993
1480150 1988
1480160 1988
1480170 1984
1480180 1987
1480190 1987
1480200 1992
1480210 1998
1480220 1998
1480230 2008
1480240 2018
1480250 2030
1480260 2030
1480270 2039
1480280 2045
1480290 2045
1480300 2049
1480310 2053
1480320 2053
1480330 2058
1480340 2061
1480350 2061
1480360 2061
1480370 2061
1480380 2061
1480390 2067
1480400 2068
1480410 2068
1480420 2066
1480430 2063
1480440 2063
1480450 2056
1480460 2048
1480470 2044
1480480 2044
1480490 2044
1480500 2046
1480510 2046
1480520 2049
1480530 2052
1480540 2052
1480550 2055
1480560 2057
1480570 2057
1480580 2058
1480590 2061
1480600 2061
1480610 2065
1480620 2069
1480630 2069
1480640 2072
1480650 2075
1480660 2079
1480670 2079
1480680 2082
1480690 2087
1480700 2087
1480710 2092
1480720 2096
1480730 2096
1480740 2101
1480750 2106
1480760 2106
1480770 2111
1480780 2116
1480790 2116
1480800 2121
1480810 2126
1480820 2126
1480830 2133
1480840 2139
1480850 2146
1480860 2146
1480870 2151
1480880 2155
1480890 2155
1480900 2161
1480910 2166
1480920 2166
1480930 2170
1480940 2173
1480950 2173
1480960 2177
1480970 2180
1480980 2180
1480990 2184
1481000 2187
1481010 2187
1481020 2191
1481030 2195
1481040 2199
1481050 2199
1481060 2205
1481070 2211
1481080 2211
1481090 2218
1481100 2229
1481110 2229
1481120 2240
1481130 2248
1481140 2248
1481150 2263
1481160 2280
1481170 2280
1481180 2295
1481190 2305
1481200 2305
1481210 2309
1481220 2320
1481230 2322
1481240 2322
1481250 2329
1481260 2337
1481270 2337
1481280 2350
1481290 2356
1481300 2356
1481310 2358
1481320 2373
1481330 2373
1481340 2395
1481350 2403
1481360 2403
1481370 2405
1481380 2408
1481390 2408
1481400 2413
1481410 2411
1481420 2398
1481430 2398
1481440 2399
1481450 2409
1481460 2409
1481470 2420
1481480 2425
1481490 2425
1481500 2427
1481510 2428
1481520 2428
1481530 2427
1481540 2431
1481550 2431
1481560 2434
1481570 2436
1481580 2436
1481590 2441
1481600 2451
1481610 2451
1481620 2463
1481630 2476
1481640 2486
1481650 2486
1481660 2488
1481670 2495
1481680 2495
1481690 2512
1481700 2528
1481710 2528
1481720 2540
1481730 2547
1481740 2547
1481750 2556
1481760 2566
1481770 2566
1481780 2575
1481790 2584
1481800 2584
1481810 2592
1481820 2600
1481830 2609
1481840 2609
1481850 2617
1481860 2624
1481870 2624
1481880 2632
1481890 2640
1481900 2640
1481910 2648
1481920 2656
1481930 2656
1481940 2664
1481950 2672
1481960 2672
1481970 2679
1481980 2685
1481990 2685
1482000 2685
1482010 2678
1482020 2668
1482030 2668
1482040 2659
1482050 2650
1482060 2650
1482070 2640
1482080 2630
1482090 2630
1482100 2618
1482110 2604
1482120 2604
1482130 2584
1482140 2572
1482150 2572
1482160 2564
1482170 2557
1482180 2557
1482190 2551
1482200 2545
1482210 2540
1482220 2540
1482230 2533
1482240 2529
1482250 2529
1482260 2526
1482270 2522
1482280 2522
1482290 2520
1482300 2518
1482310 2518
1482320 2514
1482330 2509
1482340 2509
1482350 2505
1482360 2496
1482370 2496
1482380 2486
1482390 2473
1482400 2459
1482410 2459
1482420 2430
1482430 2419
1482440 2419
1482450 2413
1482460 2407
1482470 2407
1482480 2402
1482490 2396
1482500 2396
1482510 2387
1482520 2379
1482530 2379
1482540 2375
1482550 2371
1482560 2371
1482570 2366
1482580 2363
1482590 2361
1482600 2361
1482610 2360
1482620 2359
1482630 2359
1482640 2357
1482650 2354
1482660 2354
1482670 2352
1482680 2351
1482690 2351
1482700 2352
1482710 2350
1482720 2350
1482730 2345
1482740 2338
1482750 2338
1482760 2335
1482770 2334
1482780 2332
1482790 2332
1482800 2330
1482810 2328
1482820 2328
1482830 2326
1482840 2324
1482850 2324
1482860 2323
1482870 2325
1482880 2325
1482890 2329
1482900 2330
1482910 2330
1482920 2329
1482930 2328
1482940 2328
1482950 2325
1482960 2322
1482970 2322
1482980 2319
1482990 2317
1483000 2316
1483010 2316
1483020 2317
1483030 2316
1483040 2316
1483050 2317
1483060 2318
1483070 2318
1483080 2318
1483090 2317
1483100 2317
1483110 2315
1483120 2314
1483130 2314
1483140 2311
1483150 2309
1483160 2309
1483170 2308
1483180 2306
1483190 2305
1483200 2305
1483210 2303
1483220 2300
1483230 2300
1483240 2297
1483250 2295
1483260 2295
1483270 2293
1483280 2291
1483290 2291
1483300 2290
1483310 2291
1483320 2291
1483330 2291
1483340 2291
1483350 2291
1483360 2290
1483370 2287
1483380 2288
1483390 2288
1483400 2290
1483410 2291
1483420 2291
1483430 2292
1483440 2299
1483450 2299
1483460 2312
1483470 2328
1483480 2328
1483490 2347
1483500 2363
1483510 2363
1483520 2364
1483530 2353
1483540 2353
1483550 2344
1483560 2336
1483570 2329
1483580 2329
1483590 2323
1483600 2319
1483610 2319
1483620 2311
1483630 2302
1483640 2302
1483650 2292
1483660 2288
1483670 2288
1483680 2287
1483690 2284
1483700 2284
1483710 2284
1483720 2285
1483730 2285
1483740 2281
1483750 2275
1483760 2263
1483770 2263
1483780 2252
1483790 2246
1483800 2246
1483810 2241
1483820 2235
1483830 2235
1483840 2230
1483850 2226
1483860 2226
1483870 2222
1483880 2220
1483890 2220
1483900 2213
1483910 2207
1483920 2207
1483930 2202
1483940 2193
1483950 2174
1483960 2174
1483970 2168
1483980 2163
1483990 2163
1484000 2158
1484010 2156
1484020 2156
1484030 2154
1484040 2150
1484050 2150
1484060 2147
1484070 2144
1484080 2144
1484090 2141
1484100 2138
1484110 2138
1484120 2136
1484130 2133
1484140 2131
1484150 2131
1484160 2129
1484170 2127
1484180 2127
1484190 2127
1484200 2126
1484210 2126
1484220 2125
1484230 2124
1484240 2124
1484250 2123
1484260 2123
1484270 2123
1484280 2119
1484290 2114
1484300 2114
1484310 2109
1484320 2104
1484330 2104
1484340 2098
1484350 2094
1484360 2091
1484370 2091
1484380 2088
1484390 2085
1484400 2085
1484410 2082
1484420 2078
1484430 2078
1484440 2073
1484450 2060
1484460 2060
1484470 2050
1484480 2043
1484490 2043
1484500 2039
1484510 2032
1484520 2032
1484530 2028
1484540 2025
1484550 2023
1484560 2023
1484570 2023
1484580 2024
1484590 2024
1484600 2025
1484610 2027
1484620 2027
1484630 2027
1484640 2025
1484650 2025
1484660 2025
1484670 2025
1484680 2025
1484690 2026
1484700 2027
1484710 2027
1484720 2027
1484730 2029
1484740 2030
1484750 2030
1484760 2029
1484770 2029
1484780 2029
1484790 2029
1484800 2030
1484810 2030
1484820 2031
1484830 2032
1484840 2032
1484850 2033
1484860 2035
1484870 2035
1484880 2037
1484890 2039
1484900 2039
1484910 2044
1484920 2049
1484930 2054
1484940 2054
1484950 2059
1484960 2064
1484970 2064
1484980 2071
1484990 2079
1485000 2079
1485010 2087
1485020 2095
1485030 2095
1485040 2101
1485050 2108
1485060 2108
1485070 2118
1485080 2133
1485090 2133
1485100 2143
1485110 2153
1485120 2157
1485130 2157
1485140 2163
1485150 2168
1485160 2168
1485170 2174
1485180 2179
1485190 2179
1485200 2182
1485210 2186
1485220 2186
1485230 2190
1485240 2195
1485250 2195
1485260 2200
1485270 2209
1485280 2209
1485290 2220
1485300 2229
1485310 2236
1485320 2236
1485330 2242
1485340 2248
1485350 2248
1485360 2254
1485370 2259
1485380 2259
1485390 2264
1485400 2270
1485410 2270
1485420 2276
1485430 2279
1485440 2279
1485450 2280
1485460 2281
1485470 2281
1485480 2280
1485490 2277
1485500 2273
1485510 2273
1485520 2270
1485530 2268
1485540 2268
1485550 2267
1485560 2265
1485570 2265
1485580 2262
1485590 2259
1485600 2259
1485610 2256
1485620 2254
1485630 2254
1485640 2254
1485650 2255
1485660 2255
1485670 2257
1485680 2263
1485690 2266
1485700 2266
1485710 2268
1485720 2270
1485730 2270
1485740 2272
1485750 2273
1485760 2273
1485770 2276
1485780 2282
1485790 2282
1485800 2288
1485810 2294
1485820 2294
1485830 2291
1485840 2291
1485850 2291
1485860 2296
1485870 2301
1485880 2301
1485890 2307
1485900 2316
1485910 2330
1485920 2330
1485930 2342
1485940 2348
1485950 2348
1485960 2349
1485970 2353
1485980 2353
1485990 2363
1486000 2377
1486010 2377
1486020 2391
1486030 2398
1486040 2398
1486050 2399
1486060 2400
1486070 2400
1486080 2408
1486090 2415
1486100 2416
1486110 2416
1486120 2416
1486130 2417
1486140 2417
1486150 2422
1486160 2425
1486170 2425
1486180 2427
1486190 2430
1486200 2430
1486210 2431
1486220 2431
1486230 2431
1486240 2429
1486250 2431
1486260 2431
1486270 2435
1486280 2440
1486290 2443
1486300 2443
1486310 2445
1486320 2444
1486330 2444
1486340 2442
1486350 2440
1486360 2440
1486370 2441
1486380 2443
1486390 2443
1486400 2444
1486410 2443
1486420 2443
1486430 2443
1486440 2442
1486450 2442
1486460 2442
1486470 2440
1486480 2437
1486490 2437
1486500 2436
1486510 2437
1486520 2437
1486530 2438
1486540 2438
1486550 2438
1486560 2439
1486570 2441
1486580 2441
1486590 2443
1486600 2447
1486610 2447
1486620 2455
1486630 2462
1486640 2462
1486650 2464
1486660 2465
1486670 2466
1486680 2466
1486690 2468
1486700 2472
1486710 2472
1486720 2475
1486730 2478
1486740 2478
1486750 2480
1486760 2480
1486770 2480
1486780 2481
1486790 2483
1486800 2483
1486810 2487
1486820 2492
1486830 2492
1486840 2495
1486850 2495
1486860 2497
1486870 2497
1486880 2500
1486890 2503
1486900 2503
1486910 2505
1486920 2510
1486930 2510
1486940 2516
1486950 2521
1486960 2521
1486970 2525
1486980 2528
1486990 2528
1487000 2531
1487010 2535
1487020 2535
1487030 2539
1487040 2542
1487050 2543
1487060 2543
1487070 2541
1487080 2540
1487090 2540
1487100 2542
1487110 2544
1487120 2544
1487130 2547
1487140 2550
1487150 2550
1487160 2553
1487170 2557
1487180 2557
1487190 2560
1487200 2562
1487210 2562
1487220 2563
1487230 2566
1487240 2566
1487250 2569
1487260 2572
1487270 2576
1487280 2576
1487290 2579
1487300 2584
1487310 2584
1487320 2589
1487330 2595
1487340 2595
1487350 2602
1487360 2611
1487370 2611
1487380 2618
1487390 2626
1487400 2626
1487410 2634
1487420 2644
1487430 2644
1487440 2657
1487450 2668
1487460 2658
1487470 2658
1487480 2645
1487490 2631
1487500 2631
1487510 2620
1487520 2610
1487530 2610
1487540 2600
1487550 2588
1487560 2588
1487570 2576
1487580 2565
1487590 2565
1487600 2555
1487610 2544
1487620 2544
1487630 2533
1487640 2524
1487650 2517
1487660 2517
1487670 2512
1487680 2506
1487690 2506
1487700 2501
1487710 2496
1487720 2496
1487730 2491
1487740 2487
1487750 2487
1487760 2483
1487770 2481
1487780 2481
1487790 2479
1487800 2478
1487810 2478
1487820 2477
1487830 2477
1487840 2477
1487850 2477
1487860 2479
1487870 2481
1487880 2481
1487890 2482
1487900 2480
1487910 2480
1487920 2478
1487930 2479
1487940 2479
1487950 2478
1487960 2478
1487970 2478
1487980 2479
1487990 2479
1488000 2479
1488010 2479
1488020 2479
1488030 2478
1488040 2478
1488050 2478
1488060 2480
1488070 2480
1488080 2482
1488090 2484
1488100 2484
1488110 2485
1488120 2486
1488130 2486
1488140 2487
1488150 2487
1488160 2487
1488170 2487
1488180 2488
1488190 2488
1488200 2487
1488210 2486
1488220 2485
1488230 2485
1488240 2483
1488250 2480
1488260 2480
1488270 2476
1488280 2473
1488290 2473
1488300 2470
1488310 2467
1488320 2467
1488330 2466
1488340 2465
1488350 2465
1488360 2465
1488370 2464
1488380 2464
1488390 2460
1488400 2457
1488410 2451
1488420 2451
1488430 2445
1488440 2438
1488450 2438
1488460 2430
1488470 2426
1488480 2426
1488490 2423
1488500 2423
1488510 2423
1488520 2422
1488530 2418
1488540 2418
1488550 2416
1488560 2420
1488570 2420
1488580 2422
1488590 2423
1488600 2423
1488610 2423
1488620 2423
1488630 2423
1488640 2423
1488650 2424
1488660 2427
1488670 2427
1488680 2432
1488690 2437
1488700 2437
1488710 2441
1488720 2444
1488730 2444
1488740 2448
1488750 2451
1488760 2451
1488770 2452
1488780 2455
1488790 2455
1488800 2459
1488810 2462
1488820 2465
1488830 2465
1488840 2469
1488850 2471
1488860 2471
1488870 2472
1488880 2472
1488890 2472
1488900 2471
1488910 2470
1488920 2470
1488930 2469
1488940 2467
1488950 2467
1488960 2466
1488970 2465
1488980 2465
1488990 2465
1489000 2467
1489010 2468
1489020 2468
1489030 2468
1489040 2467
1489050 2467
1489060 2464
1489070 2460
1489080 2460
1489090 2456
1489100 2452
1489110 2452
1489120 2449
1489130 2447
1489140 2447
1489150 2445
1489160 2441
1489170 2441
1489180 2435
1489190 2432
1489200 2434
1489210 2434
1489220 2434
1489230 2430
1489240 2430
1489250 2425
1489260 2422
1489270 2422
1489280 2420
1489290 2418
1489300 2418
1489310 2413
1489320 2406
1489330 2406
1489340 2402
1489350 2402
1489360 2402
1489370 2400
1489380 2394
1489390 2391
1489400 2391
1489410 2389
1489420 2384
1489430 2384
1489440 2379
1489450 2376
1489460 2376
1489470 2375
1489480 2373
1489490 2373
1489500 2371
1489510 2366
1489520 2366
1489530 2358
1489540 2350
1489550 2350
1489560 2345
1489570 2339
1489580 2337
1489590 2337
1489600 2334
1489610 2329
1489620 2329
1489630 2320
1489640 2300
1489650 2300
1489660 2288
1489670 2283
1489680 2283
1489690 2279
1489700 2276
1489710 2276
1489720 2272
1489730 2268
1489740 2268
1489750 2262
1489760 2256
1489770 2253
1489780 2253
1489790 2250
1489800 2247
1489810 2247
1489820 2245
1489830 2244
1489840 2244
1489850 2242
1489860 2239
1489870 2239
1489880 2239
1489890 2239
1489900 2239
1489910 2238
1489920 2236
1489930 2236
1489940 2235
1489950 2231
1489960 2231
1489970 2227
1489980 2224
1489990 2224
1490000 2224
1490010 2223
1490020 2222
1490030 2222
1490040 2218
1490050 2216
1490060 2216
1490070 2214
1490080 2211
1490090 2211
1490100 2208
1490110 2206
1490120 2206
1490130 2204
1490140 2201
1490150 2201
1490160 2199
1490170 2197
1490180 2193
1490190 2193
1490200 2192
1490210 2191
1490220 2191
1490230 2189
1490240 2185
1490250 2185
1490260 2178
1490270 2167
1490280 2167
1490290 2157
1490300 2149
1490310 2149
1490320 2144
1490330 2140
1490340 2140
1490350 2136
1490360 2134
1490370 2133
1490380 2133
1490390 2132
1490400 2131
1490410 2131
1490420 2127
1490430 2123
1490440 2123
1490450 2109
1490460 2098
1490470 2098
1490480 2096
1490490 2092
1490500 2092
1490510 2088
1490520 2081
1490530 2081
1490540 2073
1490550 2070
1490560 2067
1490570 2067
1490580 2061
1490590 2059
1490600 2059
1490610 2059
1490620 2058
1490630 2058
1490640 2057
1490650 2055
1490660 2055
1490670 2054
1490680 2052
1490690 2052
1490700 2051
1490710 2049
1490720 2049
1490730 2048
1490740 2046
1490750 2039
1490760 2039
1490770 2030
1490780 2018
1490790 2018
1490800 2007
1490810 2003
1490820 2003
1490830 2002
1490840 2001
1490850 2001
1490860 1995
1490870 1987
1490880 1987
1490890 1981
1490900 1975
1490910 1975
1490920 1971
1490930 1967
1490940 1960
1490950 1960
1490960 1955
1490970 1952
1490980 1952
1490990 1949
1491000 1946
1491010 1946
1491020 1943
1491030 1941
1491040 1941
1491050 1940
1491060 1939
1491070 1939
1491080 1939
1491090 1938
1491100 1938
1491110 1939
1491120 1938
1491130 1938
1491140 1938
1491150 1939
1491160 1940
1491170 1940
1491180 1941
1491190 1942
1491200 1942
1491210 1940
1491220 1939
1491230 1939
1491240 1939
1491250 1940
1491260 1940
1491270 1941
1491280 1940
1491290 1940
1491300 1939
1491310 1938
1491320 1938
1491330 1939
1491340 1941
1491350 1944
1491360 1944
1491370 1948
1491380 1950
1491390 1950
1491400 1952
1491410 1954
1491420 1954
1491430 1955
1491440 1957
1491450 1957
1491460 1958
1491470 1965
1491480 1965
1491490 1970
1491500 1976
1491510 1976
1491520 1979
1491530 1987
1491540 2002
1491550 2002
1491560 2014
1491570 2026
1491580 2026
1491590 2024
1491600 2015
1491610 2015
1491620 2011
1491630 2005
1491640 2005
1491650 2005
1491660 2005
1491670 2005
1491680 2005
1491690 2004
1491700 2004
1491710 2003
1491720 2004
1491730 2006
1491740 2006
1491750 2007
1491760 2006
1491770 2006
1491780 2005
1491790 2007
1491800 2007
1491810 2011
1491820 2015
1491830 2015
1491840 2020
1491850 2025
1491860 2025
1491870 2031
1491880 2037
1491890 2037
1491900 2040
1491910 2038
1491920 2036
1491930 2036
1491940 2036
1491950 2038
1491960 2038
1491970 2041
1491980 2044
1491990 2044
1492000 2046
1492010 2048
1492020 2048
1492030 2050
1492040 2049
1492050 2049
1492060 2046
1492070 2041
1492080 2041
1492090 2036
1492100 2032
1492110 2030
1492120 2030
1492130 2032
1492140 2031
1492150 2031
1492160 2027
1492170 2025
1492180 2025
1492190 2022
1492200 2016
1492210 2016
1492220 2008
1492230 2001
1492240 2001
1492250 1994
1492260 1987
1492270 1987
1492280 1979
1492290 1970
1492300 1963
1492310 1963
1492320 1957
1492330 1951
1492340 1951
1492350 1946
1492360 1942
1492370 1942
1492380 1935
1492390 1930
1492400 1930
1492410 1921
1492420 1914
1492430 1914
1492440 1912
1492450 1914
1492460 1914
1492470 1913
1492480 1908
1492490 1908
1492500 1905
1492510 1901
1492520 1897
1492530 1897
1492540 1895
1492550 1894
1492560 1894
1492570 1894
1492580 1898
1492590 1898
1492600 1906
1492610 1905
1492620 1905
1492630 1903
1492640 1899
1492650 1899
1492660 1896
1492670 1892
1492680 1892
1492690 1888
1492700 1887
1492710 1884
1492720 1884
1492730 1879
1492740 1873
1492750 1873
1492760 1874
1492770 1877
1492780 1877
1492790 1878
1492800 1879
1492810 1879
1492820 1881
1492830 1884
1492840 1884
1492850 1884
1492860 1888
1492870 1888
1492880 1890
1492890 1893
1492900 1895
1492910 1895
1492920 1896
1492930 1898
1492940 1898
1492950 1901
1492960 1902
1492970 1902
1492980 1906
1492990 1910
1493000 1910
1493010 1917
1493020 1940
1493030 1940
1493040 1951
1493050 1950
1493060 1950
1493070 1949
1493080 1948
1493090 1946
1493100 1946
1493110 1949
1493120 1951
1493130 1951
1493140 1950
1493150 1947
1493160 1947
1493170 1939
1493180 1924
1493190 1924
1493200 1914
1493210 1901
1493220 1901
1493230 1890
1493240 1881
1493250 1881
1493260 1873
1493270 1865
1493280 1857
1493290 1857
1493300 1849
1493310 1842
1493320 1842
1493330 1836
1493340 1830
1493350 1830
1493360 1825
1493370 1821
1493380 1821
1493390 1817
1493400 1814
1493410 1814
1493420 1812
1493430 1809
1493440 1809
1493450 1807
1493460 1803
1493470 1797
1493480 1797
1493490 1790
1493500 1784
1493510 1784
1493520 1777
1493530 1770
1493540 1770
1493550 1763
1493560 1758
1493570 1758
1493580 1753
1493590 1748
1493600 1748
1493610 1741
1493620 1734
1493630 1734
1493640 1727
1493650 1722
1493660 1718
1493670 1718
1493680 1713
1493690 1709
1493700 1709
1493710 1705
1493720 1702
1493730 1702
1493740 1698
1493750 1694
1493760 1694
1493770 1689
1493780 1685
1493790 1685
1493800 1681
1493810 1678
1493820 1678
1493830 1673
1493840 1667
1493850 1667
1493860 1660
1493870 1654
1493880 1648
1493890 1648
1493900 1643
1493910 1637
1493920 1637
1493930 1632
1493940 1627
1493950 1627
1493960 1622
1493970 1615
1493980 1615
1493990 1609
1494000 1603
1494010 1603
1494020 1598
1494030 1594
1494040 1594
1494050 1590
1494060 1584
1494070 1576
1494080 1576
1494090 1569
1494100 1562
1494110 1562
1494120 1554
1494130 1545
1494140 1545
1494150 1539
1494160 1536
1494170 1536
1494180 1540
1494190 1545
1494200 1545
1494210 1551
1494220 1556
1494230 1556
1494240 1559
1494250 1562
1494260 1561
1494270 1561
1494280 1554
1494290 1547
1494300 1547
1494310 1542
1494320 1542
1494330 1542
1494340 1540
1494350 1539
1494360 1539
1494370 1542
1494380 1548
1494390 1548
1494400 1556
1494410 1564
1494420 1564
1494430 1571
1494440 1578
1494450 1581
1494460 1581
1494470 1578
1494480 1574
1494490 1574
1494500 1570
1494510 1569
1494520 1569
1494530 1573
1494540 1578
1494550 1578
1494560 1583
1494570 1589
1494580 1589
1494590 1595
1494600 1605
1494610 1605
1494620 1611
1494630 1614
1494640 1618
1494650 1618
1494660 1622
1494670 1625
1494680 1625
1494690 1629
1494700 1634
1494710 1634
1494720 1640
1494730 1643
1494740 1643
1494750 1645
1494760 1644
1494770 1644
1494780 1640
1494790 1642
1494800 1642
1494810 1653
1494820 1665
1494830 1670
1494840 1670
1494850 1669
1494860 1673
1494870 1673
1494880 1679
1494890 1681
1494900 1681
1494910 1684
1494920 1687
1494930 1687
1494940 1696
1494950 1715
1494960 1715
1494970 1730
1494980 1734
1494990 1734
1495000 1733
1495010 1724
1495020 1712
1495030 1712
1495040 1706
1495050 1704
1495060 1704
1495070 1703
1495080 1704
1495090 1704
1495100 1704
1495110 1701
1495120 1701
1495130 1696
1495140 1704
1495150 1704
1495160 1707
1495170 1701
1495180 1701
1495190 1699
1495200 1703
1495210 1703
1495220 1714
1495230 1723
1495240 1731
1495250 1731
1495260 1742
1495270 1752
1495280 1752
1495290 1762
1495300 1772
1495310 1772
1495320 1783
1495330 1793
1495340 1793
1495350 1802
1495360 1812
1495370 1812
1495380 1822
1495390 1831
1495400 1831
1495410 1840
1495420 1847
1495430 1855
1495440 1855
1495450 1864
1495460 1874
1495470 1874
1495480 1882
1495490 1890
1495500 1890
1495510 1900
1495520 1912
1495530 1912
1495540 1928
1495550 1942
1495560 1942
1495570 1949
1495580 1953
1495590 1953
1495600 1961
1495610 1968
1495620 1974
1495630 1974
1495640 1984
1495650 1995
1495660 1995
1495670 1995
1495680 1991
1495690 1991
1495700 1988
1495710 1985
1495720 1985
1495730 1982
1495740 1981
1495750 1981
1495760 1983
1495770 1984
1495780 1984
1495790 1985
1495800 1993
1495810 2013
1495820 2013
1495830 2035
1495840 2055
1495850 2055
1495860 2065
1495870 2066
1495880 2066
1495890 2066
1495900 2064
1495910 2064
1495920 2061
1495930 2062
1495940 2062
1495950 2066
1495960 2084
1495970 2084
1495980 2099
1495990 2113
1496000 2124
1496010 2124
1496020 2131
1496030 2128
1496040 2128
1496050 2123
1496060 2121
1496070 2121
1496080 2125
1496090 2126
1496100 2126
1496110 2127
1496120 2127
1496130 2127
1496140 2125
1496150 2121
1496160 2121
1496170 2117
1496180 2113
1496190 2108
1496200 2108
1496210 2104
1496220 2101
1496230 2101
1496240 2098
1496250 2095
1496260 2095
1496270 2093
1496280 2090
1496290 2090
1496300 2087
1496310 2090
1496320 2090
1496330 2094
1496340 2099
1496350 2099
1496360 2106
1496370 2111
1496380 2116
1496390 2116
1496400 2119
1496410 2119
1496420 2119
1496430 2118
1496440 2118
1496450 2118
1496460 2118
1496470 2119
1496480 2119
1496490 2119
1496500 2123
1496510 2123
1496520 2132
1496530 2138
1496540 2138
1496550 2141
1496560 2143
1496570 2143
1496580 2145
1496590 2147
1496600 2151
1496610 2151
1496620 2163
1496630 2173
1496640 2173
1496650 2180
1496660 2186
1496670 2186
1496680 2189
1496690 2191
1496700 2191
1496710 2194
1496720 2197
1496730 2197
1496740 2200
1496750 2202
1496760 2202
1496770 2203
1496780 2202
1496790 2202
1496800 2202
1496810 2201
1496820 2200
1496830 2200
1496840 2198
1496850 2197
1496860 2197
1496870 2195
1496880 2194
1496890 2194
1496900 2192
1496910 2189
1496920 2189
1496930 2187
1496940 2185
1496950 2185
1496960 2184
1496970 2183
1496980 2182
1496990 2182
1497000 2179
1497010 2177
1497020 2177
1497030 2176
1497040 2174
1497050 2174
1497060 2173
1497070 2173
1497080 2173
1497090 2173
1497100 2173
1497110 2173
1497120 2174
1497130 2174
1497140 2174
1497150 2177
1497160 2185
1497170 2194
1497180 2194
1497190 2198
1497200 2201
1497210 2201
1497220 2204
1497230 2207
1497240 2207
1497250 2209
1497260 2211
1497270 2211
1497280 2213
1497290 2216
1497300 2216
1497310 2222
1497320 2225
1497330 2225
1497340 2227
1497350 2231
1497360 2235
1497370 2235
1497380 2236
1497390 2239
1497400 2239
1497410 2251
1497420 2254
1497430 2254
1497440 2259
1497450 2266
1497460 2266
1497470 2273
1497480 2282
1497490 2282
1497500 2292
1497510 2307
1497520 2307
1497530 2318
1497540 2321
1497550 2328
1497560 2328
1497570 2333
1497580 2342
1497590 2342
1497600 2344
1497610 2348
1497620 2348
1497630 2354
1497640 2363
1497650 2363
1497660 2372
1497670 2389
1497680 2389
1497690 2392
1497700 2390
1497710 2390
1497720 2388
1497730 2387
1497740 2387
1497750 2390
1497760 2393
1497770 2391
1497780 2391
1497790 2388
1497800 2382
1497810 2382
1497820 2376
1497830 2370
1497840 2370
1497850 2364
1497860 2358
1497870 2358
1497880 2351
1497890 2345
1497900 2345
1497910 2339
1497920 2333
1497930 2333
1497940 2328
1497950 2323
1497960 2318
1497970 2318
1497980 2313
1497990 2307
1498000 2307
1498010 2300
1498020 2293
1498030 2293
1498040 2286
1498050 2279
1498060 2279
1498070 2272
1498080 2265
1498090 2265
1498100 2259
1498110 2253
1498120 2253
1498130 2246
1498140 2240
1498150 2235
1498160 2235
1498170 2230
1498180 2224
1498190 2224
1498200 2216
1498210 2212
1498220 2212
1498230 2208
1498240 2207
1498250 2207
1498260 2205
1498270 2197
1498280 2197
1498290 2187
1498300 2179
1498310 2179
1498320 2170
1498330 2162
1498340 2155
1498350 2155
1498360 2150
1498370 2150
1498380 2150
1498390 2155
1498400 2156
1498410 2156
1498420 2149
1498430 2142
1498440 2142
1498450 2135
1498460 2127
1498470 2127
1498480 2124
1498490 2119
1498500 2119
1498510 2108
1498520 2105
1498530 2102
1498540 2102
1498550 2098
1498560 2091
1498570 2091
1498580 2080
1498590 2069
1498600 2069
1498610 2061
1498620 2057
1498630 2057
1498640 2052
1498650 2048
1498660 2048
1498670 2044
1498680 2040
1498690 2040
1498700 2034
1498710 2028
1498720 2023
1498730 2023
1498740 2016
1498750 2010
1498760 2010
1498770 2004
1498780 1999
1498790 1999
1498800 1993
1498810 1987
1498820 1987
1498830 1983
1498840 1980
1498850 1980
1498860 1977
1498870 1974
1498880 1974
1498890 1970
1498900 1967
1498910 1965
1498920 1965
1498930 1962
1498940 1960
1498950 1960
1498960 1960
1498970 1959
1498980 1959
1498990 1958
1499000 1957
1499010 1957
1499020 1957
1499030 1958
1499040 1958
1499050 1957
1499060 1956
1499070 1956
1499080 1955
1499090 1953
1499100 1953
1499110 1952
1499120 1950
1499130 1948
1499140 1948
1499150 1947
1499160 1946
1499170 1946
1499180 1945
1499190 1943
1499200 1943
1499210 1940
1499220 1938
1499230 1938
1499240 1937
1499250 1935
1499260 1935
1499270 1933
1499280 1931
1499290 1931
1499300 1929
1499310 1928
1499320 1927
1499330 1927
1499340 1926
1499350 1924
1499360 1924
1499370 1923
1499380 1921
1499390 1921
1499400 1919
1499410 1917
1499420 1917
1499430 1914
1499440 1911
1499450 1911
1499460 1907
1499470 1904
1499480 1904
1499490 1901
1499500 1897
1499510 1894
1499520 1894
1499530 1891
1499540 1887
1499550 1887
1499560 1884
1499570 1880
1499580 1880
1499590 1876
1499600 1872
1499610 1872
1499620 1868
1499630 1865
1499640 1865
1499650 1862
1499660 1858
1499670 1858
1499680 1854
1499690 1849
1499700 1845
1499710 1845
1499720 1841
1499730 1837
1499740 1837
1499750 1832
1499760 1828
1499770 1828
1499780 1824
1499790 1821
1499800 1821
1499810 1817
1499820 1814
1499830 1814
1499840 1810
1499850 1807
1499860 1807
1499870 1802
1499880 1797
1499890 1792
1499900 1792
1499910 1788
1499920 1785
1499930 1785
1499940 1781
1499950 1775
1499960 1775
1499970 1770
1499980 1765
1499990 1765
