1480000 2459
1480010 2459
1480020 2455
1480030 2454
1480040 2454
1480050 2453
1480060 2455
1480070 2455
1480080 2459
1480090 2461
1480100 2461
1480110 2460
1480120 2460
1480130 2460
1480140 2460
1480150 2460
1480160 2460
1480170 2459
1480180 2456
1480190 2456
1480200 2452
1480210 2448
1480220 2441
1480230 2441
1480240 2437
1480250 2433
1480260 2433
1480270 2430
1480280 2428
1480290 2428
1480300 2428
1480310 2428
1480320 2428
1480330 2427
1480340 2428
1480350 2428
1480360 2428
1480370 2428
1480380 2428
1480390 2430
1480400 2435
1480410 2436
1480420 2436
1480430 2433
1480440 2431
1480450 2431
1480460 2430
1480470 2431
1480480 2431
1480490 2430
1480500 2427
1480510 2427
1480520 2425
1480530 2420
1480540 2420
1480550 2417
1480560 2413
1480570 2413
1480580 2409
1480590 2407
1480600 2406
1480610 2406
1480620 2405
1480630 2405
1480640 2405
1480650 2407
1480660 2408
1480670 2408
1480680 2408
1480690 2408
1480700 2408
1480710 2407
1480720 2408
1480730 2408
1480740 2410
1480750 2413
1480760 2413
1480770 2414
1480780 2416
1480790 2420
1480800 2420
1480810 2422
1480820 2425
1480830 2425
1480840 2428
1480850 2431
1480860 2431
1480870 2434
1480880 2440
1480890 2440
1480900 2445
1480910 2450
1480920 2450
1480930 2453
1480940 2459
1480950 2459
1480960 2464
1480970 2466
1480980 2471
1480990 2471
1481000 2474
1481010 2476
1481020 2476
1481030 2479
1481040 2481
1481050 2481
1481060 2486
1481070 2489
1481080 2489
1481090 2492
1481100 2493
1481110 2493
1481120 2495
1481130 2498
1481140 2498
1481150 2501
1481160 2506
1481170 2506
1481180 2510
1481190 2513
1481200 2520
1481210 2520
1481220 2525
1481230 2528
1481240 2528
1481250 2528
1481260 2528
1481270 2528
1481280 2530
1481290 2530
1481300 2530
1481310 2529
1481320 2527
1481330 2527
1481340 2523
1481350 2522
1481360 2522
1481370 2526
1481380 2530
1481390 2534
1481400 2534
1481410 2537
1481420 2538
1481430 2538
1481440 2542
1481450 2546
1481460 2546
1481470 2550
1481480 2552
1481490 2552
1481500 2548
1481510 2537
1481520 2537
1481530 2526
1481540 2519
1481550 2519
1481560 2514
1481570 2508
1481580 2504
1481590 2504
1481600 2504
1481610 2502
1481620 2502
1481630 2504
1481640 2506
1481650 2506
1481660 2502
1481670 2501
1481680 2501
1481690 2502
1481700 2508
1481710 2508
1481720 2512
1481730 2513
1481740 2513
1481750 2512
1481760 2510
1481770 2510
1481780 2510
1481790 2509
1481800 2509
1481810 2509
1481820 2509
1481830 2508
1481840 2508
1481850 2509
1481860 2511
1481870 2511
1481880 2513
1481890 2518
1481900 2518
1481910 2521
1481920 2524
1481930 2524
1481940 2527
1481950 2530
1481960 2530
1481970 2534
1481980 2538
1481990 2544
1482000 2544
1482010 2550
1482020 2555
1482030 2555
1482040 2560
1482050 2565
1482060 2565
1482070 2570
1482080 2572
1482090 2572
1482100 2576
1482110 2580
1482120 2580
1482130 2584
1482140 2588
1482150 2588
1482160 2589
1482170 2591
1482180 2594
1482190 2594
1482200 2595
1482210 2592
1482220 2592
1482230 2590
1482240 2589
1482250 2589
1482260 2590
1482270 2593
1482280 2593
1482290 2594
1482300 2595
1482310 2595
1482320 2596
1482330 2597
1482340 2597
1482350 2598
1482360 2600
1482370 2602
1482380 2602
1482390 2604
1482400 2604
1482410 2604
1482420 2605
1482430 2606
1482440 2606
1482450 2606
1482460 2607
1482470 2607
1482480 2609
1482490 2610
1482500 2610
1482510 2610
1482520 2608
1482530 2608
1482540 2609
1482550 2609
1482560 2610
1482570 2610
1482580 2609
1482590 2608
1482600 2608
1482610 2607
1482620 2607
1482630 2607
1482640 2608
1482650 2612
1482660 2612
1482670 2614
1482680 2614
1482690 2614
1482700 2615
1482710 2618
1482720 2618
1482730 2622
1482740 2626
1482750 2626
1482760 2631
1482770 2634
1482780 2637
1482790 2637
1482800 2639
1482810 2642
1482820 2642
1482830 2645
1482840 2645
1482850 2645
1482860 2643
1482870 2645
1482880 2645
1482890 2648
1482900 2649
1482910 2649
1482920 2648
1482930 2645
1482940 2645
1482950 2641
1482960 2638
1482970 2637
1482980 2637
1482990 2634
1483000 2631
1483010 2631
1483020 2631
1483030 2629
1483040 2629
1483050 2628
1483060 2627
1483070 2627
1483080 2624
1483090 2619
1483100 2619
1483110 2611
1483120 2606
1483130 2606
1483140 2602
1483150 2599
1483160 2596
1483170 2596
1483180 2593
1483190 2591
1483200 2591
1483210 2585
1483220 2575
1483230 2575
1483240 2569
1483250 2568
1483260 2568
1483270 2570
1483280 2571
1483290 2571
1483300 2572
1483310 2572
1483320 2572
1483330 2573
1483340 2573
1483350 2574
1483360 2574
1483370 2575
1483380 2575
1483390 2575
1483400 2577
1483410 2580
1483420 2580
1483430 2582
1483440 2583
1483450 2583
1483460 2583
1483470 2585
1483480 2585
1483490 2586
1483500 2588
1483510 2588
1483520 2590
1483530 2595
1483540 2599
1483550 2599
1483560 2604
1483570 2608
1483580 2608
1483590 2613
1483600 2616
1483610 2616
1483620 2618
1483630 2619
1483640 2619
1483650 2622
1483660 2627
1483670 2627
1483680 2630
1483690 2633
1483700 2633
1483710 2635
1483720 2637
1483730 2637
1483740 2639
1483750 2642
1483760 2644
1483770 2644
1483780 2645
1483790 2646
1483800 2646
1483810 2648
1483820 2652
1483830 2652
1483840 2655
1483850 2656
1483860 2656
1483870 2656
1483880 2654
1483890 2654
1483900 2653
1483910 2654
1483920 2654
1483930 2654
1483940 2654
1483950 2654
1483960 2654
1483970 2652
1483980 2651
1483990 2651
1484000 2652
1484010 2654
1484020 2654
1484030 2656
1484040 2658
1484050 2658
1484060 2660
1484070 2661
1484080 2661
1484090 2662
1484100 2664
1484110 2664
1484120 2668
1484130 2671
1484140 2675
1484150 2675
1484160 2681
1484170 2686
1484180 2686
1484190 2692
1484200 2698
1484210 2698
1484220 2704
1484230 2710
1484240 2710
1484250 2714
1484260 2720
1484270 2720
1484280 2748
1484290 2757
1484300 2757
1484310 2749
1484320 2757
1484330 2768
1484340 2768
1484350 2768
1484360 2774
1484370 2774
1484380 2778
1484390 2782
1484400 2782
1484410 2783
1484420 2787
1484430 2787
1484440 2787
1484450 2780
1484460 2780
1484470 2779
1484480 2770
1484490 2770
1484500 2760
1484510 2751
1484520 2751
1484530 2742
1484540 2729
1484550 2709
1484560 2709
1484570 2713
1484580 2705
1484590 2705
1484600 2689
1484610 2684
1484620 2684
1484630 2681
1484640 2676
1484650 2676
1484660 2671
1484670 2665
1484680 2665
1484690 2659
1484700 2653
1484710 2653
1484720 2647
1484730 2643
1484740 2638
1484750 2638
1484760 2632
1484770 2627
1484780 2627
1484790 2622
1484800 2619
1484810 2619
1484820 2616
1484830 2613
1484840 2613
1484850 2610
1484860 2609
1484870 2609
1484880 2607
1484890 2607
1484900 2607
1484910 2608
1484920 2609
1484930 2611
1484940 2611
1484950 2614
1484960 2615
1484970 2615
1484980 2615
1484990 2616
1485000 2616
1485010 2616
1485020 2616
1485030 2616
1485040 2615
1485050 2613
1485060 2613
1485070 2611
1485080 2611
1485090 2611
1485100 2611
1485110 2609
1485120 2609
1485130 2609
1485140 2608
1485150 2608
1485160 2608
1485170 2607
1485180 2606
1485190 2606
1485200 2606
1485210 2608
1485220 2608
1485230 2608
1485240 2608
1485250 2608
1485260 2607
1485270 2605
1485280 2605
1485290 2602
1485300 2601
1485310 2602
1485320 2602
1485330 2604
1485340 2606
1485350 2606
1485360 2609
1485370 2612
1485380 2612
1485390 2614
1485400 2614
1485410 2614
1485420 2615
1485430 2616
1485440 2616
1485450 2618
1485460 2618
1485470 2618
1485480 2616
1485490 2615
1485500 2615
1485510 2615
1485520 2615
1485530 2617
1485540 2617
1485550 2617
1485560 2617
1485570 2617
1485580 2616
1485590 2614
1485600 2614
1485610 2612
1485620 2610
1485630 2610
1485640 2605
1485650 2602
1485660 2602
1485670 2601
1485680 2604
1485690 2604
1485700 2606
1485710 2607
1485720 2607
1485730 2607
1485740 2607
1485750 2607
1485760 2607
1485770 2607
1485780 2606
1485790 2606
1485800 2606
1485810 2606
1485820 2606
1485830 2605
1485840 2601
1485850 2601
1485860 2600
1485870 2600
1485880 2600
1485890 2601
1485900 2602
1485910 2601
1485920 2601
1485930 2600
1485940 2598
1485950 2598
1485960 2599
1485970 2600
1485980 2600
1485990 2603
1486000 2606
1486010 2606
1486020 2609
1486030 2612
1486040 2612
1486050 2616
1486060 2620
1486070 2620
1486080 2624
1486090 2628
1486100 2632
1486110 2632
1486120 2637
1486130 2642
1486140 2642
1486150 2646
1486160 2652
1486170 2652
1486180 2657
1486190 2662
1486200 2662
1486210 2667
1486220 2673
1486230 2673
1486240 2679
1486250 2685
1486260 2685
1486270 2691
1486280 2697
1486290 2697
1486300 2703
1486310 2709
1486320 2716
1486330 2716
1486340 2723
1486350 2729
1486360 2729
1486370 2736
1486380 2743
1486390 2743
1486400 2750
1486410 2757
1486420 2757
1486430 2769
1486440 2793
1486450 2793
1486460 2804
1486470 2812
1486480 2812
1486490 2826
1486500 2843
1486510 2854
1486520 2854
1486530 2861
1486540 2867
1486550 2867
1486560 2866
1486570 2864
1486580 2864
1486590 2861
1486600 2858
1486610 2858
1486620 2855
1486630 2853
1486640 2853
1486650 2850
1486660 2849
1486670 2849
1486680 2847
1486690 2846
1486700 2845
1486710 2845
1486720 2845
1486730 2847
1486740 2847
1486750 2845
1486760 2838
1486770 2838
1486780 2826
1486790 2814
1486800 2814
1486810 2802
1486820 2791
1486830 2791
1486840 2781
1486850 2770
1486860 2770
1486870 2760
1486880 2750
1486890 2741
1486900 2741
1486910 2732
1486920 2724
1486930 2724
1486940 2714
1486950 2705
1486960 2705
1486970 2696
1486980 2685
1486990 2685
1487000 2675
1487010 2665
1487020 2665
1487030 2654
1487040 2641
1487050 2641
1487060 2630
1487070 2610
1487080 2582
1487090 2582
1487100 2561
1487110 2549
1487120 2549
1487130 2536
1487140 2527
1487150 2527
1487160 2521
1487170 2514
1487180 2514
1487190 2508
1487200 2503
1487210 2503
1487220 2497
1487230 2492
1487240 2492
1487250 2487
1487260 2481
1487270 2481
1487280 2476
1487290 2471
1487300 2466
1487310 2466
1487320 2462
1487330 2458
1487340 2458
1487350 2452
1487360 2448
1487370 2448
1487380 2445
1487390 2441
1487400 2441
1487410 2437
1487420 2430
1487430 2430
1487440 2425
1487450 2421
1487460 2421
1487470 2418
1487480 2416
1487490 2413
1487500 2413
1487510 2410
1487520 2406
1487530 2406
1487540 2402
1487550 2398
1487560 2398
1487570 2394
1487580 2391
1487590 2391
1487600 2387
1487610 2383
1487620 2383
1487630 2378
1487640 2373
1487650 2373
1487660 2367
1487670 2361
1487680 2356
1487690 2356
1487700 2350
1487710 2343
1487720 2343
1487730 2336
1487740 2329
1487750 2329
1487760 2321
1487770 2315
1487780 2315
1487790 2309
1487800 2306
1487810 2306
1487820 2303
1487830 2301
1487840 2301
1487850 2298
1487860 2296
1487870 2294
1487880 2294
1487890 2293
1487900 2291
1487910 2291
1487920 2289
1487930 2286
1487940 2286
1487950 2285
1487960 2284
1487970 2284
1487980 2283
1487990 2282
1488000 2282
1488010 2281
1488020 2281
1488030 2281
1488040 2280
1488050 2280
1488060 2280
1488070 2279
1488080 2277
1488090 2277
1488100 2277
1488110 2277
1488120 2277
1488130 2277
1488140 2277
1488150 2276
1488160 2276
1488170 2276
1488180 2276
1488190 2276
1488200 2275
1488210 2274
1488220 2274
1488230 2273
1488240 2273
1488250 2273
1488260 2270
1488270 2265
1488280 2266
1488290 2266
1488300 2271
1488310 2274
1488320 2274
1488330 2275
1488340 2275
1488350 2275
1488360 2275
1488370 2276
1488380 2276
1488390 2277
1488400 2278
1488410 2278
1488420 2279
1488430 2280
1488440 2280
1488450 2281
1488460 2281
1488470 2281
1488480 2281
1488490 2281
1488500 2281
1488510 2281
1488520 2281
1488530 2279
1488540 2279
1488550 2278
1488560 2276
1488570 2276
1488580 2275
1488590 2273
1488600 2273
1488610 2272
1488620 2270
1488630 2270
1488640 2266
1488650 2268
1488660 2271
1488670 2271
1488680 2272
1488690 2276
1488700 2276
1488710 2278
1488720 2280
1488730 2280
1488740 2282
1488750 2283
1488760 2283
1488770 2283
1488780 2283
1488790 2283
1488800 2281
1488810 2279
1488820 2279
1488830 2278
1488840 2277
1488850 2282
1488860 2282
1488870 2287
1488880 2292
1488890 2292
1488900 2295
1488910 2300
1488920 2300
1488930 2317
1488940 2341
1488950 2341
1488960 2351
1488970 2363
1488980 2363
1488990 2369
1489000 2370
1489010 2370
1489020 2374
1489030 2381
1489040 2381
1489050 2379
1489060 2363
1489070 2344
1489080 2344
1489090 2339
1489100 2362
1489110 2362
1489120 2382
1489130 2392
1489140 2392
1489150 2388
1489160 2380
1489170 2380
1489180 2384
1489190 2395
1489200 2395
1489210 2401
1489220 2403
1489230 2403
1489240 2404
1489250 2403
1489260 2408
1489270 2408
1489280 2425
1489290 2434
1489300 2434
1489310 2433
1489320 2435
1489330 2435
1489340 2443
1489350 2446
1489360 2446
1489370 2444
1489380 2442
1489390 2442
1489400 2445
1489410 2455
1489420 2455
1489430 2471
1489440 2475
1489450 2484
1489460 2484
1489470 2506
1489480 2522
1489490 2522
1489500 2528
1489510 2528
1489520 2528
1489530 2529
1489540 2534
1489550 2534
1489560 2544
1489570 2547
1489580 2547
1489590 2539
1489600 2531
1489610 2531
1489620 2526
1489630 2518
1489640 2510
1489650 2510
1489660 2506
1489670 2505
1489680 2505
1489690 2500
1489700 2510
1489710 2510
1489720 2537
1489730 2579
1489740 2579
1489750 2602
1489760 2621
1489770 2621
1489780 2636
1489790 2626
1489800 2626
1489810 2615
1489820 2604
1489830 2604
1489840 2593
1489850 2581
1489860 2568
1489870 2568
1489880 2556
1489890 2532
1489900 2532
1489910 2524
1489920 2519
1489930 2519
1489940 2514
1489950 2511
1489960 2511
1489970 2507
1489980 2501
1489990 2501
1490000 2498
1490010 2495
1490020 2495
1490030 2486
1490040 2473
1490050 2467
1490060 2467
1490070 2463
1490080 2458
1490090 2458
1490100 2452
1490110 2449
1490120 2449
1490130 2446
1490140 2443
1490150 2443
1490160 2439
1490170 2436
1490180 2436
1490190 2435
1490200 2433
1490210 2433
1490220 2431
1490230 2429
1490240 2428
1490250 2428
1490260 2425
1490270 2423
1490280 2423
1490290 2424
1490300 2427
1490310 2427
1490320 2428
1490330 2428
1490340 2428
1490350 2431
1490360 2434
1490370 2434
1490380 2433
1490390 2433
1490400 2433
1490410 2433
1490420 2433
1490430 2433
1490440 2433
1490450 2432
1490460 2431
1490470 2431
1490480 2430
1490490 2430
1490500 2430
1490510 2430
1490520 2429
1490530 2429
1490540 2428
1490550 2427
1490560 2427
1490570 2426
1490580 2425
1490590 2425
1490600 2423
1490610 2422
1490620 2422
1490630 2420
1490640 2419
1490650 2417
1490660 2417
1490670 2416
1490680 2416
1490690 2416
1490700 2415
1490710 2414
1490720 2414
1490730 2413
1490740 2412
1490750 2412
1490760 2412
1490770 2410
1490780 2410
1490790 2410
1490800 2409
1490810 2409
1490820 2407
1490830 2399
1490840 2395
1490850 2395
1490860 2396
1490870 2396
1490880 2396
1490890 2395
1490900 2392
1490910 2392
1490920 2390
1490930 2387
1490940 2387
1490950 2383
1490960 2377
1490970 2377
1490980 2366
1490990 2353
1491000 2353
1491010 2343
1491020 2338
1491030 2332
1491040 2332
1491050 2327
1491060 2322
1491070 2322
1491080 2317
1491090 2313
1491100 2313
1491110 2309
1491120 2305
1491130 2305
1491140 2303
1491150 2302
1491160 2302
1491170 2301
1491180 2300
1491190 2300
1491200 2300
1491210 2300
1491220 2300
1491230 2300
1491240 2298
1491250 2296
1491260 2296
1491270 2297
1491280 2299
1491290 2299
1491300 2299
1491310 2299
1491320 2299
1491330 2300
1491340 2302
1491350 2302
1491360 2306
1491370 2310
1491380 2310
1491390 2313
1491400 2317
1491410 2321
1491420 2321
1491430 2327
1491440 2330
1491450 2330
1491460 2332
1491470 2334
1491480 2334
1491490 2335
1491500 2338
1491510 2338
1491520 2343
1491530 2347
1491540 2347
1491550 2351
1491560 2354
1491570 2354
1491580 2359
1491590 2362
1491600 2362
1491610 2363
1491620 2362
1491630 2365
1491640 2365
1491650 2369
1491660 2374
1491670 2374
1491680 2379
1491690 2387
1491700 2387
1491710 2392
1491720 2398
1491730 2398
1491740 2405
1491750 2410
1491760 2410
1491770 2416
1491780 2421
1491790 2421
1491800 2436
1491810 2452
1491820 2459
1491830 2459
1491840 2462
1491850 2462
1491860 2462
1491870 2460
1491880 2457
1491890 2457
1491900 2454
1491910 2449
1491920 2449
1491930 2444
1491940 2439
1491950 2439
1491960 2435
1491970 2432
1491980 2432
1491990 2429
1492000 2425
1492010 2422
1492020 2422
1492030 2420
1492040 2419
1492050 2419
1492060 2417
1492070 2416
1492080 2416
1492090 2416
1492100 2415
1492110 2415
1492120 2414
1492130 2413
1492140 2413
1492150 2412
1492160 2411
1492170 2411
1492180 2411
1492190 2411
1492200 2409
1492210 2409
1492220 2409
1492230 2408
1492240 2408
1492250 2407
1492260 2407
1492270 2407
1492280 2407
1492290 2409
1492300 2409
1492310 2410
1492320 2412
1492330 2412
1492340 2415
1492350 2418
1492360 2418
1492370 2422
1492380 2425
1492390 2425
1492400 2428
1492410 2429
1492420 2431
1492430 2431
1492440 2432
1492450 2434
1492460 2434
1492470 2433
1492480 2429
1492490 2429
1492500 2426
1492510 2420
1492520 2420
1492530 2414
1492540 2409
1492550 2409
1492560 2401
1492570 2396
1492580 2396
1492590 2392
1492600 2388
1492610 2384
1492620 2384
1492630 2379
1492640 2374
1492650 2374
1492660 2370
1492670 2368
1492680 2368
1492690 2365
1492700 2362
1492710 2362
1492720 2359
1492730 2355
1492740 2355
1492750 2351
1492760 2351
1492770 2351
1492780 2353
1492790 2354
1492800 2354
1492810 2354
1492820 2355
1492830 2356
1492840 2356
1492850 2357
1492860 2359
1492870 2359
1492880 2359
1492890 2359
1492900 2359
1492910 2359
1492920 2359
1492930 2359
1492940 2358
1492950 2359
1492960 2359
1492970 2359
1492980 2359
1492990 2360
1493000 2360
1493010 2362
1493020 2368
1493030 2368
1493040 2373
1493050 2376
1493060 2376
1493070 2379
1493080 2383
1493090 2383
1493100 2387
1493110 2391
1493120 2391
1493130 2396
1493140 2400
1493150 2400
1493160 2405
1493170 2411
1493180 2411
1493190 2416
1493200 2421
1493210 2427
1493220 2427
1493230 2458
1493240 2475
1493250 2475
1493260 2485
1493270 2491
1493280 2491
1493290 2494
1493300 2498
1493310 2498
1493320 2504
1493330 2509
1493340 2509
1493350 2512
1493360 2517
1493370 2517
1493380 2524
1493390 2532
1493400 2536
1493410 2536
1493420 2541
1493430 2545
1493440 2545
1493450 2548
1493460 2554
1493470 2554
1493480 2561
1493490 2561
1493500 2561
1493510 2552
1493520 2541
1493530 2541
1493540 2532
1493550 2524
1493560 2524
1493570 2516
1493580 2508
1493590 2500
1493600 2500
1493610 2492
1493620 2485
1493630 2485
1493640 2478
1493650 2471
1493660 2471
1493670 2464
1493680 2458
1493690 2458
1493700 2451
1493710 2446
1493720 2446
1493730 2440
1493740 2435
1493750 2435
1493760 2430
1493770 2425
1493780 2421
1493790 2421
1493800 2418
1493810 2413
1493820 2413
1493830 2407
1493840 2403
1493850 2403
1493860 2401
1493870 2399
1493880 2399
1493890 2397
1493900 2396
1493910 2396
1493920 2394
1493930 2393
1493940 2393
1493950 2392
1493960 2392
1493970 2397
1493980 2397
1493990 2399
1494000 2403
1494010 2403
1494020 2408
1494030 2413
1494040 2413
1494050 2413
1494060 2411
1494070 2411
1494080 2409
1494090 2405
1494100 2405
1494110 2401
1494120 2397
1494130 2397
1494140 2393
1494150 2388
1494160 2388
1494170 2381
1494180 2371
1494190 2364
1494200 2364
1494210 2357
1494220 2352
1494230 2352
1494240 2348
1494250 2345
1494260 2345
1494270 2342
1494280 2339
1494290 2339
1494300 2335
1494310 2332
1494320 2332
1494330 2329
1494340 2327
1494350 2327
1494360 2324
1494370 2320
1494380 2317
1494390 2317
1494400 2314
1494410 2311
1494420 2311
1494430 2307
1494440 2304
1494450 2304
1494460 2301
1494470 2297
1494480 2297
1494490 2294
1494500 2292
1494510 2292
1494520 2290
1494530 2289
1494540 2289
1494550 2287
1494560 2283
1494570 2276
1494580 2276
1494590 2270
1494600 2266
1494610 2266
1494620 2262
1494630 2258
1494640 2258
1494650 2255
1494660 2251
1494670 2251
1494680 2248
1494690 2244
1494700 2244
1494710 2239
1494720 2237
1494730 2237
1494740 2234
1494750 2230
1494760 2226
1494770 2226
1494780 2222
1494790 2218
1494800 2218
1494810 2216
1494820 2214
1494830 2214
1494840 2212
1494850 2209
1494860 2209
1494870 2205
1494880 2201
1494890 2201
1494900 2197
1494910 2193
1494920 2193
1494930 2188
1494940 2184
1494950 2184
1494960 2180
1494970 2176
1494980 2172
1494990 2172
1495000 2169
1495010 2166
1495020 2166
1495030 2164
1495040 2163
1495050 2163
1495060 2162
1495070 2160
1495080 2160
1495090 2156
1495100 2154
1495110 2154
1495120 2152
1495130 2151
1495140 2151
1495150 2150
1495160 2148
1495170 2146
1495180 2146
1495190 2144
1495200 2141
1495210 2141
1495220 2137
1495230 2134
1495240 2134
1495250 2130
1495260 2126
1495270 2126
1495280 2123
1495290 2120
1495300 2120
1495310 2118
1495320 2116
1495330 2116
1495340 2113
1495350 2109
1495360 2107
1495370 2107
1495380 2105
1495390 2103
1495400 2103
1495410 2101
1495420 2097
1495430 2097
1495440 2094
1495450 2090
1495460 2090
1495470 2088
1495480 2086
1495490 2086
1495500 2084
1495510 2082
1495520 2082
1495530 2079
1495540 2078
1495550 2076
1495560 2076
1495570 2074
1495580 2075
1495590 2075
1495600 2075
1495610 2073
1495620 2073
1495630 2071
1495640 2069
1495650 2069
1495660 2067
1495670 2066
1495680 2066
1495690 2065
1495700 2063
1495710 2063
1495720 2061
1495730 2059
1495740 2059
1495750 2057
1495760 2055
1495770 2052
1495780 2052
1495790 2049
1495800 2046
1495810 2046
1495820 2044
1495830 2043
1495840 2043
1495850 2041
1495860 2039
1495870 2039
1495880 2036
1495890 2034
1495900 2034
1495910 2031
1495920 2029
1495930 2029
1495940 2026
1495950 2024
1495960 2020
1495970 2020
1495980 2018
1495990 2017
1496000 2017
1496010 2015
1496020 2013
1496030 2013
1496040 2010
1496050 2007
1496060 2007
1496070 2004
1496080 2001
1496090 2001
1496100 1998
1496110 1995
1496120 1995
1496130 1993
1496140 1990
1496150 1987
1496160 1987
1496170 1985
1496180 1983
1496190 1983
1496200 1982
1496210 1980
1496220 1980
1496230 1978
1496240 1978
1496250 1978
1496260 1978
1496270 1977
1496280 1977
1496290 1976
1496300 1975
1496310 1975
1496320 1973
1496330 1971
1496340 1968
1496350 1968
1496360 1964
1496370 1959
1496380 1959
1496390 1952
1496400 1945
1496410 1945
1496420 1936
1496430 1930
1496440 1930
1496450 1925
1496460 1920
1496470 1920
1496480 1915
1496490 1910
1496500 1910
1496510 1905
1496520 1901
1496530 1897
1496540 1897
1496550 1892
1496560 1888
1496570 1888
1496580 1885
1496590 1882
1496600 1882
1496610 1879
1496620 1876
1496630 1876
1496640 1874
1496650 1872
1496660 1872
1496670 1871
1496680 1869
1496690 1869
1496700 1868
1496710 1867
1496720 1867
1496730 1865
1496740 1862
1496750 1860
1496760 1860
1496770 1858
1496780 1856
1496790 1856
1496800 1854
1496810 1851
1496820 1851
1496830 1848
1496840 1845
1496850 1845
1496860 1840
1496870 1836
1496880 1836
1496890 1830
1496900 1826
1496910 1826
1496920 1822
1496930 1819
1496940 1815
1496950 1815
1496960 1812
1496970 1809
1496980 1809
1496990 1806
1497000 1805
1497010 1805
1497020 1805
1497030 1804
1497040 1804
1497050 1803
1497060 1801
1497070 1801
1497080 1798
1497090 1795
1497100 1795
1497110 1791
1497120 1787
1497130 1782
1497140 1782
1497150 1778
1497160 1773
1497170 1773
1497180 1769
1497190 1766
1497200 1766
1497210 1763
1497220 1761
1497230 1761
1497240 1758
1497250 1754
1497260 1754
1497270 1750
1497280 1747
1497290 1747
1497300 1745
1497310 1742
1497320 1740
1497330 1740
1497340 1736
1497350 1735
1497360 1735
1497370 1735
1497380 1735
1497390 1735
1497400 1733
1497410 1730
1497420 1730
1497430 1727
1497440 1728
1497450 1728
1497460 1732
1497470 1734
1497480 1734
1497490 1735
1497500 1735
1497510 1735
1497520 1735
1497530 1735
1497540 1736
1497550 1736
1497560 1735
1497570 1734
1497580 1734
1497590 1732
1497600 1729
1497610 1729
1497620 1724
1497630 1719
1497640 1719
1497650 1712
1497660 1706
1497670 1706
1497680 1702
1497690 1699
1497700 1699
1497710 1698
1497720 1698
1497730 1696
1497740 1696
1497750 1693
1497760 1686
1497770 1686
1497780 1679
1497790 1672
1497800 1672
1497810 1666
1497820 1662
1497830 1662
1497840 1658
1497850 1653
1497860 1653
1497870 1650
1497880 1648
1497890 1648
1497900 1644
1497910 1640
1497920 1636
1497930 1636
1497940 1632
1497950 1627
1497960 1627
1497970 1624
1497980 1622
1497990 1622
1498000 1619
1498010 1615
1498020 1615
1498030 1611
1498040 1608
1498050 1608
1498060 1605
1498070 1602
1498080 1602
1498090 1599
1498100 1597
1498110 1594
1498120 1594
1498130 1591
1498140 1587
1498150 1587
1498160 1581
1498170 1576
1498180 1576
1498190 1571
1498200 1565
1498210 1565
1498220 1560
1498230 1555
1498240 1555
1498250 1551
1498260 1546
1498270 1546
1498280 1542
1498290 1537
1498300 1537
1498310 1534
1498320 1531
1498330 1526
1498340 1526
1498350 1521
1498360 1517
1498370 1517
1498380 1514
1498390 1510
1498400 1510
1498410 1504
1498420 1496
1498430 1496
1498440 1489
1498450 1481
1498460 1481
1498470 1475
1498480 1472
1498490 1472
1498500 1470
1498510 1469
1498520 1466
1498530 1466
1498540 1464
1498550 1462
1498560 1462
1498570 1460
1498580 1459
1498590 1459
1498600 1458
1498610 1457
1498620 1457
1498630 1456
1498640 1455
1498650 1455
1498660 1454
1498670 1452
1498680 1452
1498690 1451
1498700 1451
1498710 1450
1498720 1450
1498730 1450
1498740 1448
1498750 1448
1498760 1447
1498770 1445
1498780 1445
1498790 1442
1498800 1439
1498810 1439
1498820 1435
1498830 1434
1498840 1434
1498850 1433
1498860 1432
1498870 1432
1498880 1431
1498890 1430
1498900 1429
1498910 1429
1498920 1430
1498930 1429
1498940 1429
1498950 1426
1498960 1424
1498970 1424
1498980 1422
1498990 1419
1499000 1419
1499010 1414
1499020 1408
1499030 1408
1499040 1402
1499050 1397
1499060 1397
1499070 1392
1499080 1387
1499090 1381
1499100 1381
1499110 1375
1499120 1371
1499130 1371
1499140 1368
1499150 1365
1499160 1365
1499170 1362
1499180 1360
1499190 1360
1499200 1358
1499210 1356
1499220 1356
1499230 1353
1499240 1349
1499250 1349
1499260 1347
1499270 1344
1499280 1344
1499290 1341
1499300 1339
1499310 1338
1499320 1338
1499330 1337
1499340 1335
1499350 1335
1499360 1330
1499370 1324
1499380 1324
1499390 1316
1499400 1307
1499410 1307
1499420 1301
1499430 1296
1499440 1296
1499450 1290
1499460 1285
1499470 1285
1499480 1281
1499490 1277
1499500 1272
1499510 1272
1499520 1268
1499530 1266
1499540 1266
1499550 1262
1499560 1256
1499570 1256
1499580 1252
1499590 1252
1499600 1252
1499610 1250
1499620 1246
1499630 1246
1499640 1242
1499650 1237
1499660 1237
1499670 1235
1499680 1231
1499690 1226
1499700 1226
1499710 1222
1499720 1222
1499730 1222
1499740 1220
1499750 1218
1499760 1218
1499770 1217
1499780 1216
1499790 1216
1499800 1215
1499810 1215
1499820 1215
1499830 1216
1499840 1217
1499850 1217
1499860 1212
1499870 1204
1499880 1196
1499890 1196
1499900 1188
1499910 1181
1499920 1181
1499930 1173
1499940 1165
1499950 1165
1499960 1156
1499970 1149
1499980 1149
1499990 1143
