1480000 2377
1480010 2382
1480020 2384
1480030 2385
1480040 2385
1480050 2387
1480060 2384
1480070 2384
1480080 2379
1480090 2376
1480100 2376
1480110 2374
1480120 2375
1480130 2375
1480140 2378
1480150 2378
1480160 2378
1480170 2377
1480180 2375
1480190 2375
1480200 2374
1480210 2373
1480220 2372
1480230 2372
1480240 2371
1480250 2373
1480260 2373
1480270 2377
1480280 2381
1480290 2381
1480300 2385
1480310 2387
1480320 2387
1480330 2382
1480340 2377
1480350 2377
1480360 2376
1480370 2373
1480380 2373
1480390 2373
1480400 2373
1480410 2371
1480420 2371
1480430 2371
1480440 2373
1480450 2373
1480460 2375
1480470 2379
1480480 2379
1480490 2383
1480500 2383
1480510 2383
1480520 2376
1480530 2371
1480540 2371
1480550 2367
1480560 2366
1480570 2366
1480580 2366
1480590 2365
1480600 2366
1480610 2366
1480620 2368
1480630 2370
1480640 2370
1480650 2373
1480660 2376
1480670 2376
1480680 2378
1480690 2380
1480700 2380
1480710 2383
1480720 2386
1480730 2386
1480740 2390
1480750 2393
1480760 2393
1480770 2395
1480780 2398
1480790 2399
1480800 2399
1480810 2399
1480820 2398
1480830 2398
1480840 2397
1480850 2397
1480860 2397
1480870 2399
1480880 2401
1480890 2401
1480900 2401
1480910 2398
1480920 2398
1480930 2399
1480940 2400
1480950 2400
1480960 2401
1480970 2401
1480980 2401
1480990 2400
1481000 2402
1481010 2405
1481020 2405
1481030 2411
1481040 2422
1481050 2422
1481060 2435
1481070 2444
1481080 2444
1481090 2451
1481100 2455
1481110 2455
1481120 2459
1481130 2462
1481140 2462
1481150 2463
1481160 2462
1481170 2462
1481180 2461
1481190 2461
1481200 2464
1481210 2464
1481220 2467
1481230 2472
1481240 2472
1481250 2476
1481260 2480
1481270 2480
1481280 2484
1481290 2488
1481300 2488
1481310 2488
1481320 2488
1481330 2488
1481340 2490
1481350 2492
1481360 2492
1481370 2492
1481380 2493
1481390 2496
1481400 2496
1481410 2499
1481420 2502
1481430 2502
1481440 2507
1481450 2511
1481460 2511
1481470 2514
1481480 2515
1481490 2515
1481500 2516
1481510 2513
1481520 2513
1481530 2515
1481540 2514
1481550 2514
1481560 2513
1481570 2505
1481580 2499
1481590 2499
1481600 2495
1481610 2497
1481620 2497
1481630 2501
1481640 2502
1481650 2502
1481660 2504
1481670 2506
1481680 2506
1481690 2509
1481700 2511
1481710 2511
1481720 2513
1481730 2515
1481740 2515
1481750 2517
1481760 2519
1481770 2522
1481780 2522
1481790 2522
1481800 2522
1481810 2522
1481820 2523
1481830 2526
1481840 2526
1481850 2530
1481860 2534
1481870 2534
1481880 2537
1481890 2540
1481900 2540
1481910 2542
1481920 2542
1481930 2542
1481940 2542
1481950 2540
1481960 2540
1481970 2538
1481980 2538
1481990 2538
1482000 2538
1482010 2537
1482020 2544
1482030 2544
1482040 2549
1482050 2555
1482060 2555
1482070 2558
1482080 2563
1482090 2563
1482100 2567
1482110 2571
1482120 2571
1482130 2574
1482140 2575
1482150 2575
1482160 2577
1482170 2580
1482180 2582
1482190 2582
1482200 2583
1482210 2585
1482220 2585
1482230 2599
1482240 2622
1482250 2622
1482260 2634
1482270 2636
1482280 2636
1482290 2635
1482300 2635
1482310 2635
1482320 2634
1482330 2633
1482340 2633
1482350 2633
1482360 2632
1482370 2632
1482380 2632
1482390 2632
1482400 2633
1482410 2633
1482420 2635
1482430 2636
1482440 2636
1482450 2639
1482460 2641
1482470 2641
1482480 2641
1482490 2642
1482500 2642
1482510 2644
1482520 2645
1482530 2645
1482540 2647
1482550 2648
1482560 2649
1482570 2649
1482580 2649
1482590 2649
1482600 2649
1482610 2649
1482620 2649
1482630 2649
1482640 2650
1482650 2651
1482660 2651
1482670 2653
1482680 2657
1482690 2657
1482700 2660
1482710 2663
1482720 2663
1482730 2667
1482740 2673
1482750 2673
1482760 2679
1482770 2684
1482780 2689
1482790 2689
1482800 2695
1482810 2701
1482820 2701
1482830 2705
1482840 2701
1482850 2701
1482860 2683
1482870 2671
1482880 2671
1482890 2659
1482900 2652
1482910 2652
1482920 2647
1482930 2641
1482940 2641
1482950 2637
1482960 2631
1482970 2624
1482980 2624
1482990 2616
1483000 2614
1483010 2614
1483020 2613
1483030 2608
1483040 2608
1483050 2599
1483060 2587
1483070 2587
1483080 2577
1483090 2564
1483100 2564
1483110 2550
1483120 2543
1483130 2543
1483140 2537
1483150 2530
1483160 2524
1483170 2524
1483180 2520
1483190 2520
1483200 2520
1483210 2522
1483220 2525
1483230 2525
1483240 2528
1483250 2531
1483260 2531
1483270 2535
1483280 2539
1483290 2539
1483300 2540
1483310 2537
1483320 2537
1483330 2536
1483340 2541
1483350 2542
1483360 2542
1483370 2543
1483380 2544
1483390 2544
1483400 2544
1483410 2543
1483420 2543
1483430 2543
1483440 2543
1483450 2543
1483460 2544
1483470 2544
1483480 2544
1483490 2544
1483500 2543
1483510 2543
1483520 2542
1483530 2541
1483540 2544
1483550 2544
1483560 2550
1483570 2556
1483580 2556
1483590 2559
1483600 2562
1483610 2562
1483620 2564
1483630 2564
1483640 2564
1483650 2561
1483660 2559
1483670 2559
1483680 2560
1483690 2560
1483700 2560
1483710 2561
1483720 2562
1483730 2562
1483740 2562
1483750 2563
1483760 2565
1483770 2565
1483780 2567
1483790 2567
1483800 2567
1483810 2568
1483820 2572
1483830 2572
1483840 2577
1483850 2582
1483860 2582
1483870 2588
1483880 2595
1483890 2595
1483900 2600
1483910 2607
1483920 2607
1483930 2615
1483940 2620
1483950 2623
1483960 2623
1483970 2625
1483980 2628
1483990 2628
1484000 2630
1484010 2631
1484020 2631
1484030 2633
1484040 2635
1484050 2635
1484060 2637
1484070 2638
1484080 2638
1484090 2639
1484100 2639
1484110 2639
1484120 2635
1484130 2627
1484140 2624
1484150 2624
1484160 2617
1484170 2610
1484180 2610
1484190 2606
1484200 2607
1484210 2607
1484220 2609
1484230 2612
1484240 2612
1484250 2615
1484260 2616
1484270 2616
1484280 2617
1484290 2618
1484300 2618
1484310 2618
1484320 2619
1484330 2621
1484340 2621
1484350 2623
1484360 2624
1484370 2624
1484380 2624
1484390 2625
1484400 2625
1484410 2626
1484420 2627
1484430 2627
1484440 2628
1484450 2626
1484460 2626
1484470 2625
1484480 2629
1484490 2629
1484500 2635
1484510 2636
1484520 2636
1484530 2629
1484540 2621
1484550 2617
1484560 2617
1484570 2612
1484580 2609
1484590 2609
1484600 2606
1484610 2602
1484620 2602
1484630 2599
1484640 2597
1484650 2597
1484660 2595
1484670 2594
1484680 2594
1484690 2592
1484700 2591
1484710 2591
1484720 2590
1484730 2589
1484740 2589
1484750 2589
1484760 2587
1484770 2584
1484780 2584
1484790 2579
1484800 2575
1484810 2575
1484820 2575
1484830 2576
1484840 2576
1484850 2577
1484860 2578
1484870 2578
1484880 2578
1484890 2578
1484900 2578
1484910 2577
1484920 2576
1484930 2575
1484940 2575
1484950 2573
1484960 2571
1484970 2571
1484980 2568
1484990 2566
1485000 2566
1485010 2565
1485020 2564
1485030 2564
1485040 2564
1485050 2562
1485060 2562
1485070 2560
1485080 2558
1485090 2558
1485100 2555
1485110 2553
1485120 2551
1485130 2551
1485140 2552
1485150 2553
1485160 2553
1485170 2554
1485180 2555
1485190 2555
1485200 2554
1485210 2555
1485220 2555
1485230 2557
1485240 2558
1485250 2558
1485260 2559
1485270 2559
1485280 2559
1485290 2559
1485300 2560
1485310 2561
1485320 2561
1485330 2561
1485340 2562
1485350 2562
1485360 2563
1485370 2564
1485380 2564
1485390 2566
1485400 2567
1485410 2567
1485420 2568
1485430 2571
1485440 2571
1485450 2572
1485460 2572
1485470 2572
1485480 2569
1485490 2566
1485500 2566
1485510 2562
1485520 2559
1485530 2557
1485540 2557
1485550 2556
1485560 2552
1485570 2552
1485580 2548
1485590 2548
1485600 2548
1485610 2549
1485620 2549
1485630 2549
1485640 2548
1485650 2548
1485660 2548
1485670 2547
1485680 2545
1485690 2545
1485700 2542
1485710 2538
1485720 2534
1485730 2534
1485740 2531
1485750 2530
1485760 2530
1485770 2529
1485780 2530
1485790 2530
1485800 2528
1485810 2525
1485820 2525
1485830 2525
1485840 2526
1485850 2526
1485860 2528
1485870 2530
1485880 2530
1485890 2532
1485900 2535
1485910 2537
1485920 2537
1485930 2540
1485940 2542
1485950 2542
1485960 2545
1485970 2548
1485980 2548
1485990 2551
1486000 2556
1486010 2556
1486020 2562
1486030 2567
1486040 2567
1486050 2573
1486060 2578
1486070 2578
1486080 2583
1486090 2590
1486100 2599
1486110 2599
1486120 2604
1486130 2611
1486140 2611
1486150 2617
1486160 2623
1486170 2623
1486180 2627
1486190 2631
1486200 2631
1486210 2637
1486220 2643
1486230 2643
1486240 2650
1486250 2657
1486260 2657
1486270 2663
1486280 2669
1486290 2669
1486300 2674
1486310 2681
1486320 2687
1486330 2687
1486340 2694
1486350 2700
1486360 2700
1486370 2707
1486380 2714
1486390 2714
1486400 2721
1486410 2728
1486420 2728
1486430 2735
1486440 2742
1486450 2742
1486460 2751
1486470 2770
1486480 2770
1486490 2783
1486500 2794
1486510 2810
1486520 2810
1486530 2823
1486540 2830
1486550 2830
1486560 2839
1486570 2849
1486580 2849
1486590 2858
1486600 2866
1486610 2866
1486620 2870
1486630 2865
1486640 2865
1486650 2859
1486660 2854
1486670 2854
1486680 2849
1486690 2842
1486700 2836
1486710 2836
1486720 2830
1486730 2824
1486740 2824
1486750 2818
1486760 2812
1486770 2812
1486780 2804
1486790 2795
1486800 2795
1486810 2785
1486820 2774
1486830 2774
1486840 2762
1486850 2744
1486860 2744
1486870 2731
1486880 2716
1486890 2708
1486900 2708
1486910 2717
1486920 2720
1486930 2720
1486940 2713
1486950 2703
1486960 2703
1486970 2692
1486980 2682
1486990 2682
1487000 2669
1487010 2649
1487020 2649
1487030 2634
1487040 2627
1487050 2627
1487060 2619
1487070 2612
1487080 2605
1487090 2605
1487100 2597
1487110 2588
1487120 2588
1487130 2568
1487140 2545
1487150 2545
1487160 2537
1487170 2534
1487180 2534
1487190 2532
1487200 2529
1487210 2529
1487220 2530
1487230 2528
1487240 2528
1487250 2524
1487260 2520
1487270 2520
1487280 2518
1487290 2514
1487300 2511
1487310 2511
1487320 2509
1487330 2505
1487340 2505
1487350 2501
1487360 2498
1487370 2498
1487380 2494
1487390 2489
1487400 2489
1487410 2484
1487420 2479
1487430 2479
1487440 2475
1487450 2470
1487460 2470
1487470 2466
1487480 2461
1487490 2456
1487500 2456
1487510 2451
1487520 2446
1487530 2446
1487540 2441
1487550 2436
1487560 2436
1487570 2431
1487580 2426
1487590 2426
1487600 2421
1487610 2416
1487620 2416
1487630 2411
1487640 2405
1487650 2405
1487660 2399
1487670 2394
1487680 2389
1487690 2389
1487700 2385
1487710 2384
1487720 2384
1487730 2381
1487740 2376
1487750 2376
1487760 2369
1487770 2364
1487780 2364
1487790 2362
1487800 2360
1487810 2360
1487820 2357
1487830 2358
1487840 2358
1487850 2362
1487860 2365
1487870 2368
1487880 2368
1487890 2370
1487900 2370
1487910 2370
1487920 2369
1487930 2368
1487940 2368
1487950 2367
1487960 2366
1487970 2366
1487980 2366
1487990 2366
1488000 2366
1488010 2365
1488020 2363
1488030 2363
1488040 2362
1488050 2363
1488060 2364
1488070 2364
1488080 2365
1488090 2365
1488100 2365
1488110 2365
1488120 2361
1488130 2361
1488140 2361
1488150 2365
1488160 2365
1488170 2366
1488180 2366
1488190 2366
1488200 2364
1488210 2363
1488220 2363
1488230 2364
1488240 2368
1488250 2368
1488260 2369
1488270 2370
1488280 2371
1488290 2371
1488300 2370
1488310 2369
1488320 2369
1488330 2368
1488340 2366
1488350 2366
1488360 2366
1488370 2368
1488380 2368
1488390 2369
1488400 2371
1488410 2371
1488420 2372
1488430 2372
1488440 2372
1488450 2373
1488460 2372
1488470 2371
1488480 2371
1488490 2370
1488500 2369
1488510 2369
1488520 2369
1488530 2369
1488540 2369
1488550 2369
1488560 2369
1488570 2369
1488580 2367
1488590 2362
1488600 2362
1488610 2359
1488620 2362
1488630 2362
1488640 2364
1488650 2366
1488660 2370
1488670 2370
1488680 2377
1488690 2382
1488700 2382
1488710 2391
1488720 2403
1488730 2403
1488740 2417
1488750 2436
1488760 2436
1488770 2436
1488780 2421
1488790 2421
1488800 2437
1488810 2447
1488820 2447
1488830 2450
1488840 2449
1488850 2443
1488860 2443
1488870 2441
1488880 2458
1488890 2458
1488900 2477
1488910 2486
1488920 2486
1488930 2487
1488940 2492
1488950 2492
1488960 2501
1488970 2506
1488980 2506
1488990 2508
1489000 2509
1489010 2509
1489020 2515
1489030 2527
1489040 2527
1489050 2542
1489060 2530
1489070 2486
1489080 2486
1489090 2483
1489100 2498
1489110 2498
1489120 2506
1489130 2517
1489140 2517
1489150 2525
1489160 2531
1489170 2531
1489180 2540
1489190 2547
1489200 2547
1489210 2545
1489220 2550
1489230 2550
1489240 2555
1489250 2557
1489260 2558
1489270 2558
1489280 2558
1489290 2563
1489300 2563
1489310 2570
1489320 2579
1489330 2579
1489340 2585
1489350 2587
1489360 2587
1489370 2592
1489380 2600
1489390 2600
1489400 2610
1489410 2616
1489420 2616
1489430 2612
1489440 2607
1489450 2604
1489460 2604
1489470 2606
1489480 2616
1489490 2616
1489500 2625
1489510 2635
1489520 2635
1489530 2649
1489540 2657
1489550 2657
1489560 2668
1489570 2680
1489580 2680
1489590 2685
1489600 2697
1489610 2697
1489620 2701
1489630 2699
1489640 2701
1489650 2701
1489660 2701
1489670 2690
1489680 2690
1489690 2683
1489700 2682
1489710 2682
1489720 2679
1489730 2673
1489740 2673
1489750 2666
1489760 2660
1489770 2660
1489780 2655
1489790 2651
1489800 2651
1489810 2646
1489820 2642
1489830 2639
1489840 2639
1489850 2637
1489860 2636
1489870 2636
1489880 2633
1489890 2630
1489900 2630
1489910 2627
1489920 2622
1489930 2622
1489940 2621
1489950 2617
1489960 2617
1489970 2619
1489980 2617
1489990 2617
1490000 2610
1490010 2602
1490020 2602
1490030 2594
1490040 2587
1490050 2583
1490060 2583
1490070 2587
1490080 2587
1490090 2587
1490100 2586
1490110 2579
1490120 2579
1490130 2569
1490140 2564
1490150 2564
1490160 2560
1490170 2550
1490180 2550
1490190 2534
1490200 2519
1490210 2519
1490220 2512
1490230 2505
1490240 2498
1490250 2498
1490260 2492
1490270 2487
1490280 2487
1490290 2482
1490300 2478
1490310 2478
1490320 2475
1490330 2474
1490340 2474
1490350 2474
1490360 2473
1490370 2473
1490380 2471
1490390 2471
1490400 2471
1490410 2470
1490420 2470
1490430 2470
1490440 2470
1490450 2471
1490460 2472
1490470 2472
1490480 2472
1490490 2472
1490500 2472
1490510 2472
1490520 2471
1490530 2471
1490540 2470
1490550 2468
1490560 2468
1490570 2465
1490580 2464
1490590 2464
1490600 2461
1490610 2458
1490620 2453
1490630 2453
1490640 2447
1490650 2443
1490660 2443
1490670 2442
1490680 2443
1490690 2443
1490700 2446
1490710 2450
1490720 2450
1490730 2455
1490740 2459
1490750 2459
1490760 2460
1490770 2462
1490780 2462
1490790 2464
1490800 2463
1490810 2463
1490820 2463
1490830 2463
1490840 2463
1490850 2463
1490860 2462
1490870 2460
1490880 2460
1490890 2457
1490900 2455
1490910 2455
1490920 2452
1490930 2449
1490940 2449
1490950 2445
1490960 2442
1490970 2442
1490980 2440
1490990 2437
1491000 2437
1491010 2434
1491020 2429
1491030 2423
1491040 2423
1491050 2417
1491060 2412
1491070 2412
1491080 2407
1491090 2403
1491100 2403
1491110 2400
1491120 2396
1491130 2396
1491140 2394
1491150 2392
1491160 2392
1491170 2390
1491180 2387
1491190 2387
1491200 2384
1491210 2381
1491220 2379
1491230 2379
1491240 2379
1491250 2378
1491260 2378
1491270 2377
1491280 2376
1491290 2376
1491300 2376
1491310 2376
1491320 2376
1491330 2376
1491340 2377
1491350 2377
1491360 2377
1491370 2378
1491380 2378
1491390 2379
1491400 2381
1491410 2383
1491420 2383
1491430 2387
1491440 2391
1491450 2391
1491460 2395
1491470 2399
1491480 2399
1491490 2403
1491500 2408
1491510 2408
1491520 2413
1491530 2417
1491540 2417
1491550 2420
1491560 2424
1491570 2424
1491580 2426
1491590 2427
1491600 2431
1491610 2431
1491620 2436
1491630 2442
1491640 2442
1491650 2450
1491660 2466
1491670 2466
1491680 2488
1491690 2494
1491700 2494
1491710 2498
1491720 2503
1491730 2503
1491740 2507
1491750 2512
1491760 2512
1491770 2513
1491780 2513
1491790 2513
1491800 2512
1491810 2510
1491820 2506
1491830 2506
1491840 2502
1491850 2497
1491860 2497
1491870 2493
1491880 2488
1491890 2485
1491900 2482
1491910 2479
1491920 2479
1491930 2476
1491940 2471
1491950 2471
1491960 2469
1491970 2470
1491980 2470
1491990 2470
1492000 2470
1492010 2471
1492020 2471
1492030 2471
1492040 2473
1492050 2473
1492060 2473
1492070 2474
1492080 2474
1492090 2475
1492100 2475
1492110 2475
1492120 2474
1492130 2474
1492140 2474
1492150 2476
1492160 2476
1492170 2476
1492180 2478
1492190 2480
1492200 2480
1492210 2480
1492220 2479
1492230 2477
1492240 2477
1492250 2475
1492260 2472
1492270 2472
1492280 2468
1492290 2460
1492300 2460
1492310 2450
1492320 2442
1492330 2442
1492340 2434
1492350 2425
1492360 2425
1492370 2419
1492380 2413
1492390 2407
1492400 2407
1492410 2402
1492420 2397
1492430 2397
1492440 2391
1492450 2388
1492460 2388
1492470 2384
1492480 2379
1492490 2379
1492500 2376
1492510 2375
1492520 2375
1492530 2375
1492540 2376
1492550 2376
1492560 2375
1492570 2374
1492580 2374
1492590 2372
1492600 2371
1492610 2369
1492620 2369
1492630 2368
1492640 2367
1492650 2367
1492660 2365
1492670 2363
1492680 2363
1492690 2362
1492700 2360
1492710 2360
1492720 2355
1492730 2351
1492740 2351
1492750 2349
1492760 2347
1492770 2347
1492780 2346
1492790 2344
1492800 2342
1492810 2342
1492820 2339
1492830 2336
1492840 2336
1492850 2332
1492860 2327
1492870 2327
1492880 2324
1492890 2323
1492900 2323
1492910 2323
1492920 2323
1492930 2323
1492940 2323
1492950 2323
1492960 2323
1492970 2325
1492980 2327
1492990 2329
1493000 2329
1493010 2331
1493020 2331
1493030 2331
1493040 2329
1493050 2328
1493060 2328
1493070 2328
1493080 2329
1493090 2329
1493100 2331
1493110 2334
1493120 2334
1493130 2338
1493140 2342
1493150 2342
1493160 2345
1493170 2351
1493180 2356
1493190 2356
1493200 2364
1493210 2371
1493220 2371
1493230 2377
1493240 2383
1493250 2383
1493260 2386
1493270 2390
1493280 2390
1493290 2393
1493300 2396
1493310 2396
1493320 2400
1493330 2404
1493340 2404
1493350 2407
1493360 2408
1493370 2410
1493380 2410
1493390 2412
1493400 2415
1493410 2415
1493420 2420
1493430 2425
1493440 2425
1493450 2434
1493460 2444
1493470 2444
1493480 2450
1493490 2463
1493500 2463
1493510 2474
1493520 2478
1493530 2478
1493540 2479
1493550 2481
1493560 2481
1493570 2481
1493580 2483
1493590 2489
1493600 2489
1493610 2494
1493620 2495
1493630 2495
1493640 2500
1493650 2506
1493660 2506
1493670 2512
1493680 2514
1493690 2514
1493700 2519
1493710 2523
1493720 2523
1493730 2522
1493740 2519
1493750 2519
1493760 2515
1493770 2517
1493780 2524
1493790 2524
1493800 2524
1493810 2520
1493820 2520
1493830 2520
1493840 2523
1493850 2523
1493860 2524
1493870 2521
1493880 2521
1493890 2517
1493900 2517
1493910 2517
1493920 2513
1493930 2510
1493940 2510
1493950 2509
1493960 2502
1493970 2497
1493980 2497
1493990 2491
1494000 2488
1494010 2488
1494020 2485
1494030 2484
1494040 2484
1494050 2483
1494060 2480
1494070 2480
1494080 2478
1494090 2476
1494100 2476
1494110 2474
1494120 2472
1494130 2472
1494140 2468
1494150 2463
1494160 2460
1494170 2460
1494180 2458
1494190 2454
1494200 2454
1494210 2450
1494220 2447
1494230 2447
1494240 2443
1494250 2440
1494260 2440
1494270 2437
1494280 2434
1494290 2434
1494300 2431
1494310 2429
1494320 2429
1494330 2427
1494340 2425
1494350 2425
1494360 2422
1494370 2419
1494380 2417
1494390 2417
1494400 2414
1494410 2410
1494420 2410
1494430 2406
1494440 2403
1494450 2403
1494460 2399
1494470 2396
1494480 2396
1494490 2392
1494500 2389
1494510 2389
1494520 2384
1494530 2380
1494540 2380
1494550 2375
1494560 2369
1494570 2360
1494580 2360
1494590 2352
1494600 2347
1494610 2347
1494620 2345
1494630 2341
1494640 2341
1494650 2335
1494660 2330
1494670 2330
1494680 2325
1494690 2320
1494700 2320
1494710 2315
1494720 2311
1494730 2311
1494740 2306
1494750 2301
1494760 2297
1494770 2297
1494780 2292
1494790 2286
1494800 2286
1494810 2279
1494820 2273
1494830 2273
1494840 2268
1494850 2262
1494860 2262
1494870 2255
1494880 2249
1494890 2249
1494900 2243
1494910 2236
1494920 2236
1494930 2230
1494940 2224
1494950 2219
1494960 2219
1494970 2214
1494980 2210
1494990 2210
1495000 2206
1495010 2201
1495020 2201
1495030 2195
1495040 2188
1495050 2188
1495060 2184
1495070 2181
1495080 2181
1495090 2177
1495100 2173
1495110 2173
1495120 2170
1495130 2166
1495140 2166
1495150 2162
1495160 2158
1495170 2155
1495180 2155
1495190 2152
1495200 2149
1495210 2149
1495220 2147
1495230 2144
1495240 2144
1495250 2142
1495260 2140
1495270 2140
1495280 2137
1495290 2134
1495300 2134
1495310 2132
1495320 2131
1495330 2131
1495340 2129
1495350 2127
1495360 2124
1495370 2124
1495380 2122
1495390 2119
1495400 2119
1495410 2117
1495420 2114
1495430 2114
1495440 2112
1495450 2110
1495460 2110
1495470 2108
1495480 2105
1495490 2105
1495500 2102
1495510 2100
1495520 2100
1495530 2097
1495540 2094
1495550 2092
1495560 2092
1495570 2089
1495580 2088
1495590 2088
1495600 2085
1495610 2083
1495620 2083
1495630 2081
1495640 2079
1495650 2079
1495660 2077
1495670 2076
1495680 2076
1495690 2075
1495700 2075
1495710 2075
1495720 2074
1495730 2072
1495740 2070
1495750 2070
1495760 2068
1495770 2066
1495780 2066
1495790 2065
1495800 2063
1495810 2063
1495820 2060
1495830 2060
1495840 2060
1495850 2059
1495860 2058
1495870 2058
1495880 2056
1495890 2054
1495900 2054
1495910 2052
1495920 2050
1495930 2048
1495940 2048
1495950 2046
1495960 2044
1495970 2044
1495980 2041
1495990 2037
1496000 2037
1496010 2033
1496020 2029
1496030 2029
1496040 2026
1496050 2023
1496060 2023
1496070 2021
1496080 2019
1496090 2019
1496100 2018
1496110 2016
1496120 2016
1496130 2013
1496140 2009
1496150 2005
1496160 2005
1496170 2003
1496180 1999
1496190 1999
1496200 1996
1496210 1993
1496220 1993
1496230 1990
1496240 1987
1496250 1987
1496260 1985
1496270 1982
1496280 1982
1496290 1979
1496300 1977
1496310 1977
1496320 1976
1496330 1974
1496340 1972
1496350 1972
1496360 1969
1496370 1967
1496380 1967
1496390 1966
1496400 1966
1496410 1966
1496420 1964
1496430 1962
1496440 1962
1496450 1958
1496460 1954
1496470 1954
1496480 1949
1496490 1942
1496500 1942
1496510 1934
1496520 1928
1496530 1922
1496540 1922
1496550 1916
1496560 1910
1496570 1910
1496580 1904
1496590 1900
1496600 1900
1496610 1898
1496620 1895
1496630 1895
1496640 1892
1496650 1888
1496660 1888
1496670 1885
1496680 1882
1496690 1882
1496700 1879
1496710 1876
1496720 1873
1496730 1873
1496740 1870
1496750 1868
1496760 1868
1496770 1865
1496780 1862
1496790 1862
1496800 1858
1496810 1854
1496820 1854
1496830 1852
1496840 1850
1496850 1850
1496860 1847
1496870 1844
1496880 1844
1496890 1841
1496900 1839
1496910 1839
1496920 1836
1496930 1834
1496940 1833
1496950 1833
1496960 1835
1496970 1836
1496980 1836
1496990 1836
1497000 1834
1497010 1834
1497020 1829
1497030 1825
1497040 1825
1497050 1821
1497060 1817
1497070 1817
1497080 1815
1497090 1813
1497100 1813
1497110 1811
1497120 1809
1497130 1806
1497140 1806
1497150 1804
1497160 1803
1497170 1803
1497180 1801
1497190 1799
1497200 1799
1497210 1798
1497220 1795
1497230 1795
1497240 1792
1497250 1789
1497260 1789
1497270 1785
1497280 1781
1497290 1781
1497300 1777
1497310 1774
1497320 1771
1497330 1771
1497340 1769
1497350 1767
1497360 1767
1497370 1765
1497380 1762
1497390 1762
1497400 1760
1497410 1757
1497420 1757
1497430 1755
1497440 1753
1497450 1753
1497460 1751
1497470 1752
1497480 1752
1497490 1753
1497500 1752
1497510 1751
1497520 1751
1497530 1751
1497540 1751
1497550 1751
1497560 1752
1497570 1753
1497580 1753
1497590 1753
1497600 1751
1497610 1751
1497620 1752
1497630 1752
1497640 1752
1497650 1752
1497660 1752
1497670 1752
1497680 1752
1497690 1750
1497700 1747
1497710 1747
1497720 1743
1497730 1739
1497740 1739
1497750 1735
1497760 1732
1497770 1732
1497780 1728
1497790 1724
1497800 1724
1497810 1720
1497820 1716
1497830 1716
1497840 1712
1497850 1707
1497860 1707
1497870 1703
1497880 1699
1497890 1699
1497900 1695
1497910 1691
1497920 1687
1497930 1687
1497940 1684
1497950 1679
1497960 1679
1497970 1674
1497980 1670
1497990 1670
1498000 1665
1498010 1660
1498020 1660
1498030 1655
1498040 1651
1498050 1651
1498060 1646
1498070 1642
1498080 1642
1498090 1638
1498100 1634
1498110 1630
1498120 1630
1498130 1627
1498140 1623
1498150 1623
1498160 1620
1498170 1616
1498180 1616
1498190 1613
1498200 1610
1498210 1610
1498220 1605
1498230 1600
1498240 1600
1498250 1596
1498260 1591
1498270 1591
1498280 1583
1498290 1576
1498300 1568
1498310 1568
1498320 1561
1498330 1554
1498340 1554
1498350 1548
1498360 1543
1498370 1543
1498380 1539
1498390 1533
1498400 1533
1498410 1527
1498420 1521
1498430 1521
1498440 1515
1498450 1510
1498460 1510
1498470 1507
1498480 1502
1498490 1498
1498500 1498
1498510 1494
1498520 1490
1498530 1490
1498540 1485
1498550 1482
1498560 1482
1498570 1477
1498580 1471
1498590 1471
1498600 1464
1498610 1459
1498620 1459
1498630 1457
1498640 1457
1498650 1457
1498660 1457
1498670 1456
1498680 1456
1498690 1455
1498700 1454
1498710 1453
1498720 1453
1498730 1451
1498740 1448
1498750 1448
1498760 1445
1498770 1443
1498780 1443
1498790 1440
1498800 1438
1498810 1438
1498820 1436
1498830 1436
1498840 1436
1498850 1435
1498860 1432
1498870 1432
1498880 1429
1498890 1430
1498900 1430
1498910 1430
1498920 1430
1498930 1429
1498940 1429
1498950 1427
1498960 1423
1498970 1423
1498980 1418
1498990 1414
1499000 1414
1499010 1410
1499020 1406
1499030 1406
1499040 1403
1499050 1400
1499060 1400
1499070 1399
1499080 1397
1499090 1394
1499100 1394
1499110 1390
1499120 1387
1499130 1387
1499140 1384
1499150 1382
1499160 1382
1499170 1379
1499180 1376
1499190 1376
1499200 1374
1499210 1371
1499220 1371
1499230 1369
1499240 1368
1499250 1368
1499260 1367
1499270 1366
1499280 1366
1499290 1366
1499300 1364
1499310 1364
1499320 1364
1499330 1360
1499340 1356
1499350 1356
1499360 1351
1499370 1347
1499380 1347
1499390 1342
1499400 1338
1499410 1338
1499420 1334
1499430 1330
1499440 1330
1499450 1326
1499460 1322
1499470 1319
1499480 1319
1499490 1314
1499500 1310
1499510 1310
1499520 1307
1499530 1303
1499540 1303
1499550 1299
1499560 1294
1499570 1294
1499580 1290
1499590 1286
1499600 1286
1499610 1283
1499620 1280
1499630 1280
1499640 1274
1499650 1267
1499660 1267
1499670 1262
1499680 1256
1499690 1251
1499700 1251
1499710 1245
1499720 1240
1499730 1240
1499740 1236
1499750 1232
1499760 1232
1499770 1230
1499780 1230
1499790 1230
1499800 1228
1499810 1225
1499820 1225
1499830 1222
1499840 1218
1499850 1218
1499860 1214
1499870 1210
1499880 1206
1499890 1206
1499900 1202
1499910 1197
1499920 1197
1499930 1193
1499940 1191
1499950 1191
1499960 1191
1499970 1190
1499980 1190
1499990 1188
