1480000 2663
1480010 2663
1480020 2671
1480030 2685
1480040 2685
1480050 2703
1480060 2707
1480070 2707
1480080 2702
1480090 2692
1480100 2692
1480110 2681
1480120 2669
1480130 2669
1480140 2661
1480150 2653
1480160 2653
1480170 2645
1480180 2636
1480190 2627
1480200 2627
1480210 2618
1480220 2610
1480230 2610
1480240 2602
1480250 2594
1480260 2594
1480270 2583
1480280 2573
1480290 2573
1480300 2565
1480310 2559
1480320 2559
1480330 2553
1480340 2553
1480350 2553
1480360 2558
1480370 2561
1480380 2565
1480390 2565
1480400 2570
1480410 2572
1480420 2572
1480430 2571
1480440 2569
1480450 2569
1480460 2568
1480470 2565
1480480 2565
1480490 2562
1480500 2559
1480510 2559
1480520 2556
1480530 2552
1480540 2552
1480550 2548
1480560 2546
1480570 2546
1480580 2541
1480590 2539
1480600 2538
1480610 2538
1480620 2538
1480630 2538
1480640 2538
1480650 2538
1480660 2537
1480670 2537
1480680 2535
1480690 2532
1480700 2532
1480710 2529
1480720 2528
1480730 2528
1480740 2530
1480750 2531
1480760 2531
1480770 2532
1480780 2537
1480790 2540
1480800 2540
1480810 2543
1480820 2547
1480830 2547
1480840 2549
1480850 2553
1480860 2553
1480870 2558
1480880 2563
1480890 2563
1480900 2563
1480910 2564
1480920 2564
1480930 2565
1480940 2568
1480950 2568
1480960 2568
1480970 2568
1480980 2574
1480990 2574
1481000 2578
1481010 2580
1481020 2580
1481030 2583
1481040 2587
1481050 2587
1481060 2590
1481070 2594
1481080 2594
1481090 2599
1481100 2603
1481110 2603
1481120 2607
1481130 2611
1481140 2611
1481150 2614
1481160 2617
1481170 2618
1481180 2618
1481190 2620
1481200 2623
1481210 2623
1481220 2626
1481230 2631
1481240 2631
1481250 2635
1481260 2637
1481270 2637
1481280 2639
1481290 2641
1481300 2641
1481310 2645
1481320 2649
1481330 2649
1481340 2653
1481350 2656
1481360 2656
1481370 2659
1481380 2662
1481390 2663
1481400 2663
1481410 2665
1481420 2664
1481430 2664
1481440 2660
1481450 2654
1481460 2654
1481470 2647
1481480 2638
1481490 2638
1481500 2631
1481510 2624
1481520 2624
1481530 2621
1481540 2620
1481550 2620
1481560 2619
1481570 2617
1481580 2613
1481590 2613
1481600 2611
1481610 2612
1481620 2612
1481630 2615
1481640 2618
1481650 2618
1481660 2623
1481670 2627
1481680 2627
1481690 2629
1481700 2628
1481710 2628
1481720 2629
1481730 2633
1481740 2633
1481750 2633
1481760 2635
1481770 2638
1481780 2638
1481790 2641
1481800 2644
1481810 2644
1481820 2647
1481830 2648
1481840 2648
1481850 2648
1481860 2650
1481870 2650
1481880 2651
1481890 2652
1481900 2652
1481910 2652
1481920 2653
1481930 2653
1481940 2655
1481950 2660
1481960 2662
1481970 2662
1481980 2663
1481990 2663
1482000 2663
1482010 2664
1482020 2665
1482030 2665
1482040 2662
1482050 2657
1482060 2657
1482070 2642
1482080 2629
1482090 2629
1482100 2619
1482110 2616
1482120 2616
1482130 2615
1482140 2615
1482150 2615
1482160 2617
1482170 2624
1482180 2626
1482190 2626
1482200 2626
1482210 2622
1482220 2622
1482230 2620
1482240 2618
1482250 2618
1482260 2615
1482270 2614
1482280 2614
1482290 2612
1482300 2611
1482310 2611
1482320 2610
1482330 2610
1482340 2610
1482350 2609
1482360 2610
1482370 2610
1482380 2610
1482390 2611
1482400 2613
1482410 2613
1482420 2615
1482430 2618
1482440 2618
1482450 2620
1482460 2621
1482470 2621
1482480 2623
1482490 2625
1482500 2625
1482510 2626
1482520 2629
1482530 2629
1482540 2634
1482550 2639
1482560 2646
1482570 2646
1482580 2652
1482590 2659
1482600 2659
1482610 2664
1482620 2669
1482630 2669
1482640 2676
1482650 2683
1482660 2683
1482670 2688
1482680 2694
1482690 2694
1482700 2698
1482710 2703
1482720 2703
1482730 2707
1482740 2711
1482750 2713
1482760 2713
1482770 2717
1482780 2722
1482790 2722
1482800 2726
1482810 2731
1482820 2731
1482830 2736
1482840 2741
1482850 2741
1482860 2747
1482870 2752
1482880 2752
1482890 2757
1482900 2762
1482910 2762
1482920 2768
1482930 2776
1482940 2776
1482950 2784
1482960 2791
1482970 2797
1482980 2797
1482990 2805
1483000 2813
1483010 2813
1483020 2821
1483030 2826
1483040 2826
1483050 2827
1483060 2824
1483070 2824
1483080 2814
1483090 2810
1483100 2810
1483110 2808
1483120 2806
1483130 2806
1483140 2798
1483150 2789
1483160 2786
1483170 2786
1483180 2789
1483190 2791
1483200 2791
1483210 2792
1483220 2794
1483230 2794
1483240 2797
1483250 2790
1483260 2790
1483270 2775
1483280 2763
1483290 2763
1483300 2750
1483310 2736
1483320 2736
1483330 2724
1483340 2713
1483350 2702
1483360 2702
1483370 2695
1483380 2691
1483390 2691
1483400 2685
1483410 2679
1483420 2679
1483430 2677
1483440 2678
1483450 2678
1483460 2678
1483470 2677
1483480 2677
1483490 2678
1483500 2679
1483510 2679
1483520 2683
1483530 2679
1483540 2681
1483550 2681
1483560 2684
1483570 2687
1483580 2687
1483590 2686
1483600 2688
1483610 2688
1483620 2687
1483630 2684
1483640 2684
1483650 2685
1483660 2687
1483670 2687
1483680 2690
1483690 2693
1483700 2693
1483710 2695
1483720 2698
1483730 2698
1483740 2701
1483750 2704
1483760 2707
1483770 2707
1483780 2710
1483790 2710
1483800 2710
1483810 2710
1483820 2707
1483830 2707
1483840 2704
1483850 2699
1483860 2699
1483870 2695
1483880 2692
1483890 2692
1483900 2687
1483910 2683
1483920 2683
1483930 2679
1483940 2675
1483950 2672
1483960 2672
1483970 2667
1483980 2663
1483990 2663
1484000 2659
1484010 2655
1484020 2655
1484030 2649
1484040 2644
1484050 2644
1484060 2640
1484070 2637
1484080 2637
1484090 2636
1484100 2635
1484110 2635
1484120 2634
1484130 2633
1484140 2632
1484150 2632
1484160 2630
1484170 2628
1484180 2628
1484190 2626
1484200 2627
1484210 2627
1484220 2632
1484230 2637
1484240 2637
1484250 2643
1484260 2647
1484270 2647
1484280 2651
1484290 2654
1484300 2654
1484310 2655
1484320 2656
1484330 2658
1484340 2658
1484350 2659
1484360 2661
1484370 2661
1484380 2663
1484390 2664
1484400 2664
1484410 2666
1484420 2668
1484430 2668
1484440 2669
1484450 2669
1484460 2669
1484470 2672
1484480 2674
1484490 2674
1484500 2677
1484510 2679
1484520 2679
1484530 2681
1484540 2684
1484550 2686
1484560 2686
1484570 2687
1484580 2688
1484590 2688
1484600 2688
1484610 2687
1484620 2687
1484630 2688
1484640 2687
1484650 2687
1484660 2686
1484670 2683
1484680 2683
1484690 2683
1484700 2684
1484710 2684
1484720 2686
1484730 2685
1484740 2683
1484750 2683
1484760 2682
1484770 2680
1484780 2680
1484790 2680
1484800 2678
1484810 2678
1484820 2673
1484830 2670
1484840 2670
1484850 2671
1484860 2673
1484870 2673
1484880 2673
1484890 2672
1484900 2672
1484910 2671
1484920 2670
1484930 2669
1484940 2669
1484950 2669
1484960 2670
1484970 2670
1484980 2672
1484990 2675
1485000 2675
1485010 2677
1485020 2680
1485030 2680
1485040 2681
1485050 2680
1485060 2680
1485070 2679
1485080 2682
1485090 2682
1485100 2684
1485110 2681
1485120 2676
1485130 2676
1485140 2671
1485150 2668
1485160 2668
1485170 2666
1485180 2663
1485190 2663
1485200 2662
1485210 2662
1485220 2662
1485230 2664
1485240 2666
1485250 2666
1485260 2668
1485270 2671
1485280 2671
1485290 2674
1485300 2677
1485310 2677
1485320 2681
1485330 2686
1485340 2691
1485350 2691
1485360 2696
1485370 2700
1485380 2700
1485390 2705
1485400 2711
1485410 2711
1485420 2717
1485430 2725
1485440 2725
1485450 2733
1485460 2740
1485470 2740
1485480 2745
1485490 2750
1485500 2750
1485510 2752
1485520 2753
1485530 2754
1485540 2754
1485550 2755
1485560 2750
1485570 2750
1485580 2734
1485590 2723
1485600 2723
1485610 2721
1485620 2719
1485630 2719
1485640 2717
1485650 2717
1485660 2717
1485670 2716
1485680 2717
1485690 2717
1485700 2718
1485710 2719
1485720 2720
1485730 2720
1485740 2721
1485750 2722
1485760 2722
1485770 2723
1485780 2724
1485790 2724
1485800 2725
1485810 2727
1485820 2727
1485830 2730
1485840 2732
1485850 2732
1485860 2736
1485870 2740
1485880 2740
1485890 2743
1485900 2744
1485910 2746
1485920 2746
1485930 2749
1485940 2752
1485950 2752
1485960 2754
1485970 2757
1485980 2757
1485990 2760
1486000 2762
1486010 2762
1486020 2765
1486030 2767
1486040 2767
1486050 2769
1486060 2771
1486070 2771
1486080 2774
1486090 2777
1486100 2777
1486110 2779
1486120 2782
1486130 2785
1486140 2785
1486150 2789
1486160 2793
1486170 2793
1486180 2798
1486190 2803
1486200 2803
1486210 2808
1486220 2814
1486230 2814
1486240 2834
1486250 2850
1486260 2850
1486270 2859
1486280 2871
1486290 2871
1486300 2878
1486310 2888
1486320 2902
1486330 2902
1486340 2903
1486350 2896
1486360 2896
1486370 2890
1486380 2873
1486390 2873
1486400 2858
1486410 2845
1486420 2845
1486430 2831
1486440 2822
1486450 2822
1486460 2814
1486470 2806
1486480 2806
1486490 2798
1486500 2791
1486510 2784
1486520 2784
1486530 2776
1486540 2768
1486550 2768
1486560 2757
1486570 2745
1486580 2745
1486590 2748
1486600 2747
1486610 2747
1486620 2724
1486630 2704
1486640 2704
1486650 2697
1486660 2690
1486670 2690
1486680 2683
1486690 2676
1486700 2670
1486710 2670
1486720 2664
1486730 2657
1486740 2657
1486750 2651
1486760 2647
1486770 2647
1486780 2645
1486790 2641
1486800 2641
1486810 2634
1486820 2627
1486830 2627
1486840 2619
1486850 2612
1486860 2612
1486870 2605
1486880 2598
1486890 2598
1486900 2591
1486910 2584
1486920 2577
1486930 2577
1486940 2570
1486950 2564
1486960 2564
1486970 2557
1486980 2551
1486990 2551
1487000 2545
1487010 2538
1487020 2538
1487030 2533
1487040 2528
1487050 2528
1487060 2523
1487070 2518
1487080 2518
1487090 2514
1487100 2509
1487110 2504
1487120 2504
1487130 2500
1487140 2495
1487150 2495
1487160 2490
1487170 2487
1487180 2487
1487190 2485
1487200 2482
1487210 2482
1487220 2476
1487230 2470
1487240 2470
1487250 2466
1487260 2460
1487270 2460
1487280 2454
1487290 2448
1487300 2441
1487310 2441
1487320 2433
1487330 2427
1487340 2427
1487350 2423
1487360 2418
1487370 2418
1487380 2415
1487390 2411
1487400 2411
1487410 2406
1487420 2401
1487430 2401
1487440 2397
1487450 2394
1487460 2394
1487470 2390
1487480 2387
1487490 2384
1487500 2384
1487510 2380
1487520 2376
1487530 2376
1487540 2371
1487550 2367
1487560 2367
1487570 2363
1487580 2358
1487590 2358
1487600 2353
1487610 2347
1487620 2347
1487630 2341
1487640 2337
1487650 2337
1487660 2332
1487670 2326
1487680 2326
1487690 2321
1487700 2315
1487710 2309
1487720 2309
1487730 2304
1487740 2298
1487750 2298
1487760 2292
1487770 2286
1487780 2286
1487790 2280
1487800 2274
1487810 2274
1487820 2271
1487830 2270
1487840 2270
1487850 2268
1487860 2265
1487870 2265
1487880 2262
1487890 2260
1487900 2257
1487910 2257
1487920 2254
1487930 2252
1487940 2252
1487950 2248
1487960 2245
1487970 2245
1487980 2240
1487990 2235
1488000 2235
1488010 2230
1488020 2222
1488030 2222
1488040 2214
1488050 2205
1488060 2205
1488070 2196
1488080 2191
1488090 2187
1488100 2187
1488110 2185
1488120 2182
1488130 2182
1488140 2179
1488150 2175
1488160 2175
1488170 2173
1488180 2170
1488190 2170
1488200 2167
1488210 2164
1488220 2164
1488230 2162
1488240 2158
1488250 2158
1488260 2155
1488270 2152
1488280 2148
1488290 2148
1488300 2143
1488310 2138
1488320 2138
1488330 2133
1488340 2126
1488350 2126
1488360 2118
1488370 2108
1488380 2108
1488390 2099
1488400 2090
1488410 2090
1488420 2082
1488430 2074
1488440 2074
1488450 2067
1488460 2058
1488470 2050
1488480 2050
1488490 2042
1488500 2036
1488510 2036
1488520 2032
1488530 2023
1488540 2023
1488550 2012
1488560 2005
1488570 2005
1488580 2003
1488590 2002
1488600 2002
1488610 2002
1488620 2001
1488630 2001
1488640 2000
1488650 1998
1488660 1998
1488670 1998
1488680 1996
1488690 1994
1488700 1994
1488710 1994
1488720 1994
1488730 1994
1488740 1993
1488750 1993
1488760 1993
1488770 1993
1488780 1993
1488790 1993
1488800 1994
1488810 1994
1488820 1994
1488830 1995
1488840 1997
1488850 1997
1488860 1997
1488870 1998
1488880 2001
1488890 2001
1488900 2003
1488910 2005
1488920 2005
1488930 2008
1488940 2009
1488950 2009
1488960 2010
1488970 2011
1488980 2011
1488990 2012
1489000 2013
1489010 2013
1489020 2013
1489030 2015
1489040 2015
1489050 2017
1489060 2019
1489070 2020
1489080 2020
1489090 2021
1489100 2020
1489110 2020
1489120 2023
1489130 2026
1489140 2026
1489150 2026
1489160 2034
1489170 2034
1489180 2048
1489190 2063
1489200 2063
1489210 2075
1489220 2080
1489230 2080
1489240 2084
1489250 2090
1489260 2095
1489270 2095
1489280 2099
1489290 2103
1489300 2103
1489310 2107
1489320 2111
1489330 2111
1489340 2114
1489350 2117
1489360 2117
1489370 2120
1489380 2123
1489390 2123
1489400 2126
1489410 2140
1489420 2140
1489430 2158
1489440 2164
1489450 2164
1489460 2170
1489470 2176
1489480 2183
1489490 2183
1489500 2190
1489510 2198
1489520 2198
1489530 2206
1489540 2215
1489550 2215
1489560 2223
1489570 2232
1489580 2232
1489590 2236
1489600 2241
1489610 2241
1489620 2244
1489630 2247
1489640 2247
1489650 2251
1489660 2257
1489670 2265
1489680 2265
1489690 2272
1489700 2279
1489710 2279
1489720 2288
1489730 2297
1489740 2297
1489750 2304
1489760 2309
1489770 2309
1489780 2312
1489790 2316
1489800 2316
1489810 2319
1489820 2324
1489830 2324
1489840 2331
1489850 2340
1489860 2350
1489870 2350
1489880 2361
1489890 2370
1489900 2370
1489910 2379
1489920 2390
1489930 2390
1489940 2404
1489950 2413
1489960 2413
1489970 2409
1489980 2406
1489990 2406
1490000 2410
1490010 2422
1490020 2422
1490030 2435
1490040 2446
1490050 2451
1490060 2451
1490070 2443
1490080 2433
1490090 2433
1490100 2420
1490110 2404
1490120 2404
1490130 2389
1490140 2375
1490150 2375
1490160 2361
1490170 2352
1490180 2352
1490190 2347
1490200 2342
1490210 2342
1490220 2338
1490230 2336
1490240 2336
1490250 2337
1490260 2336
1490270 2333
1490280 2333
1490290 2330
1490300 2329
1490310 2329
1490320 2331
1490330 2334
1490340 2334
1490350 2334
1490360 2332
1490370 2332
1490380 2331
1490390 2329
1490400 2329
1490410 2323
1490420 2318
1490430 2318
1490440 2305
1490450 2295
1490460 2289
1490470 2289
1490480 2285
1490490 2280
1490500 2280
1490510 2276
1490520 2272
1490530 2272
1490540 2268
1490550 2267
1490560 2267
1490570 2269
1490580 2270
1490590 2270
1490600 2269
1490610 2268
1490620 2268
1490630 2265
1490640 2265
1490650 2267
1490660 2267
1490670 2269
1490680 2271
1490690 2271
1490700 2269
1490710 2266
1490720 2266
1490730 2264
1490740 2261
1490750 2261
1490760 2258
1490770 2256
1490780 2256
1490790 2254
1490800 2247
1490810 2247
1490820 2240
1490830 2233
1490840 2233
1490850 2231
1490860 2229
1490870 2225
1490880 2225
1490890 2221
1490900 2219
1490910 2219
1490920 2219
1490930 2219
1490940 2219
1490950 2219
1490960 2219
1490970 2219
1490980 2219
1490990 2220
1491000 2220
1491010 2224
1491020 2229
1491030 2229
1491040 2231
1491050 2232
1491060 2233
1491070 2233
1491080 2232
1491090 2231
1491100 2231
1491110 2229
1491120 2230
1491130 2230
1491140 2238
1491150 2247
1491160 2247
1491170 2256
1491180 2256
1491190 2256
1491200 2256
1491210 2258
1491220 2258
1491230 2258
1491240 2255
1491250 2257
1491260 2257
1491270 2262
1491280 2266
1491290 2266
1491300 2266
1491310 2265
1491320 2265
1491330 2265
1491340 2264
1491350 2264
1491360 2261
1491370 2262
1491380 2262
1491390 2265
1491400 2264
1491410 2264
1491420 2263
1491430 2263
1491440 2263
1491450 2263
1491460 2265
1491470 2265
1491480 2265
1491490 2264
1491500 2264
1491510 2264
1491520 2264
1491530 2263
1491540 2263
1491550 2262
1491560 2261
1491570 2261
1491580 2261
1491590 2262
1491600 2262
1491610 2263
1491620 2264
1491630 2264
1491640 2264
1491650 2266
1491660 2271
1491670 2271
1491680 2276
1491690 2279
1491700 2279
1491710 2281
1491720 2288
1491730 2288
1491740 2289
1491750 2293
1491760 2293
1491770 2295
1491780 2295
1491790 2295
1491800 2295
1491810 2295
1491820 2295
1491830 2296
1491840 2297
1491850 2297
1491860 2297
1491870 2294
1491880 2294
1491890 2294
1491900 2293
1491910 2292
1491920 2292
1491930 2290
1491940 2290
1491950 2290
1491960 2291
1491970 2294
1491980 2294
1491990 2294
1492000 2294
1492010 2294
1492020 2301
1492030 2309
1492040 2313
1492050 2313
1492060 2318
1492070 2320
1492080 2320
1492090 2320
1492100 2320
1492110 2320
1492120 2320
1492130 2321
1492140 2321
1492150 2321
1492160 2320
1492170 2320
1492180 2319
1492190 2317
1492200 2317
1492210 2315
1492220 2313
1492230 2314
1492240 2314
1492250 2317
1492260 2318
1492270 2318
1492280 2318
1492290 2316
1492300 2316
1492310 2316
1492320 2317
1492330 2317
1492340 2321
1492350 2322
1492360 2322
1492370 2325
1492380 2325
1492390 2325
1492400 2324
1492410 2322
1492420 2322
1492430 2321
1492440 2319
1492450 2317
1492460 2317
1492470 2314
1492480 2311
1492490 2311
1492500 2305
1492510 2302
1492520 2302
1492530 2299
1492540 2301
1492550 2301
1492560 2306
1492570 2308
1492580 2308
1492590 2309
1492600 2311
1492610 2311
1492620 2309
1492630 2307
1492640 2305
1492650 2305
1492660 2303
1492670 2302
1492680 2302
1492690 2301
1492700 2298
1492710 2298
1492720 2294
1492730 2294
1492740 2294
1492750 2296
1492760 2299
1492770 2299
1492780 2302
1492790 2304
1492800 2304
1492810 2307
1492820 2311
1492830 2314
1492840 2314
1492850 2315
1492860 2315
1492870 2315
1492880 2315
1492890 2316
1492900 2316
1492910 2323
1492920 2329
1492930 2329
1492940 2347
1492950 2367
1492960 2367
1492970 2372
1492980 2372
1492990 2372
1493000 2375
1493010 2372
1493020 2369
1493030 2369
1493040 2367
1493050 2372
1493060 2372
1493070 2370
1493080 2364
1493090 2364
1493100 2359
1493110 2355
1493120 2355
1493130 2352
1493140 2354
1493150 2354
1493160 2356
1493170 2357
1493180 2357
1493190 2360
1493200 2365
1493210 2365
1493220 2367
1493230 2365
1493240 2361
1493250 2361
1493260 2358
1493270 2354
1493280 2354
1493290 2350
1493300 2345
1493310 2345
1493320 2339
1493330 2330
1493340 2330
1493350 2324
1493360 2318
1493370 2318
1493380 2311
1493390 2307
1493400 2307
1493410 2304
1493420 2301
1493430 2299
1493440 2299
1493450 2297
1493460 2296
1493470 2296
1493480 2294
1493490 2293
1493500 2293
1493510 2293
1493520 2294
1493530 2294
1493540 2296
1493550 2299
1493560 2299
1493570 2306
1493580 2317
1493590 2317
1493600 2331
1493610 2334
1493620 2333
1493630 2333
1493640 2334
1493650 2335
1493660 2335
1493670 2333
1493680 2329
1493690 2329
1493700 2328
1493710 2329
1493720 2329
1493730 2329
1493740 2329
1493750 2329
1493760 2328
1493770 2327
1493780 2327
1493790 2327
1493800 2326
1493810 2326
1493820 2326
1493830 2325
1493840 2325
1493850 2325
1493860 2325
1493870 2325
1493880 2325
1493890 2326
1493900 2326
1493910 2326
1493920 2326
1493930 2327
1493940 2327
1493950 2330
1493960 2335
1493970 2335
1493980 2339
1493990 2343
1494000 2343
1494010 2346
1494020 2350
1494030 2355
1494040 2355
1494050 2369
1494060 2397
1494070 2397
1494080 2402
1494090 2398
1494100 2398
1494110 2388
1494120 2376
1494130 2376
1494140 2364
1494150 2350
1494160 2350
1494170 2338
1494180 2333
1494190 2333
1494200 2328
1494210 2322
1494220 2316
1494230 2316
1494240 2310
1494250 2304
1494260 2304
1494270 2299
1494280 2293
1494290 2293
1494300 2289
1494310 2284
1494320 2284
1494330 2280
1494340 2276
1494350 2276
1494360 2272
1494370 2269
1494380 2269
1494390 2266
1494400 2264
1494410 2262
1494420 2262
1494430 2260
1494440 2256
1494450 2256
1494460 2253
1494470 2249
1494480 2249
1494490 2245
1494500 2242
1494510 2242
1494520 2239
1494530 2237
1494540 2237
1494550 2234
1494560 2230
1494570 2230
1494580 2228
1494590 2225
1494600 2223
1494610 2223
1494620 2223
1494630 2221
1494640 2221
1494650 2218
1494660 2214
1494670 2214
1494680 2212
1494690 2213
1494700 2213
1494710 2214
1494720 2212
1494730 2212
1494740 2210
1494750 2207
1494760 2207
1494770 2204
1494780 2202
1494790 2202
1494800 2200
1494810 2198
1494820 2196
1494830 2196
1494840 2195
1494850 2193
1494860 2193
1494870 2191
1494880 2190
1494890 2190
1494900 2188
1494910 2187
1494920 2187
1494930 2185
1494940 2182
1494950 2182
1494960 2179
1494970 2176
1494980 2176
1494990 2174
1495000 2171
1495010 2169
1495020 2170
1495030 2167
1495040 2164
1495050 2164
1495060 2161
1495070 2159
1495080 2159
1495090 2156
1495100 2153
1495110 2153
1495120 2150
1495130 2147
1495140 2147
1495150 2144
1495160 2140
1495170 2140
1495180 2137
1495190 2133
1495200 2129
1495210 2129
1495220 2127
1495230 2124
1495240 2124
1495250 2122
1495260 2119
1495270 2119
1495280 2116
1495290 2114
1495300 2114
1495310 2111
1495320 2107
1495330 2107
1495340 2104
1495350 2100
1495360 2100
1495370 2095
1495380 2090
1495390 2084
1495400 2084
1495410 2079
1495420 2075
1495430 2075
1495440 2073
1495450 2070
1495460 2070
1495470 2068
1495480 2065
1495490 2065
1495500 2062
1495510 2059
1495520 2059
1495530 2056
1495540 2054
1495550 2054
1495560 2050
1495570 2046
1495580 2046
1495590 2042
1495600 2038
1495610 2032
1495620 2032
1495630 2027
1495640 2021
1495650 2021
1495660 2015
1495670 2010
1495680 2010
1495690 2005
1495700 2001
1495710 2001
1495720 1997
1495730 1994
1495740 1994
1495750 1991
1495760 1988
1495770 1988
1495780 1985
1495790 1982
1495800 1979
1495810 1979
1495820 1976
1495830 1973
1495840 1973
1495850 1971
1495860 1969
1495870 1969
1495880 1966
1495890 1964
1495900 1964
1495910 1963
1495920 1961
1495930 1961
1495940 1960
1495950 1958
1495960 1958
1495970 1955
1495980 1951
1495990 1948
1496000 1948
1496010 1944
1496020 1941
1496030 1941
1496040 1938
1496050 1935
1496060 1935
1496070 1932
1496080 1929
1496090 1929
1496100 1925
1496110 1921
1496120 1921
1496130 1917
1496140 1913
1496150 1913
1496160 1908
1496170 1904
1496180 1900
1496190 1900
1496200 1895
1496210 1891
1496220 1891
1496230 1887
1496240 1884
1496250 1884
1496260 1879
1496270 1875
1496280 1875
1496290 1871
1496300 1868
1496310 1868
1496320 1864
1496330 1862
1496340 1862
1496350 1859
1496360 1857
1496370 1857
1496380 1854
1496390 1852
1496400 1850
1496410 1850
1496420 1847
1496430 1845
1496440 1845
1496450 1844
1496460 1844
1496470 1844
1496480 1844
1496490 1843
1496500 1843
1496510 1842
1496520 1841
1496530 1841
1496540 1840
1496550 1838
1496560 1838
1496570 1835
1496580 1831
1496590 1824
1496600 1824
1496610 1814
1496620 1804
1496630 1804
1496640 1794
1496650 1786
1496660 1786
1496670 1780
1496680 1775
1496690 1775
1496700 1771
1496710 1768
1496720 1768
1496730 1764
1496740 1761
1496750 1761
1496760 1760
1496770 1758
1496780 1756
1496790 1756
1496800 1754
1496810 1751
1496820 1751
1496830 1747
1496840 1743
1496850 1743
1496860 1740
1496870 1737
1496880 1737
1496890 1733
1496900 1730
1496910 1730
1496920 1727
1496930 1723
1496940 1723
1496950 1719
1496960 1713
1496970 1707
1496980 1707
1496990 1703
1497000 1701
1497010 1701
1497020 1703
1497030 1706
1497040 1706
1497050 1709
1497060 1710
1497070 1710
1497080 1708
1497090 1706
1497100 1706
1497110 1703
1497120 1700
1497130 1700
1497140 1698
1497150 1695
1497160 1695
1497170 1693
1497180 1690
1497190 1686
1497200 1686
1497210 1682
1497220 1679
1497230 1679
1497240 1675
1497250 1672
1497260 1672
1497270 1669
1497280 1667
1497290 1667
1497300 1665
1497310 1663
1497320 1663
1497330 1659
1497340 1655
1497350 1655
1497360 1651
1497370 1647
1497380 1642
1497390 1642
1497400 1636
1497410 1629
1497420 1629
1497430 1624
1497440 1618
1497450 1618
1497460 1614
1497470 1611
1497480 1611
1497490 1611
1497500 1609
1497510 1609
1497520 1606
1497530 1602
1497540 1602
1497550 1598
1497560 1593
1497570 1588
1497580 1588
1497590 1582
1497600 1577
1497610 1577
1497620 1571
1497630 1566
1497640 1566
1497650 1562
1497660 1558
1497670 1558
1497680 1552
1497690 1548
1497700 1548
1497710 1545
1497720 1541
1497730 1541
1497740 1537
1497750 1535
1497760 1534
1497770 1534
1497780 1530
1497790 1526
1497800 1526
1497810 1522
1497820 1517
1497830 1517
1497840 1513
1497850 1509
1497860 1509
1497870 1503
1497880 1497
1497890 1497
1497900 1492
1497910 1487
1497920 1487
1497930 1483
1497940 1480
1497950 1480
1497960 1476
1497970 1473
1497980 1469
1497990 1469
1498000 1465
1498010 1460
1498020 1460
1498030 1459
1498040 1457
1498050 1457
1498060 1454
1498070 1453
1498080 1453
1498090 1451
1498100 1446
1498110 1446
1498120 1443
1498130 1441
1498140 1441
1498150 1439
1498160 1437
1498170 1435
1498180 1435
1498190 1432
1498200 1429
1498210 1429
1498220 1425
1498230 1421
1498240 1421
1498250 1419
1498260 1417
1498270 1417
1498280 1414
1498290 1412
1498300 1412
1498310 1409
1498320 1407
1498330 1407
1498340 1405
1498350 1400
1498360 1394
1498370 1394
1498380 1391
1498390 1388
1498400 1388
1498410 1384
1498420 1381
1498430 1381
1498440 1377
1498450 1374
1498460 1374
1498470 1370
1498480 1365
1498490 1365
1498500 1359
1498510 1353
1498520 1353
1498530 1348
1498540 1343
1498550 1339
1498560 1339
1498570 1335
1498580 1328
1498590 1328
1498600 1322
1498610 1318
1498620 1318
1498630 1315
1498640 1312
1498650 1312
1498660 1309
1498670 1306
1498680 1306
1498690 1304
1498700 1301
1498710 1301
1498720 1299
1498730 1296
1498740 1296
1498750 1292
1498760 1285
1498770 1278
1498780 1278
1498790 1274
1498800 1271
1498810 1271
1498820 1270
1498830 1269
1498840 1269
1498850 1268
1498860 1267
1498870 1267
1498880 1265
1498890 1264
1498900 1264
1498910 1262
1498920 1260
1498930 1260
1498940 1259
1498950 1256
1498960 1253
1498970 1253
1498980 1249
1498990 1245
1499000 1245
1499010 1239
1499020 1233
1499030 1233
1499040 1228
1499050 1222
1499060 1222
1499070 1218
1499080 1213
1499090 1213
1499100 1208
1499110 1204
1499120 1204
1499130 1203
1499140 1202
1499150 1200
1499160 1200
1499170 1197
1499180 1194
1499190 1194
1499200 1192
1499210 1189
1499220 1189
1499230 1186
1499240 1183
1499250 1183
1499260 1180
1499270 1177
1499280 1177
1499290 1174
1499300 1170
1499310 1170
1499320 1165
1499330 1160
1499340 1157
1499350 1157
1499360 1153
1499370 1149
1499380 1149
1499390 1144
1499400 1138
1499410 1138
1499420 1133
1499430 1127
1499440 1127
1499450 1122
1499460 1117
1499470 1117
1499480 1113
1499490 1110
1499500 1110
1499510 1106
1499520 1101
1499530 1101
1499540 1095
1499550 1089
1499560 1084
1499570 1084
1499580 1080
1499590 1074
1499600 1074
1499610 1069
1499620 1064
1499630 1064
1499640 1059
1499650 1053
1499660 1053
1499670 1049
1499680 1045
1499690 1045
1499700 1039
1499710 1033
1499720 1033
1499730 1028
1499740 1022
1499750 1015
1499760 1015
1499770 1009
1499780 1003
1499790 1003
1499800 997
1499810 991
1499820 991
1499830 984
1499840 977
1499850 977
1499860 972
1499870 969
1499880 969
1499890 965
1499900 963
1499910 963
1499920 961
1499930 960
1499940 958
1499950 958
1499960 956
1499970 954
1499980 954
1499990 952
