1480000 2377
1480010 2377
1480020 2387
1480030 2386
1480040 2386
1480050 2377
1480060 2373
1480070 2373
1480080 2376
1480090 2380
1480100 2380
1480110 2383
1480120 2387
1480130 2387
1480140 2390
1480150 2393
1480160 2393
1480170 2396
1480180 2399
1480190 2403
1480200 2403
1480210 2407
1480220 2412
1480230 2412
1480240 2417
1480250 2421
1480260 2421
1480270 2426
1480280 2430
1480290 2430
1480300 2434
1480310 2438
1480320 2438
1480330 2443
1480340 2447
1480350 2447
1480360 2451
1480370 2456
1480380 2459
1480390 2459
1480400 2462
1480410 2464
1480420 2464
1480430 2466
1480440 2466
1480450 2466
1480460 2466
1480470 2467
1480480 2467
1480490 2468
1480500 2469
1480510 2469
1480520 2468
1480530 2471
1480540 2471
1480550 2474
1480560 2477
1480570 2479
1480580 2479
1480590 2481
1480600 2484
1480610 2484
1480620 2486
1480630 2488
1480640 2488
1480650 2493
1480660 2497
1480670 2497
1480680 2502
1480690 2507
1480700 2507
1480710 2511
1480720 2514
1480730 2514
1480740 2515
1480750 2516
1480760 2518
1480770 2518
1480780 2522
1480790 2526
1480800 2526
1480810 2529
1480820 2533
1480830 2533
1480840 2537
1480850 2542
1480860 2542
1480870 2548
1480880 2556
1480890 2556
1480900 2569
1480910 2584
1480920 2584
1480930 2599
1480940 2611
1480950 2611
1480960 2623
1480970 2636
1480980 2645
1480990 2645
1481000 2653
1481010 2662
1481020 2662
1481030 2665
1481040 2661
1481050 2661
1481060 2660
1481070 2674
1481080 2674
1481090 2693
1481100 2712
1481110 2712
1481120 2728
1481130 2739
1481140 2739
1481150 2747
1481160 2759
1481170 2774
1481180 2774
1481190 2781
1481200 2784
1481210 2784
1481220 2790
1481230 2795
1481240 2795
1481250 2802
1481260 2811
1481270 2811
1481280 2820
1481290 2827
1481300 2827
1481310 2833
1481320 2847
1481330 2847
1481340 2862
1481350 2871
1481360 2882
1481370 2882
1481380 2891
1481390 2895
1481400 2895
1481410 2904
1481420 2908
1481430 2908
1481440 2916
1481450 2917
1481460 2917
1481470 2906
1481480 2902
1481490 2902
1481500 2896
1481510 2889
1481520 2889
1481530 2881
1481540 2871
1481550 2861
1481560 2861
1481570 2849
1481580 2849
1481590 2849
1481600 2855
1481610 2856
1481620 2856
1481630 2852
1481640 2843
1481650 2843
1481660 2836
1481670 2832
1481680 2832
1481690 2828
1481700 2824
1481710 2824
1481720 2818
1481730 2795
1481740 2795
1481750 2776
1481760 2770
1481770 2770
1481780 2770
1481790 2774
1481800 2778
1481810 2778
1481820 2778
1481830 2778
1481840 2778
1481850 2776
1481860 2773
1481870 2773
1481880 2771
1481890 2768
1481900 2768
1481910 2766
1481920 2763
1481930 2763
1481940 2761
1481950 2759
1481960 2755
1481970 2755
1481980 2743
1481990 2726
1482000 2726
1482010 2711
1482020 2700
1482030 2700
1482040 2686
1482050 2672
1482060 2672
1482070 2658
1482080 2651
1482090 2651
1482100 2645
1482110 2640
1482120 2640
1482130 2635
1482140 2630
1482150 2624
1482160 2624
1482170 2618
1482180 2611
1482190 2611
1482200 2604
1482210 2597
1482220 2597
1482230 2590
1482240 2583
1482250 2583
1482260 2577
1482270 2571
1482280 2571
1482290 2566
1482300 2563
1482310 2563
1482320 2559
1482330 2555
1482340 2555
1482350 2553
1482360 2553
1482370 2552
1482380 2552
1482390 2549
1482400 2547
1482410 2547
1482420 2543
1482430 2540
1482440 2540
1482450 2536
1482460 2532
1482470 2532
1482480 2528
1482490 2524
1482500 2524
1482510 2519
1482520 2515
1482530 2515
1482540 2511
1482550 2507
1482560 2502
1482570 2502
1482580 2498
1482590 2493
1482600 2493
1482610 2486
1482620 2482
1482630 2482
1482640 2479
1482650 2477
1482660 2477
1482670 2476
1482680 2474
1482690 2474
1482700 2473
1482710 2472
1482720 2472
1482730 2470
1482740 2469
1482750 2467
1482760 2467
1482770 2465
1482780 2465
1482790 2465
1482800 2464
1482810 2465
1482820 2465
1482830 2467
1482840 2468
1482850 2468
1482860 2469
1482870 2470
1482880 2470
1482890 2471
1482900 2472
1482910 2472
1482920 2472
1482930 2471
1482940 2470
1482950 2470
1482960 2469
1482970 2467
1482980 2467
1482990 2465
1483000 2463
1483010 2463
1483020 2462
1483030 2460
1483040 2460
1483050 2457
1483060 2452
1483070 2452
1483080 2447
1483090 2442
1483100 2442
1483110 2439
1483120 2439
1483130 2439
1483140 2438
1483150 2436
1483160 2431
1483170 2431
1483180 2425
1483190 2419
1483200 2419
1483210 2411
1483220 2403
1483230 2403
1483240 2411
1483250 2413
1483260 2413
1483270 2423
1483280 2443
1483290 2443
1483300 2463
1483310 2484
1483320 2484
1483330 2495
1483340 2499
1483350 2490
1483360 2490
1483370 2478
1483380 2467
1483390 2467
1483400 2462
1483410 2463
1483420 2463
1483430 2451
1483440 2439
1483450 2439
1483460 2422
1483470 2397
1483480 2397
1483490 2369
1483500 2346
1483510 2346
1483520 2337
1483530 2330
1483540 2327
1483550 2327
1483560 2325
1483570 2328
1483580 2328
1483590 2330
1483600 2330
1483610 2330
1483620 2329
1483630 2326
1483640 2326
1483650 2324
1483660 2322
1483670 2322
1483680 2321
1483690 2320
1483700 2320
1483710 2319
1483720 2317
1483730 2316
1483740 2316
1483750 2313
1483760 2312
1483770 2312
1483780 2311
1483790 2310
1483800 2310
1483810 2311
1483820 2312
1483830 2312
1483840 2313
1483850 2314
1483860 2314
1483870 2315
1483880 2317
1483890 2317
1483900 2318
1483910 2319
1483920 2319
1483930 2320
1483940 2320
1483950 2319
1483960 2319
1483970 2319
1483980 2319
1483990 2319
1484000 2319
1484010 2323
1484020 2323
1484030 2331
1484040 2342
1484050 2342
1484060 2350
1484070 2350
1484080 2350
1484090 2351
1484100 2350
1484110 2350
1484120 2347
1484130 2342
1484140 2339
1484150 2339
1484160 2337
1484170 2335
1484180 2335
1484190 2331
1484200 2329
1484210 2329
1484220 2330
1484230 2330
1484240 2330
1484250 2331
1484260 2332
1484270 2332
1484280 2337
1484290 2337
1484300 2337
1484310 2336
1484320 2338
1484330 2341
1484340 2341
1484350 2346
1484360 2352
1484370 2352
1484380 2359
1484390 2370
1484400 2370
1484410 2378
1484420 2381
1484430 2381
1484440 2381
1484450 2381
1484460 2381
1484470 2379
1484480 2377
1484490 2377
1484500 2377
1484510 2378
1484520 2378
1484530 2378
1484540 2377
1484550 2376
1484560 2376
1484570 2373
1484580 2369
1484590 2369
1484600 2366
1484610 2365
1484620 2365
1484630 2365
1484640 2369
1484650 2369
1484660 2385
1484670 2397
1484680 2397
1484690 2396
1484700 2392
1484710 2392
1484720 2389
1484730 2390
1484740 2391
1484750 2391
1484760 2390
1484770 2388
1484780 2388
1484790 2387
1484800 2385
1484810 2385
1484820 2382
1484830 2379
1484840 2379
1484850 2377
1484860 2378
1484870 2378
1484880 2378
1484890 2378
1484900 2378
1484910 2379
1484920 2382
1484930 2383
1484940 2383
1484950 2382
1484960 2385
1484970 2385
1484980 2389
1484990 2393
1485000 2393
1485010 2393
1485020 2393
1485030 2393
1485040 2398
1485050 2402
1485060 2402
1485070 2406
1485080 2410
1485090 2410
1485100 2414
1485110 2416
1485120 2419
1485130 2419
1485140 2422
1485150 2425
1485160 2425
1485170 2429
1485180 2434
1485190 2434
1485200 2439
1485210 2443
1485220 2443
1485230 2448
1485240 2450
1485250 2450
1485260 2452
1485270 2455
1485280 2455
1485290 2465
1485300 2474
1485310 2474
1485320 2485
1485330 2495
1485340 2503
1485350 2503
1485360 2511
1485370 2519
1485380 2519
1485390 2525
1485400 2532
1485410 2532
1485420 2538
1485430 2545
1485440 2545
1485450 2553
1485460 2565
1485470 2565
1485480 2579
1485490 2583
1485500 2583
1485510 2583
1485520 2580
1485530 2573
1485540 2573
1485550 2571
1485560 2570
1485570 2570
1485580 2572
1485590 2575
1485600 2575
1485610 2578
1485620 2581
1485630 2581
1485640 2586
1485650 2592
1485660 2592
1485670 2596
1485680 2601
1485690 2601
1485700 2604
1485710 2607
1485720 2610
1485730 2610
1485740 2613
1485750 2615
1485760 2615
1485770 2614
1485780 2613
1485790 2613
1485800 2611
1485810 2603
1485820 2603
1485830 2580
1485840 2558
1485850 2558
1485860 2555
1485870 2558
1485880 2558
1485890 2558
1485900 2557
1485910 2555
1485920 2555
1485930 2551
1485940 2546
1485950 2546
1485960 2541
1485970 2538
1485980 2538
1485990 2536
1486000 2533
1486010 2533
1486020 2533
1486030 2534
1486040 2534
1486050 2536
1486060 2538
1486070 2538
1486080 2540
1486090 2542
1486100 2542
1486110 2541
1486120 2542
1486130 2547
1486140 2547
1486150 2550
1486160 2556
1486170 2556
1486180 2564
1486190 2564
1486200 2564
1486210 2564
1486220 2560
1486230 2560
1486240 2554
1486250 2553
1486260 2553
1486270 2541
1486280 2531
1486290 2531
1486300 2533
1486310 2529
1486320 2510
1486330 2510
1486340 2492
1486350 2484
1486360 2484
1486370 2477
1486380 2467
1486390 2467
1486400 2462
1486410 2461
1486420 2461
1486430 2461
1486440 2462
1486450 2462
1486460 2464
1486470 2464
1486480 2464
1486490 2464
1486500 2464
1486510 2465
1486520 2465
1486530 2465
1486540 2468
1486550 2468
1486560 2471
1486570 2472
1486580 2472
1486590 2473
1486600 2472
1486610 2472
1486620 2472
1486630 2473
1486640 2473
1486650 2475
1486660 2476
1486670 2476
1486680 2477
1486690 2480
1486700 2482
1486710 2482
1486720 2484
1486730 2485
1486740 2485
1486750 2486
1486760 2488
1486770 2488
1486780 2492
1486790 2495
1486800 2495
1486810 2500
1486820 2503
1486830 2503
1486840 2507
1486850 2511
1486860 2511
1486870 2517
1486880 2523
1486890 2523
1486900 2529
1486910 2535
1486920 2545
1486930 2545
1486940 2555
1486950 2564
1486960 2564
1486970 2573
1486980 2578
1486990 2578
1487000 2584
1487010 2590
1487020 2590
1487030 2590
1487040 2589
1487050 2589
1487060 2592
1487070 2592
1487080 2592
1487090 2593
1487100 2597
1487110 2596
1487120 2596
1487130 2594
1487140 2595
1487150 2595
1487160 2598
1487170 2599
1487180 2599
1487190 2602
1487200 2606
1487210 2606
1487220 2610
1487230 2616
1487240 2616
1487250 2613
1487260 2605
1487270 2605
1487280 2597
1487290 2590
1487300 2584
1487310 2584
1487320 2579
1487330 2569
1487340 2569
1487350 2557
1487360 2546
1487370 2546
1487380 2534
1487390 2515
1487400 2515
1487410 2505
1487420 2501
1487430 2501
1487440 2497
1487450 2491
1487460 2491
1487470 2480
1487480 2472
1487490 2472
1487500 2464
1487510 2455
1487520 2447
1487530 2447
1487540 2440
1487550 2430
1487560 2430
1487570 2421
1487580 2412
1487590 2412
1487600 2402
1487610 2394
1487620 2394
1487630 2384
1487640 2366
1487650 2366
1487660 2341
1487670 2333
1487680 2333
1487690 2327
1487700 2322
1487710 2317
1487720 2317
1487730 2312
1487740 2307
1487750 2307
1487760 2302
1487770 2298
1487780 2298
1487790 2294
1487800 2290
1487810 2290
1487820 2286
1487830 2282
1487840 2282
1487850 2279
1487860 2276
1487870 2276
1487880 2273
1487890 2269
1487900 2264
1487910 2264
1487920 2259
1487930 2255
1487940 2255
1487950 2251
1487960 2248
1487970 2248
1487980 2247
1487990 2245
1488000 2245
1488010 2240
1488020 2233
1488030 2233
1488040 2228
1488050 2223
1488060 2223
1488070 2219
1488080 2216
1488090 2212
1488100 2212
1488110 2207
1488120 2202
1488130 2202
1488140 2198
1488150 2195
1488160 2195
1488170 2194
1488180 2192
1488190 2192
1488200 2187
1488210 2181
1488220 2181
1488230 2174
1488240 2168
1488250 2168
1488260 2163
1488270 2158
1488280 2158
1488290 2153
1488300 2148
1488310 2143
1488320 2143
1488330 2138
1488340 2131
1488350 2131
1488360 2124
1488370 2117
1488380 2117
1488390 2111
1488400 2107
1488410 2107
1488420 2099
1488430 2093
1488440 2093
1488450 2088
1488460 2082
1488470 2082
1488480 2077
1488490 2071
1488500 2065
1488510 2065
1488520 2059
1488530 2053
1488540 2053
1488550 2048
1488560 2043
1488570 2043
1488580 2036
1488590 2031
1488600 2031
1488610 2027
1488620 2020
1488630 2020
1488640 2010
1488650 2004
1488660 2004
1488670 1995
1488680 1985
1488690 1979
1488700 1979
1488710 1973
1488720 1967
1488730 1967
1488740 1961
1488750 1954
1488760 1954
1488770 1949
1488780 1943
1488790 1943
1488800 1937
1488810 1931
1488820 1931
1488830 1924
1488840 1918
1488850 1918
1488860 1912
1488870 1906
1488880 1901
1488890 1901
1488900 1896
1488910 1892
1488920 1892
1488930 1890
1488940 1888
1488950 1888
1488960 1885
1488970 1884
1488980 1884
1488990 1884
1489000 1883
1489010 1883
1489020 1882
1489030 1881
1489040 1881
1489050 1881
1489060 1881
1489070 1881
1489080 1880
1489090 1879
1489100 1879
1489110 1879
1489120 1880
1489130 1880
1489140 1880
1489150 1881
1489160 1882
1489170 1882
1489180 1884
1489190 1887
1489200 1887
1489210 1890
1489220 1892
1489230 1892
1489240 1895
1489250 1898
1489260 1898
1489270 1901
1489280 1904
1489290 1907
1489300 1907
1489310 1910
1489320 1913
1489330 1913
1489340 1917
1489350 1920
1489360 1920
1489370 1923
1489380 1926
1489390 1926
1489400 1929
1489410 1932
1489420 1932
1489430 1937
1489440 1941
1489450 1941
1489460 1944
1489470 1948
1489480 1952
1489490 1952
1489500 1954
1489510 1958
1489520 1958
1489530 1960
1489540 1964
1489550 1964
1489560 1969
1489570 1975
1489580 1975
1489590 1982
1489600 1988
1489610 1988
1489620 1993
1489630 1999
1489640 1999
1489650 2005
1489660 2011
1489670 2011
1489680 2017
1489690 2024
1489700 2031
1489710 2031
1489720 2037
1489730 2043
1489740 2043
1489750 2049
1489760 2060
1489770 2060
1489780 2069
1489790 2074
1489800 2074
1489810 2082
1489820 2092
1489830 2092
1489840 2096
1489850 2106
1489860 2106
1489870 2124
1489880 2135
1489890 2142
1489900 2142
1489910 2149
1489920 2154
1489930 2154
1489940 2161
1489950 2169
1489960 2169
1489970 2177
1489980 2186
1489990 2186
1490000 2193
1490010 2198
1490020 2198
1490030 2206
1490040 2213
1490050 2213
1490060 2220
1490070 2227
1490080 2233
1490090 2233
1490100 2241
1490110 2245
1490120 2245
1490130 2250
1490140 2253
1490150 2253
1490160 2258
1490170 2263
1490180 2263
1490190 2269
1490200 2275
1490210 2275
1490220 2277
1490230 2280
1490240 2280
1490250 2285
1490260 2291
1490270 2298
1490280 2298
1490290 2306
1490300 2313
1490310 2313
1490320 2322
1490330 2329
1490340 2329
1490350 2333
1490360 2339
1490370 2339
1490380 2344
1490390 2347
1490400 2347
1490410 2344
1490420 2337
1490430 2337
1490440 2330
1490450 2324
1490460 2324
1490470 2315
1490480 2307
1490490 2304
1490500 2304
1490510 2300
1490520 2292
1490530 2292
1490540 2286
1490550 2281
1490560 2281
1490570 2277
1490580 2272
1490590 2272
1490600 2267
1490610 2262
1490620 2262
1490630 2259
1490640 2256
1490650 2256
1490660 2253
1490670 2246
1490680 2236
1490690 2236
1490700 2229
1490710 2227
1490720 2227
1490730 2226
1490740 2223
1490750 2223
1490760 2214
1490770 2196
1490780 2196
1490790 2182
1490800 2160
1490810 2160
1490820 2148
1490830 2141
1490840 2141
1490850 2134
1490860 2128
1490870 2125
1490880 2125
1490890 2118
1490900 2111
1490910 2111
1490920 2103
1490930 2095
1490940 2095
1490950 2086
1490960 2081
1490970 2081
1490980 2075
1490990 2070
1491000 2070
1491010 2066
1491020 2062
1491030 2062
1491040 2058
1491050 2054
1491060 2050
1491070 2050
1491080 2047
1491090 2044
1491100 2044
1491110 2041
1491120 2040
1491130 2040
1491140 2039
1491150 2038
1491160 2038
1491170 2036
1491180 2034
1491190 2034
1491200 2032
1491210 2029
1491220 2029
1491230 2027
1491240 2025
1491250 2025
1491260 2023
1491270 2022
1491280 2020
1491290 2020
1491300 2018
1491310 2016
1491320 2016
1491330 2014
1491340 2012
1491350 2012
1491360 2010
1491370 2009
1491380 2009
1491390 2007
1491400 2006
1491410 2006
1491420 2005
1491430 2005
1491440 2005
1491450 2004
1491460 2004
1491470 2005
1491480 2005
1491490 2006
1491500 2006
1491510 2006
1491520 2006
1491530 2006
1491540 2006
1491550 2009
1491560 2014
1491570 2014
1491580 2019
1491590 2024
1491600 2024
1491610 2028
1491620 2032
1491630 2032
1491640 2038
1491650 2043
1491660 2049
1491670 2049
1491680 2056
1491690 2064
1491700 2064
1491710 2084
1491720 2106
1491730 2106
1491740 2121
1491750 2120
1491760 2120
1491770 2117
1491780 2114
1491790 2114
1491800 2112
1491810 2110
1491820 2110
1491830 2107
1491840 2109
1491850 2109
1491860 2109
1491870 2110
1491880 2109
1491890 2109
1491900 2108
1491910 2106
1491920 2106
1491930 2104
1491940 2102
1491950 2102
1491960 2102
1491970 2102
1491980 2102
1491990 2099
1492000 2097
1492010 2097
1492020 2093
1492030 2090
1492040 2090
1492050 2086
1492060 2085
1492070 2084
1492080 2084
1492090 2084
1492100 2085
1492110 2085
1492120 2085
1492130 2087
1492140 2087
1492150 2088
1492160 2089
1492170 2089
1492180 2088
1492190 2088
1492200 2088
1492210 2091
1492220 2098
1492230 2098
1492240 2107
1492250 2110
1492260 2115
1492270 2115
1492280 2119
1492290 2122
1492300 2122
1492310 2125
1492320 2130
1492330 2130
1492340 2136
1492350 2139
1492360 2139
1492370 2144
1492380 2150
1492390 2150
1492400 2161
1492410 2166
1492420 2166
1492430 2166
1492440 2169
1492450 2172
1492460 2172
1492470 2174
1492480 2178
1492490 2178
1492500 2180
1492510 2182
1492520 2182
1492530 2183
1492540 2182
1492550 2182
1492560 2177
1492570 2167
1492580 2167
1492590 2158
1492600 2153
1492610 2153
1492620 2151
1492630 2155
1492640 2155
1492650 2162
1492660 2169
1492670 2175
1492680 2175
1492690 2182
1492700 2187
1492710 2187
1492720 2191
1492730 2190
1492740 2190
1492750 2187
1492760 2184
1492770 2184
1492780 2181
1492790 2180
1492800 2180
1492810 2177
1492820 2173
1492830 2173
1492840 2171
1492850 2170
1492860 2170
1492870 2170
1492880 2171
1492890 2170
1492900 2170
1492910 2168
1492920 2166
1492930 2166
1492940 2164
1492950 2163
1492960 2163
1492970 2163
1492980 2162
1492990 2162
1493000 2161
1493010 2159
1493020 2159
1493030 2155
1493040 2150
1493050 2150
1493060 2150
1493070 2149
1493080 2143
1493090 2143
1493100 2141
1493110 2143
1493120 2143
1493130 2142
1493140 2142
1493150 2142
1493160 2142
1493170 2142
1493180 2142
1493190 2141
1493200 2141
1493210 2141
1493220 2140
1493230 2139
1493240 2136
1493250 2136
1493260 2134
1493270 2132
1493280 2132
1493290 2130
1493300 2128
1493310 2128
1493320 2125
1493330 2121
1493340 2121
1493350 2116
1493360 2114
1493370 2114
1493380 2112
1493390 2110
1493400 2110
1493410 2108
1493420 2105
1493430 2105
1493440 2105
1493450 2105
1493460 2104
1493470 2104
1493480 2100
1493490 2097
1493500 2097
1493510 2094
1493520 2091
1493530 2091
1493540 2090
1493550 2089
1493560 2089
1493570 2090
1493580 2090
1493590 2090
1493600 2089
1493610 2089
1493620 2089
1493630 2086
1493640 2084
1493650 2083
1493660 2083
1493670 2083
1493680 2083
1493690 2083
1493700 2083
1493710 2081
1493720 2081
1493730 2081
1493740 2082
1493750 2082
1493760 2083
1493770 2084
1493780 2084
1493790 2086
1493800 2085
1493810 2085
1493820 2083
1493830 2081
1493840 2080
1493850 2080
1493860 2079
1493870 2078
1493880 2078
1493890 2079
1493900 2082
1493910 2082
1493920 2083
1493930 2081
1493940 2081
1493950 2081
1493960 2080
1493970 2080
1493980 2079
1493990 2080
1494000 2080
1494010 2083
1494020 2087
1494030 2087
1494040 2087
1494050 2088
1494060 2090
1494070 2090
1494080 2092
1494090 2094
1494100 2094
1494110 2096
1494120 2099
1494130 2099
1494140 2104
1494150 2108
1494160 2108
1494170 2113
1494180 2119
1494190 2119
1494200 2125
1494210 2132
1494220 2132
1494230 2138
1494240 2143
1494250 2147
1494260 2147
1494270 2151
1494280 2155
1494290 2155
1494300 2170
1494310 2192
1494320 2192
1494330 2215
1494340 2213
1494350 2213
1494360 2228
1494370 2244
1494380 2244
1494390 2245
1494400 2248
1494410 2248
1494420 2254
1494430 2267
1494440 2278
1494450 2278
1494460 2288
1494470 2304
1494480 2304
1494490 2306
1494500 2295
1494510 2295
1494520 2282
1494530 2278
1494540 2278
1494550 2267
1494560 2242
1494570 2242
1494580 2222
1494590 2215
1494600 2215
1494610 2210
1494620 2206
1494630 2203
1494640 2203
1494650 2200
1494660 2197
1494670 2197
1494680 2194
1494690 2191
1494700 2191
1494710 2188
1494720 2186
1494730 2186
1494740 2184
1494750 2181
1494760 2181
1494770 2179
1494780 2178
1494790 2178
1494800 2177
1494810 2175
1494820 2175
1494830 2174
1494840 2181
1494850 2197
1494860 2197
1494870 2203
1494880 2206
1494890 2206
1494900 2216
1494910 2217
1494920 2217
1494930 2217
1494940 2224
1494950 2224
1494960 2224
1494970 2223
1494980 2223
1494990 2228
1495000 2222
1495010 2222
1495020 2199
1495030 2204
1495040 2220
1495050 2220
1495060 2229
1495070 2234
1495080 2234
1495090 2237
1495100 2240
1495110 2240
1495120 2244
1495130 2250
1495140 2250
1495150 2254
1495160 2256
1495170 2256
1495180 2259
1495190 2261
1495200 2261
1495210 2261
1495220 2261
1495230 2262
1495240 2262
1495250 2262
1495260 2262
1495270 2262
1495280 2261
1495290 2260
1495300 2260
1495310 2259
1495320 2256
1495330 2256
1495340 2252
1495350 2248
1495360 2248
1495370 2244
1495380 2239
1495390 2239
1495400 2234
1495410 2230
1495420 2228
1495430 2228
1495440 2225
1495450 2223
1495460 2223
1495470 2221
1495480 2215
1495490 2215
1495500 2209
1495510 2203
1495520 2203
1495530 2195
1495540 2191
1495550 2191
1495560 2188
1495570 2184
1495580 2184
1495590 2180
1495600 2177
1495610 2177
1495620 2175
1495630 2172
1495640 2167
1495650 2167
1495660 2161
1495670 2157
1495680 2157
1495690 2153
1495700 2149
1495710 2149
1495720 2146
1495730 2141
1495740 2141
1495750 2137
1495760 2132
1495770 2132
1495780 2128
1495790 2124
1495800 2124
1495810 2121
1495820 2117
1495830 2114
1495840 2114
1495850 2112
1495860 2109
1495870 2109
1495880 2106
1495890 2103
1495900 2103
1495910 2099
1495920 2095
1495930 2095
1495940 2092
1495950 2088
1495960 2088
1495970 2083
1495980 2078
1495990 2078
1496000 2073
1496010 2069
1496020 2066
1496030 2066
1496040 2061
1496050 2057
1496060 2057
1496070 2052
1496080 2048
1496090 2048
1496100 2043
1496110 2039
1496120 2039
1496130 2035
1496140 2031
1496150 2031
1496160 2027
1496170 2023
1496180 2023
1496190 2021
1496200 2017
1496210 2017
1496220 2013
1496230 2009
1496240 2006
1496250 2006
1496260 2002
1496270 1999
1496280 1999
1496290 1995
1496300 1992
1496310 1992
1496320 1989
1496330 1985
1496340 1985
1496350 1981
1496360 1976
1496370 1976
1496380 1971
1496390 1965
1496400 1965
1496410 1960
1496420 1953
1496430 1948
1496440 1948
1496450 1942
1496460 1937
1496470 1937
1496480 1931
1496490 1926
1496500 1926
1496510 1921
1496520 1916
1496530 1916
1496540 1912
1496550 1907
1496560 1907
1496570 1902
1496580 1898
1496590 1898
1496600 1895
1496610 1891
1496620 1887
1496630 1887
1496640 1882
1496650 1877
1496660 1877
1496670 1871
1496680 1865
1496690 1865
1496700 1859
1496710 1853
1496720 1853
1496730 1847
1496740 1842
1496750 1842
1496760 1839
1496770 1836
1496780 1836
1496790 1832
1496800 1826
1496810 1819
1496820 1819
1496830 1812
1496840 1807
1496850 1807
1496860 1802
1496870 1799
1496880 1799
1496890 1795
1496900 1790
1496910 1790
1496920 1786
1496930 1783
1496940 1783
1496950 1778
1496960 1773
1496970 1773
1496980 1768
1496990 1763
1497000 1763
1497010 1758
1497020 1753
1497030 1748
1497040 1748
1497050 1743
1497060 1740
1497070 1740
1497080 1735
1497090 1730
1497100 1730
1497110 1724
1497120 1720
1497130 1720
1497140 1715
1497150 1712
1497160 1712
1497170 1708
1497180 1705
1497190 1705
1497200 1700
1497210 1694
1497220 1688
1497230 1688
1497240 1682
1497250 1677
1497260 1677
1497270 1670
1497280 1665
1497290 1665
1497300 1659
1497310 1654
1497320 1654
1497330 1649
1497340 1643
1497350 1643
1497360 1638
1497370 1632
1497380 1632
1497390 1627
1497400 1621
1497410 1616
1497420 1616
1497430 1613
1497440 1608
1497450 1608
1497460 1604
1497470 1599
1497480 1599
1497490 1594
1497500 1589
1497510 1589
1497520 1583
1497530 1577
1497540 1577
1497550 1572
1497560 1566
1497570 1566
1497580 1560
1497590 1553
1497600 1553
1497610 1548
1497620 1543
1497630 1538
1497640 1538
1497650 1532
1497660 1526
1497670 1526
1497680 1520
1497690 1514
1497700 1514
1497710 1508
1497720 1502
1497730 1502
1497740 1496
1497750 1489
1497760 1489
1497770 1483
1497780 1476
1497790 1476
1497800 1469
1497810 1462
1497820 1456
1497830 1456
1497840 1449
1497850 1443
1497860 1443
1497870 1439
1497880 1436
1497890 1436
1497900 1433
1497910 1430
1497920 1430
1497930 1429
1497940 1427
1497950 1427
1497960 1423
1497970 1417
1497980 1417
1497990 1412
1498000 1408
1498010 1402
1498020 1402
1498030 1396
1498040 1389
1498050 1389
1498060 1388
1498070 1388
1498080 1388
1498090 1388
1498100 1388
1498110 1388
1498120 1389
1498130 1391
1498140 1391
1498150 1390
1498160 1388
1498170 1388
1498180 1386
1498190 1383
1498200 1377
1498210 1377
1498220 1371
1498230 1369
1498240 1369
1498250 1367
1498260 1364
1498270 1364
1498280 1362
1498290 1358
1498300 1358
1498310 1352
1498320 1342
1498330 1342
1498340 1333
1498350 1325
1498360 1325
1498370 1320
1498380 1318
1498390 1318
1498400 1317
1498410 1323
1498420 1327
1498430 1327
1498440 1325
1498450 1323
1498460 1323
1498470 1321
1498480 1318
1498490 1318
1498500 1315
1498510 1311
1498520 1311
1498530 1306
1498540 1302
1498550 1302
1498560 1298
1498570 1293
1498580 1293
1498590 1288
1498600 1284
1498610 1280
1498620 1277
1498630 1273
1498640 1269
1498650 1269
1498660 1266
1498670 1263
1498680 1263
1498690 1260
1498700 1256
1498710 1256
1498720 1253
1498730 1248
1498740 1248
1498750 1243
1498760 1237
1498770 1237
1498780 1230
1498790 1223
1498800 1215
1498810 1215
1498820 1202
1498830 1189
1498840 1189
1498850 1181
1498860 1174
1498870 1174
1498880 1168
1498890 1162
1498900 1162
1498910 1157
1498920 1151
1498930 1151
1498940 1145
1498950 1140
1498960 1140
1498970 1134
1498980 1129
1498990 1124
1499000 1124
1499010 1119
1499020 1114
1499030 1114
1499040 1110
1499050 1106
1499060 1106
1499070 1101
1499080 1096
1499090 1096
1499100 1092
1499110 1088
1499120 1088
1499130 1084
1499140 1079
1499150 1079
1499160 1075
1499170 1072
1499180 1072
1499190 1069
1499200 1066
1499210 1062
1499220 1062
1499230 1057
1499240 1050
1499250 1050
1499260 1044
1499270 1037
1499280 1037
1499290 1029
1499300 1019
1499310 1019
1499320 1009
1499330 1002
1499340 1002
1499350 998
1499360 993
1499370 993
1499380 986
1499390 980
1499400 974
1499410 974
1499420 971
1499430 970
1499440 970
1499450 967
1499460 965
1499470 965
1499480 961
1499490 958
1499500 958
1499510 954
1499520 950
1499530 950
1499540 946
1499550 940
1499560 940
1499570 935
1499580 930
1499590 925
1499600 925
1499610 921
1499620 918
1499630 918
1499640 915
1499650 911
1499660 911
1499670 907
1499680 903
1499690 903
1499700 898
1499710 893
1499720 893
1499730 889
1499740 885
1499750 885
1499760 881
1499770 877
1499780 877
1499790 872
1499800 866
1499810 862
1499820 862
1499830 859
1499840 857
1499850 857
1499860 854
1499870 852
1499880 852
1499890 851
1499900 850
1499910 850
1499920 849
1499930 848
1499940 848
1499950 847
1499960 845
1499970 845
1499980 843
1499990 841
