1480000 2510
1480010 2510
1480020 2514
1480030 2517
1480040 2517
1480050 2518
1480060 2520
1480070 2520
1480080 2521
1480090 2521
1480100 2521
1480110 2525
1480120 2528
1480130 2527
1480140 2527
1480150 2525
1480160 2524
1480170 2524
1480180 2521
1480190 2516
1480200 2516
1480210 2511
1480220 2509
1480230 2509
1480240 2509
1480250 2509
1480260 2509
1480270 2506
1480280 2506
1480290 2506
1480300 2507
1480310 2508
1480320 2508
1480330 2509
1480340 2511
1480350 2514
1480360 2514
1480370 2518
1480380 2521
1480390 2521
1480400 2524
1480410 2526
1480420 2526
1480430 2527
1480440 2526
1480450 2526
1480460 2528
1480470 2533
1480480 2533
1480490 2534
1480500 2537
1480510 2537
1480520 2539
1480530 2538
1480540 2539
1480550 2539
1480560 2543
1480570 2547
1480580 2547
1480590 2553
1480600 2558
1480610 2558
1480620 2563
1480630 2567
1480640 2567
1480650 2573
1480660 2578
1480670 2578
1480680 2584
1480690 2589
1480700 2589
1480710 2593
1480720 2595
1480730 2598
1480740 2598
1480750 2602
1480760 2608
1480770 2608
1480780 2613
1480790 2619
1480800 2619
1480810 2621
1480820 2622
1480830 2622
1480840 2625
1480850 2624
1480860 2624
1480870 2619
1480880 2616
1480890 2616
1480900 2617
1480910 2622
1480920 2622
1480930 2628
1480940 2633
1480950 2638
1480960 2638
1480970 2644
1480980 2649
1480990 2649
1481000 2654
1481010 2662
1481020 2662
1481030 2669
1481040 2675
1481050 2675
1481060 2679
1481070 2684
1481080 2684
1481090 2691
1481100 2698
1481110 2698
1481120 2706
1481130 2713
1481140 2720
1481150 2720
1481160 2727
1481170 2733
1481180 2733
1481190 2741
1481200 2746
1481210 2746
1481220 2741
1481230 2732
1481240 2732
1481250 2722
1481260 2712
1481270 2712
1481280 2699
1481290 2685
1481300 2685
1481310 2678
1481320 2677
1481330 2672
1481340 2672
1481350 2662
1481360 2658
1481370 2658
1481380 2659
1481390 2653
1481400 2653
1481410 2647
1481420 2640
1481430 2640
1481440 2636
1481450 2633
1481460 2633
1481470 2630
1481480 2626
1481490 2626
1481500 2622
1481510 2619
1481520 2619
1481530 2615
1481540 2611
1481550 2608
1481560 2608
1481570 2604
1481580 2602
1481590 2602
1481600 2595
1481610 2585
1481620 2585
1481630 2579
1481640 2569
1481650 2569
1481660 2565
1481670 2558
1481680 2558
1481690 2551
1481700 2545
1481710 2545
1481720 2537
1481730 2532
1481740 2529
1481750 2529
1481760 2526
1481770 2524
1481780 2524
1481790 2522
1481800 2518
1481810 2518
1481820 2513
1481830 2507
1481840 2507
1481850 2500
1481860 2494
1481870 2494
1481880 2487
1481890 2481
1481900 2481
1481910 2477
1481920 2474
1481930 2472
1481940 2472
1481950 2468
1481960 2464
1481970 2464
1481980 2460
1481990 2455
1482000 2455
1482010 2451
1482020 2448
1482030 2448
1482040 2446
1482050 2442
1482060 2442
1482070 2438
1482080 2434
1482090 2434
1482100 2430
1482110 2426
1482120 2426
1482130 2422
1482140 2416
1482150 2412
1482160 2412
1482170 2407
1482180 2404
1482190 2404
1482200 2401
1482210 2398
1482220 2398
1482230 2396
1482240 2394
1482250 2394
1482260 2391
1482270 2388
1482280 2388
1482290 2385
1482300 2383
1482310 2383
1482320 2381
1482330 2378
1482340 2376
1482350 2376
1482360 2373
1482370 2372
1482380 2372
1482390 2369
1482400 2366
1482410 2366
1482420 2363
1482430 2361
1482440 2361
1482450 2357
1482460 2354
1482470 2354
1482480 2349
1482490 2344
1482500 2344
1482510 2340
1482520 2336
1482530 2333
1482540 2333
1482550 2330
1482560 2326
1482570 2326
1482580 2321
1482590 2315
1482600 2315
1482610 2310
1482620 2303
1482630 2303
1482640 2297
1482650 2293
1482660 2293
1482670 2289
1482680 2285
1482690 2285
1482700 2280
1482710 2277
1482720 2277
1482730 2274
1482740 2271
1482750 2270
1482760 2270
1482770 2266
1482780 2263
1482790 2263
1482800 2260
1482810 2256
1482820 2256
1482830 2252
1482840 2248
1482850 2248
1482860 2245
1482870 2238
1482880 2238
1482890 2232
1482900 2228
1482910 2228
1482920 2225
1482930 2222
1482940 2219
1482950 2219
1482960 2216
1482970 2211
1482980 2211
1482990 2209
1483000 2207
1483010 2207
1483020 2205
1483030 2203
1483040 2203
1483050 2200
1483060 2194
1483070 2194
1483080 2186
1483090 2176
1483100 2176
1483110 2173
1483120 2171
1483130 2166
1483140 2166
1483150 2162
1483160 2159
1483170 2159
1483180 2155
1483190 2149
1483200 2149
1483210 2143
1483220 2139
1483230 2139
1483240 2136
1483250 2133
1483260 2133
1483270 2128
1483280 2120
1483290 2120
1483300 2111
1483310 2105
1483320 2105
1483330 2102
1483340 2097
1483350 2091
1483360 2091
1483370 2089
1483380 2086
1483390 2086
1483400 2082
1483410 2078
1483420 2078
1483430 2073
1483440 2066
1483450 2066
1483460 2064
1483470 2062
1483480 2062
1483490 2058
1483500 2052
1483510 2052
1483520 2045
1483530 2041
1483540 2039
1483550 2039
1483560 2031
1483570 2024
1483580 2024
1483590 2018
1483600 2010
1483610 2010
1483620 2005
1483630 2001
1483640 2001
1483650 1998
1483660 1994
1483670 1994
1483680 1990
1483690 1988
1483700 1988
1483710 1983
1483720 1978
1483730 1973
1483740 1973
1483750 1969
1483760 1964
1483770 1964
1483780 1959
1483790 1953
1483800 1953
1483810 1948
1483820 1942
1483830 1942
1483840 1937
1483850 1931
1483860 1931
1483870 1926
1483880 1920
1483890 1920
1483900 1915
1483910 1910
1483920 1905
1483930 1905
1483940 1901
1483950 1898
1483960 1898
1483970 1896
1483980 1893
1483990 1893
1484000 1890
1484010 1889
1484020 1889
1484030 1886
1484040 1883
1484050 1883
1484060 1880
1484070 1877
1484080 1877
1484090 1873
1484100 1870
1484110 1870
1484120 1865
1484130 1860
1484140 1856
1484150 1856
1484160 1854
1484170 1851
1484180 1851
1484190 1849
1484200 1846
1484210 1846
1484220 1843
1484230 1840
1484240 1840
1484250 1839
1484260 1837
1484270 1837
1484280 1836
1484290 1834
1484300 1834
1484310 1830
1484320 1824
1484330 1819
1484340 1819
1484350 1817
1484360 1816
1484370 1816
1484380 1815
1484390 1812
1484400 1812
1484410 1811
1484420 1815
1484430 1815
1484440 1822
1484450 1825
1484460 1825
1484470 1826
1484480 1830
1484490 1830
1484500 1829
1484510 1824
1484520 1827
1484530 1827
1484540 1832
1484550 1833
1484560 1833
1484570 1833
1484580 1835
1484590 1835
1484600 1837
1484610 1840
1484620 1840
1484630 1843
1484640 1846
1484650 1846
1484660 1846
1484670 1847
1484680 1847
1484690 1849
1484700 1853
1484710 1853
1484720 1858
1484730 1862
1484740 1865
1484750 1865
1484760 1868
1484770 1871
1484780 1871
1484790 1875
1484800 1880
1484810 1880
1484820 1885
1484830 1889
1484840 1889
1484850 1894
1484860 1899
1484870 1899
1484880 1903
1484890 1907
1484900 1907
1484910 1912
1484920 1916
1484930 1920
1484940 1920
1484950 1924
1484960 1929
1484970 1929
1484980 1934
1484990 1937
1485000 1937
1485010 1941
1485020 1944
1485030 1944
1485040 1948
1485050 1952
1485060 1952
1485070 1955
1485080 1960
1485090 1960
1485100 1964
1485110 1968
1485120 1972
1485130 1972
1485140 1975
1485150 1980
1485160 1980
1485170 1985
1485180 1990
1485190 1990
1485200 1995
1485210 2001
1485220 2001
1485230 2008
1485240 2015
1485250 2015
1485260 2023
1485270 2031
1485280 2031
1485290 2038
1485300 2044
1485310 2044
1485320 2050
1485330 2056
1485340 2060
1485350 2060
1485360 2065
1485370 2070
1485380 2070
1485390 2074
1485400 2077
1485410 2077
1485420 2081
1485430 2084
1485440 2084
1485450 2088
1485460 2090
1485470 2090
1485480 2091
1485490 2094
1485500 2094
1485510 2097
1485520 2101
1485530 2105
1485540 2105
1485550 2108
1485560 2111
1485570 2111
1485580 2116
1485590 2120
1485600 2120
1485610 2123
1485620 2129
1485630 2129
1485640 2134
1485650 2139
1485660 2139
1485670 2142
1485680 2146
1485690 2146
1485700 2149
1485710 2153
1485720 2156
1485730 2156
1485740 2158
1485750 2166
1485760 2166
1485770 2170
1485780 2174
1485790 2174
1485800 2177
1485810 2180
1485820 2180
1485830 2181
1485840 2181
1485850 2181
1485860 2175
1485870 2155
1485880 2155
1485890 2137
1485900 2129
1485910 2129
1485920 2122
1485930 2115
1485940 2111
1485950 2111
1485960 2107
1485970 2106
1485980 2106
1485990 2104
1486000 2098
1486010 2098
1486020 2094
1486030 2090
1486040 2090
1486050 2084
1486060 2079
1486070 2079
1486080 2076
1486090 2073
1486100 2073
1486110 2070
1486120 2067
1486130 2064
1486140 2064
1486150 2061
1486160 2058
1486170 2058
1486180 2055
1486190 2052
1486200 2052
1486210 2049
1486220 2046
1486230 2046
1486240 2042
1486250 2038
1486260 2038
1486270 2036
1486280 2033
1486290 2033
1486300 2024
1486310 2019
1486320 2017
1486330 2017
1486340 2014
1486350 2010
1486360 2010
1486370 2006
1486380 2004
1486390 2004
1486400 2002
1486410 1999
1486420 1999
1486430 1996
1486440 1992
1486450 1992
1486460 1988
1486470 1984
1486480 1984
1486490 1978
1486500 1973
1486510 1973
1486520 1973
1486530 1971
1486540 1968
1486550 1968
1486560 1965
1486570 1962
1486580 1962
1486590 1961
1486600 1961
1486610 1961
1486620 1955
1486630 1949
1486640 1949
1486650 1942
1486660 1934
1486670 1934
1486680 1925
1486690 1918
1486700 1918
1486710 1910
1486720 1903
1486730 1896
1486740 1896
1486750 1889
1486760 1882
1486770 1882
1486780 1875
1486790 1877
1486800 1877
1486810 1879
1486820 1879
1486830 1879
1486840 1879
1486850 1881
1486860 1881
1486870 1880
1486880 1881
1486890 1881
1486900 1883
1486910 1884
1486920 1880
1486930 1880
1486940 1879
1486950 1883
1486960 1883
1486970 1888
1486980 1890
1486990 1890
1487000 1891
1487010 1890
1487020 1890
1487030 1890
1487040 1889
1487050 1889
1487060 1888
1487070 1887
1487080 1887
1487090 1887
1487100 1885
1487110 1885
1487120 1884
1487130 1885
1487140 1885
1487150 1885
1487160 1887
1487170 1890
1487180 1890
1487190 1893
1487200 1897
1487210 1897
1487220 1898
1487230 1899
1487240 1899
1487250 1901
1487260 1904
1487270 1904
1487280 1906
1487290 1910
1487300 1910
1487310 1915
1487320 1920
1487330 1926
1487340 1926
1487350 1930
1487360 1932
1487370 1932
1487380 1935
1487390 1940
1487400 1940
1487410 1946
1487420 1957
1487430 1957
1487440 1971
1487450 1985
1487460 1985
1487470 1991
1487480 1996
1487490 1996
1487500 2002
1487510 2007
1487520 2012
1487530 2012
1487540 2017
1487550 2022
1487560 2022
1487570 2028
1487580 2035
1487590 2035
1487600 2041
1487610 2041
1487620 2041
1487630 2038
1487640 2037
1487650 2037
1487660 2036
1487670 2033
1487680 2033
1487690 2025
1487700 2015
1487710 2015
1487720 2012
1487730 2015
1487740 2015
1487750 2015
1487760 2014
1487770 2011
1487780 2011
1487790 2014
1487800 2018
1487810 2018
1487820 2023
1487830 2024
1487840 2024
1487850 2023
1487860 2022
1487870 2022
1487880 2013
1487890 2004
1487900 2004
1487910 2003
1487920 2003
1487930 2003
1487940 2003
1487950 2001
1487960 2002
1487970 2002
1487980 2005
1487990 2005
1488000 2005
1488010 2003
1488020 1996
1488030 1996
1488040 1989
1488050 1982
1488060 1982
1488070 1975
1488080 1974
1488090 1974
1488100 1970
1488110 1971
1488120 1972
1488130 1972
1488140 1976
1488150 1977
1488160 1977
1488170 1980
1488180 1988
1488190 1988
1488200 1988
1488210 1980
1488220 1980
1488230 1976
1488240 1982
1488250 1982
1488260 2001
1488270 2019
1488280 2019
1488290 2028
1488300 2038
1488310 2038
1488320 2048
1488330 2057
1488340 2065
1488350 2065
1488360 2074
1488370 2084
1488380 2084
1488390 2092
1488400 2099
1488410 2099
1488420 2106
1488430 2111
1488440 2111
1488450 2115
1488460 2118
1488470 2118
1488480 2118
1488490 2120
1488500 2120
1488510 2125
1488520 2129
1488530 2133
1488540 2133
1488550 2137
1488560 2139
1488570 2139
1488580 2140
1488590 2135
1488600 2135
1488610 2125
1488620 2120
1488630 2120
1488640 2118
1488650 2110
1488660 2110
1488670 2098
1488680 2094
1488690 2094
1488700 2099
1488710 2107
1488720 2112
1488730 2112
1488740 2110
1488750 2103
1488760 2103
1488770 2104
1488780 2111
1488790 2111
1488800 2117
1488810 2118
1488820 2118
1488830 2119
1488840 2120
1488850 2120
1488860 2116
1488870 2107
1488880 2107
1488890 2099
1488900 2092
1488910 2092
1488920 2089
1488930 2086
1488940 2084
1488950 2084
1488960 2088
1488970 2092
1488980 2092
1488990 2099
1489000 2110
1489010 2110
1489020 2118
1489030 2124
1489040 2124
1489050 2125
1489060 2126
1489070 2126
1489080 2127
1489090 2128
1489100 2128
1489110 2130
1489120 2128
1489130 2115
1489140 2115
1489150 2111
1489160 2110
1489170 2110
1489180 2102
1489190 2093
1489200 2093
1489210 2083
1489220 2075
1489230 2075
1489240 2064
1489250 2057
1489260 2057
1489270 2050
1489280 2041
1489290 2041
1489300 2036
1489310 2033
1489320 2030
1489330 2030
1489340 2027
1489350 2024
1489360 2024
1489370 2018
1489380 2013
1489390 2013
1489400 2009
1489410 2004
1489420 2004
1489430 1998
1489440 1991
1489450 1991
1489460 1984
1489470 1977
1489480 1977
1489490 1969
1489500 1960
1489510 1960
1489520 1952
1489530 1943
1489540 1936
1489550 1936
1489560 1931
1489570 1927
1489580 1927
1489590 1923
1489600 1916
1489610 1916
1489620 1906
1489630 1897
1489640 1897
1489650 1885
1489660 1867
1489670 1867
1489680 1852
1489690 1840
1489700 1840
1489710 1829
1489720 1820
1489730 1811
1489740 1811
1489750 1803
1489760 1795
1489770 1795
1489780 1788
1489790 1780
1489800 1780
1489810 1773
1489820 1766
1489830 1766
1489840 1759
1489850 1751
1489860 1751
1489870 1744
1489880 1737
1489890 1737
1489900 1729
1489910 1722
1489920 1714
1489930 1714
1489940 1707
1489950 1700
1489960 1700
1489970 1693
1489980 1686
1489990 1686
1490000 1681
1490010 1674
1490020 1674
1490030 1667
1490040 1662
1490050 1662
1490060 1657
1490070 1651
1490080 1651
1490090 1647
1490100 1643
1490110 1643
1490120 1638
1490130 1635
1490140 1631
1490150 1631
1490160 1628
1490170 1625
1490180 1625
1490190 1620
1490200 1615
1490210 1615
1490220 1608
1490230 1603
1490240 1603
1490250 1600
1490260 1598
1490270 1598
1490280 1596
1490290 1594
1490300 1594
1490310 1594
1490320 1594
1490330 1590
1490340 1590
1490350 1586
1490360 1581
1490370 1581
1490380 1575
1490390 1565
1490400 1565
1490410 1556
1490420 1548
1490430 1548
1490440 1540
1490450 1533
1490460 1533
1490470 1528
1490480 1524
1490490 1524
1490500 1521
1490510 1519
1490520 1517
1490530 1517
1490540 1514
1490550 1510
1490560 1510
1490570 1507
1490580 1503
1490590 1503
1490600 1502
1490610 1498
1490620 1498
1490630 1491
1490640 1487
1490650 1487
1490660 1486
1490670 1486
1490680 1486
1490690 1490
1490700 1491
1490710 1491
1490720 1493
1490730 1494
1490740 1497
1490750 1497
1490760 1501
1490770 1505
1490780 1505
1490790 1510
1490800 1518
1490810 1518
1490820 1525
1490830 1531
1490840 1531
1490850 1537
1490860 1543
1490870 1543
1490880 1549
1490890 1556
1490900 1556
1490910 1562
1490920 1568
1490930 1573
1490940 1573
1490950 1576
1490960 1580
1490970 1580
1490980 1583
1490990 1586
1491000 1586
1491010 1591
1491020 1597
1491030 1597
1491040 1602
1491050 1606
1491060 1606
1491070 1608
1491080 1610
1491090 1610
1491100 1619
1491110 1629
1491120 1635
1491130 1635
1491140 1639
1491150 1638
1491160 1638
1491170 1637
1491180 1634
1491190 1634
1491200 1637
1491210 1635
1491220 1635
1491230 1623
1491240 1616
1491250 1616
1491260 1612
1491270 1606
1491280 1606
1491290 1604
1491300 1601
1491310 1601
1491320 1596
1491330 1592
1491340 1588
1491350 1588
1491360 1583
1491370 1577
1491380 1577
1491390 1571
1491400 1564
1491410 1564
1491420 1557
1491430 1549
1491440 1549
1491450 1542
1491460 1534
1491470 1534
1491480 1526
1491490 1519
1491500 1519
1491510 1511
1491520 1505
1491530 1499
1491540 1499
1491550 1493
1491560 1487
1491570 1487
1491580 1479
1491590 1469
1491600 1469
1491610 1463
1491620 1458
1491630 1458
1491640 1454
1491650 1453
1491660 1453
1491670 1451
1491680 1449
1491690 1449
1491700 1447
1491710 1446
1491720 1444
1491730 1444
1491740 1442
1491750 1440
1491760 1440
1491770 1436
1491780 1435
1491790 1435
1491800 1434
1491810 1431
1491820 1431
1491830 1428
1491840 1428
1491850 1428
1491860 1428
1491870 1429
1491880 1429
1491890 1428
1491900 1426
1491910 1426
1491920 1425
1491930 1424
1491940 1421
1491950 1421
1491960 1419
1491970 1416
1491980 1416
1491990 1413
1492000 1408
1492010 1408
1492020 1405
1492030 1408
1492040 1408
1492050 1413
1492060 1418
1492070 1418
1492080 1421
1492090 1424
1492100 1424
1492110 1426
1492120 1429
1492130 1431
1492140 1431
1492150 1432
1492160 1435
1492170 1435
1492180 1439
1492190 1442
1492200 1442
1492210 1447
1492220 1451
1492230 1451
1492240 1456
1492250 1461
1492260 1461
1492270 1467
1492280 1475
1492290 1475
1492300 1481
1492310 1486
1492320 1492
1492330 1492
1492340 1498
1492350 1501
1492360 1501
1492370 1504
1492380 1509
1492390 1509
1492400 1514
1492410 1517
1492420 1517
1492430 1518
1492440 1523
1492450 1523
1492460 1531
1492470 1538
1492480 1538
1492490 1542
1492500 1548
1492510 1548
1492520 1553
1492530 1556
1492540 1558
1492550 1558
1492560 1562
1492570 1567
1492580 1567
1492590 1570
1492600 1572
1492610 1572
1492620 1574
1492630 1577
1492640 1577
1492650 1579
1492660 1580
1492670 1580
1492680 1583
1492690 1587
1492700 1587
1492710 1590
1492720 1594
1492730 1597
1492740 1597
1492750 1599
1492760 1601
1492770 1601
1492780 1603
1492790 1606
1492800 1606
1492810 1609
1492820 1613
1492830 1613
1492840 1617
1492850 1619
1492860 1619
1492870 1620
1492880 1622
1492890 1622
1492900 1623
1492910 1625
1492920 1627
1492930 1627
1492940 1630
1492950 1632
1492960 1632
1492970 1630
1492980 1629
1492990 1629
1493000 1628
1493010 1626
1493020 1626
1493030 1624
1493040 1621
1493050 1621
1493060 1618
1493070 1616
1493080 1616
1493090 1613
1493100 1609
1493110 1609
1493120 1606
1493130 1603
1493140 1600
1493150 1600
1493160 1598
1493170 1594
1493180 1594
1493190 1592
1493200 1590
1493210 1590
1493220 1588
1493230 1588
1493240 1588
1493250 1587
1493260 1586
1493270 1586
1493280 1585
1493290 1583
1493300 1583
1493310 1580
1493320 1577
1493330 1574
1493340 1574
1493350 1569
1493360 1563
1493370 1563
1493380 1558
1493390 1554
1493400 1554
1493410 1550
1493420 1548
1493430 1548
1493440 1546
1493450 1544
1493460 1544
1493470 1544
1493480 1544
1493490 1544
1493500 1540
1493510 1536
1493520 1532
1493530 1532
1493540 1529
1493550 1530
1493560 1530
1493570 1531
1493580 1526
1493590 1526
1493600 1521
1493610 1519
1493620 1519
1493630 1516
1493640 1514
1493650 1514
1493660 1511
1493670 1509
1493680 1509
1493690 1507
1493700 1506
1493710 1506
1493720 1505
1493730 1503
1493740 1500
1493750 1500
1493760 1496
1493770 1492
1493780 1492
1493790 1487
1493800 1484
1493810 1484
1493820 1482
1493830 1479
1493840 1479
1493850 1475
1493860 1472
1493870 1472
1493880 1468
1493890 1464
1493900 1464
1493910 1461
1493920 1458
1493930 1454
1493940 1454
1493950 1452
1493960 1449
1493970 1449
1493980 1446
1493990 1444
1494000 1444
1494010 1441
1494020 1439
1494030 1439
1494040 1438
1494050 1437
1494060 1437
1494070 1433
1494080 1430
1494090 1430
1494100 1430
1494110 1434
1494120 1437
1494130 1437
1494140 1439
1494150 1440
1494160 1440
1494170 1440
1494180 1442
1494190 1442
1494200 1443
1494210 1442
1494220 1442
1494230 1443
1494240 1447
1494250 1447
1494260 1450
1494270 1452
1494280 1452
1494290 1452
1494300 1452
1494310 1452
1494320 1453
1494330 1454
1494340 1455
1494350 1455
1494360 1455
1494370 1457
1494380 1457
1494390 1459
1494400 1461
1494410 1461
1494420 1460
1494430 1459
1494440 1459
1494450 1461
1494460 1461
1494470 1461
1494480 1459
1494490 1459
1494500 1459
1494510 1466
1494520 1471
1494530 1472
1494540 1472
1494550 1469
1494560 1468
1494570 1468
1494580 1467
1494590 1469
1494600 1469
1494610 1471
1494620 1474
1494630 1474
1494640 1478
1494650 1484
1494660 1484
1494670 1488
1494680 1492
1494690 1492
1494700 1496
1494710 1499
1494720 1503
1494730 1503
1494740 1507
1494750 1512
1494760 1512
1494770 1516
1494780 1519
1494790 1519
1494800 1524
1494810 1529
1494820 1529
1494830 1532
1494840 1535
1494850 1535
1494860 1535
1494870 1534
1494880 1534
1494890 1531
1494900 1531
1494910 1531
1494920 1530
1494930 1529
1494940 1531
1494950 1531
1494960 1546
1494970 1552
1494980 1552
1494990 1553
1495000 1555
1495010 1555
1495020 1562
1495030 1568
1495040 1568
1495050 1576
1495060 1586
1495070 1586
1495080 1589
1495090 1591
1495100 1591
1495110 1590
1495120 1588
1495130 1587
1495140 1587
1495150 1589
1495160 1597
1495170 1597
1495180 1598
1495190 1592
1495200 1592
1495210 1587
1495220 1579
1495230 1579
1495240 1572
1495250 1566
1495260 1566
1495270 1564
1495280 1568
1495290 1568
1495300 1577
1495310 1580
1495320 1577
1495330 1577
1495340 1573
1495350 1570
1495360 1570
1495370 1570
1495380 1566
1495390 1566
1495400 1560
1495410 1550
1495420 1550
1495430 1542
1495440 1525
1495450 1525
1495460 1513
1495470 1502
1495480 1502
1495490 1495
1495500 1488
1495510 1488
1495520 1482
1495530 1476
1495540 1470
1495550 1470
1495560 1464
1495570 1460
1495580 1460
1495590 1456
1495600 1452
1495610 1452
1495620 1447
1495630 1439
1495640 1439
1495650 1441
1495660 1446
1495670 1446
1495680 1450
1495690 1453
1495700 1453
1495710 1458
1495720 1465
1495730 1479
1495740 1479
1495750 1492
1495760 1499
1495770 1499
1495780 1502
1495790 1503
1495800 1503
1495810 1502
1495820 1501
1495830 1501
1495840 1504
1495850 1518
1495860 1518
1495870 1532
1495880 1540
1495890 1540
1495900 1543
1495910 1544
1495920 1542
1495930 1542
1495940 1536
1495950 1528
1495960 1528
1495970 1520
1495980 1513
1495990 1513
1496000 1500
1496010 1496
1496020 1496
1496030 1505
1496040 1510
1496050 1510
1496060 1514
1496070 1521
1496080 1521
1496090 1527
1496100 1528
1496110 1528
1496120 1524
1496130 1522
1496140 1529
1496150 1529
1496160 1534
1496170 1532
1496180 1532
1496190 1529
1496200 1525
1496210 1525
1496220 1526
1496230 1528
1496240 1528
1496250 1530
1496260 1534
1496270 1534
1496280 1545
1496290 1550
1496300 1550
1496310 1547
1496320 1543
1496330 1539
1496340 1539
1496350 1540
1496360 1546
1496370 1546
1496380 1547
1496390 1540
1496400 1540
1496410 1540
1496420 1548
1496430 1548
1496440 1553
1496450 1555
1496460 1555
1496470 1554
1496480 1555
1496490 1555
1496500 1556
1496510 1559
1496520 1564
1496530 1564
1496540 1569
1496550 1570
1496560 1570
1496570 1569
1496580 1570
1496590 1570
1496600 1570
1496610 1571
1496620 1571
1496630 1572
1496640 1571
1496650 1571
1496660 1572
1496670 1572
1496680 1572
1496690 1575
1496700 1576
1496710 1576
1496720 1576
1496730 1579
1496740 1582
1496750 1582
1496760 1583
1496770 1583
1496780 1583
1496790 1582
1496800 1583
1496810 1583
1496820 1582
1496830 1580
1496840 1580
1496850 1579
1496860 1577
1496870 1577
1496880 1577
1496890 1577
1496900 1577
1496910 1575
1496920 1573
1496930 1571
1496940 1571
1496950 1569
1496960 1568
1496970 1568
1496980 1567
1496990 1564
1497000 1564
1497010 1560
1497020 1558
1497030 1558
1497040 1554
1497050 1549
1497060 1549
1497070 1544
1497080 1539
1497090 1539
1497100 1536
1497110 1532
1497120 1526
1497130 1526
1497140 1521
1497150 1517
1497160 1517
1497170 1512
1497180 1508
1497190 1508
1497200 1504
1497210 1501
1497220 1501
1497230 1498
1497240 1495
1497250 1495
1497260 1491
1497270 1488
1497280 1488
1497290 1484
1497300 1480
1497310 1480
1497320 1476
1497330 1470
1497340 1466
1497350 1466
1497360 1461
1497370 1455
1497380 1455
1497390 1450
1497400 1445
1497410 1445
1497420 1440
1497430 1434
1497440 1434
1497450 1426
1497460 1421
1497470 1421
1497480 1416
1497490 1413
1497500 1413
1497510 1412
1497520 1410
1497530 1407
1497540 1407
1497550 1404
1497560 1401
1497570 1401
1497580 1396
1497590 1391
1497600 1391
1497610 1385
1497620 1380
1497630 1380
1497640 1375
1497650 1371
1497660 1371
1497670 1366
1497680 1362
1497690 1362
1497700 1358
1497710 1353
1497720 1349
1497730 1349
1497740 1343
1497750 1336
1497760 1336
1497770 1332
1497780 1327
1497790 1327
1497800 1320
1497810 1316
1497820 1316
1497830 1308
1497840 1299
1497850 1299
1497860 1289
1497870 1278
1497880 1278
1497890 1269
1497900 1261
1497910 1261
1497920 1254
1497930 1246
1497940 1237
1497950 1237
1497960 1228
1497970 1222
1497980 1222
1497990 1217
1498000 1210
1498010 1210
1498020 1204
1498030 1197
1498040 1197
1498050 1191
1498060 1185
1498070 1185
1498080 1179
1498090 1171
1498100 1171
1498110 1163
1498120 1156
1498130 1150
1498140 1150
1498150 1143
1498160 1134
1498170 1134
1498180 1128
1498190 1122
1498200 1122
1498210 1117
1498220 1112
1498230 1112
1498240 1105
1498250 1095
1498260 1095
1498270 1087
1498280 1081
1498290 1081
1498300 1075
1498310 1070
1498320 1065
1498330 1065
1498340 1059
1498350 1053
1498360 1053
1498370 1045
1498380 1035
1498390 1035
1498400 1025
1498410 1017
1498420 1017
1498430 1010
1498440 1004
1498450 1004
1498460 998
1498470 991
1498480 991
1498490 984
1498500 978
1498510 978
1498520 972
1498530 966
1498540 960
1498550 960
1498560 954
1498570 948
1498580 948
1498590 942
1498600 935
1498610 935
1498620 930
1498630 924
1498640 924
1498650 917
1498660 912
1498670 908
1498680 903
1498690 898
1498700 898
1498710 893
1498720 888
1498730 884
1498740 884
1498750 880
1498760 876
1498770 876
1498780 872
1498790 868
1498800 868
1498810 863
1498820 856
1498830 856
1498840 850
1498850 846
1498860 846
1498870 842
1498880 837
1498890 837
1498900 832
1498910 830
1498920 829
1498930 829
1498940 828
1498950 828
1498960 828
1498970 828
1498980 828
1498990 828
1499000 828
1499010 828
1499020 828
1499030 828
1499040 828
1499050 828
1499060 828
1499070 828
1499080 828
1499090 828
1499100 828
1499110 828
1499120 828
1499130 828
1499140 828
1499150 828
1499160 828
1499170 828
1499180 828
1499190 828
1499200 828
1499210 828
1499220 828
1499230 828
1499240 828
1499250 828
1499260 828
1499270 828
1499280 828
1499290 828
1499300 828
1499310 828
1499320 828
1499330 828
1499340 828
1499350 828
1499360 828
1499370 828
1499380 828
1499390 828
1499400 828
1499410 828
1499420 828
1499430 828
1499440 828
1499450 829
1499460 829
1499470 829
1499480 829
1499490 829
1499500 830
1499510 829
1499520 828
1499530 828
1499540 828
1499550 829
1499560 829
1499570 829
1499580 829
1499590 829
1499600 829
1499610 829
1499620 829
1499630 828
1499640 828
1499650 828
1499660 828
1499670 828
1499680 828
1499690 828
1499700 828
1499710 828
1499720 828
1499730 828
1499740 828
1499750 828
1499760 828
1499770 827
1499780 827
1499790 827
1499800 827
1499810 827
1499820 827
1499830 827
1499840 827
1499850 827
1499860 827
1499870 827
1499880 827
1499890 827
1499900 827
1499910 827
1499920 827
1499930 827
1499940 827
1499950 827
1499960 827
1499970 827
1499980 827
1499990 827
