1480000 2560
1480010 2560
1480020 2564
1480030 2566
1480040 2566
1480050 2570
1480060 2575
1480070 2575
1480080 2579
1480090 2583
1480100 2583
1480110 2587
1480120 2590
1480130 2593
1480140 2593
1480150 2596
1480160 2600
1480170 2600
1480180 2602
1480190 2604
1480200 2604
1480210 2606
1480220 2608
1480230 2608
1480240 2611
1480250 2614
1480260 2614
1480270 2617
1480280 2620
1480290 2620
1480300 2623
1480310 2624
1480320 2623
1480330 2623
1480340 2623
1480350 2622
1480360 2622
1480370 2622
1480380 2620
1480390 2620
1480400 2620
1480410 2621
1480420 2621
1480430 2621
1480440 2620
1480450 2620
1480460 2620
1480470 2621
1480480 2621
1480490 2622
1480500 2623
1480510 2623
1480520 2623
1480530 2623
1480540 2622
1480550 2622
1480560 2620
1480570 2617
1480580 2617
1480590 2612
1480600 2607
1480610 2607
1480620 2603
1480630 2597
1480640 2597
1480650 2592
1480660 2591
1480670 2591
1480680 2588
1480690 2586
1480700 2586
1480710 2587
1480720 2588
1480730 2587
1480740 2587
1480750 2587
1480760 2586
1480770 2586
1480780 2587
1480790 2590
1480800 2590
1480810 2594
1480820 2598
1480830 2598
1480840 2603
1480850 2609
1480860 2609
1480870 2615
1480880 2620
1480890 2620
1480900 2624
1480910 2626
1480920 2627
1480930 2627
1480940 2627
1480950 2630
1480960 2630
1480970 2633
1480980 2638
1480990 2638
1481000 2644
1481010 2651
1481020 2651
1481030 2659
1481040 2666
1481050 2666
1481060 2672
1481070 2683
1481080 2683
1481090 2698
1481100 2713
1481110 2713
1481120 2723
1481130 2732
1481140 2734
1481150 2734
1481160 2717
1481170 2708
1481180 2708
1481190 2686
1481200 2666
1481210 2666
1481220 2649
1481230 2639
1481240 2639
1481250 2631
1481260 2620
1481270 2620
1481280 2614
1481290 2608
1481300 2608
1481310 2600
1481320 2593
1481330 2587
1481340 2587
1481350 2584
1481360 2579
1481370 2579
1481380 2573
1481390 2567
1481400 2567
1481410 2560
1481420 2555
1481430 2555
1481440 2551
1481450 2548
1481460 2548
1481470 2544
1481480 2542
1481490 2542
1481500 2541
1481510 2541
1481520 2539
1481530 2539
1481540 2535
1481550 2531
1481560 2531
1481570 2529
1481580 2527
1481590 2527
1481600 2526
1481610 2523
1481620 2523
1481630 2520
1481640 2517
1481650 2517
1481660 2513
1481670 2509
1481680 2509
1481690 2504
1481700 2499
1481710 2499
1481720 2493
1481730 2490
1481740 2487
1481750 2487
1481760 2484
1481770 2481
1481780 2481
1481790 2477
1481800 2472
1481810 2472
1481820 2468
1481830 2464
1481840 2464
1481850 2460
1481860 2456
1481870 2456
1481880 2452
1481890 2447
1481900 2447
1481910 2442
1481920 2439
1481930 2434
1481940 2434
1481950 2429
1481960 2426
1481970 2426
1481980 2421
1481990 2417
1482000 2417
1482010 2415
1482020 2413
1482030 2413
1482040 2414
1482050 2415
1482060 2415
1482070 2418
1482080 2423
1482090 2423
1482100 2426
1482110 2422
1482120 2411
1482130 2411
1482140 2407
1482150 2400
1482160 2400
1482170 2391
1482180 2383
1482190 2383
1482200 2370
1482210 2362
1482220 2362
1482230 2352
1482240 2346
1482250 2346
1482260 2341
1482270 2336
1482280 2336
1482290 2332
1482300 2329
1482310 2329
1482320 2324
1482330 2320
1482340 2317
1482350 2317
1482360 2316
1482370 2316
1482380 2316
1482390 2314
1482400 2311
1482410 2311
1482420 2306
1482430 2300
1482440 2300
1482450 2295
1482460 2289
1482470 2289
1482480 2283
1482490 2279
1482500 2279
1482510 2275
1482520 2270
1482530 2266
1482540 2266
1482550 2262
1482560 2261
1482570 2261
1482580 2257
1482590 2254
1482600 2254
1482610 2253
1482620 2253
1482630 2253
1482640 2254
1482650 2254
1482660 2254
1482670 2252
1482680 2250
1482690 2250
1482700 2248
1482710 2245
1482720 2242
1482730 2242
1482740 2239
1482750 2233
1482760 2233
1482770 2229
1482780 2225
1482790 2225
1482800 2220
1482810 2215
1482820 2215
1482830 2212
1482840 2208
1482850 2208
1482860 2204
1482870 2202
1482880 2202
1482890 2197
1482900 2193
1482910 2193
1482920 2190
1482930 2184
1482940 2178
1482950 2178
1482960 2171
1482970 2165
1482980 2165
1482990 2159
1483000 2154
1483010 2154
1483020 2150
1483030 2143
1483040 2143
1483050 2135
1483060 2129
1483070 2129
1483080 2126
1483090 2126
1483100 2126
1483110 2126
1483120 2126
1483130 2122
1483140 2122
1483150 2116
1483160 2108
1483170 2108
1483180 2105
1483190 2103
1483200 2103
1483210 2101
1483220 2093
1483230 2093
1483240 2084
1483250 2078
1483260 2078
1483270 2072
1483280 2068
1483290 2068
1483300 2061
1483310 2054
1483320 2048
1483330 2048
1483340 2040
1483350 2036
1483360 2036
1483370 2034
1483380 2031
1483390 2031
1483400 2028
1483410 2024
1483420 2024
1483430 2017
1483440 2011
1483450 2011
1483460 2008
1483470 2007
1483480 2007
1483490 2005
1483500 2002
1483510 2002
1483520 2000
1483530 1999
1483540 1997
1483550 1997
1483560 1995
1483570 1991
1483580 1991
1483590 1987
1483600 1982
1483610 1982
1483620 1976
1483630 1972
1483640 1972
1483650 1968
1483660 1963
1483670 1963
1483680 1958
1483690 1952
1483700 1952
1483710 1949
1483720 1945
1483730 1941
1483740 1941
1483750 1936
1483760 1930
1483770 1930
1483780 1925
1483790 1919
1483800 1919
1483810 1914
1483820 1910
1483830 1910
1483840 1904
1483850 1897
1483860 1897
1483870 1890
1483880 1883
1483890 1883
1483900 1873
1483910 1865
1483920 1859
1483930 1859
1483940 1852
1483950 1846
1483960 1846
1483970 1840
1483980 1835
1483990 1835
1484000 1830
1484010 1826
1484020 1826
1484030 1826
1484040 1827
1484050 1827
1484060 1828
1484070 1824
1484080 1824
1484090 1819
1484100 1815
1484110 1815
1484120 1810
1484130 1805
1484140 1802
1484150 1802
1484160 1801
1484170 1800
1484180 1800
1484190 1800
1484200 1799
1484210 1799
1484220 1796
1484230 1792
1484240 1792
1484250 1789
1484260 1786
1484270 1786
1484280 1784
1484290 1781
1484300 1781
1484310 1779
1484320 1775
1484330 1773
1484340 1773
1484350 1774
1484360 1778
1484370 1778
1484380 1781
1484390 1782
1484400 1782
1484410 1782
1484420 1777
1484430 1777
1484440 1763
1484450 1754
1484460 1754
1484470 1748
1484480 1755
1484490 1755
1484500 1763
1484510 1767
1484520 1769
1484530 1769
1484540 1769
1484550 1770
1484560 1770
1484570 1771
1484580 1773
1484590 1773
1484600 1775
1484610 1776
1484620 1776
1484630 1775
1484640 1776
1484650 1776
1484660 1780
1484670 1781
1484680 1781
1484690 1782
1484700 1784
1484710 1784
1484720 1786
1484730 1787
1484740 1788
1484750 1788
1484760 1791
1484770 1796
1484780 1796
1484790 1801
1484800 1805
1484810 1805
1484820 1810
1484830 1814
1484840 1814
1484850 1818
1484860 1823
1484870 1823
1484880 1828
1484890 1833
1484900 1833
1484910 1842
1484920 1852
1484930 1859
1484940 1859
1484950 1862
1484960 1865
1484970 1865
1484980 1868
1484990 1872
1485000 1872
1485010 1877
1485020 1880
1485030 1880
1485040 1879
1485050 1877
1485060 1877
1485070 1878
1485080 1880
1485090 1880
1485100 1881
1485110 1881
1485120 1881
1485130 1881
1485140 1883
1485150 1886
1485160 1886
1485170 1890
1485180 1894
1485190 1894
1485200 1898
1485210 1901
1485220 1901
1485230 1904
1485240 1907
1485250 1907
1485260 1910
1485270 1913
1485280 1913
1485290 1917
1485300 1920
1485310 1920
1485320 1923
1485330 1924
1485340 1923
1485350 1923
1485360 1922
1485370 1923
1485380 1923
1485390 1926
1485400 1928
1485410 1928
1485420 1931
1485430 1934
1485440 1934
1485450 1937
1485460 1939
1485470 1939
1485480 1940
1485490 1942
1485500 1942
1485510 1942
1485520 1941
1485530 1945
1485540 1945
1485550 1947
1485560 1948
1485570 1948
1485580 1948
1485590 1950
1485600 1950
1485610 1957
1485620 1962
1485630 1962
1485640 1966
1485650 1973
1485660 1973
1485670 1980
1485680 1986
1485690 1986
1485700 1992
1485710 1996
1485720 2000
1485730 2000
1485740 2004
1485750 2006
1485760 2006
1485770 2009
1485780 2011
1485790 2011
1485800 2013
1485810 2014
1485820 2014
1485830 2014
1485840 2015
1485850 2015
1485860 2016
1485870 2016
1485880 2016
1485890 2015
1485900 2016
1485910 2016
1485920 2018
1485930 2021
1485940 2022
1485950 2022
1485960 2023
1485970 2024
1485980 2024
1485990 2024
1486000 2024
1486010 2024
1486020 2024
1486030 2023
1486040 2023
1486050 2022
1486060 2021
1486070 2021
1486080 2012
1486090 1992
1486100 1992
1486110 1983
1486120 1973
1486130 1964
1486140 1964
1486150 1957
1486160 1950
1486170 1950
1486180 1944
1486190 1938
1486200 1938
1486210 1934
1486220 1930
1486230 1930
1486240 1929
1486250 1928
1486260 1928
1486270 1929
1486280 1928
1486290 1928
1486300 1928
1486310 1925
1486320 1921
1486330 1921
1486340 1915
1486350 1908
1486360 1908
1486370 1903
1486380 1900
1486390 1900
1486400 1897
1486410 1894
1486420 1894
1486430 1891
1486440 1890
1486450 1890
1486460 1889
1486470 1888
1486480 1888
1486490 1887
1486500 1881
1486510 1881
1486520 1873
1486530 1867
1486540 1863
1486550 1863
1486560 1858
1486570 1852
1486580 1852
1486590 1847
1486600 1841
1486610 1841
1486620 1835
1486630 1829
1486640 1829
1486650 1825
1486660 1823
1486670 1823
1486680 1819
1486690 1816
1486700 1816
1486710 1817
1486720 1818
1486730 1818
1486740 1818
1486750 1819
1486760 1818
1486770 1818
1486780 1818
1486790 1819
1486800 1819
1486810 1818
1486820 1813
1486830 1813
1486840 1809
1486850 1803
1486860 1803
1486870 1793
1486880 1786
1486890 1786
1486900 1777
1486910 1768
1486920 1759
1486930 1759
1486940 1750
1486950 1746
1486960 1746
1486970 1752
1486980 1760
1486990 1760
1487000 1765
1487010 1768
1487020 1768
1487030 1768
1487040 1760
1487050 1760
1487060 1757
1487070 1755
1487080 1755
1487090 1755
1487100 1755
1487110 1755
1487120 1761
1487130 1766
1487140 1771
1487150 1771
1487160 1775
1487170 1777
1487180 1777
1487190 1779
1487200 1780
1487210 1780
1487220 1781
1487230 1782
1487240 1782
1487250 1783
1487260 1783
1487270 1783
1487280 1784
1487290 1787
1487300 1787
1487310 1790
1487320 1794
1487330 1794
1487340 1794
1487350 1797
1487360 1803
1487370 1803
1487380 1807
1487390 1811
1487400 1811
1487410 1818
1487420 1825
1487430 1825
1487440 1831
1487450 1839
1487460 1839
1487470 1849
1487480 1860
1487490 1860
1487500 1870
1487510 1879
1487520 1885
1487530 1885
1487540 1888
1487550 1885
1487560 1885
1487570 1876
1487580 1867
1487590 1867
1487600 1856
1487610 1835
1487620 1835
1487630 1819
1487640 1823
1487650 1823
1487660 1807
1487670 1782
1487680 1782
1487690 1774
1487700 1773
1487710 1773
1487720 1780
1487730 1782
1487740 1778
1487750 1778
1487760 1765
1487770 1760
1487780 1760
1487790 1763
1487800 1767
1487810 1767
1487820 1772
1487830 1771
1487840 1771
1487850 1761
1487860 1764
1487870 1764
1487880 1771
1487890 1777
1487900 1777
1487910 1783
1487920 1787
1487930 1789
1487940 1789
1487950 1787
1487960 1787
1487970 1787
1487980 1787
1487990 1787
1488000 1787
1488010 1784
1488020 1775
1488030 1775
1488040 1767
1488050 1767
1488060 1767
1488070 1772
1488080 1772
1488090 1772
1488100 1772
1488110 1778
1488120 1778
1488130 1782
1488140 1782
1488150 1782
1488160 1782
1488170 1787
1488180 1795
1488190 1795
1488200 1805
1488210 1815
1488220 1815
1488230 1838
1488240 1869
1488250 1869
1488260 1881
1488270 1888
1488280 1888
1488290 1893
1488300 1899
1488310 1899
1488320 1902
1488330 1899
1488340 1900
1488350 1900
1488360 1894
1488370 1898
1488380 1898
1488390 1907
1488400 1915
1488410 1915
1488420 1924
1488430 1924
1488440 1924
1488450 1920
1488460 1924
1488470 1924
1488480 1934
1488490 1943
1488500 1943
1488510 1941
1488520 1934
1488530 1924
1488540 1924
1488550 1920
1488560 1923
1488570 1923
1488580 1917
1488590 1908
1488600 1908
1488610 1898
1488620 1888
1488630 1888
1488640 1879
1488650 1872
1488660 1872
1488670 1867
1488680 1868
1488690 1868
1488700 1869
1488710 1872
1488720 1872
1488730 1874
1488740 1871
1488750 1866
1488760 1866
1488770 1868
1488780 1866
1488790 1866
1488800 1861
1488810 1850
1488820 1850
1488830 1834
1488840 1824
1488850 1824
1488860 1826
1488870 1836
1488880 1836
1488890 1837
1488900 1829
1488910 1829
1488920 1821
1488930 1815
1488940 1815
1488950 1815
1488960 1814
1488970 1809
1488980 1809
1488990 1806
1489000 1807
1489010 1807
1489020 1808
1489030 1810
1489040 1810
1489050 1806
1489060 1807
1489070 1807
1489080 1811
1489090 1812
1489100 1812
1489110 1815
1489120 1816
1489130 1815
1489140 1815
1489150 1814
1489160 1807
1489170 1807
1489180 1809
1489190 1813
1489200 1813
1489210 1816
1489220 1817
1489230 1817
1489240 1822
1489250 1827
1489260 1827
1489270 1831
1489280 1835
1489290 1835
1489300 1840
1489310 1845
1489320 1845
1489330 1850
1489340 1854
1489350 1855
1489360 1855
1489370 1846
1489380 1834
1489390 1834
1489400 1824
1489410 1815
1489420 1815
1489430 1815
1489440 1816
1489450 1816
1489460 1812
1489470 1806
1489480 1806
1489490 1802
1489500 1802
1489510 1802
1489520 1806
1489530 1811
1489540 1815
1489550 1815
1489560 1815
1489570 1816
1489580 1816
1489590 1818
1489600 1820
1489610 1820
1489620 1824
1489630 1825
1489640 1825
1489650 1827
1489660 1827
1489670 1827
1489680 1826
1489690 1825
1489700 1825
1489710 1824
1489720 1823
1489730 1822
1489740 1822
1489750 1822
1489760 1822
1489770 1822
1489780 1822
1489790 1823
1489800 1823
1489810 1823
1489820 1819
1489830 1819
1489840 1807
1489850 1784
1489860 1784
1489870 1772
1489880 1761
1489890 1761
1489900 1750
1489910 1738
1489920 1738
1489930 1719
1489940 1691
1489950 1667
1489960 1667
1489970 1665
1489980 1665
1489990 1665
1490000 1662
1490010 1655
1490020 1655
1490030 1639
1490040 1623
1490050 1623
1490060 1616
1490070 1608
1490080 1608
1490090 1601
1490100 1594
1490110 1594
1490120 1588
1490130 1581
1490140 1573
1490150 1573
1490160 1564
1490170 1556
1490180 1556
1490190 1547
1490200 1536
1490210 1536
1490220 1522
1490230 1509
1490240 1509
1490250 1495
1490260 1482
1490270 1482
1490280 1471
1490290 1465
1490300 1465
1490310 1459
1490320 1454
1490330 1449
1490340 1449
1490350 1445
1490360 1440
1490370 1440
1490380 1434
1490390 1428
1490400 1428
1490410 1423
1490420 1418
1490430 1418
1490440 1410
1490450 1404
1490460 1404
1490470 1403
1490480 1400
1490490 1400
1490500 1396
1490510 1392
1490520 1392
1490530 1384
1490540 1379
1490550 1384
1490560 1384
1490570 1384
1490580 1379
1490590 1379
1490600 1371
1490610 1368
1490620 1368
1490630 1367
1490640 1369
1490650 1369
1490660 1368
1490670 1367
1490680 1367
1490690 1368
1490700 1371
1490710 1371
1490720 1376
1490730 1378
1490740 1381
1490750 1381
1490760 1379
1490770 1378
1490780 1378
1490790 1380
1490800 1381
1490810 1381
1490820 1383
1490830 1385
1490840 1385
1490850 1387
1490860 1389
1490870 1389
1490880 1391
1490890 1394
1490900 1394
1490910 1396
1490920 1399
1490930 1403
1490940 1403
1490950 1406
1490960 1409
1490970 1409
1490980 1411
1490990 1415
1491000 1415
1491010 1418
1491020 1421
1491030 1421
1491040 1424
1491050 1427
1491060 1427
1491070 1430
1491080 1431
1491090 1431
1491100 1433
1491110 1433
1491120 1433
1491130 1433
1491140 1434
1491150 1435
1491160 1435
1491170 1436
1491180 1437
1491190 1437
1491200 1438
1491210 1440
1491220 1440
1491230 1441
1491240 1443
1491250 1443
1491260 1445
1491270 1446
1491280 1446
1491290 1447
1491300 1447
1491310 1447
1491320 1448
1491330 1449
1491340 1449
1491350 1449
1491360 1448
1491370 1446
1491380 1446
1491390 1445
1491400 1446
1491410 1446
1491420 1448
1491430 1447
1491440 1447
1491450 1442
1491460 1432
1491470 1432
1491480 1420
1491490 1415
1491500 1415
1491510 1411
1491520 1406
1491530 1402
1491540 1402
1491550 1399
1491560 1395
1491570 1395
1491580 1391
1491590 1387
1491600 1387
1491610 1384
1491620 1381
1491630 1381
1491640 1377
1491650 1372
1491660 1372
1491670 1368
1491680 1364
1491690 1364
1491700 1363
1491710 1362
1491720 1362
1491730 1361
1491740 1360
1491750 1358
1491760 1358
1491770 1357
1491780 1357
1491790 1357
1491800 1357
1491810 1356
1491820 1356
1491830 1354
1491840 1352
1491850 1352
1491860 1351
1491870 1349
1491880 1349
1491890 1350
1491900 1349
1491910 1349
1491920 1348
1491930 1346
1491940 1344
1491950 1344
1491960 1342
1491970 1335
1491980 1335
1491990 1331
1492000 1334
1492010 1334
1492020 1337
1492030 1340
1492040 1340
1492050 1343
1492060 1345
1492070 1345
1492080 1346
1492090 1349
1492100 1349
1492110 1353
1492120 1357
1492130 1358
1492140 1358
1492150 1361
1492160 1363
1492170 1363
1492180 1365
1492190 1370
1492200 1370
1492210 1376
1492220 1381
1492230 1381
1492240 1384
1492250 1384
1492260 1384
1492270 1384
1492280 1386
1492290 1386
1492300 1390
1492310 1395
1492320 1395
1492330 1400
1492340 1404
1492350 1406
1492360 1406
1492370 1409
1492380 1413
1492390 1413
1492400 1415
1492410 1417
1492420 1417
1492430 1418
1492440 1418
1492450 1418
1492460 1421
1492470 1424
1492480 1424
1492490 1425
1492500 1425
1492510 1425
1492520 1426
1492530 1427
1492540 1428
1492550 1428
1492560 1428
1492570 1429
1492580 1429
1492590 1431
1492600 1432
1492610 1432
1492620 1433
1492630 1436
1492640 1436
1492650 1439
1492660 1443
1492670 1443
1492680 1447
1492690 1451
1492700 1451
1492710 1454
1492720 1457
1492730 1459
1492740 1459
1492750 1462
1492760 1464
1492770 1464
1492780 1464
1492790 1465
1492800 1465
1492810 1466
1492820 1467
1492830 1467
1492840 1468
1492850 1470
1492860 1470
1492870 1471
1492880 1472
1492890 1472
1492900 1475
1492910 1476
1492920 1476
1492930 1476
1492940 1475
1492950 1477
1492960 1477
1492970 1483
1492980 1484
1492990 1484
1493000 1484
1493010 1483
1493020 1483
1493030 1482
1493040 1475
1493050 1475
1493060 1461
1493070 1457
1493080 1457
1493090 1456
1493100 1455
1493110 1455
1493120 1455
1493130 1457
1493140 1457
1493150 1457
1493160 1455
1493170 1454
1493180 1454
1493190 1454
1493200 1453
1493210 1453
1493220 1452
1493230 1451
1493240 1451
1493250 1448
1493260 1447
1493270 1447
1493280 1447
1493290 1445
1493300 1445
1493310 1442
1493320 1436
1493330 1428
1493340 1428
1493350 1421
1493360 1415
1493370 1415
1493380 1410
1493390 1406
1493400 1406
1493410 1403
1493420 1399
1493430 1399
1493440 1396
1493450 1394
1493460 1394
1493470 1392
1493480 1390
1493490 1390
1493500 1389
1493510 1387
1493520 1387
1493530 1386
1493540 1384
1493550 1383
1493560 1383
1493570 1380
1493580 1378
1493590 1378
1493600 1377
1493610 1378
1493620 1378
1493630 1379
1493640 1380
1493650 1380
1493660 1380
1493670 1379
1493680 1379
1493690 1378
1493700 1377
1493710 1377
1493720 1376
1493730 1374
1493740 1371
1493750 1371
1493760 1369
1493770 1367
1493780 1367
1493790 1366
1493800 1366
1493810 1366
1493820 1365
1493830 1364
1493840 1364
1493850 1362
1493860 1360
1493870 1360
1493880 1358
1493890 1356
1493900 1356
1493910 1352
1493920 1348
1493930 1345
1493940 1345
1493950 1340
1493960 1335
1493970 1335
1493980 1329
1493990 1325
1494000 1325
1494010 1317
1494020 1309
1494030 1309
1494040 1304
1494050 1299
1494060 1299
1494070 1294
1494080 1292
1494090 1292
1494100 1296
1494110 1307
1494120 1307
1494130 1327
1494140 1334
1494150 1334
1494160 1334
1494170 1334
1494180 1334
1494190 1334
1494200 1334
1494210 1332
1494220 1332
1494230 1327
1494240 1322
1494250 1322
1494260 1319
1494270 1323
1494280 1323
1494290 1329
1494300 1333
1494310 1333
1494320 1333
1494330 1333
1494340 1334
1494350 1334
1494360 1334
1494370 1332
1494380 1332
1494390 1327
1494400 1320
1494410 1320
1494420 1317
1494430 1323
1494440 1323
1494450 1327
1494460 1330
1494470 1330
1494480 1332
1494490 1333
1494500 1333
1494510 1334
1494520 1335
1494530 1334
1494540 1334
1494550 1333
1494560 1332
1494570 1332
1494580 1332
1494590 1332
1494600 1332
1494610 1332
1494620 1334
1494630 1334
1494640 1338
1494650 1341
1494660 1341
1494670 1344
1494680 1347
1494690 1347
1494700 1350
1494710 1353
1494720 1353
1494730 1356
1494740 1358
1494750 1361
1494760 1361
1494770 1364
1494780 1367
1494790 1367
1494800 1369
1494810 1370
1494820 1370
1494830 1370
1494840 1369
1494850 1369
1494860 1366
1494870 1362
1494880 1362
1494890 1362
1494900 1365
1494910 1365
1494920 1364
1494930 1360
1494940 1356
1494950 1356
1494960 1352
1494970 1351
1494980 1351
1494990 1348
1495000 1340
1495010 1340
1495020 1339
1495030 1341
1495040 1341
1495050 1344
1495060 1347
1495070 1347
1495080 1350
1495090 1354
1495100 1354
1495110 1360
1495120 1366
1495130 1368
1495140 1368
1495150 1369
1495160 1368
1495170 1368
1495180 1368
1495190 1366
1495200 1366
1495210 1363
1495220 1362
1495230 1362
1495240 1362
1495250 1361
1495260 1361
1495270 1360
1495280 1361
1495290 1361
1495300 1362
1495310 1360
1495320 1360
1495330 1353
1495340 1354
1495350 1358
1495360 1358
1495370 1359
1495380 1358
1495390 1358
1495400 1357
1495410 1355
1495420 1355
1495430 1353
1495440 1350
1495450 1350
1495460 1348
1495470 1347
1495480 1347
1495490 1344
1495500 1341
1495510 1341
1495520 1339
1495530 1336
1495540 1334
1495550 1334
1495560 1332
1495570 1330
1495580 1330
1495590 1328
1495600 1327
1495610 1327
1495620 1324
1495630 1320
1495640 1320
1495650 1314
1495660 1306
1495670 1306
1495680 1297
1495690 1293
1495700 1293
1495710 1301
1495720 1306
1495730 1306
1495740 1311
1495750 1315
1495760 1319
1495770 1319
1495780 1324
1495790 1328
1495800 1328
1495810 1332
1495820 1335
1495830 1335
1495840 1337
1495850 1337
1495860 1337
1495870 1337
1495880 1337
1495890 1337
1495900 1336
1495910 1335
1495920 1335
1495930 1334
1495940 1332
1495950 1330
1495960 1330
1495970 1327
1495980 1326
1495990 1326
1496000 1325
1496010 1325
1496020 1325
1496030 1326
1496040 1325
1496050 1325
1496060 1323
1496070 1321
1496080 1321
1496090 1317
1496100 1313
1496110 1313
1496120 1307
1496130 1289
1496140 1284
1496150 1284
1496160 1292
1496170 1295
1496180 1295
1496190 1292
1496200 1290
1496210 1290
1496220 1288
1496230 1295
1496240 1295
1496250 1332
1496260 1352
1496270 1352
1496280 1358
1496290 1361
1496300 1361
1496310 1361
1496320 1358
1496330 1358
1496340 1361
1496350 1376
1496360 1378
1496370 1378
1496380 1374
1496390 1369
1496400 1369
1496410 1368
1496420 1372
1496430 1372
1496440 1374
1496450 1372
1496460 1372
1496470 1372
1496480 1372
1496490 1372
1496500 1370
1496510 1372
1496520 1372
1496530 1373
1496540 1375
1496550 1376
1496560 1376
1496570 1379
1496580 1379
1496590 1379
1496600 1376
1496610 1374
1496620 1374
1496630 1374
1496640 1372
1496650 1372
1496660 1367
1496670 1362
1496680 1362
1496690 1361
1496700 1363
1496710 1353
1496720 1359
1496730 1365
1496740 1372
1496750 1372
1496760 1378
1496770 1383
1496780 1383
1496790 1384
1496800 1383
1496810 1383
1496820 1383
1496830 1382
1496840 1382
1496850 1380
1496860 1382
1496870 1382
1496880 1388
1496890 1391
1496900 1391
1496910 1392
1496920 1392
1496930 1392
1496940 1392
1496950 1392
1496960 1391
1496970 1391
1496980 1389
1496990 1387
1497000 1387
1497010 1386
1497020 1384
1497030 1384
1497040 1381
1497050 1378
1497060 1378
1497070 1374
1497080 1369
1497090 1369
1497100 1361
1497110 1354
1497120 1354
1497130 1348
1497140 1340
1497150 1335
1497160 1335
1497170 1332
1497180 1327
1497190 1327
1497200 1322
1497210 1317
1497220 1317
1497230 1310
1497240 1301
1497250 1301
1497260 1308
1497270 1313
1497280 1313
1497290 1312
1497300 1308
1497310 1308
1497320 1302
1497330 1297
1497340 1293
1497350 1293
1497360 1286
1497370 1278
1497380 1278
1497390 1271
1497400 1267
1497410 1267
1497420 1263
1497430 1257
1497440 1257
1497450 1248
1497460 1240
1497470 1240
1497480 1235
1497490 1229
1497500 1229
1497510 1225
1497520 1222
1497530 1222
1497540 1221
1497550 1217
1497560 1218
1497570 1218
1497580 1217
1497590 1213
1497600 1213
1497610 1208
1497620 1201
1497630 1201
1497640 1195
1497650 1188
1497660 1188
1497670 1182
1497680 1176
1497690 1176
1497700 1169
1497710 1163
1497720 1163
1497730 1158
1497740 1152
1497750 1147
1497760 1147
1497770 1142
1497780 1137
1497790 1137
1497800 1132
1497810 1127
1497820 1127
1497830 1120
1497840 1115
1497850 1115
1497860 1110
1497870 1105
1497880 1105
1497890 1099
1497900 1094
1497910 1094
1497920 1090
1497930 1087
1497940 1084
1497950 1084
1497960 1079
1497970 1075
1497980 1075
1497990 1070
1498000 1065
1498010 1065
1498020 1060
1498030 1056
1498040 1056
1498050 1054
1498060 1052
1498070 1052
1498080 1049
1498090 1045
1498100 1045
1498110 1041
1498120 1038
1498130 1038
1498140 1036
1498150 1034
1498160 1031
1498170 1031
1498180 1026
1498190 1018
1498200 1018
1498210 1012
1498220 1005
1498230 1005
1498240 1000
1498250 996
1498260 996
1498270 991
1498280 986
1498290 986
1498300 979
1498310 974
1498320 974
1498330 970
1498340 967
1498350 964
1498360 964
1498370 961
1498380 958
1498390 958
1498400 953
1498410 946
1498420 946
1498430 942
1498440 935
1498450 935
1498460 925
1498470 916
1498480 916
1498490 905
1498500 900
1498510 900
1498520 895
1498530 889
1498540 885
1498550 885
1498560 881
1498570 877
1498580 877
1498590 870
1498600 865
1498610 865
1498620 863
1498630 862
1498640 862
1498650 860
1498660 856
1498670 856
1498680 852
1498690 846
1498700 846
1498710 844
1498720 842
1498730 842
1498740 839
1498750 834
1498760 833
1498770 833
1498780 831
1498790 830
1498800 830
1498810 830
1498820 830
1498830 830
1498840 830
1498850 830
1498860 830
1498870 830
1498880 830
1498890 830
1498900 830
1498910 830
1498920 830
1498930 830
1498940 830
1498950 830
1498960 830
1498970 830
1498980 830
1498990 830
1499000 830
1499010 830
1499020 830
1499030 830
1499040 830
1499050 830
1499060 830
1499070 830
1499080 830
1499090 830
1499100 830
1499110 830
1499120 830
1499130 830
1499140 830
1499150 830
1499160 830
1499170 830
1499180 830
1499190 830
1499200 830
1499210 830
1499220 830
1499230 830
1499240 830
1499250 830
1499260 830
1499270 830
1499280 830
1499290 830
1499300 830
1499310 830
1499320 830
1499330 830
1499340 830
1499350 830
1499360 830
1499370 830
1499380 830
1499390 830
1499400 830
1499410 830
1499420 830
1499430 830
1499440 830
1499450 830
1499460 830
1499470 830
1499480 830
1499490 830
1499500 831
1499510 831
1499520 831
1499530 830
1499540 829
1499550 831
1499560 831
1499570 831
1499580 831
1499590 831
1499600 830
1499610 830
1499620 830
1499630 830
1499640 830
1499650 830
1499660 830
1499670 830
1499680 830
1499690 830
1499700 830
1499710 830
1499720 830
1499730 830
1499740 830
1499750 830
1499760 830
1499770 830
1499780 830
1499790 829
1499800 829
1499810 829
1499820 829
1499830 829
1499840 829
1499850 829
1499860 829
1499870 829
1499880 830
1499890 831
1499900 831
1499910 833
1499920 835
1499930 835
1499940 837
1499950 839
1499960 841
1499970 841
1499980 845
1499990 852
