1480000 2610
1480010 2610
1480020 2607
1480030 2603
1480040 2603
1480050 2599
1480060 2597
1480070 2597
1480080 2596
1480090 2594
1480100 2593
1480110 2593
1480120 2592
1480130 2590
1480140 2590
1480150 2589
1480160 2589
1480170 2589
1480180 2588
1480190 2585
1480200 2585
1480210 2582
1480220 2579
1480230 2579
1480240 2577
1480250 2577
1480260 2577
1480270 2576
1480280 2574
1480290 2574
1480300 2571
1480310 2567
1480320 2562
1480330 2562
1480340 2557
1480350 2552
1480360 2552
1480370 2547
1480380 2541
1480390 2541
1480400 2537
1480410 2536
1480420 2536
1480430 2537
1480440 2538
1480450 2538
1480460 2541
1480470 2542
1480480 2542
1480490 2544
1480500 2545
1480510 2545
1480520 2545
1480530 2545
1480540 2545
1480550 2545
1480560 2544
1480570 2541
1480580 2541
1480590 2538
1480600 2534
1480610 2534
1480620 2530
1480630 2528
1480640 2528
1480650 2527
1480660 2525
1480670 2525
1480680 2524
1480690 2522
1480700 2519
1480710 2519
1480720 2516
1480730 2513
1480740 2513
1480750 2510
1480760 2508
1480770 2508
1480780 2504
1480790 2500
1480800 2500
1480810 2496
1480820 2491
1480830 2491
1480840 2487
1480850 2484
1480860 2484
1480870 2481
1480880 2479
1480890 2479
1480900 2478
1480910 2479
1480920 2479
1480930 2479
1480940 2479
1480950 2479
1480960 2479
1480970 2480
1480980 2481
1480990 2481
1481000 2480
1481010 2479
1481020 2479
1481030 2477
1481040 2474
1481050 2474
1481060 2472
1481070 2469
1481080 2469
1481090 2465
1481100 2459
1481110 2454
1481120 2454
1481130 2451
1481140 2449
1481150 2449
1481160 2446
1481170 2442
1481180 2442
1481190 2437
1481200 2432
1481210 2432
1481220 2426
1481230 2422
1481240 2422
1481250 2417
1481260 2412
1481270 2412
1481280 2408
1481290 2403
1481300 2399
1481310 2399
1481320 2394
1481330 2388
1481340 2388
1481350 2382
1481360 2376
1481370 2376
1481380 2371
1481390 2367
1481400 2367
1481410 2362
1481420 2358
1481430 2358
1481440 2354
1481450 2350
1481460 2350
1481470 2346
1481480 2342
1481490 2342
1481500 2337
1481510 2331
1481520 2326
1481530 2326
1481540 2321
1481550 2315
1481560 2315
1481570 2311
1481580 2308
1481590 2308
1481600 2304
1481610 2300
1481620 2300
1481630 2295
1481640 2290
1481650 2290
1481660 2284
1481670 2279
1481680 2279
1481690 2275
1481700 2270
1481710 2265
1481720 2265
1481730 2260
1481740 2254
1481750 2254
1481760 2249
1481770 2243
1481780 2243
1481790 2238
1481800 2235
1481810 2235
1481820 2233
1481830 2230
1481840 2230
1481850 2227
1481860 2224
1481870 2224
1481880 2220
1481890 2216
1481900 2216
1481910 2212
1481920 2209
1481930 2207
1481940 2207
1481950 2203
1481960 2200
1481970 2200
1481980 2197
1481990 2191
1482000 2191
1482010 2186
1482020 2182
1482030 2182
1482040 2177
1482050 2174
1482060 2174
1482070 2169
1482080 2166
1482090 2166
1482100 2162
1482110 2158
1482120 2152
1482130 2152
1482140 2146
1482150 2140
1482160 2140
1482170 2134
1482180 2130
1482190 2130
1482200 2125
1482210 2119
1482220 2119
1482230 2113
1482240 2108
1482250 2108
1482260 2102
1482270 2096
1482280 2096
1482290 2091
1482300 2088
1482310 2082
1482320 2082
1482330 2077
1482340 2071
1482350 2071
1482360 2066
1482370 2062
1482380 2062
1482390 2058
1482400 2054
1482410 2054
1482420 2049
1482430 2045
1482440 2045
1482450 2040
1482460 2034
1482470 2034
1482480 2029
1482490 2023
1482500 2023
1482510 2016
1482520 2007
1482530 1999
1482540 1999
1482550 1988
1482560 1977
1482570 1977
1482580 1963
1482590 1948
1482600 1948
1482610 1938
1482620 1929
1482630 1929
1482640 1920
1482650 1911
1482660 1911
1482670 1894
1482680 1886
1482690 1886
1482700 1879
1482710 1874
1482720 1868
1482730 1868
1482740 1863
1482750 1857
1482760 1857
1482770 1851
1482780 1846
1482790 1846
1482800 1840
1482810 1835
1482820 1835
1482830 1829
1482840 1823
1482850 1823
1482860 1817
1482870 1812
1482880 1812
1482890 1806
1482900 1800
1482910 1795
1482920 1795
1482930 1789
1482940 1783
1482950 1783
1482960 1778
1482970 1773
1482980 1773
1482990 1767
1483000 1762
1483010 1762
1483020 1757
1483030 1752
1483040 1752
1483050 1747
1483060 1743
1483070 1743
1483080 1738
1483090 1734
1483100 1734
1483110 1729
1483120 1725
1483130 1722
1483140 1722
1483150 1720
1483160 1719
1483170 1719
1483180 1718
1483190 1718
1483200 1718
1483210 1718
1483220 1717
1483230 1717
1483240 1719
1483250 1720
1483260 1720
1483270 1719
1483280 1717
1483290 1717
1483300 1714
1483310 1712
1483320 1710
1483330 1710
1483340 1710
1483350 1710
1483360 1710
1483370 1709
1483380 1707
1483390 1707
1483400 1707
1483410 1707
1483420 1707
1483430 1707
1483440 1706
1483450 1706
1483460 1705
1483470 1705
1483480 1705
1483490 1705
1483500 1705
1483510 1705
1483520 1705
1483530 1708
1483540 1712
1483550 1712
1483560 1714
1483570 1720
1483580 1720
1483590 1730
1483600 1739
1483610 1739
1483620 1745
1483630 1743
1483640 1743
1483650 1745
1483660 1749
1483670 1749
1483680 1755
1483690 1760
1483700 1760
1483710 1764
1483720 1763
1483730 1761
1483740 1761
1483750 1758
1483760 1753
1483770 1753
1483780 1750
1483790 1746
1483800 1746
1483810 1741
1483820 1740
1483830 1740
1483840 1740
1483850 1734
1483860 1734
1483870 1725
1483880 1721
1483890 1721
1483900 1720
1483910 1721
1483920 1723
1483930 1723
1483940 1722
1483950 1718
1483960 1718
1483970 1714
1483980 1710
1483990 1710
1484000 1708
1484010 1708
1484020 1708
1484030 1711
1484040 1717
1484050 1717
1484060 1726
1484070 1735
1484080 1735
1484090 1743
1484100 1750
1484110 1750
1484120 1755
1484130 1758
1484140 1768
1484150 1768
1484160 1780
1484170 1784
1484180 1784
1484190 1780
1484200 1783
1484210 1783
1484220 1788
1484230 1780
1484240 1780
1484250 1764
1484260 1762
1484270 1762
1484280 1762
1484290 1761
1484300 1761
1484310 1758
1484320 1755
1484330 1755
1484340 1755
1484350 1755
1484360 1753
1484370 1753
1484380 1749
1484390 1744
1484400 1744
1484410 1739
1484420 1735
1484430 1735
1484440 1734
1484450 1732
1484460 1732
1484470 1730
1484480 1727
1484490 1727
1484500 1725
1484510 1724
1484520 1722
1484530 1722
1484540 1721
1484550 1720
1484560 1720
1484570 1719
1484580 1719
1484590 1719
1484600 1718
1484610 1718
1484620 1718
1484630 1717
1484640 1716
1484650 1716
1484660 1714
1484670 1712
1484680 1712
1484690 1711
1484700 1710
1484710 1710
1484720 1711
1484730 1710
1484740 1709
1484750 1709
1484760 1708
1484770 1707
1484780 1707
1484790 1704
1484800 1703
1484810 1703
1484820 1704
1484830 1701
1484840 1701
1484850 1699
1484860 1701
1484870 1701
1484880 1702
1484890 1702
1484900 1702
1484910 1702
1484920 1702
1484930 1701
1484940 1701
1484950 1701
1484960 1699
1484970 1699
1484980 1698
1484990 1698
1485000 1698
1485010 1697
1485020 1697
1485030 1697
1485040 1696
1485050 1694
1485060 1694
1485070 1691
1485080 1690
1485090 1690
1485100 1689
1485110 1688
1485120 1688
1485130 1687
1485140 1686
1485150 1683
1485160 1683
1485170 1681
1485180 1676
1485190 1676
1485200 1666
1485210 1660
1485220 1660
1485230 1657
1485240 1653
1485250 1653
1485260 1652
1485270 1647
1485280 1647
1485290 1640
1485300 1635
1485310 1635
1485320 1632
1485330 1630
1485340 1625
1485350 1625
1485360 1622
1485370 1616
1485380 1616
1485390 1611
1485400 1605
1485410 1605
1485420 1599
1485430 1591
1485440 1591
1485450 1584
1485460 1577
1485470 1577
1485480 1570
1485490 1567
1485500 1567
1485510 1564
1485520 1561
1485530 1559
1485540 1559
1485550 1561
1485560 1562
1485570 1562
1485580 1564
1485590 1565
1485600 1565
1485610 1567
1485620 1566
1485630 1566
1485640 1563
1485650 1558
1485660 1558
1485670 1555
1485680 1556
1485690 1556
1485700 1558
1485710 1562
1485720 1562
1485730 1564
1485740 1564
1485750 1563
1485760 1563
1485770 1563
1485780 1561
1485790 1561
1485800 1559
1485810 1557
1485820 1557
1485830 1555
1485840 1552
1485850 1552
1485860 1550
1485870 1551
1485880 1551
1485890 1553
1485900 1555
1485910 1555
1485920 1557
1485930 1557
1485940 1557
1485950 1557
1485960 1557
1485970 1555
1485980 1555
1485990 1552
1486000 1550
1486010 1550
1486020 1549
1486030 1551
1486040 1551
1486050 1553
1486060 1554
1486070 1554
1486080 1555
1486090 1555
1486100 1555
1486110 1553
1486120 1553
1486130 1551
1486140 1551
1486150 1549
1486160 1549
1486170 1549
1486180 1551
1486190 1553
1486200 1553
1486210 1554
1486220 1555
1486230 1555
1486240 1555
1486250 1553
1486260 1553
1486270 1549
1486280 1545
1486290 1545
1486300 1547
1486310 1551
1486320 1551
1486330 1563
1486340 1575
1486350 1588
1486360 1588
1486370 1598
1486380 1607
1486390 1607
1486400 1610
1486410 1608
1486420 1608
1486430 1603
1486440 1600
1486450 1600
1486460 1597
1486470 1593
1486480 1593
1486490 1588
1486500 1586
1486510 1586
1486520 1582
1486530 1578
1486540 1573
1486550 1573
1486560 1570
1486570 1566
1486580 1566
1486590 1563
1486600 1560
1486610 1560
1486620 1558
1486630 1558
1486640 1558
1486650 1556
1486660 1553
1486670 1553
1486680 1548
1486690 1540
1486700 1540
1486710 1528
1486720 1523
1486730 1523
1486740 1527
1486750 1534
1486760 1540
1486770 1540
1486780 1543
1486790 1545
1486800 1545
1486810 1544
1486820 1543
1486830 1543
1486840 1542
1486850 1540
1486860 1540
1486870 1534
1486880 1522
1486890 1522
1486900 1514
1486910 1505
1486920 1505
1486930 1496
1486940 1490
1486950 1484
1486960 1484
1486970 1481
1486980 1480
1486990 1480
1487000 1471
1487010 1465
1487020 1465
1487030 1460
1487040 1455
1487050 1455
1487060 1450
1487070 1446
1487080 1446
1487090 1443
1487100 1439
1487110 1439
1487120 1435
1487130 1430
1487140 1423
1487150 1423
1487160 1416
1487170 1413
1487180 1413
1487190 1412
1487200 1405
1487210 1405
1487220 1391
1487230 1378
1487240 1378
1487250 1368
1487260 1358
1487270 1358
1487280 1347
1487290 1340
1487300 1340
1487310 1335
1487320 1330
1487330 1330
1487340 1325
1487350 1319
1487360 1313
1487370 1313
1487380 1307
1487390 1301
1487400 1301
1487410 1295
1487420 1289
1487430 1289
1487440 1284
1487450 1281
1487460 1281
1487470 1278
1487480 1273
1487490 1273
1487500 1269
1487510 1265
1487520 1265
1487530 1260
1487540 1256
1487550 1252
1487560 1252
1487570 1246
1487580 1239
1487590 1239
1487600 1233
1487610 1231
1487620 1231
1487630 1229
1487640 1228
1487650 1228
1487660 1227
1487670 1227
1487680 1227
1487690 1227
1487700 1226
1487710 1226
1487720 1226
1487730 1224
1487740 1223
1487750 1223
1487760 1223
1487770 1223
1487780 1223
1487790 1225
1487800 1226
1487810 1226
1487820 1227
1487830 1227
1487840 1227
1487850 1228
1487860 1228
1487870 1228
1487880 1228
1487890 1225
1487900 1225
1487910 1223
1487920 1221
1487930 1221
1487940 1220
1487950 1221
1487960 1221
1487970 1221
1487980 1220
1487990 1219
1488000 1219
1488010 1218
1488020 1218
1488030 1218
1488040 1217
1488050 1217
1488060 1217
1488070 1217
1488080 1215
1488090 1215
1488100 1214
1488110 1212
1488120 1212
1488130 1209
1488140 1206
1488150 1203
1488160 1203
1488170 1203
1488180 1201
1488190 1201
1488200 1197
1488210 1194
1488220 1194
1488230 1192
1488240 1191
1488250 1191
1488260 1191
1488270 1190
1488280 1190
1488290 1189
1488300 1189
1488310 1189
1488320 1189
1488330 1188
1488340 1188
1488350 1186
1488360 1185
1488370 1183
1488380 1183
1488390 1183
1488400 1182
1488410 1182
1488420 1181
1488430 1182
1488440 1182
1488450 1181
1488460 1181
1488470 1181
1488480 1181
1488490 1180
1488500 1180
1488510 1179
1488520 1179
1488530 1179
1488540 1178
1488550 1177
1488560 1176
1488570 1176
1488580 1176
1488590 1176
1488600 1176
1488610 1176
1488620 1175
1488630 1175
1488640 1175
1488650 1174
1488660 1174
1488670 1173
1488680 1172
1488690 1172
1488700 1171
1488710 1171
1488720 1171
1488730 1170
1488740 1170
1488750 1170
1488760 1170
1488770 1170
1488780 1169
1488790 1169
1488800 1168
1488810 1167
1488820 1167
1488830 1166
1488840 1166
1488850 1166
1488860 1166
1488870 1165
1488880 1165
1488890 1165
1488900 1165
1488910 1165
1488920 1164
1488930 1163
1488940 1163
1488950 1162
1488960 1162
1488970 1162
1488980 1162
1488990 1162
1489000 1161
1489010 1161
1489020 1161
1489030 1160
1489040 1160
1489050 1158
1489060 1158
1489070 1158
1489080 1158
1489090 1158
1489100 1158
1489110 1158
1489120 1159
1489130 1159
1489140 1162
1489150 1164
1489160 1164
1489170 1164
1489180 1165
1489190 1166
1489200 1166
1489210 1166
1489220 1166
1489230 1166
1489240 1166
1489250 1166
1489260 1166
1489270 1165
1489280 1164
1489290 1164
1489300 1164
1489310 1163
1489320 1163
1489330 1162
1489340 1162
1489350 1163
1489360 1163
1489370 1162
1489380 1161
1489390 1161
1489400 1160
1489410 1159
1489420 1159
1489430 1158
1489440 1157
1489450 1157
1489460 1157
1489470 1156
1489480 1156
1489490 1156
1489500 1155
1489510 1155
1489520 1154
1489530 1153
1489540 1153
1489550 1151
1489560 1150
1489570 1149
1489580 1149
1489590 1148
1489600 1148
1489610 1148
1489620 1147
1489630 1148
1489640 1148
1489650 1149
1489660 1150
1489670 1150
1489680 1151
1489690 1153
1489700 1153
1489710 1154
1489720 1155
1489730 1155
1489740 1155
1489750 1156
1489760 1156
1489770 1156
1489780 1157
1489790 1158
1489800 1158
1489810 1158
1489820 1157
1489830 1157
1489840 1157
1489850 1156
1489860 1156
1489870 1156
1489880 1157
1489890 1157
1489900 1156
1489910 1153
1489920 1153
1489930 1150
1489940 1149
1489950 1149
1489960 1147
1489970 1146
1489980 1143
1489990 1143
1490000 1141
1490010 1140
1490020 1140
1490030 1139
1490040 1139
1490050 1139
1490060 1138
1490070 1137
1490080 1137
1490090 1136
1490100 1135
1490110 1135
1490120 1133
1490130 1132
1490140 1132
1490150 1131
1490160 1130
1490170 1128
1490180 1128
1490190 1127
1490200 1126
1490210 1126
1490220 1126
1490230 1125
1490240 1125
1490250 1124
1490260 1124
1490270 1124
1490280 1124
1490290 1123
1490300 1123
1490310 1123
1490320 1123
1490330 1123
1490340 1122
1490350 1122
1490360 1123
1490370 1123
1490380 1123
1490390 1125
1490400 1125
1490410 1126
1490420 1128
1490430 1128
1490440 1130
1490450 1132
1490460 1132
1490470 1133
1490480 1135
1490490 1135
1490500 1136
1490510 1140
1490520 1140
1490530 1141
1490540 1143
1490550 1143
1490560 1145
1490570 1145
1490580 1144
1490590 1144
1490600 1144
1490610 1144
1490620 1144
1490630 1145
1490640 1145
1490650 1145
1490660 1146
1490670 1147
1490680 1147
1490690 1147
1490700 1146
1490710 1146
1490720 1146
1490730 1145
1490740 1145
1490750 1144
1490760 1143
1490770 1141
1490780 1141
1490790 1140
1490800 1140
1490810 1140
1490820 1140
1490830 1140
1490840 1140
1490850 1139
1490860 1139
1490870 1139
1490880 1138
1490890 1136
1490900 1136
1490910 1137
1490920 1136
1490930 1136
1490940 1135
1490950 1133
1490960 1133
1490970 1131
1490980 1130
1490990 1131
1491000 1131
1491010 1131
1491020 1131
1491030 1131
1491040 1131
1491050 1131
1491060 1131
1491070 1130
1491080 1128
1491090 1128
1491100 1128
1491110 1128
1491120 1128
1491130 1126
1491140 1124
1491150 1124
1491160 1122
1491170 1121
1491180 1119
1491190 1119
1491200 1117
1491210 1115
1491220 1115
1491230 1113
1491240 1113
1491250 1113
1491260 1112
1491270 1114
1491280 1114
1491290 1117
1491300 1119
1491310 1119
1491320 1120
1491330 1121
1491340 1121
1491350 1119
1491360 1116
1491370 1115
1491380 1115
1491390 1114
1491400 1112
1491410 1112
1491420 1112
1491430 1111
1491440 1111
1491450 1110
1491460 1110
1491470 1110
1491480 1110
1491490 1111
1491500 1111
1491510 1113
1491520 1114
1491530 1114
1491540 1115
1491550 1116
1491560 1116
1491570 1119
1491580 1120
1491590 1122
1491600 1122
1491610 1125
1491620 1127
1491630 1127
1491640 1129
1491650 1131
1491660 1131
1491670 1133
1491680 1134
1491690 1134
1491700 1135
1491710 1136
1491720 1136
1491730 1137
1491740 1136
1491750 1136
1491760 1135
1491770 1133
1491780 1131
1491790 1131
1491800 1130
1491810 1130
1491820 1130
1491830 1131
1491840 1130
1491850 1130
1491860 1129
1491870 1133
1491880 1133
1491890 1136
1491900 1135
1491910 1135
1491920 1135
1491930 1134
1491940 1134
1491950 1131
1491960 1129
1491970 1131
1491980 1131
1491990 1133
1492000 1133
1492010 1133
1492020 1132
1492030 1130
1492040 1130
1492050 1129
1492060 1128
1492070 1128
1492080 1127
1492090 1127
1492100 1127
1492110 1126
1492120 1126
1492130 1126
1492140 1125
1492150 1123
1492160 1123
1492170 1121
1492180 1119
1492190 1118
1492200 1118
1492210 1117
1492220 1116
1492230 1116
1492240 1115
1492250 1113
1492260 1113
1492270 1111
1492280 1109
1492290 1109
1492300 1108
1492310 1108
1492320 1108
1492330 1110
1492340 1113
1492350 1113
1492360 1117
1492370 1117
1492380 1119
1492390 1119
1492400 1117
1492410 1113
1492420 1113
1492430 1112
1492440 1111
1492450 1111
1492460 1112
1492470 1114
1492480 1114
1492490 1114
1492500 1113
1492510 1113
1492520 1113
1492530 1112
1492540 1112
1492550 1111
1492560 1110
1492570 1110
1492580 1110
1492590 1109
1492600 1111
1492610 1111
1492620 1112
1492630 1108
1492640 1108
1492650 1106
1492660 1113
1492670 1113
1492680 1113
1492690 1113
1492700 1113
1492710 1113
1492720 1113
1492730 1113
1492740 1113
1492750 1115
1492760 1115
1492770 1115
1492780 1115
1492790 1116
1492800 1116
1492810 1116
1492820 1117
1492830 1117
1492840 1115
1492850 1120
1492860 1120
1492870 1122
1492880 1123
1492890 1123
1492900 1125
1492910 1125
1492920 1125
1492930 1124
1492940 1124
1492950 1124
1492960 1122
1492970 1121
1492980 1117
1492990 1117
1493000 1112
1493010 1107
1493020 1107
1493030 1105
1493040 1103
1493050 1103
1493060 1101
1493070 1100
1493080 1100
1493090 1100
1493100 1100
1493110 1100
1493120 1100
1493130 1100
1493140 1100
1493150 1101
1493160 1101
1493170 1101
1493180 1102
1493190 1102
1493200 1102
1493210 1102
1493220 1099
1493230 1098
1493240 1098
1493250 1096
1493260 1097
1493270 1097
1493280 1099
1493290 1100
1493300 1100
1493310 1100
1493320 1101
1493330 1101
1493340 1102
1493350 1102
1493360 1102
1493370 1102
1493380 1103
1493390 1104
1493400 1104
1493410 1104
1493420 1104
1493430 1104
1493440 1107
1493450 1110
1493460 1110
1493470 1111
1493480 1112
1493490 1112
1493500 1113
1493510 1115
1493520 1115
1493530 1117
1493540 1119
1493550 1119
1493560 1121
1493570 1123
1493580 1123
1493590 1123
1493600 1121
1493610 1120
1493620 1120
1493630 1117
1493640 1116
1493650 1116
1493660 1116
1493670 1115
1493680 1115
1493690 1115
1493700 1116
1493710 1116
1493720 1115
1493730 1113
1493740 1113
1493750 1112
1493760 1113
1493770 1113
1493780 1115
1493790 1116
1493800 1118
1493810 1118
1493820 1121
1493830 1124
1493840 1124
1493850 1126
1493860 1127
1493870 1127
1493880 1128
1493890 1129
1493900 1129
1493910 1129
1493920 1129
1493930 1129
1493940 1125
1493950 1126
1493960 1126
1493970 1128
1493980 1128
1493990 1127
1494000 1127
1494010 1129
1494020 1131
1494030 1131
1494040 1132
1494050 1133
1494060 1133
1494070 1135
1494080 1138
1494090 1138
1494100 1141
1494110 1143
1494120 1143
1494130 1143
1494140 1143
1494150 1143
1494160 1141
1494170 1143
1494180 1143
1494190 1144
1494200 1145
1494210 1144
1494220 1144
1494230 1144
1494240 1144
1494250 1144
1494260 1146
1494270 1147
1494280 1147
1494290 1147
1494300 1146
1494310 1146
1494320 1146
1494330 1145
1494340 1145
1494350 1146
1494360 1148
1494370 1148
1494380 1149
1494390 1149
1494400 1149
1494410 1149
1494420 1146
1494430 1144
1494440 1144
1494450 1150
1494460 1154
1494470 1154
1494480 1156
1494490 1156
1494500 1156
1494510 1156
1494520 1155
1494530 1155
1494540 1156
1494550 1157
1494560 1157
1494570 1157
1494580 1159
1494590 1158
1494600 1158
1494610 1159
1494620 1160
1494630 1160
1494640 1162
1494650 1164
1494660 1164
1494670 1167
1494680 1170
1494690 1170
1494700 1172
1494710 1172
1494720 1172
1494730 1173
1494740 1174
1494750 1174
1494760 1173
1494770 1173
1494780 1173
1494790 1175
1494800 1177
1494810 1179
1494820 1179
1494830 1180
1494840 1175
1494850 1175
1494860 1171
1494870 1167
1494880 1167
1494890 1166
1494900 1166
1494910 1166
1494920 1164
1494930 1162
1494940 1162
1494950 1160
1494960 1159
1494970 1159
1494980 1158
1494990 1159
1495000 1160
1495010 1160
1495020 1159
1495030 1157
1495040 1157
1495050 1155
1495060 1156
1495070 1156
1495080 1156
1495090 1159
1495100 1159
1495110 1159
1495120 1159
1495130 1159
1495140 1160
1495150 1161
1495160 1161
1495170 1162
1495180 1163
1495190 1163
1495200 1165
1495210 1167
1495220 1169
1495230 1169
1495240 1171
1495250 1173
1495260 1173
1495270 1174
1495280 1174
1495290 1174
1495300 1175
1495310 1174
1495320 1174
1495330 1173
1495340 1172
1495350 1172
1495360 1170
1495370 1170
1495380 1170
1495390 1168
1495400 1166
1495410 1163
1495420 1163
1495430 1160
1495440 1158
1495450 1158
1495460 1156
1495470 1155
1495480 1155
1495490 1154
1495500 1153
1495510 1153
1495520 1153
1495530 1152
1495540 1152
1495550 1152
1495560 1152
1495570 1152
1495580 1152
1495590 1153
1495600 1152
1495610 1152
1495620 1159
1495630 1159
1495640 1159
1495650 1158
1495660 1157
1495670 1157
1495680 1157
1495690 1156
1495700 1156
1495710 1155
1495720 1154
1495730 1154
1495740 1153
1495750 1152
1495760 1152
1495770 1150
1495780 1150
1495790 1150
1495800 1150
1495810 1149
1495820 1149
1495830 1149
1495840 1148
1495850 1146
1495860 1146
1495870 1146
1495880 1146
1495890 1146
1495900 1145
1495910 1144
1495920 1144
1495930 1142
1495940 1140
1495950 1140
1495960 1139
1495970 1137
1495980 1137
1495990 1136
1496000 1133
1496010 1131
1496020 1131
1496030 1130
1496040 1128
1496050 1128
1496060 1124
1496070 1122
1496080 1122
1496090 1123
1496100 1122
1496110 1122
1496120 1122
1496130 1121
1496140 1121
1496150 1120
1496160 1120
1496170 1120
1496180 1120
1496190 1121
1496200 1121
1496210 1121
1496220 1122
1496230 1122
1496240 1122
1496250 1121
1496260 1121
1496270 1121
1496280 1121
1496290 1120
1496300 1120
1496310 1118
1496320 1116
1496330 1116
1496340 1115
1496350 1113
1496360 1113
1496370 1111
1496380 1110
1496390 1110
1496400 1108
1496410 1107
1496420 1107
1496430 1107
1496440 1106
1496450 1106
1496460 1106
1496470 1106
1496480 1104
1496490 1104
1496500 1103
1496510 1102
1496520 1102
1496530 1101
1496540 1100
1496550 1100
1496560 1098
1496570 1097
1496580 1097
1496590 1095
1496600 1094
1496610 1094
1496620 1094
1496630 1094
1496640 1093
1496650 1093
1496660 1093
1496670 1092
1496680 1092
1496690 1090
1496700 1089
1496710 1089
1496720 1089
1496730 1088
1496740 1088
1496750 1088
1496760 1086
1496770 1086
1496780 1084
1496790 1082
1496800 1082
1496810 1079
1496820 1077
1496830 1073
1496840 1073
1496850 1068
1496860 1064
1496870 1064
1496880 1061
1496890 1058
1496900 1058
1496910 1054
1496920 1050
1496930 1050
1496940 1046
1496950 1043
1496960 1043
1496970 1038
1496980 1032
1496990 1032
1497000 1027
1497010 1022
1497020 1018
1497030 1018
1497040 1013
1497050 1008
1497060 1008
1497070 1003
1497080 998
1497090 998
1497100 994
1497110 991
1497120 991
1497130 987
1497140 984
1497150 984
1497160 981
1497170 976
1497180 976
1497190 972
1497200 968
1497210 964
1497220 964
1497230 960
1497240 955
1497250 955
1497260 951
1497270 947
1497280 947
1497290 943
1497300 941
1497310 941
1497320 939
1497330 937
1497340 937
1497350 934
1497360 931
1497370 931
1497380 927
1497390 923
1497400 923
1497410 920
1497420 918
1497430 915
1497440 915
1497450 913
1497460 911
1497470 911
1497480 909
1497490 907
1497500 907
1497510 906
1497520 905
1497530 905
1497540 903
1497550 901
1497560 901
1497570 898
1497580 894
1497590 894
1497600 891
1497610 887
1497620 883
1497630 883
1497640 876
1497650 873
1497660 873
1497670 872
1497680 864
1497690 864
1497700 859
1497710 858
1497720 858
1497730 857
1497740 854
1497750 854
1497760 854
1497770 855
1497780 855
1497790 856
1497800 854
1497810 854
1497820 851
1497830 851
1497840 850
1497850 850
1497860 850
1497870 850
1497880 850
1497890 850
1497900 850
1497910 850
1497920 849
1497930 849
1497940 849
1497950 849
1497960 849
1497970 849
1497980 848
1497990 848
1498000 848
1498010 848
1498020 848
1498030 848
1498040 848
1498050 848
1498060 848
1498070 848
1498080 848
1498090 848
1498100 848
1498110 848
1498120 847
1498130 847
1498140 847
1498150 846
1498160 846
1498170 845
1498180 844
1498190 844
1498200 845
1498210 846
1498220 845
1498230 845
1498240 845
1498250 845
1498260 845
1498270 844
1498280 844
1498290 844
1498300 844
1498310 844
1498320 844
1498330 843
1498340 843
1498350 843
1498360 843
1498370 843
1498380 843
1498390 843
1498400 842
1498410 842
1498420 842
1498430 842
1498440 842
1498450 842
1498460 842
1498470 842
1498480 842
1498490 841
1498500 841
1498510 841
1498520 841
1498530 840
1498540 840
1498550 840
1498560 840
1498570 840
1498580 840
1498590 840
1498600 840
1498610 840
1498620 840
1498630 839
1498640 839
1498650 839
1498660 839
1498670 839
1498680 839
1498690 839
1498700 839
1498710 839
1498720 839
1498730 839
1498740 839
1498750 839
1498760 839
1498770 839
1498780 839
1498790 839
1498800 840
1498810 839
1498820 838
1498830 838
1498840 837
1498850 837
1498860 837
1498870 837
1498880 838
1498890 838
1498900 839
1498910 838
1498920 838
1498930 838
1498940 838
1498950 838
1498960 838
1498970 838
1498980 838
1498990 838
1499000 841
1499010 841
1499020 843
1499030 847
1499040 848
1499050 848
1499060 849
1499070 850
1499080 850
1499090 851
1499100 852
1499110 852
1499120 853
1499130 854
1499140 854
1499150 856
1499160 858
1499170 858
1499180 860
1499190 863
1499200 863
1499210 866
1499220 869
1499230 872
1499240 872
1499250 875
1499260 878
1499270 878
1499280 884
1499290 890
1499300 890
1499310 898
1499320 905
1499330 905
1499340 910
1499350 910
1499360 910
1499370 915
1499380 921
1499390 921
1499400 923
1499410 921
1499420 921
1499430 918
1499440 917
1499450 918
1499460 918
1499470 921
1499480 926
1499490 926
1499500 949
1499510 1035
1499520 1035
1499530 1079
1499540 1098
1499550 1098
1499560 1108
1499570 1113
1499580 1113
1499590 1114
1499600 1118
1499610 1118
1499620 1123
1499630 1128
1499640 1134
1499650 1134
1499660 1137
1499670 1140
1499680 1140
1499690 1161
1499700 1208
1499710 1208
1499720 1235
1499730 1252
1499740 1252
1499750 1259
1499760 1265
1499770 1265
1499780 1272
1499790 1277
1499800 1277
1499810 1281
1499820 1287
1499830 1294
1499840 1294
1499850 1301
1499860 1309
1499870 1309
1499880 1316
1499890 1324
1499900 1324
1499910 1331
1499920 1338
1499930 1338
1499940 1346
1499950 1355
1499960 1355
1499970 1363
1499980 1371
1499990 1371
