1480000 2561
1480010 2561
1480020 2558
1480030 2556
1480040 2556
1480050 2554
1480060 2552
1480070 2552
1480080 2551
1480090 2551
1480100 2550
1480110 2550
1480120 2550
1480130 2550
1480140 2550
1480150 2551
1480160 2552
1480170 2552
1480180 2551
1480190 2551
1480200 2551
1480210 2551
1480220 2551
1480230 2551
1480240 2549
1480250 2547
1480260 2547
1480270 2543
1480280 2537
1480290 2531
1480300 2531
1480310 2525
1480320 2520
1480330 2520
1480340 2517
1480350 2517
1480360 2517
1480370 2516
1480380 2516
1480390 2516
1480400 2516
1480410 2518
1480420 2518
1480430 2524
1480440 2526
1480450 2526
1480460 2528
1480470 2529
1480480 2529
1480490 2530
1480500 2533
1480510 2534
1480520 2534
1480530 2533
1480540 2532
1480550 2532
1480560 2531
1480570 2529
1480580 2529
1480590 2529
1480600 2532
1480610 2532
1480620 2535
1480630 2537
1480640 2537
1480650 2539
1480660 2539
1480670 2539
1480680 2539
1480690 2539
1480700 2537
1480710 2537
1480720 2539
1480730 2540
1480740 2540
1480750 2539
1480760 2538
1480770 2538
1480780 2537
1480790 2534
1480800 2534
1480810 2529
1480820 2525
1480830 2525
1480840 2521
1480850 2516
1480860 2516
1480870 2511
1480880 2505
1480890 2505
1480900 2501
1480910 2499
1480920 2496
1480930 2496
1480940 2494
1480950 2490
1480960 2490
1480970 2486
1480980 2482
1480990 2482
1481000 2479
1481010 2477
1481020 2477
1481030 2474
1481040 2471
1481050 2471
1481060 2467
1481070 2462
1481080 2462
1481090 2459
1481100 2454
1481110 2449
1481120 2449
1481130 2443
1481140 2438
1481150 2438
1481160 2431
1481170 2425
1481180 2425
1481190 2419
1481200 2413
1481210 2413
1481220 2407
1481230 2402
1481240 2402
1481250 2396
1481260 2391
1481270 2391
1481280 2386
1481290 2382
1481300 2378
1481310 2378
1481320 2374
1481330 2370
1481340 2370
1481350 2366
1481360 2363
1481370 2363
1481380 2359
1481390 2357
1481400 2357
1481410 2354
1481420 2350
1481430 2350
1481440 2345
1481450 2340
1481460 2340
1481470 2335
1481480 2329
1481490 2329
1481500 2324
1481510 2317
1481520 2309
1481530 2309
1481540 2303
1481550 2298
1481560 2298
1481570 2294
1481580 2288
1481590 2288
1481600 2283
1481610 2278
1481620 2278
1481630 2273
1481640 2270
1481650 2270
1481660 2268
1481670 2266
1481680 2266
1481690 2263
1481700 2259
1481710 2255
1481720 2255
1481730 2250
1481740 2244
1481750 2244
1481760 2238
1481770 2235
1481780 2235
1481790 2230
1481800 2224
1481810 2224
1481820 2219
1481830 2215
1481840 2215
1481850 2212
1481860 2211
1481870 2211
1481880 2213
1481890 2213
1481900 2210
1481910 2210
1481920 2206
1481930 2202
1481940 2202
1481950 2198
1481960 2195
1481970 2195
1481980 2192
1481990 2189
1482000 2189
1482010 2187
1482020 2184
1482030 2184
1482040 2180
1482050 2176
1482060 2176
1482070 2172
1482080 2167
1482090 2167
1482100 2161
1482110 2155
1482120 2149
1482130 2149
1482140 2144
1482150 2139
1482160 2139
1482170 2135
1482180 2130
1482190 2130
1482200 2125
1482210 2119
1482220 2119
1482230 2112
1482240 2107
1482250 2107
1482260 2101
1482270 2094
1482280 2094
1482290 2085
1482300 2076
1482310 2068
1482320 2068
1482330 2062
1482340 2055
1482350 2055
1482360 2048
1482370 2041
1482380 2041
1482390 2035
1482400 2031
1482410 2031
1482420 2026
1482430 2021
1482440 2021
1482450 2016
1482460 2009
1482470 2009
1482480 2003
1482490 1997
1482500 1997
1482510 1991
1482520 1985
1482530 1980
1482540 1980
1482550 1975
1482560 1971
1482570 1971
1482580 1965
1482590 1960
1482600 1960
1482610 1955
1482620 1949
1482630 1949
1482640 1944
1482650 1937
1482660 1937
1482670 1930
1482680 1924
1482690 1924
1482700 1917
1482710 1910
1482720 1904
1482730 1904
1482740 1899
1482750 1892
1482760 1892
1482770 1886
1482780 1876
1482790 1876
1482800 1870
1482810 1864
1482820 1864
1482830 1856
1482840 1848
1482850 1848
1482860 1840
1482870 1829
1482880 1829
1482890 1820
1482900 1815
1482910 1810
1482920 1810
1482930 1805
1482940 1799
1482950 1799
1482960 1793
1482970 1789
1482980 1789
1482990 1785
1483000 1775
1483010 1775
1483020 1766
1483030 1761
1483040 1761
1483050 1753
1483060 1747
1483070 1747
1483080 1744
1483090 1745
1483100 1745
1483110 1747
1483120 1747
1483130 1746
1483140 1746
1483150 1745
1483160 1744
1483170 1744
1483180 1743
1483190 1742
1483200 1742
1483210 1743
1483220 1742
1483230 1742
1483240 1742
1483250 1741
1483260 1741
1483270 1743
1483280 1744
1483290 1744
1483300 1743
1483310 1742
1483320 1740
1483330 1740
1483340 1738
1483350 1737
1483360 1737
1483370 1738
1483380 1740
1483390 1740
1483400 1742
1483410 1747
1483420 1747
1483430 1753
1483440 1760
1483450 1760
1483460 1766
1483470 1771
1483480 1771
1483490 1774
1483500 1775
1483510 1779
1483520 1779
1483530 1784
1483540 1790
1483550 1790
1483560 1794
1483570 1796
1483580 1796
1483590 1802
1483600 1809
1483610 1809
1483620 1814
1483630 1817
1483640 1817
1483650 1817
1483660 1817
1483670 1817
1483680 1817
1483690 1818
1483700 1818
1483710 1825
1483720 1833
1483730 1837
1483740 1837
1483750 1841
1483760 1842
1483770 1842
1483780 1843
1483790 1846
1483800 1846
1483810 1844
1483820 1841
1483830 1841
1483840 1836
1483850 1832
1483860 1832
1483870 1830
1483880 1830
1483890 1830
1483900 1830
1483910 1831
1483920 1834
1483930 1834
1483940 1837
1483950 1839
1483960 1839
1483970 1843
1483980 1847
1483990 1847
1484000 1850
1484010 1852
1484020 1852
1484030 1851
1484040 1850
1484050 1850
1484060 1853
1484070 1857
1484080 1857
1484090 1860
1484100 1863
1484110 1863
1484120 1866
1484130 1872
1484140 1878
1484150 1878
1484160 1882
1484170 1886
1484180 1886
1484190 1889
1484200 1892
1484210 1892
1484220 1893
1484230 1893
1484240 1893
1484250 1894
1484260 1894
1484270 1894
1484280 1894
1484290 1893
1484300 1893
1484310 1893
1484320 1892
1484330 1891
1484340 1891
1484350 1888
1484360 1885
1484370 1885
1484380 1883
1484390 1881
1484400 1881
1484410 1879
1484420 1876
1484430 1876
1484440 1873
1484450 1870
1484460 1870
1484470 1866
1484480 1863
1484490 1863
1484500 1860
1484510 1857
1484520 1854
1484530 1854
1484540 1850
1484550 1847
1484560 1847
1484570 1838
1484580 1826
1484590 1826
1484600 1817
1484610 1808
1484620 1808
1484630 1804
1484640 1801
1484650 1801
1484660 1797
1484670 1794
1484680 1794
1484690 1790
1484700 1786
1484710 1786
1484720 1784
1484730 1782
1484740 1780
1484750 1780
1484760 1779
1484770 1777
1484780 1777
1484790 1774
1484800 1774
1484810 1774
1484820 1775
1484830 1777
1484840 1777
1484850 1776
1484860 1776
1484870 1776
1484880 1776
1484890 1777
1484900 1777
1484910 1777
1484920 1778
1484930 1779
1484940 1779
1484950 1779
1484960 1779
1484970 1779
1484980 1781
1484990 1782
1485000 1782
1485010 1783
1485020 1784
1485030 1784
1485040 1786
1485050 1787
1485060 1787
1485070 1790
1485080 1791
1485090 1791
1485100 1792
1485110 1792
1485120 1792
1485130 1792
1485140 1792
1485150 1793
1485160 1793
1485170 1793
1485180 1791
1485190 1791
1485200 1788
1485210 1784
1485220 1784
1485230 1785
1485240 1787
1485250 1787
1485260 1788
1485270 1788
1485280 1788
1485290 1790
1485300 1791
1485310 1791
1485320 1792
1485330 1792
1485340 1791
1485350 1791
1485360 1789
1485370 1779
1485380 1779
1485390 1761
1485400 1752
1485410 1752
1485420 1745
1485430 1741
1485440 1741
1485450 1738
1485460 1735
1485470 1735
1485480 1729
1485490 1724
1485500 1724
1485510 1725
1485520 1727
1485530 1729
1485540 1729
1485550 1733
1485560 1737
1485570 1737
1485580 1737
1485590 1738
1485600 1738
1485610 1739
1485620 1741
1485630 1741
1485640 1743
1485650 1746
1485660 1746
1485670 1751
1485680 1754
1485690 1754
1485700 1753
1485710 1748
1485720 1748
1485730 1747
1485740 1747
1485750 1748
1485760 1748
1485770 1748
1485780 1749
1485790 1749
1485800 1749
1485810 1749
1485820 1749
1485830 1749
1485840 1749
1485850 1749
1485860 1747
1485870 1747
1485880 1747
1485890 1747
1485900 1748
1485910 1748
1485920 1748
1485930 1749
1485940 1750
1485950 1750
1485960 1751
1485970 1751
1485980 1751
1485990 1751
1486000 1748
1486010 1748
1486020 1748
1486030 1748
1486040 1748
1486050 1748
1486060 1749
1486070 1749
1486080 1749
1486090 1746
1486100 1746
1486110 1741
1486120 1740
1486130 1739
1486140 1739
1486150 1737
1486160 1736
1486170 1736
1486180 1735
1486190 1735
1486200 1735
1486210 1736
1486220 1737
1486230 1737
1486240 1735
1486250 1734
1486260 1734
1486270 1731
1486280 1729
1486290 1729
1486300 1728
1486310 1727
1486320 1727
1486330 1724
1486340 1723
1486350 1721
1486360 1721
1486370 1717
1486380 1715
1486390 1715
1486400 1713
1486410 1711
1486420 1711
1486430 1712
1486440 1713
1486450 1713
1486460 1711
1486470 1707
1486480 1707
1486490 1704
1486500 1702
1486510 1702
1486520 1701
1486530 1698
1486540 1691
1486550 1691
1486560 1686
1486570 1682
1486580 1682
1486590 1680
1486600 1678
1486610 1678
1486620 1676
1486630 1670
1486640 1670
1486650 1668
1486660 1668
1486670 1668
1486680 1667
1486690 1665
1486700 1665
1486710 1662
1486720 1661
1486730 1661
1486740 1662
1486750 1661
1486760 1658
1486770 1658
1486780 1656
1486790 1651
1486800 1651
1486810 1644
1486820 1636
1486830 1636
1486840 1629
1486850 1620
1486860 1620
1486870 1611
1486880 1602
1486890 1602
1486900 1592
1486910 1583
1486920 1583
1486930 1576
1486940 1569
1486950 1563
1486960 1563
1486970 1557
1486980 1553
1486990 1553
1487000 1550
1487010 1545
1487020 1545
1487030 1540
1487040 1535
1487050 1535
1487060 1530
1487070 1525
1487080 1525
1487090 1519
1487100 1513
1487110 1513
1487120 1509
1487130 1503
1487140 1498
1487150 1498
1487160 1486
1487170 1463
1487180 1463
1487190 1453
1487200 1456
1487210 1456
1487220 1463
1487230 1466
1487240 1466
1487250 1464
1487260 1457
1487270 1457
1487280 1450
1487290 1443
1487300 1443
1487310 1434
1487320 1426
1487330 1426
1487340 1420
1487350 1414
1487360 1406
1487370 1406
1487380 1396
1487390 1389
1487400 1389
1487410 1383
1487420 1377
1487430 1377
1487440 1371
1487450 1365
1487460 1365
1487470 1360
1487480 1354
1487490 1354
1487500 1348
1487510 1344
1487520 1344
1487530 1339
1487540 1335
1487550 1329
1487560 1329
1487570 1320
1487580 1312
1487590 1312
1487600 1308
1487610 1305
1487620 1305
1487630 1299
1487640 1299
1487650 1299
1487660 1297
1487670 1292
1487680 1292
1487690 1286
1487700 1280
1487710 1280
1487720 1277
1487730 1275
1487740 1275
1487750 1271
1487760 1265
1487770 1259
1487780 1259
1487790 1254
1487800 1250
1487810 1250
1487820 1247
1487830 1245
1487840 1245
1487850 1243
1487860 1243
1487870 1243
1487880 1242
1487890 1242
1487900 1242
1487910 1241
1487920 1241
1487930 1241
1487940 1241
1487950 1239
1487960 1238
1487970 1238
1487980 1237
1487990 1236
1488000 1236
1488010 1236
1488020 1235
1488030 1235
1488040 1233
1488050 1231
1488060 1231
1488070 1231
1488080 1229
1488090 1229
1488100 1227
1488110 1225
1488120 1225
1488130 1222
1488140 1220
1488150 1218
1488160 1218
1488170 1216
1488180 1214
1488190 1214
1488200 1213
1488210 1211
1488220 1211
1488230 1208
1488240 1205
1488250 1205
1488260 1205
1488270 1206
1488280 1206
1488290 1205
1488300 1204
1488310 1204
1488320 1204
1488330 1203
1488340 1203
1488350 1203
1488360 1204
1488370 1204
1488380 1204
1488390 1202
1488400 1199
1488410 1199
1488420 1197
1488430 1195
1488440 1195
1488450 1194
1488460 1192
1488470 1192
1488480 1190
1488490 1188
1488500 1188
1488510 1188
1488520 1189
1488530 1189
1488540 1189
1488550 1188
1488560 1188
1488570 1188
1488580 1189
1488590 1191
1488600 1191
1488610 1192
1488620 1194
1488630 1194
1488640 1195
1488650 1196
1488660 1196
1488670 1197
1488680 1198
1488690 1198
1488700 1198
1488710 1199
1488720 1199
1488730 1200
1488740 1201
1488750 1201
1488760 1201
1488770 1201
1488780 1199
1488790 1199
1488800 1196
1488810 1194
1488820 1194
1488830 1191
1488840 1191
1488850 1191
1488860 1191
1488870 1190
1488880 1190
1488890 1189
1488900 1188
1488910 1188
1488920 1187
1488930 1185
1488940 1185
1488950 1182
1488960 1181
1488970 1181
1488980 1181
1488990 1182
1489000 1183
1489010 1183
1489020 1183
1489030 1184
1489040 1184
1489050 1186
1489060 1188
1489070 1188
1489080 1190
1489090 1192
1489100 1192
1489110 1193
1489120 1195
1489130 1195
1489140 1198
1489150 1199
1489160 1200
1489170 1200
1489180 1201
1489190 1203
1489200 1203
1489210 1204
1489220 1205
1489230 1205
1489240 1204
1489250 1202
1489260 1202
1489270 1206
1489280 1205
1489290 1205
1489300 1204
1489310 1202
1489320 1202
1489330 1203
1489340 1203
1489350 1203
1489360 1203
1489370 1203
1489380 1204
1489390 1204
1489400 1204
1489410 1204
1489420 1204
1489430 1203
1489440 1203
1489450 1203
1489460 1201
1489470 1199
1489480 1199
1489490 1196
1489500 1194
1489510 1194
1489520 1191
1489530 1189
1489540 1189
1489550 1187
1489560 1187
1489570 1187
1489580 1187
1489590 1188
1489600 1189
1489610 1189
1489620 1191
1489630 1194
1489640 1194
1489650 1198
1489660 1199
1489670 1199
1489680 1200
1489690 1202
1489700 1202
1489710 1203
1489720 1204
1489730 1204
1489740 1205
1489750 1206
1489760 1205
1489770 1205
1489780 1199
1489790 1197
1489800 1197
1489810 1200
1489820 1199
1489830 1199
1489840 1198
1489850 1196
1489860 1196
1489870 1195
1489880 1198
1489890 1198
1489900 1202
1489910 1203
1489920 1203
1489930 1203
1489940 1203
1489950 1203
1489960 1204
1489970 1205
1489980 1206
1489990 1206
1490000 1207
1490010 1207
1490020 1207
1490030 1208
1490040 1208
1490050 1208
1490060 1207
1490070 1205
1490080 1205
1490090 1203
1490100 1202
1490110 1202
1490120 1201
1490130 1201
1490140 1201
1490150 1198
1490160 1194
1490170 1192
1490180 1192
1490190 1191
1490200 1190
1490210 1190
1490220 1190
1490230 1191
1490240 1191
1490250 1191
1490260 1191
1490270 1191
1490280 1192
1490290 1193
1490300 1193
1490310 1194
1490320 1195
1490330 1195
1490340 1196
1490350 1195
1490360 1204
1490370 1205
1490380 1207
1490390 1207
1490400 1207
1490410 1207
1490420 1208
1490430 1208
1490440 1209
1490450 1209
1490460 1209
1490470 1209
1490480 1206
1490490 1206
1490500 1201
1490510 1197
1490520 1197
1490530 1194
1490540 1190
1490550 1190
1490560 1185
1490570 1186
1490580 1194
1490590 1194
1490600 1196
1490610 1194
1490620 1194
1490630 1191
1490640 1188
1490650 1188
1490660 1185
1490670 1189
1490680 1189
1490690 1194
1490700 1196
1490710 1196
1490720 1196
1490730 1196
1490740 1196
1490750 1196
1490760 1195
1490770 1194
1490780 1194
1490790 1192
1490800 1190
1490810 1190
1490820 1189
1490830 1188
1490840 1188
1490850 1187
1490860 1187
1490870 1187
1490880 1184
1490890 1181
1490900 1181
1490910 1181
1490920 1184
1490930 1184
1490940 1187
1490950 1187
1490960 1187
1490970 1190
1490980 1192
1490990 1193
1491000 1193
1491010 1189
1491020 1181
1491030 1181
1491040 1177
1491050 1178
1491060 1178
1491070 1182
1491080 1190
1491090 1190
1491100 1193
1491110 1190
1491120 1190
1491130 1187
1491140 1191
1491150 1191
1491160 1193
1491170 1198
1491180 1201
1491190 1201
1491200 1202
1491210 1203
1491220 1203
1491230 1203
1491240 1203
1491250 1203
1491260 1203
1491270 1202
1491280 1202
1491290 1199
1491300 1194
1491310 1194
1491320 1192
1491330 1191
1491340 1191
1491350 1194
1491360 1200
1491370 1200
1491380 1203
1491390 1199
1491400 1195
1491410 1195
1491420 1195
1491430 1200
1491440 1200
1491450 1206
1491460 1207
1491470 1207
1491480 1208
1491490 1208
1491500 1208
1491510 1208
1491520 1208
1491530 1208
1491540 1209
1491550 1211
1491560 1211
1491570 1213
1491580 1214
1491590 1215
1491600 1215
1491610 1216
1491620 1214
1491630 1214
1491640 1209
1491650 1202
1491660 1202
1491670 1196
1491680 1194
1491690 1194
1491700 1192
1491710 1187
1491720 1187
1491730 1188
1491740 1193
1491750 1193
1491760 1194
1491770 1194
1491780 1198
1491790 1198
1491800 1204
1491810 1208
1491820 1208
1491830 1205
1491840 1196
1491850 1196
1491860 1191
1491870 1190
1491880 1190
1491890 1192
1491900 1197
1491910 1197
1491920 1203
1491930 1202
1491940 1202
1491950 1199
1491960 1197
1491970 1197
1491980 1198
1491990 1200
1492000 1200
1492010 1200
1492020 1199
1492030 1203
1492040 1203
1492050 1204
1492060 1205
1492070 1205
1492080 1206
1492090 1206
1492100 1206
1492110 1207
1492120 1208
1492130 1208
1492140 1209
1492150 1210
1492160 1210
1492170 1211
1492180 1211
1492190 1212
1492200 1212
1492210 1213
1492220 1213
1492230 1213
1492240 1211
1492250 1210
1492260 1210
1492270 1210
1492280 1212
1492290 1212
1492300 1210
1492310 1208
1492320 1208
1492330 1209
1492340 1211
1492350 1211
1492360 1209
1492370 1204
1492380 1208
1492390 1208
1492400 1213
1492410 1215
1492420 1215
1492430 1217
1492440 1218
1492450 1218
1492460 1216
1492470 1216
1492480 1216
1492490 1217
1492500 1221
1492510 1221
1492520 1224
1492530 1227
1492540 1227
1492550 1231
1492560 1229
1492570 1229
1492580 1231
1492590 1232
1492600 1233
1492610 1233
1492620 1234
1492630 1234
1492640 1234
1492650 1235
1492660 1237
1492670 1237
1492680 1238
1492690 1239
1492700 1239
1492710 1241
1492720 1242
1492730 1242
1492740 1243
1492750 1242
1492760 1242
1492770 1244
1492780 1245
1492790 1247
1492800 1247
1492810 1248
1492820 1248
1492830 1248
1492840 1249
1492850 1248
1492860 1248
1492870 1246
1492880 1246
1492890 1246
1492900 1247
1492910 1247
1492920 1247
1492930 1247
1492940 1246
1492950 1246
1492960 1245
1492970 1243
1492980 1243
1492990 1243
1493000 1244
1493010 1243
1493020 1243
1493030 1241
1493040 1241
1493050 1241
1493060 1240
1493070 1239
1493080 1239
1493090 1239
1493100 1241
1493110 1241
1493120 1244
1493130 1245
1493140 1245
1493150 1245
1493160 1244
1493170 1244
1493180 1244
1493190 1243
1493200 1243
1493210 1243
1493220 1244
1493230 1243
1493240 1243
1493250 1243
1493260 1244
1493270 1244
1493280 1244
1493290 1243
1493300 1243
1493310 1243
1493320 1244
1493330 1244
1493340 1245
1493350 1246
1493360 1246
1493370 1247
1493380 1248
1493390 1249
1493400 1249
1493410 1252
1493420 1256
1493430 1256
1493440 1258
1493450 1258
1493460 1258
1493470 1258
1493480 1257
1493490 1257
1493500 1256
1493510 1256
1493520 1256
1493530 1254
1493540 1254
1493550 1254
1493560 1258
1493570 1259
1493580 1259
1493590 1258
1493600 1258
1493610 1257
1493620 1257
1493630 1256
1493640 1251
1493650 1251
1493660 1248
1493670 1251
1493680 1251
1493690 1253
1493700 1253
1493710 1253
1493720 1253
1493730 1253
1493740 1253
1493750 1253
1493760 1253
1493770 1253
1493780 1253
1493790 1252
1493800 1252
1493810 1252
1493820 1249
1493830 1243
1493840 1243
1493850 1236
1493860 1229
1493870 1229
1493880 1223
1493890 1220
1493900 1220
1493910 1219
1493920 1221
1493930 1221
1493940 1227
1493950 1229
1493960 1229
1493970 1233
1493980 1237
1493990 1237
1494000 1239
1494010 1237
1494020 1235
1494030 1235
1494040 1240
1494050 1246
1494060 1246
1494070 1248
1494080 1245
1494090 1245
1494100 1240
1494110 1237
1494120 1237
1494130 1236
1494140 1236
1494150 1236
1494160 1235
1494170 1235
1494180 1235
1494190 1235
1494200 1235
1494210 1237
1494220 1237
1494230 1240
1494240 1241
1494250 1241
1494260 1241
1494270 1242
1494280 1242
1494290 1245
1494300 1250
1494310 1250
1494320 1255
1494330 1259
1494340 1259
1494350 1263
1494360 1263
1494370 1263
1494380 1262
1494390 1263
1494400 1264
1494410 1264
1494420 1265
1494430 1266
1494440 1266
1494450 1265
1494460 1264
1494470 1264
1494480 1261
1494490 1260
1494500 1260
1494510 1261
1494520 1264
1494530 1264
1494540 1269
1494550 1274
1494560 1274
1494570 1276
1494580 1278
1494590 1278
1494600 1282
1494610 1284
1494620 1285
1494630 1285
1494640 1284
1494650 1283
1494660 1283
1494670 1282
1494680 1281
1494690 1281
1494700 1283
1494710 1283
1494720 1283
1494730 1283
1494740 1283
1494750 1283
1494760 1283
1494770 1283
1494780 1283
1494790 1282
1494800 1280
1494810 1280
1494820 1280
1494830 1279
1494840 1278
1494850 1278
1494860 1277
1494870 1276
1494880 1276
1494890 1276
1494900 1277
1494910 1277
1494920 1277
1494930 1277
1494940 1277
1494950 1278
1494960 1280
1494970 1280
1494980 1281
1494990 1283
1495000 1283
1495010 1283
1495020 1283
1495030 1286
1495040 1286
1495050 1290
1495060 1292
1495070 1292
1495080 1292
1495090 1292
1495100 1292
1495110 1292
1495120 1290
1495130 1290
1495140 1285
1495150 1280
1495160 1280
1495170 1279
1495180 1281
1495190 1281
1495200 1285
1495210 1285
1495220 1282
1495230 1282
1495240 1279
1495250 1276
1495260 1276
1495270 1276
1495280 1276
1495290 1276
1495300 1276
1495310 1275
1495320 1275
1495330 1274
1495340 1273
1495350 1273
1495360 1273
1495370 1274
1495380 1274
1495390 1276
1495400 1276
1495410 1275
1495420 1275
1495430 1272
1495440 1272
1495450 1272
1495460 1273
1495470 1273
1495480 1273
1495490 1272
1495500 1271
1495510 1271
1495520 1270
1495530 1268
1495540 1268
1495550 1267
1495560 1266
1495570 1266
1495580 1265
1495590 1263
1495600 1263
1495610 1261
1495620 1261
1495630 1258
1495640 1258
1495650 1256
1495660 1255
1495670 1255
1495680 1254
1495690 1252
1495700 1252
1495710 1251
1495720 1251
1495730 1251
1495740 1252
1495750 1255
1495760 1255
1495770 1255
1495780 1253
1495790 1253
1495800 1251
1495810 1252
1495820 1254
1495830 1254
1495840 1254
1495850 1252
1495860 1252
1495870 1250
1495880 1248
1495890 1248
1495900 1248
1495910 1250
1495920 1250
1495930 1250
1495940 1249
1495950 1249
1495960 1249
1495970 1248
1495980 1248
1495990 1246
1496000 1245
1496010 1242
1496020 1242
1496030 1239
1496040 1238
1496050 1238
1496060 1237
1496070 1235
1496080 1235
1496090 1233
1496100 1232
1496110 1232
1496120 1231
1496130 1229
1496140 1229
1496150 1228
1496160 1225
1496170 1225
1496180 1223
1496190 1223
1496200 1223
1496210 1224
1496220 1224
1496230 1223
1496240 1223
1496250 1221
1496260 1218
1496270 1218
1496280 1216
1496290 1213
1496300 1213
1496310 1211
1496320 1210
1496330 1210
1496340 1209
1496350 1207
1496360 1207
1496370 1205
1496380 1202
1496390 1202
1496400 1199
1496410 1196
1496420 1194
1496430 1194
1496440 1192
1496450 1191
1496460 1191
1496470 1191
1496480 1188
1496490 1188
1496500 1186
1496510 1183
1496520 1183
1496530 1181
1496540 1178
1496550 1178
1496560 1175
1496570 1172
1496580 1172
1496590 1170
1496600 1169
1496610 1169
1496620 1166
1496630 1164
1496640 1161
1496650 1161
1496660 1158
1496670 1154
1496680 1154
1496690 1150
1496700 1146
1496710 1146
1496720 1143
1496730 1141
1496740 1141
1496750 1139
1496760 1138
1496770 1138
1496780 1136
1496790 1135
1496800 1135
1496810 1134
1496820 1133
1496830 1132
1496840 1132
1496850 1131
1496860 1129
1496870 1129
1496880 1125
1496890 1121
1496900 1121
1496910 1118
1496920 1116
1496930 1116
1496940 1112
1496950 1106
1496960 1106
1496970 1100
1496980 1096
1496990 1096
1497000 1092
1497010 1088
1497020 1084
1497030 1084
1497040 1081
1497050 1076
1497060 1076
1497070 1071
1497080 1068
1497090 1068
1497100 1064
1497110 1059
1497120 1059
1497130 1055
1497140 1051
1497150 1051
1497160 1046
1497170 1042
1497180 1042
1497190 1039
1497200 1037
1497210 1037
1497220 1033
1497230 1028
1497240 1024
1497250 1024
1497260 1020
1497270 1017
1497280 1017
1497290 1013
1497300 1010
1497310 1010
1497320 1008
1497330 1006
1497340 1006
1497350 1005
1497360 1004
1497370 1004
1497380 1002
1497390 1000
1497400 1000
1497410 998
1497420 996
1497430 992
1497440 992
1497450 989
1497460 984
1497470 984
1497480 979
1497490 974
1497500 974
1497510 967
1497520 959
1497530 959
1497540 943
1497550 930
1497560 930
1497570 921
1497580 912
1497590 912
1497600 905
1497610 898
1497620 898
1497630 888
1497640 873
1497650 868
1497660 868
1497670 863
1497680 854
1497690 854
1497700 848
1497710 847
1497720 847
1497730 847
1497740 851
1497750 851
1497760 851
1497770 849
1497780 849
1497790 847
1497800 846
1497810 846
1497820 846
1497830 846
1497840 846
1497850 846
1497860 846
1497870 845
1497880 845
1497890 845
1497900 845
1497910 845
1497920 845
1497930 845
1497940 845
1497950 845
1497960 845
1497970 845
1497980 845
1497990 845
1498000 845
1498010 845
1498020 845
1498030 844
1498040 844
1498050 845
1498060 844
1498070 844
1498080 844
1498090 844
1498100 844
1498110 844
1498120 844
1498130 844
1498140 844
1498150 844
1498160 844
1498170 844
1498180 844
1498190 844
1498200 844
1498210 844
1498220 844
1498230 843
1498240 844
1498250 844
1498260 844
1498270 843
1498280 843
1498290 843
1498300 843
1498310 842
1498320 842
1498330 842
1498340 842
1498350 842
1498360 841
1498370 840
1498380 840
1498390 841
1498400 842
1498410 842
1498420 842
1498430 841
1498440 841
1498450 841
1498460 841
1498470 841
1498480 841
1498490 841
1498500 841
1498510 841
1498520 841
1498530 841
1498540 841
1498550 840
1498560 840
1498570 840
1498580 840
1498590 840
1498600 840
1498610 840
1498620 840
1498630 840
1498640 840
1498650 840
1498660 840
1498670 840
1498680 840
1498690 840
1498700 840
1498710 839
1498720 839
1498730 839
1498740 839
1498750 839
1498760 839
1498770 839
1498780 839
1498790 839
1498800 839
1498810 839
1498820 839
1498830 839
1498840 839
1498850 839
1498860 839
1498870 839
1498880 839
1498890 839
1498900 839
1498910 840
1498920 840
1498930 839
1498940 839
1498950 839
1498960 840
1498970 842
1498980 842
1498990 843
1499000 848
1499010 848
1499020 853
1499030 859
1499040 866
1499050 866
1499060 873
1499070 881
1499080 881
1499090 888
1499100 897
1499110 897
1499120 906
1499130 914
1499140 914
1499150 928
1499160 946
1499170 946
1499180 953
1499190 958
1499200 958
1499210 960
1499220 961
1499230 961
1499240 981
1499250 1023
1499260 1039
1499270 1039
1499280 1044
1499290 1052
1499300 1052
1499310 1058
1499320 1063
1499330 1063
1499340 1068
1499350 1075
1499360 1075
1499370 1089
1499380 1105
1499390 1105
1499400 1118
1499410 1128
1499420 1128
1499430 1144
1499440 1155
1499450 1159
1499460 1159
1499470 1160
1499480 1164
1499490 1164
1499500 1169
1499510 1174
1499520 1174
1499530 1178
1499540 1179
1499550 1179
1499560 1179
1499570 1177
1499580 1177
1499590 1177
1499600 1177
1499610 1177
1499620 1176
1499630 1176
1499640 1176
1499650 1176
1499660 1178
1499670 1179
1499680 1179
1499690 1179
1499700 1179
1499710 1179
1499720 1180
1499730 1179
1499740 1179
1499750 1177
1499760 1174
1499770 1174
1499780 1171
1499790 1169
1499800 1169
1499810 1171
1499820 1174
1499830 1174
1499840 1176
1499850 1178
1499860 1182
1499870 1182
1499880 1187
1499890 1195
1499900 1195
1499910 1204
1499920 1211
1499930 1211
1499940 1220
1499950 1228
1499960 1228
1499970 1237
1499980 1247
1499990 1247
