1480000 2715
1480010 2715
1480020 2714
1480030 2713
1480040 2713
1480050 2711
1480060 2708
1480070 2704
1480080 2704
1480090 2699
1480100 2694
1480110 2694
1480120 2689
1480130 2682
1480140 2682
1480150 2675
1480160 2668
1480170 2668
1480180 2661
1480190 2654
1480200 2654
1480210 2649
1480220 2645
1480230 2645
1480240 2641
1480250 2638
1480260 2634
1480270 2634
1480280 2633
1480290 2634
1480300 2634
1480310 2637
1480320 2639
1480330 2639
1480340 2641
1480350 2642
1480360 2642
1480370 2642
1480380 2641
1480390 2641
1480400 2639
1480410 2637
1480420 2637
1480430 2637
1480440 2639
1480450 2639
1480460 2639
1480470 2639
1480480 2640
1480490 2640
1480500 2640
1480510 2640
1480520 2640
1480530 2639
1480540 2640
1480550 2640
1480560 2639
1480570 2635
1480580 2635
1480590 2634
1480600 2634
1480610 2634
1480620 2633
1480630 2630
1480640 2630
1480650 2628
1480660 2625
1480670 2622
1480680 2622
1480690 2617
1480700 2615
1480710 2615
1480720 2617
1480730 2618
1480740 2618
1480750 2619
1480760 2620
1480770 2620
1480780 2621
1480790 2622
1480800 2622
1480810 2622
1480820 2621
1480830 2621
1480840 2617
1480850 2611
1480860 2611
1480870 2604
1480880 2598
1480890 2592
1480900 2592
1480910 2586
1480920 2582
1480930 2582
1480940 2579
1480950 2577
1480960 2577
1480970 2575
1480980 2572
1480990 2572
1481000 2569
1481010 2564
1481020 2564
1481030 2559
1481040 2550
1481050 2550
1481060 2542
1481070 2540
1481080 2535
1481090 2535
1481100 2530
1481110 2525
1481120 2525
1481130 2521
1481140 2515
1481150 2515
1481160 2507
1481170 2505
1481180 2505
1481190 2501
1481200 2496
1481210 2496
1481220 2492
1481230 2487
1481240 2487
1481250 2483
1481260 2479
1481270 2479
1481280 2476
1481290 2474
1481300 2472
1481310 2472
1481320 2468
1481330 2464
1481340 2464
1481350 2458
1481360 2453
1481370 2453
1481380 2451
1481390 2449
1481400 2449
1481410 2448
1481420 2446
1481430 2446
1481440 2445
1481450 2445
1481460 2445
1481470 2449
1481480 2448
1481490 2447
1481500 2447
1481510 2446
1481520 2448
1481530 2448
1481540 2449
1481550 2450
1481560 2450
1481570 2451
1481580 2454
1481590 2454
1481600 2456
1481610 2456
1481620 2456
1481630 2454
1481640 2451
1481650 2451
1481660 2447
1481670 2443
1481680 2440
1481690 2440
1481700 2437
1481710 2434
1481720 2434
1481730 2430
1481740 2428
1481750 2428
1481760 2425
1481770 2423
1481780 2423
1481790 2421
1481800 2419
1481810 2419
1481820 2418
1481830 2416
1481840 2416
1481850 2413
1481860 2408
1481870 2408
1481880 2401
1481890 2395
1481900 2390
1481910 2390
1481920 2386
1481930 2383
1481940 2383
1481950 2378
1481960 2373
1481970 2373
1481980 2369
1481990 2365
1482000 2365
1482010 2361
1482020 2359
1482030 2359
1482040 2355
1482050 2350
1482060 2350
1482070 2345
1482080 2341
1482090 2337
1482100 2337
1482110 2334
1482120 2330
1482130 2330
1482140 2327
1482150 2325
1482160 2325
1482170 2322
1482180 2320
1482190 2320
1482200 2318
1482210 2315
1482220 2315
1482230 2314
1482240 2311
1482250 2311
1482260 2308
1482270 2305
1482280 2305
1482290 2302
1482300 2300
1482310 2296
1482320 2296
1482330 2291
1482340 2286
1482350 2286
1482360 2283
1482370 2281
1482380 2281
1482390 2280
1482400 2277
1482410 2277
1482420 2275
1482430 2271
1482440 2271
1482450 2266
1482460 2261
1482470 2261
1482480 2256
1482490 2250
1482500 2247
1482510 2247
1482520 2244
1482530 2242
1482540 2242
1482550 2241
1482560 2240
1482570 2240
1482580 2239
1482590 2236
1482600 2236
1482610 2233
1482620 2230
1482630 2230
1482640 2225
1482650 2221
1482660 2221
1482670 2218
1482680 2216
1482690 2216
1482700 2215
1482710 2213
1482720 2211
1482730 2211
1482740 2209
1482750 2207
1482760 2207
1482770 2204
1482780 2202
1482790 2202
1482800 2199
1482810 2197
1482820 2197
1482830 2196
1482840 2195
1482850 2195
1482860 2194
1482870 2192
1482880 2192
1482890 2188
1482900 2183
1482910 2178
1482920 2178
1482930 2175
1482940 2171
1482950 2171
1482960 2169
1482970 2167
1482980 2167
1482990 2167
1483000 2165
1483010 2165
1483020 2163
1483030 2167
1483040 2167
1483050 2168
1483060 2169
1483070 2169
1483080 2169
1483090 2168
1483100 2168
1483110 2168
1483120 2168
1483130 2169
1483140 2169
1483150 2170
1483160 2171
1483170 2171
1483180 2173
1483190 2175
1483200 2175
1483210 2176
1483220 2178
1483230 2178
1483240 2181
1483250 2184
1483260 2184
1483270 2186
1483280 2186
1483290 2186
1483300 2183
1483310 2181
1483320 2183
1483330 2183
1483340 2184
1483350 2184
1483360 2184
1483370 2185
1483380 2186
1483390 2186
1483400 2186
1483410 2190
1483420 2190
1483430 2192
1483440 2194
1483450 2194
1483460 2197
1483470 2200
1483480 2200
1483490 2203
1483500 2205
1483510 2203
1483520 2203
1483530 2204
1483540 2207
1483550 2207
1483560 2207
1483570 2211
1483580 2211
1483590 2214
1483600 2216
1483610 2216
1483620 2218
1483630 2220
1483640 2220
1483650 2223
1483660 2226
1483670 2226
1483680 2228
1483690 2230
1483700 2230
1483710 2233
1483720 2237
1483730 2239
1483740 2239
1483750 2242
1483760 2244
1483770 2244
1483780 2247
1483790 2249
1483800 2249
1483810 2251
1483820 2253
1483830 2253
1483840 2254
1483850 2256
1483860 2256
1483870 2258
1483880 2262
1483890 2262
1483900 2265
1483910 2270
1483920 2272
1483930 2272
1483940 2275
1483950 2279
1483960 2279
1483970 2283
1483980 2287
1483990 2287
1484000 2293
1484010 2299
1484020 2299
1484030 2305
1484040 2312
1484050 2312
1484060 2319
1484070 2327
1484080 2327
1484090 2334
1484100 2343
1484110 2343
1484120 2353
1484130 2360
1484140 2368
1484150 2368
1484160 2375
1484170 2382
1484180 2382
1484190 2389
1484200 2395
1484210 2395
1484220 2402
1484230 2408
1484240 2408
1484250 2414
1484260 2419
1484270 2419
1484280 2424
1484290 2429
1484300 2429
1484310 2429
1484320 2428
1484330 2427
1484340 2427
1484350 2425
1484360 2423
1484370 2423
1484380 2419
1484390 2415
1484400 2415
1484410 2410
1484420 2403
1484430 2403
1484440 2395
1484450 2386
1484460 2386
1484470 2376
1484480 2367
1484490 2367
1484500 2357
1484510 2347
1484520 2338
1484530 2338
1484540 2331
1484550 2325
1484560 2325
1484570 2318
1484580 2311
1484590 2311
1484600 2305
1484610 2299
1484620 2299
1484630 2292
1484640 2286
1484650 2286
1484660 2282
1484670 2279
1484680 2279
1484690 2276
1484700 2275
1484710 2275
1484720 2272
1484730 2269
1484740 2266
1484750 2266
1484760 2263
1484770 2260
1484780 2260
1484790 2256
1484800 2253
1484810 2253
1484820 2251
1484830 2250
1484840 2250
1484850 2250
1484860 2248
1484870 2248
1484880 2245
1484890 2239
1484900 2239
1484910 2233
1484920 2227
1484930 2222
1484940 2222
1484950 2219
1484960 2219
1484970 2219
1484980 2218
1484990 2217
1485000 2217
1485010 2214
1485020 2212
1485030 2212
1485040 2211
1485050 2211
1485060 2211
1485070 2208
1485080 2206
1485090 2206
1485100 2204
1485110 2201
1485120 2201
1485130 2199
1485140 2196
1485150 2194
1485160 2194
1485170 2192
1485180 2191
1485190 2191
1485200 2190
1485210 2190
1485220 2190
1485230 2188
1485240 2188
1485250 2188
1485260 2189
1485270 2189
1485280 2189
1485290 2187
1485300 2185
1485310 2185
1485320 2183
1485330 2182
1485340 2181
1485350 2181
1485360 2181
1485370 2182
1485380 2182
1485390 2183
1485400 2184
1485410 2184
1485420 2186
1485430 2188
1485440 2188
1485450 2191
1485460 2194
1485470 2194
1485480 2194
1485490 2194
1485500 2194
1485510 2194
1485520 2193
1485530 2193
1485540 2192
1485550 2192
1485560 2192
1485570 2192
1485580 2192
1485590 2192
1485600 2192
1485610 2192
1485620 2192
1485630 2192
1485640 2193
1485650 2192
1485660 2192
1485670 2191
1485680 2190
1485690 2190
1485700 2190
1485710 2191
1485720 2191
1485730 2192
1485740 2193
1485750 2194
1485760 2194
1485770 2195
1485780 2196
1485790 2196
1485800 2196
1485810 2196
1485820 2196
1485830 2196
1485840 2195
1485850 2195
1485860 2194
1485870 2194
1485880 2194
1485890 2194
1485900 2195
1485910 2195
1485920 2198
1485930 2203
1485940 2208
1485950 2208
1485960 2214
1485970 2219
1485980 2219
1485990 2227
1486000 2240
1486010 2240
1486020 2245
1486030 2252
1486040 2252
1486050 2253
1486060 2245
1486070 2245
1486080 2239
1486090 2233
1486100 2233
1486110 2228
1486120 2226
1486130 2226
1486140 2222
1486150 2220
1486160 2219
1486170 2219
1486180 2218
1486190 2217
1486200 2217
1486210 2215
1486220 2214
1486230 2214
1486240 2214
1486250 2212
1486260 2212
1486270 2206
1486280 2204
1486290 2204
1486300 2202
1486310 2195
1486320 2195
1486330 2192
1486340 2192
1486350 2193
1486360 2193
1486370 2194
1486380 2194
1486390 2194
1486400 2192
1486410 2192
1486420 2192
1486430 2193
1486440 2194
1486450 2194
1486460 2195
1486470 2195
1486480 2195
1486490 2195
1486500 2193
1486510 2193
1486520 2191
1486530 2188
1486540 2188
1486550 2184
1486560 2179
1486570 2173
1486580 2173
1486590 2167
1486600 2162
1486610 2162
1486620 2157
1486630 2152
1486640 2152
1486650 2147
1486660 2143
1486670 2143
1486680 2138
1486690 2135
1486700 2135
1486710 2132
1486720 2128
1486730 2128
1486740 2124
1486750 2123
1486760 2122
1486770 2122
1486780 2120
1486790 2119
1486800 2119
1486810 2118
1486820 2118
1486830 2118
1486840 2116
1486850 2115
1486860 2115
1486870 2116
1486880 2117
1486890 2117
1486900 2118
1486910 2119
1486920 2119
1486930 2120
1486940 2120
1486950 2120
1486960 2118
1486970 2116
1486980 2114
1486990 2114
1487000 2113
1487010 2114
1487020 2114
1487030 2116
1487040 2120
1487050 2120
1487060 2124
1487070 2129
1487080 2129
1487090 2133
1487100 2137
1487110 2137
1487120 2147
1487130 2158
1487140 2158
1487150 2168
1487160 2177
1487170 2179
1487180 2179
1487190 2176
1487200 2170
1487210 2170
1487220 2158
1487230 2147
1487240 2147
1487250 2138
1487260 2128
1487270 2128
1487280 2120
1487290 2112
1487300 2112
1487310 2104
1487320 2096
1487330 2096
1487340 2093
1487350 2092
1487360 2090
1487370 2090
1487380 2087
1487390 2079
1487400 2079
1487410 2070
1487420 2068
1487430 2068
1487440 2063
1487450 2054
1487460 2054
1487470 2043
1487480 2033
1487490 2033
1487500 2020
1487510 2006
1487520 2006
1487530 1996
1487540 1992
1487550 1992
1487560 1990
1487570 1990
1487580 1995
1487590 1995
1487600 2005
1487610 2014
1487620 2014
1487630 2017
1487640 2017
1487650 2017
1487660 2018
1487670 2020
1487680 2020
1487690 2025
1487700 2032
1487710 2032
1487720 2038
1487730 2047
1487740 2047
1487750 2051
1487760 2052
1487770 2054
1487780 2054
1487790 2059
1487800 2066
1487810 2066
1487820 2071
1487830 2064
1487840 2064
1487850 2047
1487860 2036
1487870 2036
1487880 2027
1487890 2018
1487900 2018
1487910 2009
1487920 2003
1487930 2003
1487940 2004
1487950 2006
1487960 2006
1487970 2009
1487980 2014
1487990 2019
1488000 2019
1488010 2023
1488020 2022
1488030 2022
1488040 2024
1488050 2029
1488060 2029
1488070 2033
1488080 2036
1488090 2036
1488100 2036
1488110 2025
1488120 2025
1488130 2016
1488140 2007
1488150 2007
1488160 1998
1488170 1991
1488180 1982
1488190 1982
1488200 1966
1488210 1953
1488220 1953
1488230 1942
1488240 1929
1488250 1929
1488260 1922
1488270 1924
1488280 1924
1488290 1923
1488300 1916
1488310 1916
1488320 1907
1488330 1893
1488340 1893
1488350 1876
1488360 1866
1488370 1866
1488380 1860
1488390 1853
1488400 1848
1488410 1848
1488420 1849
1488430 1855
1488440 1855
1488450 1861
1488460 1865
1488470 1865
1488480 1869
1488490 1874
1488500 1874
1488510 1882
1488520 1889
1488530 1889
1488540 1896
1488550 1904
1488560 1904
1488570 1906
1488580 1899
1488590 1887
1488600 1887
1488610 1871
1488620 1851
1488630 1851
1488640 1854
1488650 1860
1488660 1860
1488670 1866
1488680 1871
1488690 1871
1488700 1878
1488710 1884
1488720 1884
1488730 1890
1488740 1897
1488750 1897
1488760 1909
1488770 1919
1488780 1927
1488790 1927
1488800 1932
1488810 1940
1488820 1940
1488830 1947
1488840 1948
1488850 1948
1488860 1946
1488870 1938
1488880 1938
1488890 1928
1488900 1916
1488910 1916
1488920 1904
1488930 1889
1488940 1889
1488950 1879
1488960 1870
1488970 1870
1488980 1861
1488990 1852
1489000 1843
1489010 1843
1489020 1833
1489030 1825
1489040 1825
1489050 1815
1489060 1806
1489070 1806
1489080 1798
1489090 1789
1489100 1789
1489110 1783
1489120 1779
1489130 1779
1489140 1779
1489150 1780
1489160 1780
1489170 1781
1489180 1781
1489190 1779
1489200 1779
1489210 1774
1489220 1771
1489230 1771
1489240 1768
1489250 1759
1489260 1759
1489270 1745
1489280 1737
1489290 1737
1489300 1734
1489310 1733
1489320 1733
1489330 1735
1489340 1741
1489350 1741
1489360 1747
1489370 1752
1489380 1752
1489390 1760
1489400 1768
1489410 1776
1489420 1776
1489430 1784
1489440 1792
1489450 1792
1489460 1801
1489470 1810
1489480 1810
1489490 1818
1489500 1827
1489510 1827
1489520 1836
1489530 1844
1489540 1844
1489550 1850
1489560 1857
1489570 1857
1489580 1863
1489590 1870
1489600 1878
1489610 1878
1489620 1885
1489630 1893
1489640 1893
1489650 1899
1489660 1900
1489670 1900
1489680 1897
1489690 1892
1489700 1892
1489710 1890
1489720 1888
1489730 1888
1489740 1884
1489750 1876
1489760 1876
1489770 1867
1489780 1858
1489790 1858
1489800 1849
1489810 1839
1489820 1830
1489830 1830
1489840 1822
1489850 1813
1489860 1813
1489870 1804
1489880 1796
1489890 1796
1489900 1792
1489910 1788
1489920 1788
1489930 1782
1489940 1774
1489950 1774
1489960 1784
1489970 1797
1489980 1797
1489990 1803
1490000 1810
1490010 1817
1490020 1817
1490030 1824
1490040 1830
1490050 1830
1490060 1832
1490070 1831
1490080 1831
1490090 1833
1490100 1836
1490110 1836
1490120 1842
1490130 1850
1490140 1850
1490150 1857
1490160 1865
1490170 1865
1490180 1876
1490190 1880
1490200 1880
1490210 1880
1490220 1884
1490230 1890
1490240 1890
1490250 1893
1490260 1889
1490270 1889
1490280 1882
1490290 1872
1490300 1872
1490310 1863
1490320 1853
1490330 1853
1490340 1844
1490350 1838
1490360 1838
1490370 1833
1490380 1827
1490390 1827
1490400 1821
1490410 1820
1490420 1823
1490430 1823
1490440 1827
1490450 1832
1490460 1832
1490470 1837
1490480 1842
1490490 1842
1490500 1846
1490510 1851
1490520 1851
1490530 1855
1490540 1858
1490550 1858
1490560 1861
1490570 1867
1490580 1867
1490590 1873
1490600 1879
1490610 1884
1490620 1884
1490630 1887
1490640 1887
1490650 1887
1490660 1893
1490670 1897
1490680 1897
1490690 1899
1490700 1899
1490710 1899
1490720 1891
1490730 1883
1490740 1883
1490750 1882
1490760 1893
1490770 1893
1490780 1900
1490790 1900
1490800 1900
1490810 1902
1490820 1907
1490830 1914
1490840 1914
1490850 1924
1490860 1936
1490870 1936
1490880 1946
1490890 1955
1490900 1955
1490910 1967
1490920 1979
1490930 1979
1490940 1984
1490950 1988
1490960 1988
1490970 1993
1490980 1997
1490990 1997
1491000 1996
1491010 1993
1491020 1992
1491030 1992
1491040 1988
1491050 1976
1491060 1976
1491070 1965
1491080 1959
1491090 1959
1491100 1960
1491110 1962
1491120 1962
1491130 1962
1491140 1953
1491150 1953
1491160 1946
1491170 1945
1491180 1945
1491190 1948
1491200 1954
1491210 1954
1491220 1963
1491230 1969
1491240 1972
1491250 1972
1491260 1974
1491270 1977
1491280 1977
1491290 1977
1491300 1976
1491310 1976
1491320 1972
1491330 1967
1491340 1967
1491350 1961
1491360 1955
1491370 1955
1491380 1951
1491390 1943
1491400 1943
1491410 1932
1491420 1924
1491430 1917
1491440 1917
1491450 1913
1491460 1915
1491470 1915
1491480 1931
1491490 1939
1491500 1939
1491510 1930
1491520 1916
1491530 1916
1491540 1904
1491550 1894
1491560 1894
1491570 1884
1491580 1874
1491590 1874
1491600 1869
1491610 1868
1491620 1866
1491630 1866
1491640 1864
1491650 1865
1491660 1865
1491670 1863
1491680 1858
1491690 1858
1491700 1848
1491710 1843
1491720 1843
1491730 1849
1491740 1854
1491750 1854
1491760 1861
1491770 1867
1491780 1867
1491790 1872
1491800 1873
1491810 1873
1491820 1875
1491830 1879
1491840 1883
1491850 1883
1491860 1888
1491870 1894
1491880 1894
1491890 1902
1491900 1908
1491910 1908
1491920 1913
1491930 1914
1491940 1914
1491950 1915
1491960 1912
1491970 1912
1491980 1907
1491990 1900
1492000 1900
1492010 1893
1492020 1888
1492030 1884
1492040 1884
1492050 1879
1492060 1875
1492070 1875
1492080 1887
1492090 1904
1492100 1904
1492110 1910
1492120 1915
1492130 1915
1492140 1918
1492150 1919
1492160 1919
1492170 1919
1492180 1916
1492190 1916
1492200 1913
1492210 1908
1492220 1908
1492230 1913
1492240 1921
1492250 1930
1492260 1930
1492270 1941
1492280 1948
1492290 1948
1492300 1950
1492310 1952
1492320 1952
1492330 1953
1492340 1951
1492350 1951
1492360 1947
1492370 1944
1492380 1944
1492390 1939
1492400 1931
1492410 1931
1492420 1927
1492430 1924
1492440 1921
1492450 1921
1492460 1915
1492470 1907
1492480 1907
1492490 1900
1492500 1892
1492510 1892
1492520 1890
1492530 1894
1492540 1894
1492550 1894
1492560 1891
1492570 1891
1492580 1895
1492590 1902
1492600 1902
1492610 1908
1492620 1913
1492630 1913
1492640 1920
1492650 1924
1492660 1926
1492670 1926
1492680 1925
1492690 1924
1492700 1924
1492710 1925
1492720 1928
1492730 1928
1492740 1933
1492750 1940
1492760 1940
1492770 1947
1492780 1954
1492790 1954
1492800 1957
1492810 1960
1492820 1960
1492830 1966
1492840 1970
1492850 1971
1492860 1971
1492870 1973
1492880 1975
1492890 1975
1492900 1979
1492910 1984
1492920 1984
1492930 1987
1492940 1987
1492950 1987
1492960 1988
1492970 1988
1492980 1988
1492990 1989
1493000 1991
1493010 1991
1493020 1992
1493030 1993
1493040 1992
1493050 1992
1493060 1992
1493070 1990
1493080 1990
1493090 1987
1493100 1981
1493110 1981
1493120 1971
1493130 1967
1493140 1967
1493150 1967
1493160 1965
1493170 1965
1493180 1962
1493190 1954
1493200 1954
1493210 1948
1493220 1944
1493230 1944
1493240 1938
1493250 1931
1493260 1923
1493270 1923
1493280 1916
1493290 1911
1493300 1911
1493310 1905
1493320 1900
1493330 1900
1493340 1896
1493350 1895
1493360 1895
1493370 1894
1493380 1891
1493390 1891
1493400 1888
1493410 1883
1493420 1883
1493430 1878
1493440 1874
1493450 1870
1493460 1870
1493470 1870
1493480 1877
1493490 1877
1493500 1884
1493510 1887
1493520 1887
1493530 1889
1493540 1891
1493550 1891
1493560 1892
1493570 1892
1493580 1892
1493590 1892
1493600 1891
1493610 1891
1493620 1890
1493630 1889
1493640 1889
1493650 1889
1493660 1887
1493670 1886
1493680 1886
1493690 1888
1493700 1888
1493710 1888
1493720 1888
1493730 1885
1493740 1885
1493750 1886
1493760 1887
1493770 1887
1493780 1889
1493790 1891
1493800 1891
1493810 1893
1493820 1894
1493830 1894
1493840 1895
1493850 1897
1493860 1899
1493870 1899
1493880 1901
1493890 1903
1493900 1903
1493910 1904
1493920 1904
1493930 1904
1493940 1904
1493950 1905
1493960 1905
1493970 1908
1493980 1909
1493990 1909
1494000 1913
1494010 1919
1494020 1919
1494030 1922
1494040 1922
1494050 1922
1494060 1923
1494070 1923
1494080 1924
1494090 1924
1494100 1927
1494110 1929
1494120 1929
1494130 1930
1494140 1931
1494150 1931
1494160 1931
1494170 1930
1494180 1930
1494190 1929
1494200 1928
1494210 1928
1494220 1927
1494230 1926
1494240 1926
1494250 1926
1494260 1926
1494270 1927
1494280 1927
1494290 1929
1494300 1930
1494310 1930
1494320 1929
1494330 1929
1494340 1929
1494350 1929
1494360 1929
1494370 1929
1494380 1928
1494390 1929
1494400 1929
1494410 1930
1494420 1932
1494430 1932
1494440 1935
1494450 1936
1494460 1936
1494470 1935
1494480 1935
1494490 1935
1494500 1935
1494510 1937
1494520 1938
1494530 1938
1494540 1939
1494550 1942
1494560 1942
1494570 1946
1494580 1950
1494590 1950
1494600 1954
1494610 1958
1494620 1958
1494630 1961
1494640 1966
1494650 1966
1494660 1968
1494670 1971
1494680 1974
1494690 1974
1494700 1976
1494710 1977
1494720 1977
1494730 1978
1494740 1980
1494750 1980
1494760 1981
1494770 1982
1494780 1982
1494790 1981
1494800 1981
1494810 1981
1494820 1980
1494830 1978
1494840 1978
1494850 1977
1494860 1977
1494870 1976
1494880 1976
1494890 1974
1494900 1973
1494910 1973
1494920 1972
1494930 1971
1494940 1971
1494950 1970
1494960 1969
1494970 1969
1494980 1967
1494990 1963
1495000 1963
1495010 1960
1495020 1956
1495030 1956
1495040 1954
1495050 1952
1495060 1952
1495070 1951
1495080 1952
1495090 1954
1495100 1954
1495110 1955
1495120 1954
1495130 1954
1495140 1950
1495150 1944
1495160 1944
1495170 1940
1495180 1936
1495190 1936
1495200 1931
1495210 1927
1495220 1927
1495230 1922
1495240 1915
1495250 1915
1495260 1911
1495270 1906
1495280 1901
1495290 1901
1495300 1895
1495310 1888
1495320 1888
1495330 1883
1495340 1878
1495350 1878
1495360 1873
1495370 1868
1495380 1868
1495390 1865
1495400 1862
1495410 1862
1495420 1859
1495430 1857
1495440 1857
1495450 1854
1495460 1849
1495470 1849
1495480 1845
1495490 1841
1495500 1833
1495510 1833
1495520 1825
1495530 1817
1495540 1817
1495550 1813
1495560 1810
1495570 1810
1495580 1806
1495590 1802
1495600 1802
1495610 1790
1495620 1781
1495630 1781
1495640 1772
1495650 1764
1495660 1764
1495670 1756
1495680 1750
1495690 1745
1495700 1745
1495710 1742
1495720 1742
1495730 1742
1495740 1742
1495750 1742
1495760 1742
1495770 1741
1495780 1739
1495790 1739
1495800 1735
1495810 1728
1495820 1728
1495830 1720
1495840 1713
1495850 1713
1495860 1705
1495870 1697
1495880 1697
1495890 1686
1495900 1678
1495910 1671
1495920 1671
1495930 1664
1495940 1658
1495950 1658
1495960 1652
1495970 1645
1495980 1645
1495990 1637
1496000 1630
1496010 1630
1496020 1621
1496030 1614
1496040 1614
1496050 1606
1496060 1599
1496070 1599
1496080 1592
1496090 1583
1496100 1570
1496110 1570
1496120 1560
1496130 1546
1496140 1546
1496150 1534
1496160 1526
1496170 1526
1496180 1520
1496190 1514
1496200 1514
1496210 1507
1496220 1498
1496230 1498
1496240 1492
1496250 1483
1496260 1483
1496270 1471
1496280 1460
1496290 1449
1496300 1449
1496310 1437
1496320 1429
1496330 1429
1496340 1421
1496350 1414
1496360 1414
1496370 1409
1496380 1402
1496390 1402
1496400 1396
1496410 1391
1496420 1391
1496430 1385
1496440 1379
1496450 1379
1496460 1371
1496470 1363
1496480 1363
1496490 1355
1496500 1349
1496510 1343
1496520 1343
1496530 1336
1496540 1328
1496550 1328
1496560 1321
1496570 1313
1496580 1313
1496590 1308
1496600 1304
1496610 1304
1496620 1301
1496630 1296
1496640 1296
1496650 1291
1496660 1285
1496670 1285
1496680 1279
1496690 1273
1496700 1268
1496710 1268
1496720 1262
1496730 1256
1496740 1256
1496750 1250
1496760 1243
1496770 1243
1496780 1235
1496790 1225
1496800 1225
1496810 1216
1496820 1210
1496830 1210
1496840 1203
1496850 1196
1496860 1196
1496870 1190
1496880 1184
1496890 1184
1496900 1178
1496910 1173
1496920 1160
1496930 1160
1496940 1116
1496950 1099
1496960 1099
1496970 1091
1496980 1088
1496990 1088
1497000 1087
1497010 1078
1497020 1078
1497030 1062
1497040 1050
1497050 1050
1497060 1043
1497070 1040
1497080 1040
1497090 1034
1497100 1024
1497110 1010
1497120 1010
1497130 999
1497140 994
1497150 994
1497160 989
1497170 988
1497180 988
1497190 984
1497200 978
1497210 978
1497220 971
1497230 965
1497240 965
1497250 960
1497260 957
1497270 957
1497280 955
1497290 953
1497300 953
1497310 951
1497320 949
1497330 947
1497340 947
1497350 944
1497360 940
1497370 940
1497380 937
1497390 934
1497400 934
1497410 930
1497420 926
1497430 926
1497440 922
1497450 920
1497460 920
1497470 918
1497480 915
1497490 915
1497500 911
1497510 908
1497520 904
1497530 904
1497540 899
1497550 895
1497560 895
1497570 893
1497580 890
1497590 890
1497600 887
1497610 883
1497620 883
1497630 879
1497640 873
1497650 873
1497660 868
1497670 859
1497680 859
1497690 855
1497700 854
1497710 854
1497720 854
1497730 855
1497740 855
1497750 855
1497760 855
1497770 855
1497780 855
1497790 855
1497800 855
1497810 855
1497820 856
1497830 860
1497840 860
1497850 862
1497860 864
1497870 864
1497880 866
1497890 868
1497900 868
1497910 870
1497920 871
1497930 873
1497940 873
1497950 874
1497960 874
1497970 874
1497980 876
1497990 878
1498000 878
1498010 879
1498020 880
1498030 880
1498040 880
1498050 882
1498060 882
1498070 882
1498080 882
1498090 882
1498100 882
1498110 882
1498120 882
1498130 882
1498140 883
1498150 885
1498160 885
1498170 886
1498180 886
1498190 886
1498200 886
1498210 885
1498220 885
1498230 885
1498240 887
1498250 887
1498260 887
1498270 885
1498280 885
1498290 884
1498300 886
1498310 886
1498320 892
1498330 899
1498340 906
1498350 906
1498360 912
1498370 919
1498380 919
1498390 925
1498400 932
1498410 932
1498420 938
1498430 947
1498440 947
1498450 954
1498460 960
1498470 960
1498480 968
1498490 980
1498500 980
1498510 998
1498520 1011
1498530 1017
1498540 1017
1498550 1031
1498560 1042
1498570 1042
1498580 1058
1498590 1085
1498600 1085
1498610 1105
1498620 1116
1498630 1116
1498640 1126
1498650 1143
1498660 1143
1498670 1158
1498680 1174
1498690 1174
1498700 1192
1498710 1206
1498720 1206
1498730 1215
1498740 1223
1498750 1232
1498760 1232
1498770 1240
1498780 1247
1498790 1247
1498800 1253
1498810 1259
1498820 1259
1498830 1265
1498840 1272
1498850 1272
1498860 1280
1498870 1289
1498880 1289
1498890 1295
1498900 1301
1498910 1301
1498920 1307
1498930 1312
1498940 1317
1498950 1317
1498960 1321
1498970 1326
1498980 1326
1498990 1330
1499000 1337
1499010 1337
1499020 1344
1499030 1350
1499040 1350
1499050 1357
1499060 1362
1499070 1362
1499080 1365
1499090 1364
1499100 1364
1499110 1362
1499120 1364
1499130 1364
1499140 1377
1499150 1385
1499160 1390
1499170 1390
1499180 1394
1499190 1397
1499200 1397
1499210 1400
1499220 1405
1499230 1405
1499240 1409
1499250 1413
1499260 1413
1499270 1419
1499280 1425
1499290 1425
1499300 1432
1499310 1443
1499320 1443
1499330 1454
1499340 1463
1499350 1467
1499360 1467
1499370 1472
1499380 1479
1499390 1479
1499400 1486
1499410 1495
1499420 1495
1499430 1503
1499440 1506
1499450 1506
1499460 1510
1499470 1515
1499480 1515
1499490 1520
1499500 1527
1499510 1527
1499520 1532
1499530 1541
1499540 1554
1499550 1554
1499560 1561
1499570 1568
1499580 1568
1499590 1572
1499600 1576
1499610 1576
1499620 1580
1499630 1584
1499640 1584
1499650 1590
1499660 1597
1499670 1597
1499680 1609
1499690 1623
1499700 1623
1499710 1637
1499720 1649
1499730 1649
1499740 1652
1499750 1658
1499760 1666
1499770 1666
1499780 1672
1499790 1679
1499800 1679
1499810 1681
1499820 1682
1499830 1682
1499840 1683
1499850 1683
1499860 1683
1499870 1684
1499880 1685
1499890 1685
1499900 1684
1499910 1680
1499920 1680
1499930 1678
1499940 1676
1499950 1671
1499960 1671
1499970 1665
1499980 1660
1499990 1660
