1480000 2881
1480010 2881
1480020 2881
1480030 2885
1480040 2891
1480050 2891
1480060 2899
1480070 2908
1480080 2908
1480090 2914
1480100 2916
1480110 2916
1480120 2922
1480130 2929
1480140 2929
1480150 2936
1480160 2944
1480170 2944
1480180 2949
1480190 2944
1480200 2944
1480210 2937
1480220 2942
1480230 2942
1480240 2944
1480250 2943
1480260 2937
1480270 2937
1480280 2935
1480290 2928
1480300 2928
1480310 2920
1480320 2920
1480330 2920
1480340 2904
1480350 2887
1480360 2887
1480370 2882
1480380 2878
1480390 2878
1480400 2874
1480410 2871
1480420 2871
1480430 2869
1480440 2868
1480450 2868
1480460 2868
1480470 2866
1480480 2865
1480490 2865
1480500 2865
1480510 2863
1480520 2863
1480530 2864
1480540 2864
1480550 2864
1480560 2863
1480570 2861
1480580 2861
1480590 2862
1480600 2865
1480610 2865
1480620 2866
1480630 2866
1480640 2866
1480650 2864
1480660 2862
1480670 2860
1480680 2860
1480690 2859
1480700 2857
1480710 2857
1480720 2854
1480730 2851
1480740 2851
1480750 2848
1480760 2846
1480770 2846
1480780 2845
1480790 2843
1480800 2843
1480810 2840
1480820 2840
1480830 2840
1480840 2840
1480850 2838
1480860 2837
1480870 2837
1480880 2837
1480890 2833
1480900 2833
1480910 2830
1480920 2825
1480930 2825
1480940 2821
1480950 2817
1480960 2817
1480970 2811
1480980 2805
1480990 2805
1481000 2800
1481010 2796
1481020 2796
1481030 2793
1481040 2790
1481050 2790
1481060 2786
1481070 2782
1481080 2776
1481090 2776
1481100 2772
1481110 2768
1481120 2768
1481130 2762
1481140 2757
1481150 2757
1481160 2752
1481170 2746
1481180 2746
1481190 2741
1481200 2735
1481210 2735
1481220 2729
1481230 2723
1481240 2723
1481250 2721
1481260 2718
1481270 2715
1481280 2715
1481290 2713
1481300 2714
1481310 2714
1481320 2717
1481330 2719
1481340 2719
1481350 2721
1481360 2721
1481370 2721
1481380 2719
1481390 2719
1481400 2719
1481410 2716
1481420 2715
1481430 2715
1481440 2715
1481450 2716
1481460 2715
1481470 2715
1481480 2711
1481490 2708
1481500 2708
1481510 2705
1481520 2702
1481530 2702
1481540 2698
1481550 2694
1481560 2694
1481570 2688
1481580 2684
1481590 2684
1481600 2680
1481610 2679
1481620 2679
1481630 2679
1481640 2676
1481650 2676
1481660 2670
1481670 2667
1481680 2666
1481690 2666
1481700 2665
1481710 2664
1481720 2664
1481730 2658
1481740 2653
1481750 2653
1481760 2646
1481770 2640
1481780 2640
1481790 2634
1481800 2629
1481810 2629
1481820 2625
1481830 2623
1481840 2623
1481850 2620
1481860 2617
1481870 2614
1481880 2614
1481890 2611
1481900 2609
1481910 2609
1481920 2608
1481930 2607
1481940 2607
1481950 2605
1481960 2604
1481970 2604
1481980 2603
1481990 2601
1482000 2601
1482010 2594
1482020 2585
1482030 2585
1482040 2585
1482050 2583
1482060 2583
1482070 2579
1482080 2576
1482090 2573
1482100 2573
1482110 2571
1482120 2571
1482130 2571
1482140 2569
1482150 2567
1482160 2567
1482170 2565
1482180 2565
1482190 2565
1482200 2567
1482210 2566
1482220 2566
1482230 2563
1482240 2559
1482250 2559
1482260 2554
1482270 2551
1482280 2548
1482290 2548
1482300 2548
1482310 2549
1482320 2549
1482330 2545
1482340 2540
1482350 2540
1482360 2536
1482370 2533
1482380 2533
1482390 2532
1482400 2532
1482410 2532
1482420 2531
1482430 2530
1482440 2530
1482450 2527
1482460 2525
1482470 2525
1482480 2523
1482490 2523
1482500 2522
1482510 2522
1482520 2516
1482530 2512
1482540 2512
1482550 2510
1482560 2504
1482570 2504
1482580 2499
1482590 2497
1482600 2497
1482610 2495
1482620 2495
1482630 2495
1482640 2496
1482650 2496
1482660 2496
1482670 2494
1482680 2494
1482690 2494
1482700 2494
1482710 2493
1482720 2493
1482730 2493
1482740 2493
1482750 2492
1482760 2492
1482770 2491
1482780 2490
1482790 2490
1482800 2490
1482810 2488
1482820 2488
1482830 2488
1482840 2488
1482850 2488
1482860 2488
1482870 2487
1482880 2487
1482890 2485
1482900 2483
1482910 2482
1482920 2482
1482930 2482
1482940 2480
1482950 2480
1482960 2478
1482970 2479
1482980 2479
1482990 2480
1483000 2479
1483010 2479
1483020 2479
1483030 2480
1483040 2480
1483050 2481
1483060 2481
1483070 2481
1483080 2482
1483090 2484
1483100 2484
1483110 2484
1483120 2483
1483130 2479
1483140 2479
1483150 2482
1483160 2486
1483170 2486
1483180 2489
1483190 2487
1483200 2487
1483210 2485
1483220 2489
1483230 2489
1483240 2493
1483250 2493
1483260 2493
1483270 2493
1483280 2496
1483290 2496
1483300 2497
1483310 2499
1483320 2501
1483330 2501
1483340 2500
1483350 2500
1483360 2500
1483370 2500
1483380 2500
1483390 2500
1483400 2501
1483410 2502
1483420 2502
1483430 2501
1483440 2500
1483450 2500
1483460 2501
1483470 2502
1483480 2502
1483490 2505
1483500 2507
1483510 2510
1483520 2510
1483530 2512
1483540 2516
1483550 2516
1483560 2518
1483570 2520
1483580 2520
1483590 2524
1483600 2527
1483610 2527
1483620 2528
1483630 2529
1483640 2529
1483650 2531
1483660 2534
1483670 2534
1483680 2536
1483690 2539
1483700 2539
1483710 2541
1483720 2540
1483730 2539
1483740 2539
1483750 2535
1483760 2530
1483770 2530
1483780 2526
1483790 2524
1483800 2524
1483810 2523
1483820 2521
1483830 2521
1483840 2521
1483850 2521
1483860 2521
1483870 2521
1483880 2522
1483890 2522
1483900 2522
1483910 2523
1483920 2525
1483930 2525
1483940 2529
1483950 2534
1483960 2534
1483970 2540
1483980 2546
1483990 2546
1484000 2550
1484010 2553
1484020 2553
1484030 2558
1484040 2564
1484050 2564
1484060 2572
1484070 2579
1484080 2579
1484090 2584
1484100 2605
1484110 2629
1484120 2629
1484130 2645
1484140 2654
1484150 2654
1484160 2661
1484170 2667
1484180 2667
1484190 2673
1484200 2679
1484210 2679
1484220 2686
1484230 2691
1484240 2691
1484250 2696
1484260 2699
1484270 2699
1484280 2687
1484290 2662
1484300 2662
1484310 2653
1484320 2648
1484330 2642
1484340 2642
1484350 2636
1484360 2633
1484370 2633
1484380 2626
1484390 2619
1484400 2619
1484410 2616
1484420 2613
1484430 2613
1484440 2609
1484450 2603
1484460 2603
1484470 2599
1484480 2597
1484490 2597
1484500 2596
1484510 2594
1484520 2592
1484530 2592
1484540 2589
1484550 2585
1484560 2585
1484570 2582
1484580 2580
1484590 2580
1484600 2577
1484610 2576
1484620 2576
1484630 2576
1484640 2574
1484650 2574
1484660 2575
1484670 2575
1484680 2575
1484690 2575
1484700 2575
1484710 2575
1484720 2574
1484730 2571
1484740 2569
1484750 2569
1484760 2567
1484770 2566
1484780 2566
1484790 2563
1484800 2562
1484810 2562
1484820 2562
1484830 2562
1484840 2562
1484850 2560
1484860 2558
1484870 2558
1484880 2558
1484890 2558
1484900 2558
1484910 2557
1484920 2555
1484930 2553
1484940 2553
1484950 2553
1484960 2553
1484970 2553
1484980 2551
1484990 2550
1485000 2550
1485010 2549
1485020 2548
1485030 2548
1485040 2547
1485050 2546
1485060 2546
1485070 2544
1485080 2542
1485090 2542
1485100 2540
1485110 2539
1485120 2539
1485130 2537
1485140 2535
1485150 2533
1485160 2533
1485170 2534
1485180 2535
1485190 2535
1485200 2535
1485210 2535
1485220 2535
1485230 2533
1485240 2530
1485250 2530
1485260 2529
1485270 2528
1485280 2528
1485290 2527
1485300 2527
1485310 2527
1485320 2526
1485330 2525
1485340 2525
1485350 2525
1485360 2522
1485370 2516
1485380 2516
1485390 2510
1485400 2508
1485410 2508
1485420 2507
1485430 2508
1485440 2508
1485450 2508
1485460 2508
1485470 2508
1485480 2507
1485490 2508
1485500 2508
1485510 2508
1485520 2509
1485530 2509
1485540 2509
1485550 2510
1485560 2512
1485570 2512
1485580 2515
1485590 2519
1485600 2519
1485610 2523
1485620 2527
1485630 2527
1485640 2531
1485650 2532
1485660 2532
1485670 2534
1485680 2536
1485690 2536
1485700 2538
1485710 2539
1485720 2539
1485730 2540
1485740 2541
1485750 2542
1485760 2542
1485770 2543
1485780 2545
1485790 2545
1485800 2546
1485810 2548
1485820 2548
1485830 2548
1485840 2547
1485850 2547
1485860 2544
1485870 2542
1485880 2542
1485890 2539
1485900 2534
1485910 2534
1485920 2530
1485930 2524
1485940 2524
1485950 2522
1485960 2520
1485970 2517
1485980 2517
1485990 2518
1486000 2518
1486010 2518
1486020 2519
1486030 2522
1486040 2522
1486050 2524
1486060 2527
1486070 2527
1486080 2529
1486090 2531
1486100 2531
1486110 2539
1486120 2544
1486130 2544
1486140 2548
1486150 2551
1486160 2554
1486170 2554
1486180 2557
1486190 2561
1486200 2561
1486210 2566
1486220 2574
1486230 2574
1486240 2582
1486250 2592
1486260 2592
1486270 2602
1486280 2614
1486290 2614
1486300 2625
1486310 2621
1486320 2621
1486330 2596
1486340 2574
1486350 2574
1486360 2572
1486370 2578
1486380 2574
1486390 2574
1486400 2558
1486410 2556
1486420 2556
1486430 2550
1486440 2537
1486450 2537
1486460 2531
1486470 2517
1486480 2517
1486490 2515
1486500 2515
1486510 2515
1486520 2513
1486530 2511
1486540 2511
1486550 2507
1486560 2505
1486570 2504
1486580 2504
1486590 2503
1486600 2502
1486610 2502
1486620 2502
1486630 2502
1486640 2502
1486650 2504
1486660 2506
1486670 2506
1486680 2510
1486690 2515
1486700 2515
1486710 2520
1486720 2524
1486730 2524
1486740 2528
1486750 2532
1486760 2535
1486770 2535
1486780 2537
1486790 2540
1486800 2540
1486810 2545
1486820 2551
1486830 2551
1486840 2556
1486850 2561
1486860 2561
1486870 2569
1486880 2577
1486890 2577
1486900 2586
1486910 2597
1486920 2597
1486930 2604
1486940 2610
1486950 2610
1486960 2617
1486970 2621
1486980 2623
1486990 2623
1487000 2625
1487010 2626
1487020 2626
1487030 2619
1487040 2611
1487050 2611
1487060 2602
1487070 2595
1487080 2595
1487090 2587
1487100 2580
1487110 2580
1487120 2574
1487130 2567
1487140 2567
1487150 2559
1487160 2554
1487170 2549
1487180 2549
1487190 2543
1487200 2540
1487210 2540
1487220 2539
1487230 2537
1487240 2537
1487250 2531
1487260 2523
1487270 2523
1487280 2516
1487290 2515
1487300 2515
1487310 2514
1487320 2513
1487330 2513
1487340 2511
1487350 2505
1487360 2505
1487370 2499
1487380 2499
1487390 2497
1487400 2497
1487410 2493
1487420 2494
1487430 2494
1487440 2497
1487450 2499
1487460 2499
1487470 2500
1487480 2499
1487490 2499
1487500 2497
1487510 2496
1487520 2496
1487530 2493
1487540 2493
1487550 2493
1487560 2499
1487570 2504
1487580 2509
1487590 2509
1487600 2515
1487610 2522
1487620 2522
1487630 2525
1487640 2524
1487650 2524
1487660 2524
1487670 2523
1487680 2523
1487690 2524
1487700 2525
1487710 2525
1487720 2526
1487730 2525
1487740 2525
1487750 2521
1487760 2512
1487770 2512
1487780 2504
1487790 2499
1487800 2497
1487810 2497
1487820 2492
1487830 2488
1487840 2488
1487850 2484
1487860 2476
1487870 2476
1487880 2468
1487890 2462
1487900 2462
1487910 2454
1487920 2446
1487930 2446
1487940 2440
1487950 2433
1487960 2433
1487970 2427
1487980 2423
1487990 2417
1488000 2417
1488010 2409
1488020 2402
1488030 2402
1488040 2397
1488050 2395
1488060 2395
1488070 2396
1488080 2395
1488090 2395
1488100 2394
1488110 2392
1488120 2392
1488130 2389
1488140 2384
1488150 2384
1488160 2378
1488170 2372
1488180 2372
1488190 2368
1488200 2368
1488210 2371
1488220 2371
1488230 2372
1488240 2371
1488250 2371
1488260 2368
1488270 2363
1488280 2363
1488290 2357
1488300 2359
1488310 2359
1488320 2365
1488330 2366
1488340 2366
1488350 2369
1488360 2375
1488370 2375
1488380 2381
1488390 2388
1488400 2396
1488410 2396
1488420 2392
1488430 2386
1488440 2386
1488450 2383
1488460 2381
1488470 2381
1488480 2377
1488490 2375
1488500 2375
1488510 2376
1488520 2381
1488530 2381
1488540 2384
1488550 2388
1488560 2388
1488570 2393
1488580 2395
1488590 2395
1488600 2397
1488610 2399
1488620 2403
1488630 2403
1488640 2405
1488650 2392
1488660 2392
1488670 2383
1488680 2376
1488690 2376
1488700 2368
1488710 2361
1488720 2361
1488730 2355
1488740 2350
1488750 2350
1488760 2343
1488770 2338
1488780 2338
1488790 2335
1488800 2332
1488810 2328
1488820 2328
1488830 2330
1488840 2338
1488850 2338
1488860 2338
1488870 2336
1488880 2336
1488890 2332
1488900 2330
1488910 2330
1488920 2334
1488930 2339
1488940 2339
1488950 2344
1488960 2350
1488970 2350
1488980 2357
1488990 2362
1489000 2362
1489010 2356
1489020 2347
1489030 2339
1489040 2339
1489050 2331
1489060 2324
1489070 2324
1489080 2318
1489090 2310
1489100 2310
1489110 2302
1489120 2295
1489130 2295
1489140 2287
1489150 2283
1489160 2283
1489170 2284
1489180 2283
1489190 2283
1489200 2282
1489210 2282
1489220 2283
1489230 2283
1489240 2281
1489250 2276
1489260 2276
1489270 2271
1489280 2269
1489290 2269
1489300 2270
1489310 2274
1489320 2274
1489330 2275
1489340 2274
1489350 2274
1489360 2273
1489370 2271
1489380 2271
1489390 2268
1489400 2263
1489410 2263
1489420 2256
1489430 2250
1489440 2245
1489450 2245
1489460 2241
1489470 2240
1489480 2240
1489490 2243
1489500 2243
1489510 2243
1489520 2244
1489530 2245
1489540 2245
1489550 2248
1489560 2252
1489570 2252
1489580 2253
1489590 2254
1489600 2254
1489610 2255
1489620 2258
1489630 2261
1489640 2261
1489650 2263
1489660 2266
1489670 2266
1489680 2270
1489690 2276
1489700 2276
1489710 2285
1489720 2292
1489730 2292
1489740 2297
1489750 2302
1489760 2302
1489770 2307
1489780 2313
1489790 2313
1489800 2320
1489810 2328
1489820 2330
1489830 2330
1489840 2323
1489850 2316
1489860 2316
1489870 2312
1489880 2307
1489890 2307
1489900 2302
1489910 2298
1489920 2298
1489930 2297
1489940 2295
1489950 2295
1489960 2292
1489970 2291
1489980 2291
1489990 2292
1490000 2291
1490010 2291
1490020 2291
1490030 2291
1490040 2294
1490050 2294
1490060 2299
1490070 2303
1490080 2303
1490090 2304
1490100 2306
1490110 2306
1490120 2311
1490130 2315
1490140 2315
1490150 2324
1490160 2331
1490170 2331
1490180 2338
1490190 2349
1490200 2349
1490210 2359
1490220 2372
1490230 2387
1490240 2387
1490250 2399
1490260 2403
1490270 2403
1490280 2396
1490290 2387
1490300 2387
1490310 2380
1490320 2375
1490330 2375
1490340 2373
1490350 2369
1490360 2369
1490370 2364
1490380 2354
1490390 2354
1490400 2345
1490410 2341
1490420 2341
1490430 2345
1490440 2350
1490450 2356
1490460 2356
1490470 2363
1490480 2364
1490490 2364
1490500 2360
1490510 2355
1490520 2355
1490530 2355
1490540 2361
1490550 2361
1490560 2365
1490570 2369
1490580 2369
1490590 2368
1490600 2365
1490610 2365
1490620 2359
1490630 2353
1490640 2348
1490650 2348
1490660 2347
1490670 2352
1490680 2352
1490690 2357
1490700 2361
1490710 2361
1490720 2368
1490730 2375
1490740 2375
1490750 2381
1490760 2386
1490770 2386
1490780 2387
1490790 2386
1490800 2386
1490810 2385
1490820 2384
1490830 2384
1490840 2380
1490850 2379
1490860 2377
1490870 2377
1490880 2375
1490890 2374
1490900 2374
1490910 2373
1490920 2372
1490930 2372
1490940 2372
1490950 2371
1490960 2371
1490970 2369
1490980 2368
1490990 2368
1491000 2367
1491010 2367
1491020 2367
1491030 2367
1491040 2367
1491050 2366
1491060 2366
1491070 2366
1491080 2366
1491090 2366
1491100 2366
1491110 2366
1491120 2366
1491130 2364
1491140 2362
1491150 2362
1491160 2361
1491170 2360
1491180 2360
1491190 2359
1491200 2358
1491210 2358
1491220 2357
1491230 2355
1491240 2355
1491250 2351
1491260 2345
1491270 2340
1491280 2340
1491290 2336
1491300 2332
1491310 2332
1491320 2328
1491330 2324
1491340 2324
1491350 2320
1491360 2319
1491370 2319
1491380 2321
1491390 2320
1491400 2320
1491410 2316
1491420 2313
1491430 2313
1491440 2312
1491450 2310
1491460 2311
1491470 2311
1491480 2309
1491490 2306
1491500 2306
1491510 2304
1491520 2302
1491530 2302
1491540 2300
1491550 2300
1491560 2300
1491570 2298
1491580 2294
1491590 2294
1491600 2291
1491610 2290
1491620 2290
1491630 2290
1491640 2289
1491650 2289
1491660 2288
1491670 2286
1491680 2285
1491690 2285
1491700 2283
1491710 2280
1491720 2280
1491730 2277
1491740 2273
1491750 2273
1491760 2270
1491770 2268
1491780 2268
1491790 2267
1491800 2268
1491810 2268
1491820 2270
1491830 2273
1491840 2273
1491850 2277
1491860 2281
1491870 2285
1491880 2285
1491890 2290
1491900 2295
1491910 2295
1491920 2299
1491930 2303
1491940 2303
1491950 2304
1491960 2307
1491970 2307
1491980 2311
1491990 2313
1492000 2313
1492010 2316
1492020 2318
1492030 2318
1492040 2320
1492050 2318
1492060 2318
1492070 2316
1492080 2315
1492090 2313
1492100 2313
1492110 2311
1492120 2308
1492130 2308
1492140 2305
1492150 2302
1492160 2302
1492170 2298
1492180 2293
1492190 2293
1492200 2289
1492210 2287
1492220 2287
1492230 2286
1492240 2285
1492250 2285
1492260 2284
1492270 2281
1492280 2279
1492290 2279
1492300 2277
1492310 2275
1492320 2275
1492330 2275
1492340 2274
1492350 2274
1492360 2272
1492370 2269
1492380 2269
1492390 2266
1492400 2263
1492410 2263
1492420 2261
1492430 2258
1492440 2258
1492450 2255
1492460 2254
1492470 2251
1492480 2251
1492490 2249
1492500 2246
1492510 2246
1492520 2244
1492530 2241
1492540 2241
1492550 2239
1492560 2237
1492570 2237
1492580 2235
1492590 2233
1492600 2233
1492610 2232
1492620 2230
1492630 2230
1492640 2229
1492650 2228
1492660 2228
1492670 2227
1492680 2226
1492690 2225
1492700 2225
1492710 2225
1492720 2225
1492730 2225
1492740 2223
1492750 2222
1492760 2222
1492770 2220
1492780 2216
1492790 2216
1492800 2215
1492810 2213
1492820 2213
1492830 2210
1492840 2206
1492850 2206
1492860 2201
1492870 2194
1492880 2190
1492890 2190
1492900 2190
1492910 2188
1492920 2188
1492930 2186
1492940 2183
1492950 2183
1492960 2179
1492970 2175
1492980 2175
1492990 2170
1493000 2165
1493010 2165
1493020 2160
1493030 2156
1493040 2156
1493050 2153
1493060 2149
1493070 2149
1493080 2143
1493090 2136
1493100 2131
1493110 2131
1493120 2126
1493130 2121
1493140 2121
1493150 2116
1493160 2109
1493170 2109
1493180 2102
1493190 2097
1493200 2097
1493210 2092
1493220 2088
1493230 2088
1493240 2084
1493250 2079
1493260 2079
1493270 2074
1493280 2068
1493290 2060
1493300 2060
1493310 2053
1493320 2047
1493330 2047
1493340 2041
1493350 2036
1493360 2036
1493370 2031
1493380 2026
1493390 2026
1493400 2023
1493410 2018
1493420 2018
1493430 2012
1493440 2008
1493450 2008
1493460 2003
1493470 1998
1493480 1998
1493490 1994
1493500 1990
1493510 1985
1493520 1985
1493530 1978
1493540 1972
1493550 1972
1493560 1966
1493570 1959
1493580 1959
1493590 1951
1493600 1945
1493610 1945
1493620 1939
1493630 1933
1493640 1933
1493650 1927
1493660 1922
1493670 1922
1493680 1917
1493690 1911
1493700 1906
1493710 1906
1493720 1901
1493730 1895
1493740 1895
1493750 1889
1493760 1883
1493770 1883
1493780 1877
1493790 1872
1493800 1872
1493810 1865
1493820 1859
1493830 1859
1493840 1854
1493850 1849
1493860 1849
1493870 1845
1493880 1841
1493890 1841
1493900 1836
1493910 1832
1493920 1830
1493930 1830
1493940 1828
1493950 1826
1493960 1826
1493970 1826
1493980 1826
1493990 1826
1494000 1825
1494010 1826
1494020 1826
1494030 1825
1494040 1825
1494050 1825
1494060 1826
1494070 1826
1494080 1826
1494090 1826
1494100 1827
1494110 1830
1494120 1830
1494130 1836
1494140 1845
1494150 1845
1494160 1853
1494170 1860
1494180 1860
1494190 1866
1494200 1873
1494210 1873
1494220 1878
1494230 1883
1494240 1883
1494250 1888
1494260 1889
1494270 1889
1494280 1888
1494290 1886
1494300 1886
1494310 1882
1494320 1876
1494330 1868
1494340 1868
1494350 1861
1494360 1855
1494370 1855
1494380 1848
1494390 1843
1494400 1843
1494410 1837
1494420 1831
1494430 1831
1494440 1824
1494450 1817
1494460 1817
1494470 1809
1494480 1802
1494490 1802
1494500 1794
1494510 1787
1494520 1780
1494530 1780
1494540 1772
1494550 1765
1494560 1765
1494570 1757
1494580 1750
1494590 1750
1494600 1742
1494610 1733
1494620 1733
1494630 1725
1494640 1717
1494650 1717
1494660 1711
1494670 1706
1494680 1706
1494690 1700
1494700 1694
1494710 1694
1494720 1691
1494730 1689
1494740 1689
1494750 1689
1494760 1690
1494770 1690
1494780 1690
1494790 1689
1494800 1688
1494810 1688
1494820 1688
1494830 1689
1494840 1689
1494850 1690
1494860 1691
1494870 1691
1494880 1694
1494890 1697
1494900 1697
1494910 1697
1494920 1693
1494930 1688
1494940 1688
1494950 1682
1494960 1676
1494970 1676
1494980 1668
1494990 1662
1495000 1662
1495010 1656
1495020 1649
1495030 1649
1495040 1642
1495050 1635
1495060 1635
1495070 1627
1495080 1618
1495090 1618
1495100 1609
1495110 1602
1495120 1602
1495130 1596
1495140 1589
1495150 1581
1495160 1581
1495170 1577
1495180 1579
1495190 1579
1495200 1582
1495210 1584
1495220 1584
1495230 1585
1495240 1584
1495250 1584
1495260 1580
1495270 1574
1495280 1574
1495290 1568
1495300 1563
1495310 1563
1495320 1559
1495330 1555
1495340 1549
1495350 1549
1495360 1541
1495370 1534
1495380 1534
1495390 1530
1495400 1525
1495410 1525
1495420 1521
1495430 1515
1495440 1515
1495450 1510
1495460 1504
1495470 1504
1495480 1500
1495490 1496
1495500 1496
1495510 1492
1495520 1487
1495530 1482
1495540 1482
1495550 1477
1495560 1472
1495570 1472
1495580 1467
1495590 1462
1495600 1462
1495610 1456
1495620 1451
1495630 1451
1495640 1446
1495650 1442
1495660 1442
1495670 1437
1495680 1432
1495690 1432
1495700 1425
1495710 1409
1495720 1409
1495730 1393
1495740 1385
1495750 1378
1495760 1378
1495770 1372
1495780 1367
1495790 1367
1495800 1363
1495810 1358
1495820 1358
1495830 1354
1495840 1353
1495850 1353
1495860 1353
1495870 1351
1495880 1351
1495890 1348
1495900 1345
1495910 1345
1495920 1341
1495930 1337
1495940 1333
1495950 1333
1495960 1327
1495970 1317
1495980 1317
1495990 1311
1496000 1306
1496010 1306
1496020 1303
1496030 1301
1496040 1301
1496050 1298
1496060 1295
1496070 1295
1496080 1289
1496090 1281
1496100 1281
1496110 1272
1496120 1265
1496130 1265
1496140 1259
1496150 1254
1496160 1248
1496170 1248
1496180 1242
1496190 1237
1496200 1237
1496210 1231
1496220 1225
1496230 1225
1496240 1218
1496250 1213
1496260 1213
1496270 1209
1496280 1206
1496290 1206
1496300 1204
1496310 1201
1496320 1201
1496330 1194
1496340 1177
1496350 1152
1496360 1152
1496370 1132
1496380 1113
1496390 1113
1496400 1105
1496410 1099
1496420 1099
1496430 1092
1496440 1086
1496450 1086
1496460 1082
1496470 1077
1496480 1077
1496490 1072
1496500 1066
1496510 1066
1496520 1061
1496530 1060
1496540 1060
1496550 1058
1496560 1054
1496570 1049
1496580 1049
1496590 1043
1496600 1038
1496610 1038
1496620 1032
1496630 1026
1496640 1026
1496650 1019
1496660 1012
1496670 1012
1496680 1004
1496690 997
1496700 997
1496710 990
1496720 982
1496730 982
1496740 974
1496750 963
1496760 947
1496770 947
1496780 935
1496790 923
1496800 923
1496810 917
1496820 911
1496830 911
1496840 905
1496850 899
1496860 899
1496870 893
1496880 886
1496890 886
1496900 878
1496910 873
1496920 873
1496930 871
1496940 870
1496950 870
1496960 871
1496970 872
1496980 872
1496990 872
1497000 872
1497010 871
1497020 871
1497030 871
1497040 871
1497050 871
1497060 871
1497070 871
1497080 871
1497090 870
1497100 870
1497110 870
1497120 869
1497130 869
1497140 869
1497150 869
1497160 870
1497170 869
1497180 869
1497190 870
1497200 873
1497210 873
1497220 876
1497230 879
1497240 879
1497250 902
1497260 917
1497270 917
1497280 921
1497290 932
1497300 932
1497310 961
1497320 970
1497330 970
1497340 977
1497350 987
1497360 987
1497370 997
1497380 1010
1497390 1025
1497400 1025
1497410 1034
1497420 1040
1497430 1040
1497440 1044
1497450 1048
1497460 1048
1497470 1053
1497480 1060
1497490 1060
1497500 1066
1497510 1070
1497520 1070
1497530 1073
1497540 1075
1497550 1075
1497560 1076
1497570 1078
1497580 1081
1497590 1081
1497600 1085
1497610 1087
1497620 1087
1497630 1089
1497640 1089
1497650 1089
1497660 1091
1497670 1094
1497680 1094
1497690 1098
1497700 1102
1497710 1102
1497720 1102
1497730 1104
1497740 1104
1497750 1105
1497760 1107
1497770 1107
1497780 1109
1497790 1111
1497800 1112
1497810 1112
1497820 1113
1497830 1114
1497840 1114
1497850 1117
1497860 1120
1497870 1120
1497880 1123
1497890 1127
1497900 1127
1497910 1129
1497920 1133
1497930 1133
1497940 1137
1497950 1141
1497960 1141
1497970 1145
1497980 1150
1497990 1155
1498000 1155
1498010 1157
1498020 1159
1498030 1159
1498040 1161
1498050 1160
1498060 1160
1498070 1162
1498080 1164
1498090 1164
1498100 1167
1498110 1171
1498120 1171
1498130 1174
1498140 1177
1498150 1177
1498160 1180
1498170 1183
1498180 1183
1498190 1186
1498200 1189
1498210 1193
1498220 1193
1498230 1197
1498240 1201
1498250 1201
1498260 1204
1498270 1206
1498280 1206
1498290 1207
1498300 1205
1498310 1205
1498320 1201
1498330 1200
1498340 1200
1498350 1200
1498360 1199
1498370 1199
1498380 1199
1498390 1204
1498400 1209
1498410 1209
1498420 1215
1498430 1222
1498440 1222
1498450 1228
1498460 1236
1498470 1236
1498480 1243
1498490 1252
1498500 1252
1498510 1262
1498520 1271
1498530 1271
1498540 1277
1498550 1287
1498560 1287
1498570 1301
1498580 1309
1498590 1324
1498600 1324
1498610 1339
1498620 1344
1498630 1344
1498640 1351
1498650 1365
1498660 1365
1498670 1385
1498680 1397
1498690 1397
1498700 1406
1498710 1416
1498720 1416
1498730 1425
1498740 1435
1498750 1435
1498760 1444
1498770 1455
1498780 1455
1498790 1465
1498800 1476
1498810 1486
1498820 1486
1498830 1498
1498840 1506
1498850 1506
1498860 1511
1498870 1515
1498880 1515
1498890 1526
1498900 1537
1498910 1537
1498920 1548
1498930 1562
1498940 1562
1498950 1578
1498960 1595
1498970 1595
1498980 1620
1498990 1641
1499000 1657
1499010 1657
1499020 1679
1499030 1699
1499040 1699
1499050 1715
1499060 1737
1499070 1737
1499080 1752
1499090 1761
1499100 1761
1499110 1769
1499120 1774
1499130 1774
1499140 1781
1499150 1789
1499160 1789
1499170 1794
1499180 1802
1499190 1802
1499200 1812
1499210 1825
1499220 1834
1499230 1834
1499240 1840
1499250 1844
1499260 1844
1499270 1848
1499280 1853
1499290 1853
1499300 1856
1499310 1862
1499320 1862
1499330 1866
1499340 1869
1499350 1869
1499360 1872
1499370 1877
1499380 1877
1499390 1878
1499400 1877
1499410 1879
1499420 1879
1499430 1883
1499440 1892
1499450 1892
1499460 1900
1499470 1910
1499480 1910
1499490 1918
1499500 1922
1499510 1922
1499520 1921
1499530 1916
1499540 1916
1499550 1911
1499560 1908
1499570 1908
1499580 1904
1499590 1901
1499600 1901
1499610 1897
1499620 1893
1499630 1888
1499640 1888
1499650 1882
1499660 1877
1499670 1877
1499680 1875
1499690 1873
1499700 1873
1499710 1871
1499720 1870
1499730 1870
1499740 1868
1499750 1868
1499760 1868
1499770 1867
1499780 1867
1499790 1867
1499800 1866
1499810 1865
1499820 1864
1499830 1864
1499840 1864
1499850 1864
1499860 1864
1499870 1864
1499880 1862
1499890 1862
1499900 1860
1499910 1857
1499920 1857
1499930 1853
1499940 1851
1499950 1851
1499960 1849
1499970 1848
1499980 1848
1499990 1848
