1480000 2372
1480010 2380
1480020 2380
1480030 2386
1480040 2393
1480050 2393
1480060 2404
1480070 2415
1480080 2415
1480090 2426
1480100 2438
1480110 2438
1480120 2450
1480130 2463
1480140 2463
1480150 2477
1480160 2490
1480170 2490
1480180 2499
1480190 2506
1480200 2506
1480210 2514
1480220 2534
1480230 2534
1480240 2534
1480250 2531
1480260 2529
1480270 2529
1480280 2531
1480290 2539
1480300 2539
1480310 2547
1480320 2535
1480330 2535
1480340 2518
1480350 2508
1480360 2508
1480370 2505
1480380 2502
1480390 2502
1480400 2500
1480410 2500
1480420 2498
1480430 2498
1480440 2497
1480450 2496
1480460 2496
1480470 2488
1480480 2479
1480490 2479
1480500 2479
1480510 2484
1480520 2484
1480530 2489
1480540 2496
1480550 2496
1480560 2503
1480570 2510
1480580 2510
1480590 2516
1480600 2520
1480610 2520
1480620 2522
1480630 2526
1480640 2530
1480650 2530
1480660 2534
1480670 2539
1480680 2539
1480690 2544
1480700 2550
1480710 2550
1480720 2556
1480730 2563
1480740 2563
1480750 2569
1480760 2576
1480770 2576
1480780 2582
1480790 2586
1480800 2586
1480810 2589
1480820 2590
1480830 2592
1480840 2592
1480850 2593
1480860 2592
1480870 2592
1480880 2590
1480890 2590
1480900 2590
1480910 2594
1480920 2599
1480930 2599
1480940 2598
1480950 2595
1480960 2595
1480970 2594
1480980 2587
1480990 2587
1481000 2591
1481010 2595
1481020 2595
1481030 2593
1481040 2593
1481050 2594
1481060 2594
1481070 2595
1481080 2598
1481090 2598
1481100 2603
1481110 2609
1481120 2609
1481130 2611
1481140 2613
1481150 2613
1481160 2615
1481170 2617
1481180 2617
1481190 2622
1481200 2624
1481210 2624
1481220 2628
1481230 2632
1481240 2635
1481250 2635
1481260 2637
1481270 2640
1481280 2640
1481290 2644
1481300 2648
1481310 2648
1481320 2651
1481330 2654
1481340 2654
1481350 2659
1481360 2665
1481370 2665
1481380 2668
1481390 2669
1481400 2669
1481410 2670
1481420 2673
1481430 2673
1481440 2676
1481450 2680
1481460 2682
1481470 2682
1481480 2684
1481490 2688
1481500 2688
1481510 2693
1481520 2696
1481530 2696
1481540 2698
1481550 2701
1481560 2701
1481570 2705
1481580 2707
1481590 2707
1481600 2710
1481610 2713
1481620 2713
1481630 2719
1481640 2727
1481650 2736
1481660 2736
1481670 2742
1481680 2745
1481690 2745
1481700 2744
1481710 2742
1481720 2742
1481730 2739
1481740 2742
1481750 2742
1481760 2747
1481770 2754
1481780 2754
1481790 2762
1481800 2772
1481810 2772
1481820 2788
1481830 2805
1481840 2805
1481850 2809
1481860 2810
1481870 2811
1481880 2811
1481890 2814
1481900 2821
1481910 2821
1481920 2831
1481930 2844
1481940 2844
1481950 2861
1481960 2869
1481970 2869
1481980 2864
1481990 2859
1482000 2859
1482010 2855
1482020 2853
1482030 2853
1482040 2850
1482050 2849
1482060 2850
1482070 2850
1482080 2850
1482090 2849
1482100 2849
1482110 2849
1482120 2848
1482130 2848
1482140 2846
1482150 2844
1482160 2844
1482170 2843
1482180 2841
1482190 2841
1482200 2839
1482210 2837
1482220 2837
1482230 2836
1482240 2836
1482250 2836
1482260 2830
1482270 2826
1482280 2821
1482290 2821
1482300 2819
1482310 2817
1482320 2817
1482330 2817
1482340 2818
1482350 2818
1482360 2819
1482370 2821
1482380 2821
1482390 2824
1482400 2827
1482410 2827
1482420 2831
1482430 2831
1482440 2831
1482450 2829
1482460 2829
1482470 2828
1482480 2828
1482490 2827
1482500 2826
1482510 2826
1482520 2826
1482530 2825
1482540 2825
1482550 2826
1482560 2824
1482570 2824
1482580 2822
1482590 2821
1482600 2821
1482610 2816
1482620 2811
1482630 2811
1482640 2808
1482650 2806
1482660 2806
1482670 2803
1482680 2801
1482690 2801
1482700 2801
1482710 2801
1482720 2802
1482730 2802
1482740 2801
1482750 2801
1482760 2801
1482770 2803
1482780 2804
1482790 2804
1482800 2807
1482810 2808
1482820 2808
1482830 2813
1482840 2815
1482850 2815
1482860 2817
1482870 2817
1482880 2817
1482890 2817
1482900 2817
1482910 2818
1482920 2818
1482930 2817
1482940 2819
1482950 2819
1482960 2823
1482970 2824
1482980 2824
1482990 2824
1483000 2824
1483010 2824
1483020 2823
1483030 2821
1483040 2821
1483050 2821
1483060 2820
1483070 2820
1483080 2820
1483090 2819
1483100 2816
1483110 2816
1483120 2815
1483130 2814
1483140 2814
1483150 2812
1483160 2811
1483170 2811
1483180 2808
1483190 2807
1483200 2807
1483210 2806
1483220 2806
1483230 2806
1483240 2805
1483250 2803
1483260 2803
1483270 2801
1483280 2798
1483290 2796
1483300 2796
1483310 2793
1483320 2790
1483330 2790
1483340 2788
1483350 2786
1483360 2786
1483370 2784
1483380 2782
1483390 2782
1483400 2780
1483410 2779
1483420 2779
1483430 2778
1483440 2778
1483450 2778
1483460 2776
1483470 2775
1483480 2775
1483490 2775
1483500 2774
1483510 2775
1483520 2775
1483530 2776
1483540 2775
1483550 2775
1483560 2775
1483570 2775
1483580 2775
1483590 2776
1483600 2778
1483610 2778
1483620 2779
1483630 2781
1483640 2781
1483650 2783
1483660 2784
1483670 2784
1483680 2786
1483690 2789
1483700 2792
1483710 2792
1483720 2794
1483730 2797
1483740 2797
1483750 2801
1483760 2803
1483770 2803
1483780 2804
1483790 2806
1483800 2806
1483810 2806
1483820 2804
1483830 2804
1483840 2800
1483850 2797
1483860 2797
1483870 2797
1483880 2796
1483890 2796
1483900 2796
1483910 2793
1483920 2791
1483930 2791
1483940 2789
1483950 2789
1483960 2789
1483970 2790
1483980 2790
1483990 2790
1484000 2792
1484010 2790
1484020 2790
1484030 2788
1484040 2789
1484050 2789
1484060 2790
1484070 2791
1484080 2791
1484090 2793
1484100 2795
1484110 2797
1484120 2797
1484130 2799
1484140 2801
1484150 2801
1484160 2804
1484170 2808
1484180 2808
1484190 2810
1484200 2813
1484210 2813
1484220 2819
1484230 2826
1484240 2826
1484250 2833
1484260 2842
1484270 2842
1484280 2852
1484290 2862
1484300 2862
1484310 2870
1484320 2874
1484330 2878
1484340 2878
1484350 2882
1484360 2891
1484370 2891
1484380 2907
1484390 2924
1484400 2924
1484410 2936
1484420 2947
1484430 2947
1484440 2957
1484450 2971
1484460 2971
1484470 2982
1484480 2985
1484490 2985
1484500 2974
1484510 2965
1484520 2955
1484530 2955
1484540 2947
1484550 2938
1484560 2938
1484570 2925
1484580 2916
1484590 2916
1484600 2909
1484610 2896
1484620 2896
1484630 2870
1484640 2848
1484650 2848
1484660 2841
1484670 2837
1484680 2837
1484690 2834
1484700 2833
1484710 2833
1484720 2832
1484730 2832
1484740 2829
1484750 2829
1484760 2826
1484770 2823
1484780 2823
1484790 2820
1484800 2818
1484810 2818
1484820 2816
1484830 2815
1484840 2815
1484850 2816
1484860 2816
1484870 2816
1484880 2816
1484890 2818
1484900 2818
1484910 2820
1484920 2820
1484930 2819
1484940 2819
1484950 2817
1484960 2818
1484970 2818
1484980 2819
1484990 2820
1485000 2820
1485010 2821
1485020 2821
1485030 2821
1485040 2821
1485050 2821
1485060 2821
1485070 2820
1485080 2819
1485090 2819
1485100 2816
1485110 2816
1485120 2816
1485130 2816
1485140 2816
1485150 2817
1485160 2817
1485170 2818
1485180 2820
1485190 2820
1485200 2822
1485210 2820
1485220 2820
1485230 2821
1485240 2821
1485250 2821
1485260 2822
1485270 2824
1485280 2824
1485290 2826
1485300 2829
1485310 2829
1485320 2829
1485330 2831
1485340 2832
1485350 2832
1485360 2832
1485370 2833
1485380 2833
1485390 2833
1485400 2833
1485410 2833
1485420 2832
1485430 2831
1485440 2831
1485450 2831
1485460 2830
1485470 2830
1485480 2828
1485490 2828
1485500 2828
1485510 2828
1485520 2828
1485530 2828
1485540 2827
1485550 2827
1485560 2827
1485570 2827
1485580 2827
1485590 2827
1485600 2827
1485610 2827
1485620 2827
1485630 2827
1485640 2829
1485650 2830
1485660 2830
1485670 2830
1485680 2834
1485690 2834
1485700 2836
1485710 2837
1485720 2837
1485730 2839
1485740 2842
1485750 2846
1485760 2846
1485770 2860
1485780 2879
1485790 2879
1485800 2891
1485810 2900
1485820 2900
1485830 2907
1485840 2912
1485850 2912
1485860 2914
1485870 2907
1485880 2907
1485890 2893
1485900 2886
1485910 2886
1485920 2880
1485930 2874
1485940 2874
1485950 2866
1485960 2859
1485970 2853
1485980 2853
1485990 2846
1486000 2840
1486010 2840
1486020 2835
1486030 2831
1486040 2831
1486050 2827
1486060 2824
1486070 2824
1486080 2821
1486090 2819
1486100 2819
1486110 2816
1486120 2812
1486130 2812
1486140 2809
1486150 2805
1486160 2801
1486170 2801
1486180 2793
1486190 2787
1486200 2787
1486210 2782
1486220 2777
1486230 2777
1486240 2773
1486250 2768
1486260 2768
1486270 2762
1486280 2755
1486290 2755
1486300 2747
1486310 2741
1486320 2741
1486330 2737
1486340 2735
1486350 2735
1486360 2732
1486370 2729
1486380 2724
1486390 2724
1486400 2719
1486410 2714
1486420 2714
1486430 2706
1486440 2699
1486450 2699
1486460 2693
1486470 2687
1486480 2687
1486490 2685
1486500 2681
1486510 2681
1486520 2678
1486530 2674
1486540 2674
1486550 2670
1486560 2667
1486570 2663
1486580 2663
1486590 2659
1486600 2657
1486610 2657
1486620 2655
1486630 2655
1486640 2655
1486650 2653
1486660 2650
1486670 2650
1486680 2644
1486690 2638
1486700 2638
1486710 2631
1486720 2628
1486730 2628
1486740 2622
1486750 2617
1486760 2617
1486770 2612
1486780 2607
1486790 2601
1486800 2601
1486810 2594
1486820 2587
1486830 2587
1486840 2581
1486850 2576
1486860 2576
1486870 2570
1486880 2562
1486890 2562
1486900 2556
1486910 2548
1486920 2548
1486930 2540
1486940 2535
1486950 2535
1486960 2531
1486970 2527
1486980 2522
1486990 2522
1487000 2515
1487010 2512
1487020 2512
1487030 2512
1487040 2512
1487050 2512
1487060 2512
1487070 2512
1487080 2512
1487090 2512
1487100 2512
1487110 2512
1487120 2512
1487130 2512
1487140 2512
1487150 2512
1487160 2512
1487170 2512
1487180 2512
1487190 2512
1487200 2512
1487210 2512
1487220 2512
1487230 2512
1487240 2512
1487250 2512
1487260 2515
1487270 2515
1487280 2519
1487290 2521
1487300 2521
1487310 2523
1487320 2525
1487330 2525
1487340 2527
1487350 2527
1487360 2527
1487370 2528
1487380 2527
1487390 2528
1487400 2528
1487410 2529
1487420 2533
1487430 2533
1487440 2533
1487450 2532
1487460 2532
1487470 2530
1487480 2528
1487490 2528
1487500 2527
1487510 2527
1487520 2527
1487530 2528
1487540 2527
1487550 2527
1487560 2530
1487570 2532
1487580 2532
1487590 2533
1487600 2532
1487610 2531
1487620 2531
1487630 2532
1487640 2532
1487650 2532
1487660 2529
1487670 2526
1487680 2526
1487690 2523
1487700 2521
1487710 2521
1487720 2520
1487730 2519
1487740 2519
1487750 2517
1487760 2514
1487770 2514
1487780 2512
1487790 2510
1487800 2509
1487810 2509
1487820 2506
1487830 2504
1487840 2504
1487850 2501
1487860 2498
1487870 2498
1487880 2495
1487890 2491
1487900 2491
1487910 2489
1487920 2488
1487930 2488
1487940 2486
1487950 2482
1487960 2482
1487970 2478
1487980 2475
1487990 2475
1488000 2469
1488010 2464
1488020 2461
1488030 2461
1488040 2458
1488050 2455
1488060 2455
1488070 2453
1488080 2451
1488090 2451
1488100 2447
1488110 2446
1488120 2446
1488130 2443
1488140 2440
1488150 2440
1488160 2437
1488170 2434
1488180 2434
1488190 2429
1488200 2427
1488210 2424
1488220 2424
1488230 2423
1488240 2423
1488250 2423
1488260 2423
1488270 2422
1488280 2422
1488290 2420
1488300 2416
1488310 2416
1488320 2414
1488330 2412
1488340 2412
1488350 2408
1488360 2406
1488370 2406
1488380 2405
1488390 2402
1488400 2402
1488410 2400
1488420 2405
1488430 2407
1488440 2407
1488450 2406
1488460 2402
1488470 2402
1488480 2399
1488490 2396
1488500 2396
1488510 2392
1488520 2389
1488530 2389
1488540 2386
1488550 2384
1488560 2384
1488570 2382
1488580 2378
1488590 2378
1488600 2374
1488610 2371
1488620 2369
1488630 2369
1488640 2367
1488650 2364
1488660 2364
1488670 2361
1488680 2359
1488690 2359
1488700 2356
1488710 2352
1488720 2352
1488730 2347
1488740 2343
1488750 2343
1488760 2341
1488770 2337
1488780 2337
1488790 2332
1488800 2327
1488810 2327
1488820 2324
1488830 2322
1488840 2320
1488850 2320
1488860 2319
1488870 2317
1488880 2317
1488890 2313
1488900 2310
1488910 2310
1488920 2311
1488930 2311
1488940 2311
1488950 2310
1488960 2309
1488970 2309
1488980 2307
1488990 2307
1489000 2307
1489010 2307
1489020 2306
1489030 2306
1489040 2306
1489050 2306
1489060 2304
1489070 2304
1489080 2301
1489090 2299
1489100 2299
1489110 2298
1489120 2296
1489130 2296
1489140 2295
1489150 2294
1489160 2294
1489170 2296
1489180 2297
1489190 2297
1489200 2297
1489210 2297
1489220 2297
1489230 2296
1489240 2295
1489250 2293
1489260 2293
1489270 2290
1489280 2288
1489290 2288
1489300 2286
1489310 2285
1489320 2285
1489330 2285
1489340 2284
1489350 2284
1489360 2283
1489370 2279
1489380 2279
1489390 2276
1489400 2275
1489410 2275
1489420 2275
1489430 2274
1489440 2273
1489450 2273
1489460 2273
1489470 2274
1489480 2274
1489490 2275
1489500 2273
1489510 2273
1489520 2270
1489530 2266
1489540 2266
1489550 2266
1489560 2269
1489570 2269
1489580 2273
1489590 2273
1489600 2273
1489610 2274
1489620 2276
1489630 2276
1489640 2278
1489650 2279
1489660 2281
1489670 2281
1489680 2284
1489690 2286
1489700 2286
1489710 2286
1489720 2286
1489730 2286
1489740 2286
1489750 2285
1489760 2285
1489770 2287
1489780 2300
1489790 2300
1489800 2314
1489810 2327
1489820 2327
1489830 2332
1489840 2335
1489850 2343
1489860 2343
1489870 2350
1489880 2346
1489890 2346
1489900 2339
1489910 2344
1489920 2344
1489930 2350
1489940 2351
1489950 2351
1489960 2350
1489970 2346
1489980 2346
1489990 2342
1490000 2336
1490010 2336
1490020 2330
1490030 2325
1490040 2325
1490050 2319
1490060 2312
1490070 2306
1490080 2306
1490090 2301
1490100 2297
1490110 2297
1490120 2291
1490130 2285
1490140 2285
1490150 2280
1490160 2278
1490170 2278
1490180 2276
1490190 2275
1490200 2275
1490210 2275
1490220 2273
1490230 2273
1490240 2270
1490250 2268
1490260 2264
1490270 2264
1490280 2260
1490290 2258
1490300 2258
1490310 2256
1490320 2254
1490330 2254
1490340 2254
1490350 2252
1490360 2252
1490370 2252
1490380 2252
1490390 2252
1490400 2249
1490410 2244
1490420 2244
1490430 2242
1490440 2240
1490450 2240
1490460 2240
1490470 2237
1490480 2236
1490490 2236
1490500 2235
1490510 2234
1490520 2234
1490530 2233
1490540 2231
1490550 2231
1490560 2229
1490570 2229
1490580 2229
1490590 2228
1490600 2226
1490610 2226
1490620 2223
1490630 2219
1490640 2219
1490650 2216
1490660 2213
1490670 2210
1490680 2210
1490690 2204
1490700 2198
1490710 2198
1490720 2192
1490730 2187
1490740 2187
1490750 2181
1490760 2174
1490770 2174
1490780 2168
1490790 2164
1490800 2164
1490810 2160
1490820 2157
1490830 2157
1490840 2155
1490850 2151
1490860 2151
1490870 2147
1490880 2139
1490890 2130
1490900 2130
1490910 2123
1490920 2113
1490930 2113
1490940 2102
1490950 2089
1490960 2089
1490970 2081
1490980 2076
1490990 2076
1491000 2071
1491010 2067
1491020 2067
1491030 2065
1491040 2061
1491050 2061
1491060 2056
1491070 2049
1491080 2043
1491090 2043
1491100 2040
1491110 2037
1491120 2037
1491130 2034
1491140 2030
1491150 2030
1491160 2026
1491170 2021
1491180 2021
1491190 2011
1491200 2003
1491210 2003
1491220 1997
1491230 1992
1491240 1992
1491250 1987
1491260 1983
1491270 1983
1491280 1979
1491290 1974
1491300 1969
1491310 1969
1491320 1963
1491330 1959
1491340 1959
1491350 1955
1491360 1951
1491370 1951
1491380 1948
1491390 1944
1491400 1944
1491410 1941
1491420 1937
1491430 1937
1491440 1933
1491450 1928
1491460 1928
1491470 1922
1491480 1916
1491490 1909
1491500 1909
1491510 1904
1491520 1900
1491530 1900
1491540 1896
1491550 1894
1491560 1894
1491570 1890
1491580 1886
1491590 1886
1491600 1883
1491610 1882
1491620 1882
1491630 1881
1491640 1880
1491650 1880
1491660 1878
1491670 1878
1491680 1878
1491690 1877
1491700 1873
1491710 1870
1491720 1870
1491730 1867
1491740 1866
1491750 1866
1491760 1865
1491770 1865
1491780 1865
1491790 1863
1491800 1862
1491810 1862
1491820 1861
1491830 1860
1491840 1860
1491850 1860
1491860 1860
1491870 1860
1491880 1860
1491890 1861
1491900 1862
1491910 1862
1491920 1862
1491930 1862
1491940 1862
1491950 1861
1491960 1862
1491970 1862
1491980 1863
1491990 1864
1492000 1864
1492010 1866
1492020 1868
1492030 1868
1492040 1869
1492050 1872
1492060 1872
1492070 1874
1492080 1876
1492090 1876
1492100 1879
1492110 1881
1492120 1884
1492130 1884
1492140 1886
1492150 1890
1492160 1890
1492170 1893
1492180 1897
1492190 1897
1492200 1901
1492210 1904
1492220 1904
1492230 1908
1492240 1912
1492250 1912
1492260 1918
1492270 1924
1492280 1924
1492290 1928
1492300 1932
1492310 1936
1492320 1936
1492330 1939
1492340 1941
1492350 1941
1492360 1941
1492370 1941
1492380 1941
1492390 1943
1492400 1943
1492410 1943
1492420 1943
1492430 1942
1492440 1942
1492450 1941
1492460 1940
1492470 1940
1492480 1938
1492490 1937
1492500 1937
1492510 1935
1492520 1934
1492530 1934
1492540 1934
1492550 1935
1492560 1936
1492570 1936
1492580 1937
1492590 1936
1492600 1936
1492610 1935
1492620 1934
1492630 1934
1492640 1933
1492650 1931
1492660 1931
1492670 1929
1492680 1927
1492690 1927
1492700 1924
1492710 1920
1492720 1915
1492730 1915
1492740 1909
1492750 1900
1492760 1900
1492770 1889
1492780 1879
1492790 1879
1492800 1867
1492810 1854
1492820 1854
1492830 1842
1492840 1831
1492850 1831
1492860 1821
1492870 1811
1492880 1811
1492890 1805
1492900 1801
1492910 1801
1492920 1795
1492930 1789
1492940 1782
1492950 1782
1492960 1775
1492970 1769
1492980 1769
1492990 1764
1493000 1759
1493010 1759
1493020 1755
1493030 1752
1493040 1752
1493050 1749
1493060 1746
1493070 1746
1493080 1741
1493090 1735
1493100 1735
1493110 1730
1493120 1728
1493130 1723
1493140 1723
1493150 1721
1493160 1722
1493170 1722
1493180 1723
1493190 1722
1493200 1722
1493210 1722
1493220 1722
1493230 1722
1493240 1722
1493250 1721
1493260 1721
1493270 1721
1493280 1722
1493290 1722
1493300 1722
1493310 1721
1493320 1721
1493330 1720
1493340 1719
1493350 1718
1493360 1718
1493370 1717
1493380 1715
1493390 1715
1493400 1712
1493410 1708
1493420 1708
1493430 1703
1493440 1699
1493450 1699
1493460 1697
1493470 1695
1493480 1695
1493490 1691
1493500 1685
1493510 1685
1493520 1679
1493530 1671
1493540 1664
1493550 1664
1493560 1657
1493570 1651
1493580 1651
1493590 1643
1493600 1637
1493610 1637
1493620 1630
1493630 1623
1493640 1623
1493650 1616
1493660 1611
1493670 1611
1493680 1607
1493690 1602
1493700 1602
1493710 1596
1493720 1589
1493730 1589
1493740 1582
1493750 1575
1493760 1567
1493770 1567
1493780 1563
1493790 1566
1493800 1566
1493810 1571
1493820 1572
1493830 1572
1493840 1571
1493850 1570
1493860 1570
1493870 1568
1493880 1566
1493890 1566
1493900 1563
1493910 1561
1493920 1561
1493930 1558
1493940 1554
1493950 1549
1493960 1549
1493970 1543
1493980 1537
1493990 1537
1494000 1532
1494010 1528
1494020 1528
1494030 1524
1494040 1520
1494050 1520
1494060 1515
1494070 1510
1494080 1510
1494090 1503
1494100 1496
1494110 1496
1494120 1487
1494130 1480
1494140 1480
1494150 1474
1494160 1469
1494170 1465
1494180 1465
1494190 1462
1494200 1457
1494210 1457
1494220 1454
1494230 1451
1494240 1451
1494250 1449
1494260 1448
1494270 1448
1494280 1447
1494290 1445
1494300 1445
1494310 1443
1494320 1440
1494330 1440
1494340 1438
1494350 1434
1494360 1428
1494370 1428
1494380 1420
1494390 1410
1494400 1410
1494410 1402
1494420 1402
1494430 1402
1494440 1406
1494450 1408
1494460 1408
1494470 1407
1494480 1406
1494490 1406
1494500 1404
1494510 1401
1494520 1401
1494530 1397
1494540 1394
1494550 1394
1494560 1390
1494570 1387
1494580 1383
1494590 1383
1494600 1379
1494610 1374
1494620 1374
1494630 1369
1494640 1364
1494650 1364
1494660 1360
1494670 1355
1494680 1355
1494690 1352
1494700 1349
1494710 1349
1494720 1343
1494730 1334
1494740 1334
1494750 1327
1494760 1321
1494770 1317
1494780 1317
1494790 1314
1494800 1312
1494810 1312
1494820 1310
1494830 1308
1494840 1308
1494850 1306
1494860 1304
1494870 1304
1494880 1303
1494890 1302
1494900 1302
1494910 1300
1494920 1299
1494930 1299
1494940 1298
1494950 1297
1494960 1297
1494970 1296
1494980 1294
1494990 1292
1495000 1292
1495010 1290
1495020 1288
1495030 1288
1495040 1285
1495050 1282
1495060 1282
1495070 1279
1495080 1275
1495090 1275
1495100 1271
1495110 1268
1495120 1268
1495130 1265
1495140 1260
1495150 1260
1495160 1255
1495170 1252
1495180 1249
1495190 1249
1495200 1247
1495210 1244
1495220 1244
1495230 1240
1495240 1236
1495250 1236
1495260 1229
1495270 1218
1495280 1218
1495290 1206
1495300 1196
1495310 1196
1495320 1190
1495330 1188
1495340 1188
1495350 1186
1495360 1182
1495370 1182
1495380 1176
1495390 1169
1495400 1158
1495410 1158
1495420 1142
1495430 1139
1495440 1139
1495450 1135
1495460 1130
1495470 1130
1495480 1125
1495490 1120
1495500 1120
1495510 1115
1495520 1109
1495530 1109
1495540 1101
1495550 1083
1495560 1083
1495570 1070
1495580 1065
1495590 1061
1495600 1061
1495610 1056
1495620 1049
1495630 1049
1495640 1044
1495650 1038
1495660 1038
1495670 1029
1495680 1018
1495690 1018
1495700 1012
1495710 1007
1495720 1007
1495730 1002
1495740 994
1495750 994
1495760 980
1495770 967
1495780 967
1495790 956
1495800 944
1495810 936
1495820 936
1495830 930
1495840 924
1495850 924
1495860 917
1495870 911
1495880 911
1495890 907
1495900 904
1495910 904
1495920 901
1495930 899
1495940 899
1495950 898
1495960 898
1495970 898
1495980 898
1495990 898
1496000 897
1496010 897
1496020 896
1496030 896
1496040 896
1496050 896
1496060 896
1496070 896
1496080 897
1496090 899
1496100 899
1496110 899
1496120 900
1496130 900
1496140 900
1496150 902
1496160 902
1496170 902
1496180 902
1496190 902
1496200 904
1496210 911
1496220 918
1496230 918
1496240 921
1496250 923
1496260 923
1496270 924
1496280 926
1496290 926
1496300 925
1496310 928
1496320 928
1496330 932
1496340 932
1496350 932
1496360 934
1496370 935
1496380 935
1496390 935
1496400 937
1496410 938
1496420 938
1496430 939
1496440 940
1496450 940
1496460 942
1496470 949
1496480 949
1496490 964
1496500 975
1496510 975
1496520 981
1496530 986
1496540 986
1496550 992
1496560 999
1496570 999
1496580 1005
1496590 1011
1496600 1011
1496610 1018
1496620 1023
1496630 1027
1496640 1027
1496650 1032
1496660 1038
1496670 1038
1496680 1044
1496690 1049
1496700 1049
1496710 1054
1496720 1058
1496730 1058
1496740 1062
1496750 1067
1496760 1067
1496770 1073
1496780 1080
1496790 1080
1496800 1086
1496810 1090
1496820 1097
1496830 1097
1496840 1103
1496850 1109
1496860 1109
1496870 1115
1496880 1120
1496890 1120
1496900 1125
1496910 1131
1496920 1131
1496930 1136
1496940 1142
1496950 1142
1496960 1143
1496970 1147
1496980 1147
1496990 1153
1497000 1159
1497010 1159
1497020 1165
1497030 1170
1497040 1176
1497050 1176
1497060 1182
1497070 1188
1497080 1188
1497090 1193
1497100 1199
1497110 1199
1497120 1204
1497130 1209
1497140 1209
1497150 1213
1497160 1219
1497170 1219
1497180 1225
1497190 1231
1497200 1231
1497210 1238
1497220 1243
1497230 1243
1497240 1250
1497250 1257
1497260 1273
1497270 1273
1497280 1280
1497290 1284
1497300 1284
1497310 1286
1497320 1288
1497330 1288
1497340 1293
1497350 1297
1497360 1297
1497370 1302
1497380 1306
1497390 1306
1497400 1312
1497410 1318
1497420 1318
1497430 1324
1497440 1331
1497450 1340
1497460 1340
1497470 1347
1497480 1354
1497490 1354
1497500 1360
1497510 1366
1497520 1366
1497530 1372
1497540 1381
1497550 1381
1497560 1397
1497570 1406
1497580 1406
1497590 1414
1497600 1420
1497610 1420
1497620 1423
1497630 1426
1497640 1426
1497650 1429
1497660 1434
1497670 1436
1497680 1436
1497690 1439
1497700 1444
1497710 1444
1497720 1448
1497730 1453
1497740 1453
1497750 1459
1497760 1470
1497770 1470
1497780 1474
1497790 1473
1497800 1473
1497810 1471
1497820 1483
1497830 1483
1497840 1498
1497850 1512
1497860 1523
1497870 1523
1497880 1532
1497890 1539
1497900 1539
1497910 1545
1497920 1549
1497930 1549
1497940 1554
1497950 1558
1497960 1558
1497970 1562
1497980 1566
1497990 1566
1498000 1570
1498010 1575
1498020 1575
1498030 1580
1498040 1589
1498050 1589
1498060 1600
1498070 1607
1498080 1615
1498090 1615
1498100 1622
1498110 1630
1498120 1630
1498130 1635
1498140 1636
1498150 1636
1498160 1642
1498170 1651
1498180 1651
1498190 1662
1498200 1670
1498210 1670
1498220 1678
1498230 1686
1498240 1686
1498250 1692
1498260 1695
1498270 1697
1498280 1697
1498290 1699
1498300 1704
1498310 1704
1498320 1713
1498330 1721
1498340 1721
1498350 1734
1498360 1748
1498370 1748
1498380 1759
1498390 1767
1498400 1767
1498410 1775
1498420 1786
1498430 1786
1498440 1793
1498450 1799
1498460 1799
1498470 1804
1498480 1810
1498490 1816
1498500 1816
1498510 1822
1498520 1828
1498530 1828
1498540 1835
1498550 1842
1498560 1842
1498570 1849
1498580 1857
1498590 1857
1498600 1865
1498610 1873
1498620 1873
1498630 1881
1498640 1889
1498650 1889
1498660 1898
1498670 1905
1498680 1914
1498690 1914
1498700 1922
1498710 1931
1498720 1931
1498730 1939
1498740 1948
1498750 1948
1498760 1955
1498770 1962
1498780 1962
1498790 1970
1498800 1978
1498810 1978
1498820 1985
1498830 1989
1498840 1989
1498850 1995
1498860 2000
1498870 2000
1498880 2004
1498890 2008
1498900 2012
1498910 2012
1498920 2015
1498930 2017
1498940 2017
1498950 2019
1498960 2021
1498970 2021
1498980 2022
1498990 2023
1499000 2023
1499010 2025
1499020 2027
1499030 2027
1499040 2029
1499050 2033
1499060 2033
1499070 2037
1499080 2042
1499090 2048
1499100 2048
1499110 2053
1499120 2059
1499130 2059
1499140 2065
1499150 2071
1499160 2071
1499170 2076
1499180 2083
1499190 2083
1499200 2093
1499210 2101
1499220 2101
1499230 2109
1499240 2117
1499250 2117
1499260 2123
1499270 2127
1499280 2127
1499290 2138
1499300 2149
1499310 2157
1499320 2157
1499330 2164
1499340 2171
1499350 2171
1499360 2178
1499370 2187
1499380 2187
1499390 2196
1499400 2203
1499410 2203
1499420 2211
1499430 2219
1499440 2219
1499450 2227
1499460 2233
1499470 2233
1499480 2240
1499490 2246
1499500 2246
1499510 2246
1499520 2242
1499530 2238
1499540 2238
1499550 2232
1499560 2227
1499570 2227
1499580 2221
1499590 2215
1499600 2215
1499610 2209
1499620 2203
1499630 2203
1499640 2197
1499650 2190
1499660 2190
1499670 2184
1499680 2178
1499690 2178
1499700 2173
1499710 2169
1499720 2165
1499730 2165
1499740 2160
1499750 2154
1499760 2154
1499770 2147
1499780 2140
1499790 2140
1499800 2134
1499810 2128
1499820 2128
1499830 2123
1499840 2117
1499850 2117
1499860 2111
1499870 2107
1499880 2107
1499890 2103
1499900 2100
1499910 2099
1499920 2099
1499930 2099
1499940 2098
1499950 2098
1499960 2095
1499970 2092
1499980 2092
1499990 2087
