1480000 2407
1480010 2402
1480020 2402
1480030 2400
1480040 2402
1480050 2402
1480060 2403
1480070 2403
1480080 2403
1480090 2403
1480100 2402
1480110 2402
1480120 2396
1480130 2390
1480140 2385
1480150 2385
1480160 2380
1480170 2375
1480180 2375
1480190 2369
1480200 2362
1480210 2362
1480220 2356
1480230 2350
1480240 2350
1480250 2345
1480260 2340
1480270 2340
1480280 2335
1480290 2332
1480300 2332
1480310 2328
1480320 2323
1480330 2323
1480340 2318
1480350 2314
1480360 2310
1480370 2310
1480380 2305
1480390 2301
1480400 2301
1480410 2295
1480420 2291
1480430 2291
1480440 2286
1480450 2282
1480460 2282
1480470 2279
1480480 2278
1480490 2278
1480500 2276
1480510 2277
1480520 2277
1480530 2278
1480540 2279
1480550 2280
1480560 2280
1480570 2281
1480580 2284
1480590 2284
1480600 2285
1480610 2282
1480620 2282
1480630 2279
1480640 2274
1480650 2274
1480660 2270
1480670 2266
1480680 2266
1480690 2263
1480700 2263
1480710 2263
1480720 2261
1480730 2262
1480740 2262
1480750 2260
1480760 2259
1480770 2258
1480780 2258
1480790 2258
1480800 2257
1480810 2257
1480820 2256
1480830 2256
1480840 2256
1480850 2255
1480860 2255
1480870 2255
1480880 2256
1480890 2258
1480900 2258
1480910 2261
1480920 2262
1480930 2262
1480940 2263
1480950 2265
1480960 2267
1480970 2267
1480980 2270
1480990 2273
1481000 2273
1481010 2276
1481020 2280
1481030 2280
1481040 2283
1481050 2287
1481060 2287
1481070 2293
1481080 2294
1481090 2294
1481100 2292
1481110 2288
1481120 2288
1481130 2286
1481140 2285
1481150 2285
1481160 2283
1481170 2281
1481180 2280
1481190 2280
1481200 2278
1481210 2278
1481220 2278
1481230 2276
1481240 2274
1481250 2274
1481260 2273
1481270 2274
1481280 2274
1481290 2276
1481300 2279
1481310 2279
1481320 2283
1481330 2285
1481340 2285
1481350 2287
1481360 2288
1481370 2288
1481380 2291
1481390 2296
1481400 2299
1481410 2299
1481420 2301
1481430 2302
1481440 2302
1481450 2303
1481460 2304
1481470 2304
1481480 2306
1481490 2308
1481500 2308
1481510 2310
1481520 2311
1481530 2311
1481540 2312
1481550 2311
1481560 2311
1481570 2310
1481580 2308
1481590 2306
1481600 2306
1481610 2303
1481620 2302
1481630 2302
1481640 2301
1481650 2301
1481660 2301
1481670 2301
1481680 2301
1481690 2301
1481700 2302
1481710 2303
1481720 2303
1481730 2305
1481740 2305
1481750 2305
1481760 2308
1481770 2310
1481780 2310
1481790 2312
1481800 2313
1481810 2314
1481820 2314
1481830 2316
1481840 2318
1481850 2318
1481860 2323
1481870 2326
1481880 2326
1481890 2326
1481900 2326
1481910 2326
1481920 2329
1481930 2334
1481940 2334
1481950 2339
1481960 2345
1481970 2345
1481980 2350
1481990 2353
1482000 2353
1482010 2357
1482020 2361
1482030 2364
1482040 2364
1482050 2369
1482060 2373
1482070 2373
1482080 2379
1482090 2385
1482100 2385
1482110 2391
1482120 2396
1482130 2396
1482140 2401
1482150 2405
1482160 2405
1482170 2411
1482180 2418
1482190 2418
1482200 2428
1482210 2439
1482220 2449
1482230 2449
1482240 2459
1482250 2469
1482260 2469
1482270 2478
1482280 2487
1482290 2487
1482300 2494
1482310 2501
1482320 2501
1482330 2507
1482340 2512
1482350 2512
1482360 2517
1482370 2522
1482380 2522
1482390 2526
1482400 2532
1482410 2532
1482420 2537
1482430 2543
1482440 2549
1482450 2549
1482460 2555
1482470 2561
1482480 2561
1482490 2567
1482500 2573
1482510 2573
1482520 2579
1482530 2586
1482540 2586
1482550 2592
1482560 2599
1482570 2599
1482580 2605
1482590 2612
1482600 2612
1482610 2620
1482620 2627
1482630 2627
1482640 2632
1482650 2637
1482660 2641
1482670 2641
1482680 2645
1482690 2650
1482700 2650
1482710 2652
1482720 2653
1482730 2653
1482740 2655
1482750 2658
1482760 2658
1482770 2660
1482780 2662
1482790 2662
1482800 2663
1482810 2664
1482820 2664
1482830 2668
1482840 2672
1482850 2675
1482860 2675
1482870 2679
1482880 2682
1482890 2682
1482900 2685
1482910 2688
1482920 2688
1482930 2692
1482940 2697
1482950 2697
1482960 2701
1482970 2705
1482980 2705
1482990 2711
1483000 2715
1483010 2715
1483020 2720
1483030 2725
1483040 2725
1483050 2728
1483060 2731
1483070 2736
1483080 2736
1483090 2740
1483100 2745
1483110 2745
1483120 2749
1483130 2754
1483140 2754
1483150 2759
1483160 2765
1483170 2765
1483180 2769
1483190 2773
1483200 2773
1483210 2776
1483220 2779
1483230 2779
1483240 2783
1483250 2787
1483260 2787
1483270 2790
1483280 2793
1483290 2797
1483300 2797
1483310 2801
1483320 2803
1483330 2803
1483340 2804
1483350 2806
1483360 2806
1483370 2810
1483380 2813
1483390 2813
1483400 2816
1483410 2818
1483420 2818
1483430 2821
1483440 2824
1483450 2824
1483460 2827
1483470 2832
1483480 2837
1483490 2837
1483500 2840
1483510 2840
1483520 2840
1483530 2841
1483540 2842
1483550 2842
1483560 2845
1483570 2848
1483580 2848
1483590 2852
1483600 2856
1483610 2856
1483620 2858
1483630 2862
1483640 2862
1483650 2865
1483660 2868
1483670 2868
1483680 2873
1483690 2877
1483700 2881
1483710 2881
1483720 2885
1483730 2890
1483740 2890
1483750 2894
1483760 2897
1483770 2897
1483780 2900
1483790 2904
1483800 2904
1483810 2907
1483820 2910
1483830 2910
1483840 2915
1483850 2920
1483860 2920
1483870 2924
1483880 2925
1483890 2928
1483900 2928
1483910 2932
1483920 2935
1483930 2935
1483940 2939
1483950 2943
1483960 2943
1483970 2947
1483980 2951
1483990 2951
1484000 2956
1484010 2961
1484020 2961
1484030 2967
1484040 2973
1484050 2973
1484060 2980
1484070 2987
1484080 2987
1484090 2997
1484100 3018
1484110 3035
1484120 3035
1484130 3045
1484140 3038
1484150 3038
1484160 3026
1484170 3015
1484180 3015
1484190 3000
1484200 2987
1484210 2987
1484220 2978
1484230 2972
1484240 2972
1484250 2963
1484260 2955
1484270 2955
1484280 2949
1484290 2944
1484300 2944
1484310 2943
1484320 2941
1484330 2933
1484340 2933
1484350 2926
1484360 2918
1484370 2918
1484380 2910
1484390 2902
1484400 2902
1484410 2897
1484420 2891
1484430 2891
1484440 2885
1484450 2880
1484460 2880
1484470 2874
1484480 2869
1484490 2869
1484500 2863
1484510 2857
1484520 2849
1484530 2849
1484540 2842
1484550 2835
1484560 2835
1484570 2829
1484580 2825
1484590 2825
1484600 2822
1484610 2819
1484620 2819
1484630 2817
1484640 2815
1484650 2815
1484660 2813
1484670 2812
1484680 2812
1484690 2811
1484700 2811
1484710 2811
1484720 2811
1484730 2813
1484740 2814
1484750 2814
1484760 2815
1484770 2815
1484780 2815
1484790 2815
1484800 2814
1484810 2814
1484820 2811
1484830 2809
1484840 2809
1484850 2807
1484860 2803
1484870 2803
1484880 2800
1484890 2799
1484900 2799
1484910 2799
1484920 2799
1484930 2799
1484940 2796
1484950 2791
1484960 2785
1484970 2785
1484980 2782
1484990 2782
1485000 2782
1485010 2783
1485020 2783
1485030 2783
1485040 2781
1485050 2780
1485060 2780
1485070 2782
1485080 2787
1485090 2787
1485100 2792
1485110 2797
1485120 2797
1485130 2803
1485140 2809
1485150 2816
1485160 2816
1485170 2820
1485180 2821
1485190 2821
1485200 2813
1485210 2796
1485220 2796
1485230 2780
1485240 2763
1485250 2763
1485260 2750
1485270 2736
1485280 2736
1485290 2723
1485300 2710
1485310 2710
1485320 2701
1485330 2693
1485340 2693
1485350 2685
1485360 2678
1485370 2675
1485380 2675
1485390 2672
1485400 2664
1485410 2664
1485420 2654
1485430 2642
1485440 2642
1485450 2631
1485460 2617
1485470 2617
1485480 2608
1485490 2599
1485500 2599
1485510 2590
1485520 2582
1485530 2582
1485540 2575
1485550 2568
1485560 2568
1485570 2561
1485580 2554
1485590 2547
1485600 2547
1485610 2541
1485620 2535
1485630 2535
1485640 2529
1485650 2524
1485660 2524
1485670 2517
1485680 2511
1485690 2511
1485700 2504
1485710 2497
1485720 2497
1485730 2490
1485740 2482
1485750 2482
1485760 2475
1485770 2468
1485780 2462
1485790 2462
1485800 2457
1485810 2452
1485820 2452
1485830 2447
1485840 2442
1485850 2442
1485860 2439
1485870 2437
1485880 2437
1485890 2434
1485900 2429
1485910 2429
1485920 2425
1485930 2421
1485940 2421
1485950 2418
1485960 2417
1485970 2417
1485980 2420
1485990 2422
1486000 2421
1486010 2421
1486020 2418
1486030 2416
1486040 2416
1486050 2413
1486060 2411
1486070 2411
1486080 2412
1486090 2409
1486100 2409
1486110 2405
1486120 2403
1486130 2403
1486140 2404
1486150 2404
1486160 2404
1486170 2405
1486180 2405
1486190 2405
1486200 2405
1486210 2403
1486220 2402
1486230 2402
1486240 2402
1486250 2402
1486260 2402
1486270 2401
1486280 2399
1486290 2399
1486300 2397
1486310 2394
1486320 2394
1486330 2390
1486340 2386
1486350 2386
1486360 2383
1486370 2379
1486380 2379
1486390 2374
1486400 2368
1486410 2364
1486420 2364
1486430 2363
1486440 2364
1486450 2364
1486460 2363
1486470 2360
1486480 2360
1486490 2355
1486500 2351
1486510 2351
1486520 2346
1486530 2343
1486540 2343
1486550 2343
1486560 2341
1486570 2341
1486580 2338
1486590 2337
1486600 2337
1486610 2333
1486620 2328
1486630 2322
1486640 2322
1486650 2315
1486660 2309
1486670 2309
1486680 2300
1486690 2291
1486700 2291
1486710 2285
1486720 2283
1486730 2283
1486740 2283
1486750 2284
1486760 2284
1486770 2282
1486780 2279
1486790 2279
1486800 2276
1486810 2273
1486820 2269
1486830 2269
1486840 2266
1486850 2263
1486860 2263
1486870 2260
1486880 2256
1486890 2256
1486900 2252
1486910 2249
1486920 2249
1486930 2244
1486940 2242
1486950 2242
1486960 2241
1486970 2239
1486980 2239
1486990 2238
1487000 2236
1487010 2236
1487020 2234
1487030 2231
1487040 2228
1487050 2228
1487060 2226
1487070 2222
1487080 2222
1487090 2218
1487100 2213
1487110 2213
1487120 2208
1487130 2203
1487140 2203
1487150 2199
1487160 2196
1487170 2196
1487180 2192
1487190 2189
1487200 2189
1487210 2187
1487220 2185
1487230 2185
1487240 2184
1487250 2178
1487260 2174
1487270 2174
1487280 2170
1487290 2165
1487300 2165
1487310 2161
1487320 2156
1487330 2156
1487340 2151
1487350 2146
1487360 2146
1487370 2143
1487380 2140
1487390 2140
1487400 2137
1487410 2132
1487420 2132
1487430 2130
1487440 2129
1487450 2128
1487460 2128
1487470 2126
1487480 2124
1487490 2124
1487500 2120
1487510 2116
1487520 2116
1487530 2111
1487540 2107
1487550 2107
1487560 2103
1487570 2101
1487580 2101
1487590 2099
1487600 2097
1487610 2097
1487620 2095
1487630 2093
1487640 2093
1487650 2092
1487660 2091
1487670 2088
1487680 2088
1487690 2084
1487700 2080
1487710 2080
1487720 2075
1487730 2070
1487740 2070
1487750 2065
1487760 2062
1487770 2062
1487780 2061
1487790 2059
1487800 2059
1487810 2056
1487820 2053
1487830 2053
1487840 2049
1487850 2046
1487860 2046
1487870 2043
1487880 2040
1487890 2038
1487900 2038
1487910 2036
1487920 2032
1487930 2032
1487940 2028
1487950 2026
1487960 2026
1487970 2024
1487980 2023
1487990 2023
1488000 2021
1488010 2019
1488020 2019
1488030 2017
1488040 2016
1488050 2016
1488060 2015
1488070 2015
1488080 2015
1488090 2015
1488100 2014
1488110 2013
1488120 2013
1488130 2011
1488140 2009
1488150 2009
1488160 2008
1488170 2008
1488180 2008
1488190 2008
1488200 2008
1488210 2008
1488220 2006
1488230 2004
1488240 2004
1488250 2003
1488260 2000
1488270 2000
1488280 1999
1488290 1996
1488300 1992
1488310 1992
1488320 1989
1488330 1987
1488340 1987
1488350 1984
1488360 1983
1488370 1983
1488380 1980
1488390 1975
1488400 1975
1488410 1969
1488420 1963
1488430 1963
1488440 1957
1488450 1950
1488460 1950
1488470 1943
1488480 1938
1488490 1938
1488500 1933
1488510 1929
1488520 1925
1488530 1925
1488540 1918
1488550 1909
1488560 1909
1488570 1900
1488580 1891
1488590 1891
1488600 1882
1488610 1870
1488620 1870
1488630 1862
1488640 1856
1488650 1856
1488660 1848
1488670 1843
1488680 1843
1488690 1839
1488700 1837
1488710 1835
1488720 1835
1488730 1834
1488740 1830
1488750 1830
1488760 1826
1488770 1821
1488780 1821
1488790 1816
1488800 1809
1488810 1809
1488820 1812
1488830 1813
1488840 1813
1488850 1811
1488860 1809
1488870 1809
1488880 1807
1488890 1805
1488900 1805
1488910 1805
1488920 1804
1488930 1803
1488940 1803
1488950 1802
1488960 1801
1488970 1801
1488980 1799
1488990 1797
1489000 1797
1489010 1798
1489020 1798
1489030 1798
1489040 1797
1489050 1795
1489060 1795
1489070 1794
1489080 1792
1489090 1792
1489100 1789
1489110 1784
1489120 1778
1489130 1778
1489140 1773
1489150 1768
1489160 1768
1489170 1766
1489180 1764
1489190 1764
1489200 1762
1489210 1760
1489220 1760
1489230 1757
1489240 1754
1489250 1754
1489260 1752
1489270 1749
1489280 1749
1489290 1744
1489300 1738
1489310 1738
1489320 1729
1489330 1718
1489340 1713
1489350 1713
1489360 1707
1489370 1701
1489380 1701
1489390 1693
1489400 1683
1489410 1683
1489420 1671
1489430 1658
1489440 1658
1489450 1648
1489460 1644
1489470 1644
1489480 1631
1489490 1617
1489500 1617
1489510 1612
1489520 1588
1489530 1588
1489540 1577
1489550 1570
1489560 1565
1489570 1565
1489580 1563
1489590 1557
1489600 1557
1489610 1543
1489620 1532
1489630 1532
1489640 1519
1489650 1504
1489660 1504
1489670 1500
1489680 1501
1489690 1501
1489700 1499
1489710 1491
1489720 1491
1489730 1488
1489740 1480
1489750 1469
1489760 1469
1489770 1458
1489780 1442
1489790 1442
1489800 1429
1489810 1418
1489820 1418
1489830 1412
1489840 1411
1489850 1411
1489860 1409
1489870 1406
1489880 1406
1489890 1403
1489900 1399
1489910 1399
1489920 1397
1489930 1396
1489940 1396
1489950 1394
1489960 1395
1489970 1394
1489980 1394
1489990 1392
1490000 1389
1490010 1389
1490020 1377
1490030 1362
1490040 1362
1490050 1359
1490060 1357
1490070 1357
1490080 1355
1490090 1355
1490100 1355
1490110 1350
1490120 1346
1490130 1346
1490140 1341
1490150 1338
1490160 1338
1490170 1334
1490180 1328
1490190 1323
1490200 1323
1490210 1317
1490220 1313
1490230 1313
1490240 1310
1490250 1307
1490260 1307
1490270 1304
1490280 1303
1490290 1303
1490300 1299
1490310 1296
1490320 1296
1490330 1293
1490340 1288
1490350 1288
1490360 1285
1490370 1283
1490380 1282
1490390 1282
1490400 1279
1490410 1276
1490420 1276
1490430 1274
1490440 1273
1490450 1273
1490460 1273
1490470 1274
1490480 1274
1490490 1273
1490500 1271
1490510 1271
1490520 1271
1490530 1275
1490540 1275
1490550 1279
1490560 1280
1490570 1280
1490580 1282
1490590 1285
1490600 1289
1490610 1289
1490620 1295
1490630 1300
1490640 1300
1490650 1304
1490660 1310
1490670 1310
1490680 1316
1490690 1322
1490700 1322
1490710 1328
1490720 1334
1490730 1334
1490740 1340
1490750 1346
1490760 1346
1490770 1354
1490780 1369
1490790 1369
1490800 1389
1490810 1405
1490820 1409
1490830 1409
1490840 1413
1490850 1419
1490860 1419
1490870 1425
1490880 1431
1490890 1431
1490900 1439
1490910 1449
1490920 1449
1490930 1463
1490940 1475
1490950 1475
1490960 1485
1490970 1495
1490980 1495
1490990 1505
1491000 1514
1491010 1523
1491020 1523
1491030 1528
1491040 1531
1491050 1531
1491060 1534
1491070 1537
1491080 1537
1491090 1539
1491100 1543
1491110 1543
1491120 1547
1491130 1550
1491140 1550
1491150 1553
1491160 1556
1491170 1556
1491180 1559
1491190 1560
1491200 1560
1491210 1562
1491220 1564
1491230 1565
1491240 1565
1491250 1566
1491260 1565
1491270 1565
1491280 1561
1491290 1553
1491300 1553
1491310 1522
1491320 1506
1491330 1506
1491340 1503
1491350 1505
1491360 1505
1491370 1507
1491380 1508
1491390 1508
1491400 1509
1491410 1514
1491420 1514
1491430 1523
1491440 1530
1491450 1532
1491460 1532
1491470 1529
1491480 1528
1491490 1528
1491500 1530
1491510 1531
1491520 1531
1491530 1535
1491540 1546
1491550 1546
1491560 1556
1491570 1558
1491580 1558
1491590 1558
1491600 1562
1491610 1562
1491620 1565
1491630 1569
1491640 1577
1491650 1577
1491660 1583
1491670 1584
1491680 1584
1491690 1582
1491700 1577
1491710 1577
1491720 1572
1491730 1573
1491740 1573
1491750 1574
1491760 1573
1491770 1573
1491780 1578
1491790 1582
1491800 1582
1491810 1580
1491820 1577
1491830 1577
1491840 1570
1491850 1566
1491860 1564
1491870 1564
1491880 1569
1491890 1575
1491900 1575
1491910 1579
1491920 1582
1491930 1582
1491940 1584
1491950 1584
1491960 1584
1491970 1586
1491980 1588
1491990 1588
1492000 1588
1492010 1590
1492020 1590
1492030 1593
1492040 1597
1492050 1601
1492060 1601
1492070 1605
1492080 1609
1492090 1609
1492100 1612
1492110 1616
1492120 1616
1492130 1621
1492140 1625
1492150 1625
1492160 1630
1492170 1634
1492180 1634
1492190 1639
1492200 1645
1492210 1645
1492220 1651
1492230 1654
1492240 1654
1492250 1658
1492260 1660
1492270 1664
1492280 1664
1492290 1671
1492300 1680
1492310 1680
1492320 1687
1492330 1693
1492340 1693
1492350 1698
1492360 1702
1492370 1702
1492380 1706
1492390 1708
1492400 1708
1492410 1713
1492420 1718
1492430 1718
1492440 1723
1492450 1728
1492460 1728
1492470 1733
1492480 1739
1492490 1742
1492500 1742
1492510 1743
1492520 1746
1492530 1746
1492540 1750
1492550 1754
1492560 1754
1492570 1759
1492580 1763
1492590 1763
1492600 1768
1492610 1770
1492620 1770
1492630 1771
1492640 1774
1492650 1774
1492660 1776
1492670 1780
1492680 1783
1492690 1783
1492700 1785
1492710 1786
1492720 1786
1492730 1789
1492740 1794
1492750 1794
1492760 1800
1492770 1805
1492780 1805
1492790 1808
1492800 1811
1492810 1811
1492820 1814
1492830 1816
1492840 1816
1492850 1820
1492860 1826
1492870 1826
1492880 1832
1492890 1838
1492900 1843
1492910 1843
1492920 1848
1492930 1854
1492940 1854
1492950 1859
1492960 1864
1492970 1864
1492980 1867
1492990 1869
1493000 1869
1493010 1874
1493020 1880
1493030 1880
1493040 1886
1493050 1891
1493060 1891
1493070 1896
1493080 1897
1493090 1897
1493100 1896
1493110 1895
1493120 1896
1493130 1896
1493140 1900
1493150 1904
1493160 1904
1493170 1908
1493180 1912
1493190 1912
1493200 1916
1493210 1920
1493220 1920
1493230 1924
1493240 1928
1493250 1928
1493260 1930
1493270 1933
1493280 1933
1493290 1937
1493300 1939
1493310 1942
1493320 1942
1493330 1944
1493340 1946
1493350 1946
1493360 1948
1493370 1950
1493380 1950
1493390 1951
1493400 1951
1493410 1951
1493420 1950
1493430 1951
1493440 1951
1493450 1953
1493460 1957
1493470 1957
1493480 1960
1493490 1963
1493500 1963
1493510 1967
1493520 1971
1493530 1975
1493540 1975
1493550 1978
1493560 1980
1493570 1980
1493580 1982
1493590 1983
1493600 1983
1493610 1985
1493620 1986
1493630 1986
1493640 1987
1493650 1989
1493660 1989
1493670 1991
1493680 1993
1493690 1993
1493700 1995
1493710 1998
1493720 1998
1493730 2000
1493740 2002
1493750 2004
1493760 2004
1493770 2006
1493780 2008
1493790 2008
1493800 2011
1493810 2016
1493820 2016
1493830 2021
1493840 2026
1493850 2026
1493860 2031
1493870 2034
1493880 2034
1493890 2036
1493900 2038
1493910 2038
1493920 2042
1493930 2046
1493940 2047
1493950 2047
1493960 2046
1493970 2047
1493980 2047
1493990 2049
1494000 2052
1494010 2052
1494020 2054
1494030 2054
1494040 2054
1494050 2051
1494060 2047
1494070 2047
1494080 2043
1494090 2039
1494100 2039
1494110 2037
1494120 2038
1494130 2038
1494140 2038
1494150 2038
1494160 2040
1494170 2040
1494180 2041
1494190 2043
1494200 2043
1494210 2044
1494220 2045
1494230 2045
1494240 2046
1494250 2047
1494260 2047
1494270 2048
1494280 2049
1494290 2049
1494300 2051
1494310 2053
1494320 2053
1494330 2055
1494340 2058
1494350 2058
1494360 2061
1494370 2065
1494380 2069
1494390 2069
1494400 2073
1494410 2077
1494420 2077
1494430 2081
1494440 2084
1494450 2084
1494460 2087
1494470 2091
1494480 2091
1494490 2094
1494500 2097
1494510 2097
1494520 2098
1494530 2101
1494540 2101
1494550 2107
1494560 2112
1494570 2115
1494580 2115
1494590 2119
1494600 2124
1494610 2124
1494620 2130
1494630 2137
1494640 2137
1494650 2145
1494660 2151
1494670 2151
1494680 2155
1494690 2157
1494700 2157
1494710 2161
1494720 2163
1494730 2163
1494740 2166
1494750 2172
1494760 2172
1494770 2178
1494780 2179
1494790 2181
1494800 2181
1494810 2187
1494820 2192
1494830 2192
1494840 2195
1494850 2200
1494860 2200
1494870 2204
1494880 2211
1494890 2211
1494900 2215
1494910 2216
1494920 2216
1494930 2215
1494940 2216
1494950 2216
1494960 2217
1494970 2219
1494980 2219
1494990 2219
1495000 2220
1495010 2219
1495020 2219
1495030 2217
1495040 2214
1495050 2214
1495060 2212
1495070 2212
1495080 2212
1495090 2212
1495100 2213
1495110 2213
1495120 2213
1495130 2212
1495140 2212
1495150 2211
1495160 2212
1495170 2212
1495180 2212
1495190 2213
1495200 2214
1495210 2214
1495220 2214
1495230 2213
1495240 2213
1495250 2212
1495260 2213
1495270 2213
1495280 2213
1495290 2214
1495300 2214
1495310 2216
1495320 2217
1495330 2217
1495340 2218
1495350 2217
1495360 2217
1495370 2215
1495380 2213
1495390 2213
1495400 2212
1495410 2211
1495420 2212
1495430 2212
1495440 2214
1495450 2216
1495460 2216
1495470 2217
1495480 2218
1495490 2218
1495500 2220
1495510 2223
1495520 2223
1495530 2226
1495540 2230
1495550 2230
1495560 2232
1495570 2233
1495580 2233
1495590 2235
1495600 2237
1495610 2239
1495620 2239
1495630 2242
1495640 2243
1495650 2243
1495660 2240
1495670 2236
1495680 2236
1495690 2235
1495700 2230
1495710 2230
1495720 2221
1495730 2206
1495740 2206
1495750 2199
1495760 2194
1495770 2194
1495780 2189
1495790 2186
1495800 2186
1495810 2183
1495820 2183
1495830 2185
1495840 2185
1495850 2188
1495860 2190
1495870 2190
1495880 2190
1495890 2183
1495900 2183
1495910 2158
1495920 2127
1495930 2127
1495940 2110
1495950 2101
1495960 2101
1495970 2093
1495980 2086
1495990 2086
1496000 2081
1496010 2077
1496020 2077
1496030 2072
1496040 2068
1496050 2064
1496060 2064
1496070 2061
1496080 2057
1496090 2057
1496100 2054
1496110 2051
1496120 2051
1496130 2048
1496140 2044
1496150 2044
1496160 2041
1496170 2039
1496180 2039
1496190 2037
1496200 2035
1496210 2035
1496220 2033
1496230 2031
1496240 2029
1496250 2029
1496260 2027
1496270 2026
1496280 2026
1496290 2026
1496300 2026
1496310 2026
1496320 2025
1496330 2024
1496340 2024
1496350 2022
1496360 2018
1496370 2018
1496380 2013
1496390 2008
1496400 2008
1496410 2002
1496420 1994
1496430 1994
1496440 1988
1496450 1983
1496460 1979
1496470 1979
1496480 1978
1496490 1978
1496500 1978
1496510 1978
1496520 1976
1496530 1976
1496540 1975
1496550 1972
1496560 1972
1496570 1969
1496580 1966
1496590 1966
1496600 1964
1496610 1960
1496620 1960
1496630 1952
1496640 1948
1496650 1948
1496660 1946
1496670 1941
1496680 1941
1496690 1941
1496700 1946
1496710 1950
1496720 1950
1496730 1954
1496740 1959
1496750 1959
1496760 1963
1496770 1967
1496780 1967
1496790 1970
1496800 1974
1496810 1974
1496820 1978
1496830 1981
1496840 1981
1496850 1985
1496860 1989
1496870 1990
1496880 1990
1496890 1991
1496900 1993
1496910 1993
1496920 1996
1496930 2000
1496940 2000
1496950 2002
1496960 2004
1496970 2004
1496980 2006
1496990 2008
1497000 2008
1497010 2012
1497020 2015
1497030 2015
1497040 2015
1497050 2019
1497060 2019
1497070 2024
1497080 2028
1497090 2032
1497100 2032
1497110 2035
1497120 2038
1497130 2038
1497140 2042
1497150 2047
1497160 2047
1497170 2052
1497180 2054
1497190 2054
1497200 2057
1497210 2064
1497220 2064
1497230 2073
1497240 2081
1497250 2081
1497260 2088
1497270 2102
1497280 2102
1497290 2125
1497300 2141
1497310 2146
1497320 2146
1497330 2151
1497340 2157
1497350 2157
1497360 2165
1497370 2172
1497380 2172
1497390 2179
1497400 2186
1497410 2186
1497420 2192
1497430 2199
1497440 2199
1497450 2206
1497460 2213
1497470 2213
1497480 2220
1497490 2226
1497500 2232
1497510 2232
1497520 2239
1497530 2246
1497540 2246
1497550 2253
1497560 2262
1497570 2262
1497580 2272
1497590 2281
1497600 2281
1497610 2288
1497620 2296
1497630 2296
1497640 2304
1497650 2313
1497660 2313
1497670 2324
1497680 2334
1497690 2334
1497700 2343
1497710 2350
1497720 2359
1497730 2359
1497740 2368
1497750 2376
1497760 2376
1497770 2384
1497780 2391
1497790 2391
1497800 2399
1497810 2406
1497820 2406
1497830 2414
1497840 2421
1497850 2421
1497860 2429
1497870 2436
1497880 2436
1497890 2444
1497900 2453
1497910 2453
1497920 2461
1497930 2468
1497940 2475
1497950 2475
1497960 2482
1497970 2490
1497980 2490
1497990 2498
1498000 2506
1498010 2506
1498020 2514
1498030 2521
1498040 2521
1498050 2529
1498060 2537
1498070 2537
1498080 2543
1498090 2548
1498100 2548
1498110 2554
1498120 2560
1498130 2566
1498140 2566
1498150 2573
1498160 2579
1498170 2579
1498180 2584
1498190 2589
1498200 2589
1498210 2593
1498220 2599
1498230 2599
1498240 2605
1498250 2611
1498260 2611
1498270 2616
1498280 2621
1498290 2621
1498300 2628
1498310 2636
1498320 2636
1498330 2644
1498340 2651
1498350 2660
1498360 2660
1498370 2672
1498380 2679
1498390 2679
1498400 2689
1498410 2691
1498420 2691
1498430 2691
1498440 2689
1498450 2689
1498460 2687
1498470 2686
1498480 2686
1498490 2683
1498500 2681
1498510 2681
1498520 2680
1498530 2679
1498540 2678
1498550 2678
1498560 2678
1498570 2677
1498580 2677
1498590 2677
1498600 2678
1498610 2678
1498620 2679
1498630 2681
1498640 2681
1498650 2682
1498660 2683
1498670 2683
1498680 2685
1498690 2687
1498700 2687
1498710 2690
1498720 2693
1498730 2693
1498740 2696
1498750 2699
1498760 2703
1498770 2703
1498780 2707
1498790 2713
1498800 2713
1498810 2719
1498820 2724
1498830 2724
1498840 2728
1498850 2731
1498860 2731
1498870 2734
1498880 2738
1498890 2738
1498900 2743
1498910 2750
1498920 2750
1498930 2756
1498940 2762
1498950 2762
1498960 2771
1498970 2778
1498980 2784
1498990 2784
1499000 2792
1499010 2801
1499020 2801
1499030 2809
1499040 2813
1499050 2813
1499060 2819
1499070 2827
1499080 2827
1499090 2836
1499100 2844
1499110 2844
1499120 2853
1499130 2857
1499140 2857
1499150 2850
1499160 2840
1499170 2831
1499180 2831
1499190 2824
1499200 2818
1499210 2818
1499220 2817
1499230 2820
1499240 2820
1499250 2821
1499260 2819
1499270 2819
1499280 2811
1499290 2805
1499300 2805
1499310 2802
1499320 2793
1499330 2793
1499340 2785
1499350 2778
1499360 2778
1499370 2770
1499380 2765
1499390 2766
1499400 2766
1499410 2760
1499420 2753
1499430 2753
1499440 2751
1499450 2747
1499460 2747
1499470 2742
1499480 2736
1499490 2736
1499500 2731
1499510 2726
1499520 2726
1499530 2721
1499540 2718
1499550 2718
1499560 2714
1499570 2711
1499580 2711
1499590 2708
1499600 2705
1499610 2702
1499620 2702
1499630 2699
1499640 2696
1499650 2696
1499660 2693
1499670 2690
1499680 2690
1499690 2687
1499700 2684
1499710 2684
1499720 2680
1499730 2676
1499740 2676
1499750 2672
1499760 2670
1499770 2670
1499780 2668
1499790 2667
1499800 2665
1499810 2665
1499820 2664
1499830 2663
1499840 2663
1499850 2663
1499860 2663
1499870 2663
1499880 2663
1499890 2664
1499900 2664
1499910 2666
1499920 2667
1499930 2667
1499940 2665
1499950 2662
1499960 2662
1499970 2659
1499980 2654
1499990 2654
