1480000 2438
1480010 2435
1480020 2435
1480030 2432
1480040 2429
1480050 2429
1480060 2425
1480070 2422
1480080 2422
1480090 2421
1480100 2420
1480110 2420
1480120 2419
1480130 2417
1480140 2413
1480150 2413
1480160 2412
1480170 2411
1480180 2411
1480190 2408
1480200 2404
1480210 2404
1480220 2398
1480230 2393
1480240 2393
1480250 2387
1480260 2382
1480270 2382
1480280 2376
1480290 2371
1480300 2371
1480310 2368
1480320 2366
1480330 2366
1480340 2362
1480350 2358
1480360 2357
1480370 2357
1480380 2357
1480390 2354
1480400 2354
1480410 2354
1480420 2354
1480430 2354
1480440 2353
1480450 2353
1480460 2353
1480470 2353
1480480 2353
1480490 2353
1480500 2355
1480510 2355
1480520 2355
1480530 2351
1480540 2346
1480550 2343
1480560 2343
1480570 2341
1480580 2338
1480590 2338
1480600 2335
1480610 2332
1480620 2332
1480630 2329
1480640 2327
1480650 2327
1480660 2326
1480670 2327
1480680 2327
1480690 2327
1480700 2328
1480710 2328
1480720 2330
1480730 2333
1480740 2333
1480750 2332
1480760 2333
1480770 2334
1480780 2334
1480790 2336
1480800 2336
1480810 2336
1480820 2335
1480830 2334
1480840 2334
1480850 2332
1480860 2336
1480870 2336
1480880 2338
1480890 2337
1480900 2337
1480910 2334
1480920 2334
1480930 2334
1480940 2332
1480950 2331
1480960 2331
1480970 2331
1480980 2333
1480990 2334
1481000 2334
1481010 2334
1481020 2334
1481030 2334
1481040 2336
1481050 2339
1481060 2339
1481070 2340
1481080 2342
1481090 2342
1481100 2345
1481110 2348
1481120 2348
1481130 2352
1481140 2355
1481150 2355
1481160 2357
1481170 2359
1481180 2362
1481190 2362
1481200 2366
1481210 2370
1481220 2370
1481230 2375
1481240 2381
1481250 2381
1481260 2390
1481270 2398
1481280 2398
1481290 2402
1481300 2404
1481310 2404
1481320 2406
1481330 2406
1481340 2406
1481350 2408
1481360 2408
1481370 2408
1481380 2407
1481390 2403
1481400 2401
1481410 2401
1481420 2402
1481430 2402
1481440 2402
1481450 2401
1481460 2398
1481470 2398
1481480 2395
1481490 2391
1481500 2391
1481510 2386
1481520 2382
1481530 2382
1481540 2379
1481550 2376
1481560 2376
1481570 2373
1481580 2373
1481590 2373
1481600 2371
1481610 2369
1481620 2366
1481630 2366
1481640 2364
1481650 2363
1481660 2363
1481670 2362
1481680 2362
1481690 2362
1481700 2364
1481710 2367
1481720 2367
1481730 2370
1481740 2373
1481750 2373
1481760 2376
1481770 2376
1481780 2376
1481790 2373
1481800 2372
1481810 2370
1481820 2370
1481830 2370
1481840 2369
1481850 2369
1481860 2369
1481870 2368
1481880 2368
1481890 2366
1481900 2366
1481910 2366
1481920 2364
1481930 2363
1481940 2363
1481950 2364
1481960 2364
1481970 2364
1481980 2366
1481990 2371
1482000 2371
1482010 2374
1482020 2376
1482030 2376
1482040 2376
1482050 2374
1482060 2374
1482070 2374
1482080 2376
1482090 2381
1482100 2381
1482110 2386
1482120 2391
1482130 2391
1482140 2396
1482150 2399
1482160 2399
1482170 2403
1482180 2406
1482190 2406
1482200 2409
1482210 2411
1482220 2413
1482230 2413
1482240 2417
1482250 2423
1482260 2423
1482270 2430
1482280 2436
1482290 2436
1482300 2441
1482310 2453
1482320 2453
1482330 2476
1482340 2496
1482350 2496
1482360 2511
1482370 2523
1482380 2523
1482390 2531
1482400 2537
1482410 2537
1482420 2542
1482430 2547
1482440 2553
1482450 2553
1482460 2558
1482470 2563
1482480 2563
1482490 2567
1482500 2571
1482510 2571
1482520 2575
1482530 2579
1482540 2579
1482550 2583
1482560 2587
1482570 2587
1482580 2591
1482590 2595
1482600 2595
1482610 2598
1482620 2602
1482630 2602
1482640 2605
1482650 2609
1482660 2614
1482670 2614
1482680 2621
1482690 2627
1482700 2627
1482710 2632
1482720 2635
1482730 2635
1482740 2637
1482750 2640
1482760 2640
1482770 2643
1482780 2644
1482790 2644
1482800 2647
1482810 2651
1482820 2651
1482830 2653
1482840 2654
1482850 2657
1482860 2657
1482870 2660
1482880 2663
1482890 2663
1482900 2667
1482910 2670
1482920 2670
1482930 2673
1482940 2677
1482950 2677
1482960 2681
1482970 2686
1482980 2686
1482990 2691
1483000 2695
1483010 2695
1483020 2696
1483030 2698
1483040 2698
1483050 2698
1483060 2700
1483070 2701
1483080 2701
1483090 2704
1483100 2707
1483110 2707
1483120 2712
1483130 2716
1483140 2716
1483150 2720
1483160 2724
1483170 2724
1483180 2727
1483190 2730
1483200 2730
1483210 2734
1483220 2739
1483230 2739
1483240 2743
1483250 2745
1483260 2745
1483270 2747
1483280 2750
1483290 2755
1483300 2755
1483310 2759
1483320 2765
1483330 2765
1483340 2772
1483350 2779
1483360 2779
1483370 2784
1483380 2788
1483390 2788
1483400 2793
1483410 2797
1483420 2797
1483430 2801
1483440 2806
1483450 2806
1483460 2811
1483470 2818
1483480 2826
1483490 2826
1483500 2833
1483510 2838
1483520 2838
1483530 2843
1483540 2848
1483550 2848
1483560 2853
1483570 2856
1483580 2856
1483590 2861
1483600 2866
1483610 2866
1483620 2870
1483630 2873
1483640 2873
1483650 2877
1483660 2881
1483670 2881
1483680 2883
1483690 2885
1483700 2888
1483710 2888
1483720 2890
1483730 2891
1483740 2891
1483750 2894
1483760 2897
1483770 2897
1483780 2900
1483790 2903
1483800 2903
1483810 2907
1483820 2910
1483830 2910
1483840 2913
1483850 2916
1483860 2916
1483870 2919
1483880 2922
1483890 2925
1483900 2925
1483910 2928
1483920 2930
1483930 2930
1483940 2933
1483950 2936
1483960 2936
1483970 2938
1483980 2941
1483990 2941
1484000 2943
1484010 2945
1484020 2945
1484030 2948
1484040 2952
1484050 2952
1484060 2957
1484070 2962
1484080 2962
1484090 2967
1484100 2971
1484110 2976
1484120 2976
1484130 2980
1484140 2984
1484150 2984
1484160 2990
1484170 2996
1484180 2996
1484190 3002
1484200 3008
1484210 3008
1484220 3014
1484230 3021
1484240 3021
1484250 3028
1484260 3035
1484270 3035
1484280 3039
1484290 3028
1484300 3028
1484310 3004
1484320 2984
1484330 2971
1484340 2971
1484350 2958
1484360 2949
1484370 2949
1484380 2943
1484390 2934
1484400 2934
1484410 2926
1484420 2919
1484430 2919
1484440 2912
1484450 2906
1484460 2906
1484470 2900
1484480 2893
1484490 2893
1484500 2888
1484510 2882
1484520 2879
1484530 2879
1484540 2877
1484550 2873
1484560 2873
1484570 2869
1484580 2863
1484590 2863
1484600 2859
1484610 2853
1484620 2853
1484630 2849
1484640 2846
1484650 2846
1484660 2842
1484670 2838
1484680 2838
1484690 2834
1484700 2828
1484710 2828
1484720 2821
1484730 2816
1484740 2812
1484750 2812
1484760 2808
1484770 2805
1484780 2805
1484790 2800
1484800 2796
1484810 2796
1484820 2793
1484830 2791
1484840 2791
1484850 2790
1484860 2791
1484870 2791
1484880 2791
1484890 2788
1484900 2788
1484910 2782
1484920 2776
1484930 2776
1484940 2772
1484950 2767
1484960 2763
1484970 2763
1484980 2760
1484990 2756
1485000 2756
1485010 2753
1485020 2751
1485030 2751
1485040 2749
1485050 2750
1485060 2750
1485070 2750
1485080 2751
1485090 2751
1485100 2748
1485110 2745
1485120 2745
1485130 2740
1485140 2736
1485150 2735
1485160 2735
1485170 2734
1485180 2733
1485190 2733
1485200 2732
1485210 2734
1485220 2734
1485230 2739
1485240 2744
1485250 2744
1485260 2749
1485270 2753
1485280 2753
1485290 2755
1485300 2757
1485310 2757
1485320 2761
1485330 2765
1485340 2765
1485350 2764
1485360 2758
1485370 2743
1485380 2743
1485390 2730
1485400 2720
1485410 2720
1485420 2714
1485430 2711
1485440 2711
1485450 2706
1485460 2701
1485470 2701
1485480 2693
1485490 2682
1485500 2682
1485510 2674
1485520 2665
1485530 2665
1485540 2656
1485550 2647
1485560 2647
1485570 2637
1485580 2621
1485590 2606
1485600 2606
1485610 2595
1485620 2587
1485630 2587
1485640 2581
1485650 2573
1485660 2573
1485670 2566
1485680 2559
1485690 2559
1485700 2552
1485710 2545
1485720 2545
1485730 2538
1485740 2533
1485750 2533
1485760 2527
1485770 2524
1485780 2520
1485790 2520
1485800 2515
1485810 2510
1485820 2510
1485830 2505
1485840 2499
1485850 2499
1485860 2494
1485870 2489
1485880 2489
1485890 2484
1485900 2479
1485910 2479
1485920 2474
1485930 2469
1485940 2469
1485950 2464
1485960 2459
1485970 2459
1485980 2453
1485990 2447
1486000 2442
1486010 2442
1486020 2437
1486030 2433
1486040 2433
1486050 2429
1486060 2425
1486070 2425
1486080 2422
1486090 2417
1486100 2417
1486110 2412
1486120 2407
1486130 2407
1486140 2402
1486150 2398
1486160 2398
1486170 2396
1486180 2394
1486190 2390
1486200 2390
1486210 2387
1486220 2385
1486230 2385
1486240 2381
1486250 2376
1486260 2376
1486270 2372
1486280 2369
1486290 2369
1486300 2366
1486310 2365
1486320 2365
1486330 2364
1486340 2362
1486350 2362
1486360 2362
1486370 2362
1486380 2362
1486390 2360
1486400 2357
1486410 2356
1486420 2356
1486430 2354
1486440 2352
1486450 2352
1486460 2350
1486470 2349
1486480 2349
1486490 2349
1486500 2350
1486510 2350
1486520 2350
1486530 2352
1486540 2352
1486550 2353
1486560 2353
1486570 2353
1486580 2353
1486590 2351
1486600 2351
1486610 2349
1486620 2346
1486630 2342
1486640 2342
1486650 2337
1486660 2330
1486670 2330
1486680 2324
1486690 2320
1486700 2320
1486710 2318
1486720 2315
1486730 2315
1486740 2309
1486750 2303
1486760 2303
1486770 2299
1486780 2296
1486790 2296
1486800 2293
1486810 2291
1486820 2289
1486830 2289
1486840 2284
1486850 2280
1486860 2280
1486870 2278
1486880 2277
1486890 2277
1486900 2275
1486910 2272
1486920 2272
1486930 2269
1486940 2265
1486950 2265
1486960 2263
1486970 2261
1486980 2261
1486990 2259
1487000 2258
1487010 2258
1487020 2255
1487030 2250
1487040 2246
1487050 2246
1487060 2242
1487070 2237
1487080 2237
1487090 2234
1487100 2231
1487110 2231
1487120 2229
1487130 2227
1487140 2227
1487150 2225
1487160 2224
1487170 2224
1487180 2221
1487190 2218
1487200 2218
1487210 2216
1487220 2213
1487230 2213
1487240 2210
1487250 2207
1487260 2204
1487270 2204
1487280 2203
1487290 2202
1487300 2202
1487310 2199
1487320 2197
1487330 2197
1487340 2194
1487350 2193
1487360 2193
1487370 2191
1487380 2189
1487390 2189
1487400 2189
1487410 2187
1487420 2187
1487430 2183
1487440 2177
1487450 2174
1487460 2174
1487470 2172
1487480 2170
1487490 2170
1487500 2167
1487510 2164
1487520 2164
1487530 2162
1487540 2160
1487550 2160
1487560 2157
1487570 2155
1487580 2155
1487590 2152
1487600 2148
1487610 2148
1487620 2144
1487630 2144
1487640 2144
1487650 2142
1487660 2141
1487670 2139
1487680 2139
1487690 2135
1487700 2132
1487710 2132
1487720 2129
1487730 2125
1487740 2125
1487750 2124
1487760 2121
1487770 2121
1487780 2119
1487790 2114
1487800 2114
1487810 2111
1487820 2108
1487830 2108
1487840 2104
1487850 2102
1487860 2102
1487870 2096
1487880 2089
1487890 2085
1487900 2085
1487910 2083
1487920 2079
1487930 2079
1487940 2076
1487950 2074
1487960 2074
1487970 2071
1487980 2068
1487990 2068
1488000 2065
1488010 2063
1488020 2063
1488030 2063
1488040 2062
1488050 2062
1488060 2061
1488070 2058
1488080 2055
1488090 2055
1488100 2052
1488110 2052
1488120 2052
1488130 2051
1488140 2050
1488150 2050
1488160 2048
1488170 2046
1488180 2046
1488190 2045
1488200 2044
1488210 2044
1488220 2041
1488230 2038
1488240 2038
1488250 2036
1488260 2033
1488270 2033
1488280 2030
1488290 2026
1488300 2021
1488310 2021
1488320 2017
1488330 2012
1488340 2012
1488350 2007
1488360 2005
1488370 2005
1488380 2005
1488390 2002
1488400 2002
1488410 1997
1488420 1993
1488430 1993
1488440 1991
1488450 1989
1488460 1989
1488470 1986
1488480 1981
1488490 1979
1488500 1979
1488510 1975
1488520 1968
1488530 1968
1488540 1963
1488550 1959
1488560 1959
1488570 1952
1488580 1936
1488590 1936
1488600 1918
1488610 1913
1488620 1913
1488630 1908
1488640 1904
1488650 1904
1488660 1901
1488670 1902
1488680 1902
1488690 1904
1488700 1903
1488710 1898
1488720 1898
1488730 1894
1488740 1890
1488750 1890
1488760 1887
1488770 1882
1488780 1882
1488790 1880
1488800 1880
1488810 1880
1488820 1880
1488830 1879
1488840 1879
1488850 1878
1488860 1876
1488870 1876
1488880 1875
1488890 1874
1488900 1874
1488910 1871
1488920 1868
1488930 1865
1488940 1865
1488950 1863
1488960 1865
1488970 1865
1488980 1870
1488990 1874
1489000 1874
1489010 1877
1489020 1878
1489030 1878
1489040 1876
1489050 1872
1489060 1872
1489070 1869
1489080 1869
1489090 1869
1489100 1869
1489110 1868
1489120 1862
1489130 1862
1489140 1855
1489150 1849
1489160 1849
1489170 1842
1489180 1835
1489190 1835
1489200 1829
1489210 1823
1489220 1823
1489230 1818
1489240 1813
1489250 1813
1489260 1808
1489270 1806
1489280 1806
1489290 1804
1489300 1800
1489310 1800
1489320 1796
1489330 1790
1489340 1785
1489350 1785
1489360 1776
1489370 1766
1489380 1766
1489390 1759
1489400 1753
1489410 1753
1489420 1748
1489430 1744
1489440 1744
1489450 1742
1489460 1739
1489470 1739
1489480 1735
1489490 1726
1489500 1726
1489510 1719
1489520 1713
1489530 1713
1489540 1709
1489550 1704
1489560 1701
1489570 1701
1489580 1700
1489590 1695
1489600 1695
1489610 1685
1489620 1676
1489630 1676
1489640 1670
1489650 1663
1489660 1663
1489670 1653
1489680 1648
1489690 1648
1489700 1641
1489710 1634
1489720 1634
1489730 1628
1489740 1618
1489750 1608
1489760 1608
1489770 1602
1489780 1591
1489790 1591
1489800 1584
1489810 1580
1489820 1580
1489830 1574
1489840 1548
1489850 1548
1489860 1514
1489870 1508
1489880 1508
1489890 1502
1489900 1498
1489910 1498
1489920 1496
1489930 1493
1489940 1493
1489950 1490
1489960 1486
1489970 1482
1489980 1482
1489990 1478
1490000 1472
1490010 1472
1490020 1471
1490030 1471
1490040 1471
1490050 1470
1490060 1468
1490070 1468
1490080 1467
1490090 1465
1490100 1465
1490110 1460
1490120 1455
1490130 1455
1490140 1453
1490150 1449
1490160 1445
1490170 1445
1490180 1443
1490190 1441
1490200 1441
1490210 1438
1490220 1436
1490230 1436
1490240 1429
1490250 1425
1490260 1425
1490270 1425
1490280 1421
1490290 1421
1490300 1417
1490310 1414
1490320 1414
1490330 1413
1490340 1412
1490350 1412
1490360 1410
1490370 1407
1490380 1404
1490390 1404
1490400 1401
1490410 1395
1490420 1395
1490430 1383
1490440 1372
1490450 1372
1490460 1356
1490470 1339
1490480 1339
1490490 1333
1490500 1327
1490510 1327
1490520 1317
1490530 1305
1490540 1305
1490550 1298
1490560 1290
1490570 1290
1490580 1285
1490590 1281
1490600 1277
1490610 1277
1490620 1274
1490630 1271
1490640 1271
1490650 1265
1490660 1261
1490670 1261
1490680 1263
1490690 1269
1490700 1269
1490710 1273
1490720 1280
1490730 1280
1490740 1286
1490750 1292
1490760 1292
1490770 1299
1490780 1306
1490790 1314
1490800 1314
1490810 1322
1490820 1330
1490830 1330
1490840 1337
1490850 1345
1490860 1345
1490870 1352
1490880 1360
1490890 1360
1490900 1393
1490910 1414
1490920 1414
1490930 1420
1490940 1423
1490950 1423
1490960 1437
1490970 1450
1490980 1450
1490990 1455
1491000 1457
1491010 1457
1491020 1457
1491030 1452
1491040 1444
1491050 1444
1491060 1436
1491070 1429
1491080 1429
1491090 1426
1491100 1425
1491110 1425
1491120 1422
1491130 1415
1491140 1415
1491150 1412
1491160 1415
1491170 1415
1491180 1411
1491190 1393
1491200 1393
1491210 1377
1491220 1372
1491230 1369
1491240 1369
1491250 1365
1491260 1362
1491270 1362
1491280 1360
1491290 1360
1491300 1360
1491310 1361
1491320 1362
1491330 1362
1491340 1362
1491350 1362
1491360 1362
1491370 1360
1491380 1360
1491390 1360
1491400 1363
1491410 1366
1491420 1368
1491430 1368
1491440 1370
1491450 1369
1491460 1369
1491470 1364
1491480 1366
1491490 1366
1491500 1372
1491510 1375
1491520 1375
1491530 1377
1491540 1380
1491550 1380
1491560 1382
1491570 1382
1491580 1382
1491590 1384
1491600 1387
1491610 1387
1491620 1393
1491630 1399
1491640 1404
1491650 1404
1491660 1409
1491670 1414
1491680 1414
1491690 1421
1491700 1429
1491710 1429
1491720 1439
1491730 1447
1491740 1447
1491750 1453
1491760 1458
1491770 1458
1491780 1462
1491790 1465
1491800 1465
1491810 1467
1491820 1470
1491830 1470
1491840 1473
1491850 1476
1491860 1478
1491870 1478
1491880 1481
1491890 1483
1491900 1483
1491910 1486
1491920 1489
1491930 1489
1491940 1491
1491950 1493
1491960 1493
1491970 1495
1491980 1496
1491990 1496
1492000 1496
1492010 1496
1492020 1496
1492030 1500
1492040 1504
1492050 1509
1492060 1509
1492070 1513
1492080 1518
1492090 1518
1492100 1523
1492110 1527
1492120 1533
1492130 1537
1492140 1541
1492150 1541
1492160 1543
1492170 1546
1492180 1546
1492190 1549
1492200 1553
1492210 1553
1492220 1560
1492230 1570
1492240 1570
1492250 1580
1492260 1587
1492270 1591
1492280 1591
1492290 1595
1492300 1599
1492310 1599
1492320 1603
1492330 1606
1492340 1606
1492350 1610
1492360 1613
1492370 1613
1492380 1617
1492390 1619
1492400 1619
1492410 1621
1492420 1625
1492430 1625
1492440 1630
1492450 1637
1492460 1641
1492470 1641
1492480 1644
1492490 1648
1492500 1648
1492510 1651
1492520 1653
1492530 1653
1492540 1656
1492550 1658
1492560 1658
1492570 1660
1492580 1663
1492590 1663
1492600 1665
1492610 1668
1492620 1668
1492630 1672
1492640 1678
1492650 1678
1492660 1684
1492670 1690
1492680 1695
1492690 1695
1492700 1702
1492710 1710
1492720 1710
1492730 1721
1492740 1729
1492750 1729
1492760 1736
1492770 1741
1492780 1741
1492790 1745
1492800 1750
1492810 1750
1492820 1755
1492830 1760
1492840 1760
1492850 1765
1492860 1770
1492870 1770
1492880 1773
1492890 1776
1492900 1780
1492910 1780
1492920 1785
1492930 1789
1492940 1789
1492950 1793
1492960 1796
1492970 1796
1492980 1802
1492990 1810
1493000 1810
1493010 1817
1493020 1822
1493030 1822
1493040 1826
1493050 1829
1493060 1829
1493070 1831
1493080 1833
1493090 1836
1493100 1836
1493110 1838
1493120 1841
1493130 1841
1493140 1845
1493150 1849
1493160 1849
1493170 1852
1493180 1855
1493190 1855
1493200 1857
1493210 1859
1493220 1859
1493230 1861
1493240 1863
1493250 1863
1493260 1863
1493270 1865
1493280 1865
1493290 1868
1493300 1868
1493310 1867
1493320 1867
1493330 1865
1493340 1863
1493350 1863
1493360 1862
1493370 1862
1493380 1862
1493390 1866
1493400 1870
1493410 1870
1493420 1875
1493430 1881
1493440 1881
1493450 1886
1493460 1890
1493470 1890
1493480 1893
1493490 1894
1493500 1894
1493510 1895
1493520 1895
1493530 1896
1493540 1896
1493550 1896
1493560 1897
1493570 1897
1493580 1899
1493590 1900
1493600 1900
1493610 1902
1493620 1905
1493630 1905
1493640 1908
1493650 1911
1493660 1911
1493670 1911
1493680 1913
1493690 1913
1493700 1915
1493710 1918
1493720 1923
1493730 1923
1493740 1928
1493750 1934
1493760 1934
1493770 1939
1493780 1944
1493790 1944
1493800 1949
1493810 1953
1493820 1953
1493830 1956
1493840 1958
1493850 1958
1493860 1959
1493870 1962
1493880 1962
1493890 1966
1493900 1969
1493910 1969
1493920 1968
1493930 1965
1493940 1962
1493950 1962
1493960 1959
1493970 1958
1493980 1958
1493990 1957
1494000 1956
1494010 1956
1494020 1956
1494030 1955
1494040 1955
1494050 1953
1494060 1953
1494070 1953
1494080 1955
1494090 1961
1494100 1961
1494110 1966
1494120 1968
1494130 1968
1494140 1968
1494150 1971
1494160 1973
1494170 1973
1494180 1972
1494190 1973
1494200 1973
1494210 1975
1494220 1978
1494230 1978
1494240 1980
1494250 1984
1494260 1984
1494270 1989
1494280 1995
1494290 1995
1494300 2003
1494310 2012
1494320 2012
1494330 2018
1494340 2019
1494350 2017
1494360 2017
1494370 2017
1494380 2019
1494390 2019
1494400 2019
1494410 2019
1494420 2019
1494430 2021
1494440 2025
1494450 2025
1494460 2030
1494470 2033
1494480 2033
1494490 2034
1494500 2039
1494510 2039
1494520 2043
1494530 2047
1494540 2047
1494550 2051
1494560 2053
1494570 2058
1494580 2058
1494590 2065
1494600 2071
1494610 2071
1494620 2074
1494630 2074
1494640 2074
1494650 2075
1494660 2077
1494670 2077
1494680 2079
1494690 2082
1494700 2082
1494710 2084
1494720 2087
1494730 2087
1494740 2090
1494750 2094
1494760 2098
1494770 2098
1494780 2102
1494790 2106
1494800 2106
1494810 2109
1494820 2111
1494830 2111
1494840 2115
1494850 2118
1494860 2118
1494870 2122
1494880 2129
1494890 2129
1494900 2136
1494910 2140
1494920 2140
1494930 2143
1494940 2144
1494950 2144
1494960 2148
1494970 2150
1494980 2152
1494990 2152
1495000 2154
1495010 2153
1495020 2153
1495030 2153
1495040 2153
1495050 2153
1495060 2154
1495070 2154
1495080 2154
1495090 2155
1495100 2154
1495110 2154
1495120 2150
1495130 2148
1495140 2148
1495150 2145
1495160 2142
1495170 2142
1495180 2138
1495190 2135
1495200 2130
1495210 2130
1495220 2127
1495230 2126
1495240 2126
1495250 2126
1495260 2125
1495270 2125
1495280 2125
1495290 2125
1495300 2125
1495310 2124
1495320 2123
1495330 2123
1495340 2122
1495350 2121
1495360 2121
1495370 2121
1495380 2119
1495390 2119
1495400 2119
1495410 2120
1495420 2122
1495430 2122
1495440 2124
1495450 2124
1495460 2124
1495470 2126
1495480 2129
1495490 2129
1495500 2132
1495510 2134
1495520 2134
1495530 2134
1495540 2135
1495550 2135
1495560 2134
1495570 2133
1495580 2133
1495590 2133
1495600 2135
1495610 2136
1495620 2136
1495630 2134
1495640 2132
1495650 2132
1495660 2132
1495670 2130
1495680 2130
1495690 2129
1495700 2127
1495710 2127
1495720 2126
1495730 2126
1495740 2126
1495750 2125
1495760 2124
1495770 2124
1495780 2120
1495790 2117
1495800 2117
1495810 2115
1495820 2111
1495830 2105
1495840 2105
1495850 2099
1495860 2092
1495870 2092
1495880 2086
1495890 2079
1495900 2079
1495910 2072
1495920 2065
1495930 2065
1495940 2059
1495950 2052
1495960 2052
1495970 2046
1495980 2041
1495990 2041
1496000 2035
1496010 2029
1496020 2023
1496030 2023
1496040 2017
1496050 2011
1496060 2011
1496070 2005
1496080 2000
1496090 2000
1496100 1995
1496110 1989
1496120 1989
1496130 1984
1496140 1980
1496150 1980
1496160 1976
1496170 1973
1496180 1973
1496190 1971
1496200 1970
1496210 1970
1496220 1970
1496230 1969
1496240 1966
1496250 1966
1496260 1965
1496270 1963
1496280 1963
1496290 1963
1496300 1962
1496310 1962
1496320 1959
1496330 1956
1496340 1956
1496350 1953
1496360 1950
1496370 1950
1496380 1946
1496390 1941
1496400 1941
1496410 1935
1496420 1930
1496430 1930
1496440 1925
1496450 1920
1496460 1915
1496470 1915
1496480 1913
1496490 1912
1496500 1912
1496510 1911
1496520 1908
1496530 1908
1496540 1905
1496550 1903
1496560 1903
1496570 1900
1496580 1895
1496590 1895
1496600 1892
1496610 1891
1496620 1891
1496630 1890
1496640 1889
1496650 1886
1496660 1886
1496670 1887
1496680 1888
1496690 1888
1496700 1889
1496710 1891
1496720 1891
1496730 1892
1496740 1894
1496750 1894
1496760 1896
1496770 1898
1496780 1898
1496790 1899
1496800 1900
1496810 1900
1496820 1903
1496830 1904
1496840 1904
1496850 1906
1496860 1911
1496870 1915
1496880 1915
1496890 1920
1496900 1923
1496910 1923
1496920 1927
1496930 1930
1496940 1930
1496950 1933
1496960 1937
1496970 1937
1496980 1939
1496990 1942
1497000 1942
1497010 1948
1497020 1953
1497030 1953
1497040 1958
1497050 1963
1497060 1969
1497070 1969
1497080 1974
1497090 1980
1497100 1980
1497110 1985
1497120 1990
1497130 1990
1497140 1996
1497150 2001
1497160 2001
1497170 2007
1497180 2014
1497190 2014
1497200 2020
1497210 2027
1497220 2027
1497230 2034
1497240 2041
1497250 2041
1497260 2048
1497270 2056
1497280 2066
1497290 2066
1497300 2078
1497310 2090
1497320 2090
1497330 2103
1497340 2131
1497350 2131
1497360 2145
1497370 2149
1497380 2149
1497390 2155
1497400 2161
1497410 2161
1497420 2168
1497430 2174
1497440 2174
1497450 2181
1497460 2186
1497470 2186
1497480 2192
1497490 2199
1497500 2206
1497510 2206
1497520 2212
1497530 2217
1497540 2217
1497550 2222
1497560 2229
1497570 2229
1497580 2239
1497590 2250
1497600 2250
1497610 2256
1497620 2261
1497630 2261
1497640 2268
1497650 2277
1497660 2277
1497670 2288
1497680 2301
1497690 2309
1497700 2309
1497710 2323
1497720 2333
1497730 2333
1497740 2339
1497750 2346
1497760 2346
1497770 2355
1497780 2364
1497790 2364
1497800 2372
1497810 2376
1497820 2376
1497830 2379
1497840 2383
1497850 2383
1497860 2387
1497870 2393
1497880 2393
1497890 2398
1497900 2403
1497910 2407
1497920 2407
1497930 2412
1497940 2419
1497950 2419
1497960 2427
1497970 2435
1497980 2435
1497990 2443
1498000 2450
1498010 2450
1498020 2458
1498030 2466
1498040 2466
1498050 2474
1498060 2482
1498070 2482
1498080 2489
1498090 2497
1498100 2497
1498110 2504
1498120 2512
1498130 2520
1498140 2520
1498150 2527
1498160 2536
1498170 2536
1498180 2545
1498190 2553
1498200 2553
1498210 2560
1498220 2566
1498230 2566
1498240 2570
1498250 2573
1498260 2573
1498270 2577
1498280 2581
1498290 2581
1498300 2583
1498310 2585
1498320 2585
1498330 2585
1498340 2586
1498350 2585
1498360 2585
1498370 2584
1498380 2582
1498390 2582
1498400 2579
1498410 2573
1498420 2573
1498430 2568
1498440 2564
1498450 2564
1498460 2561
1498470 2558
1498480 2558
1498490 2557
1498500 2556
1498510 2556
1498520 2555
1498530 2556
1498540 2557
1498550 2557
1498560 2559
1498570 2561
1498580 2561
1498590 2563
1498600 2566
1498610 2566
1498620 2569
1498630 2571
1498640 2571
1498650 2572
1498660 2574
1498670 2574
1498680 2576
1498690 2580
1498700 2580
1498710 2585
1498720 2591
1498730 2591
1498740 2595
1498750 2600
1498760 2608
1498770 2608
1498780 2622
1498790 2626
1498800 2626
1498810 2625
1498820 2629
1498830 2629
1498840 2636
1498850 2654
1498860 2654
1498870 2670
1498880 2677
1498890 2677
1498900 2684
1498910 2690
1498920 2690
1498930 2696
1498940 2701
1498950 2705
1498960 2705
1498970 2709
1498980 2716
1498990 2716
1499000 2723
1499010 2731
1499020 2731
1499030 2738
1499040 2745
1499050 2745
1499060 2753
1499070 2760
1499080 2760
1499090 2767
1499100 2776
1499110 2776
1499120 2783
1499130 2787
1499140 2787
1499150 2776
1499160 2763
1499170 2751
1499180 2751
1499190 2742
1499200 2734
1499210 2734
1499220 2728
1499230 2722
1499240 2722
1499250 2716
1499260 2710
1499270 2710
1499280 2703
1499290 2698
1499300 2698
1499310 2693
1499320 2689
1499330 2689
1499340 2684
1499350 2680
1499360 2676
1499370 2676
1499380 2673
1499390 2669
1499400 2669
1499410 2665
1499420 2662
1499430 2662
1499440 2658
1499450 2655
1499460 2655
1499470 2651
1499480 2648
1499490 2648
1499500 2644
1499510 2641
1499520 2641
1499530 2639
1499540 2637
1499550 2637
1499560 2634
1499570 2632
1499580 2630
1499590 2630
1499600 2628
1499610 2627
1499620 2627
1499630 2626
1499640 2624
1499650 2624
1499660 2622
1499670 2621
1499680 2621
1499690 2621
1499700 2621
1499710 2621
1499720 2620
1499730 2618
1499740 2618
1499750 2615
1499760 2614
1499770 2614
1499780 2614
1499790 2614
1499800 2612
1499810 2612
1499820 2609
1499830 2605
1499840 2605
1499850 2602
1499860 2601
1499870 2601
1499880 2600
1499890 2598
1499900 2598
1499910 2595
1499920 2593
1499930 2593
1499940 2590
1499950 2588
1499960 2588
1499970 2585
1499980 2583
1499990 2581
