1480000 2452
1480010 2451
1480020 2451
1480030 2449
1480040 2446
1480050 2446
1480060 2442
1480070 2440
1480080 2440
1480090 2438
1480100 2435
1480110 2435
1480120 2433
1480130 2431
1480140 2428
1480150 2428
1480160 2424
1480170 2420
1480180 2420
1480190 2416
1480200 2414
1480210 2414
1480220 2410
1480230 2407
1480240 2407
1480250 2403
1480260 2399
1480270 2399
1480280 2395
1480290 2393
1480300 2393
1480310 2391
1480320 2390
1480330 2390
1480340 2390
1480350 2386
1480360 2382
1480370 2382
1480380 2380
1480390 2379
1480400 2379
1480410 2379
1480420 2380
1480430 2380
1480440 2381
1480450 2382
1480460 2382
1480470 2384
1480480 2386
1480490 2386
1480500 2388
1480510 2389
1480520 2389
1480530 2389
1480540 2387
1480550 2384
1480560 2384
1480570 2379
1480580 2376
1480590 2376
1480600 2370
1480610 2366
1480620 2366
1480630 2366
1480640 2363
1480650 2363
1480660 2356
1480670 2354
1480680 2354
1480690 2356
1480700 2358
1480710 2358
1480720 2358
1480730 2359
1480740 2359
1480750 2362
1480760 2367
1480770 2372
1480780 2372
1480790 2378
1480800 2382
1480810 2382
1480820 2384
1480830 2388
1480840 2388
1480850 2391
1480860 2394
1480870 2394
1480880 2397
1480890 2398
1480900 2398
1480910 2396
1480920 2392
1480930 2392
1480940 2384
1480950 2379
1480960 2379
1480970 2376
1480980 2376
1480990 2379
1481000 2379
1481010 2383
1481020 2384
1481030 2384
1481040 2384
1481050 2386
1481060 2386
1481070 2386
1481080 2387
1481090 2387
1481100 2386
1481110 2390
1481120 2390
1481130 2394
1481140 2393
1481150 2393
1481160 2394
1481170 2400
1481180 2408
1481190 2408
1481200 2412
1481210 2413
1481220 2413
1481230 2414
1481240 2415
1481250 2415
1481260 2419
1481270 2423
1481280 2423
1481290 2423
1481300 2420
1481310 2420
1481320 2422
1481330 2427
1481340 2427
1481350 2433
1481360 2438
1481370 2438
1481380 2441
1481390 2442
1481400 2444
1481410 2444
1481420 2444
1481430 2445
1481440 2445
1481450 2445
1481460 2444
1481470 2444
1481480 2442
1481490 2439
1481500 2439
1481510 2437
1481520 2431
1481530 2431
1481540 2429
1481550 2426
1481560 2426
1481570 2423
1481580 2416
1481590 2416
1481600 2412
1481610 2410
1481620 2407
1481630 2407
1481640 2404
1481650 2401
1481660 2401
1481670 2400
1481680 2398
1481690 2398
1481700 2397
1481710 2398
1481720 2398
1481730 2397
1481740 2392
1481750 2392
1481760 2389
1481770 2388
1481780 2388
1481790 2391
1481800 2394
1481810 2398
1481820 2398
1481830 2403
1481840 2408
1481850 2408
1481860 2409
1481870 2409
1481880 2409
1481890 2408
1481900 2409
1481910 2409
1481920 2409
1481930 2407
1481940 2407
1481950 2411
1481960 2412
1481970 2412
1481980 2412
1481990 2414
1482000 2414
1482010 2415
1482020 2423
1482030 2424
1482040 2424
1482050 2425
1482060 2425
1482070 2425
1482080 2423
1482090 2421
1482100 2421
1482110 2418
1482120 2416
1482130 2416
1482140 2417
1482150 2418
1482160 2418
1482170 2420
1482180 2423
1482190 2423
1482200 2426
1482210 2428
1482220 2431
1482230 2431
1482240 2433
1482250 2437
1482260 2437
1482270 2441
1482280 2445
1482290 2445
1482300 2452
1482310 2462
1482320 2462
1482330 2477
1482340 2492
1482350 2492
1482360 2498
1482370 2507
1482380 2507
1482390 2523
1482400 2534
1482410 2534
1482420 2539
1482430 2548
1482440 2554
1482450 2554
1482460 2561
1482470 2567
1482480 2567
1482490 2573
1482500 2578
1482510 2578
1482520 2582
1482530 2586
1482540 2586
1482550 2591
1482560 2596
1482570 2596
1482580 2599
1482590 2602
1482600 2602
1482610 2605
1482620 2609
1482630 2609
1482640 2615
1482650 2620
1482660 2625
1482670 2625
1482680 2629
1482690 2631
1482700 2631
1482710 2633
1482720 2636
1482730 2636
1482740 2638
1482750 2640
1482760 2640
1482770 2642
1482780 2643
1482790 2643
1482800 2645
1482810 2648
1482820 2648
1482830 2650
1482840 2653
1482850 2657
1482860 2657
1482870 2661
1482880 2664
1482890 2664
1482900 2666
1482910 2668
1482920 2668
1482930 2670
1482940 2674
1482950 2674
1482960 2677
1482970 2680
1482980 2680
1482990 2682
1483000 2686
1483010 2686
1483020 2689
1483030 2693
1483040 2693
1483050 2697
1483060 2702
1483070 2707
1483080 2707
1483090 2710
1483100 2715
1483110 2715
1483120 2718
1483130 2722
1483140 2722
1483150 2727
1483160 2730
1483170 2730
1483180 2734
1483190 2737
1483200 2737
1483210 2739
1483220 2743
1483230 2743
1483240 2746
1483250 2750
1483260 2750
1483270 2753
1483280 2756
1483290 2759
1483300 2759
1483310 2763
1483320 2767
1483330 2767
1483340 2771
1483350 2775
1483360 2775
1483370 2781
1483380 2787
1483390 2787
1483400 2792
1483410 2796
1483420 2796
1483430 2799
1483440 2803
1483450 2803
1483460 2808
1483470 2814
1483480 2818
1483490 2818
1483500 2823
1483510 2829
1483520 2829
1483530 2836
1483540 2842
1483550 2842
1483560 2847
1483570 2851
1483580 2851
1483590 2855
1483600 2859
1483610 2859
1483620 2861
1483630 2863
1483640 2863
1483650 2865
1483660 2868
1483670 2868
1483680 2869
1483690 2871
1483700 2874
1483710 2874
1483720 2877
1483730 2879
1483740 2879
1483750 2882
1483760 2885
1483770 2885
1483780 2888
1483790 2891
1483800 2891
1483810 2894
1483820 2897
1483830 2897
1483840 2900
1483850 2903
1483860 2903
1483870 2907
1483880 2910
1483890 2910
1483900 2913
1483910 2917
1483920 2921
1483930 2921
1483940 2924
1483950 2928
1483960 2928
1483970 2932
1483980 2936
1483990 2936
1484000 2940
1484010 2944
1484020 2944
1484030 2948
1484040 2952
1484050 2952
1484060 2957
1484070 2961
1484080 2961
1484090 2965
1484100 2969
1484110 2973
1484120 2973
1484130 2977
1484140 2982
1484150 2982
1484160 2987
1484170 2992
1484180 2992
1484190 3000
1484200 3007
1484210 3007
1484220 3013
1484230 3019
1484240 3019
1484250 3025
1484260 3031
1484270 3031
1484280 3036
1484290 3034
1484300 3034
1484310 3004
1484320 2978
1484330 2970
1484340 2970
1484350 2963
1484360 2955
1484370 2955
1484380 2948
1484390 2940
1484400 2940
1484410 2932
1484420 2926
1484430 2926
1484440 2921
1484450 2916
1484460 2916
1484470 2911
1484480 2909
1484490 2909
1484500 2905
1484510 2900
1484520 2895
1484530 2895
1484540 2890
1484550 2887
1484560 2887
1484570 2883
1484580 2878
1484590 2878
1484600 2872
1484610 2867
1484620 2867
1484630 2863
1484640 2860
1484650 2860
1484660 2857
1484670 2852
1484680 2852
1484690 2846
1484700 2840
1484710 2840
1484720 2836
1484730 2831
1484740 2824
1484750 2824
1484760 2818
1484770 2811
1484780 2811
1484790 2805
1484800 2799
1484810 2799
1484820 2793
1484830 2788
1484840 2788
1484850 2782
1484860 2776
1484870 2776
1484880 2772
1484890 2769
1484900 2769
1484910 2767
1484920 2766
1484930 2766
1484940 2765
1484950 2764
1484960 2763
1484970 2763
1484980 2759
1484990 2755
1485000 2755
1485010 2753
1485020 2751
1485030 2751
1485040 2749
1485050 2747
1485060 2747
1485070 2746
1485080 2745
1485090 2745
1485100 2743
1485110 2739
1485120 2739
1485130 2735
1485140 2731
1485150 2725
1485160 2725
1485170 2719
1485180 2714
1485190 2714
1485200 2710
1485210 2707
1485220 2707
1485230 2705
1485240 2703
1485250 2703
1485260 2702
1485270 2702
1485280 2702
1485290 2702
1485300 2706
1485310 2706
1485320 2710
1485330 2713
1485340 2713
1485350 2712
1485360 2713
1485370 2715
1485380 2715
1485390 2719
1485400 2724
1485410 2724
1485420 2728
1485430 2729
1485440 2729
1485450 2730
1485460 2731
1485470 2731
1485480 2733
1485490 2732
1485500 2732
1485510 2727
1485520 2719
1485530 2719
1485540 2711
1485550 2699
1485560 2699
1485570 2689
1485580 2679
1485590 2670
1485600 2670
1485610 2661
1485620 2651
1485630 2651
1485640 2641
1485650 2634
1485660 2634
1485670 2625
1485680 2618
1485690 2618
1485700 2611
1485710 2604
1485720 2604
1485730 2591
1485740 2585
1485750 2585
1485760 2578
1485770 2569
1485780 2558
1485790 2558
1485800 2548
1485810 2544
1485820 2544
1485830 2543
1485840 2535
1485850 2535
1485860 2524
1485870 2514
1485880 2514
1485890 2507
1485900 2502
1485910 2502
1485920 2496
1485930 2491
1485940 2491
1485950 2487
1485960 2483
1485970 2483
1485980 2479
1485990 2475
1486000 2470
1486010 2470
1486020 2464
1486030 2459
1486040 2459
1486050 2455
1486060 2453
1486070 2453
1486080 2451
1486090 2448
1486100 2448
1486110 2444
1486120 2441
1486130 2441
1486140 2436
1486150 2432
1486160 2432
1486170 2427
1486180 2422
1486190 2415
1486200 2415
1486210 2410
1486220 2403
1486230 2403
1486240 2398
1486250 2391
1486260 2391
1486270 2384
1486280 2379
1486290 2379
1486300 2375
1486310 2372
1486320 2372
1486330 2368
1486340 2362
1486350 2362
1486360 2358
1486370 2356
1486380 2356
1486390 2353
1486400 2351
1486410 2349
1486420 2349
1486430 2347
1486440 2344
1486450 2344
1486460 2342
1486470 2340
1486480 2340
1486490 2338
1486500 2336
1486510 2336
1486520 2334
1486530 2333
1486540 2333
1486550 2332
1486560 2330
1486570 2330
1486580 2328
1486590 2326
1486600 2326
1486610 2324
1486620 2322
1486630 2321
1486640 2321
1486650 2319
1486660 2314
1486670 2314
1486680 2311
1486690 2308
1486700 2308
1486710 2305
1486720 2303
1486730 2303
1486740 2302
1486750 2301
1486760 2301
1486770 2299
1486780 2296
1486790 2296
1486800 2292
1486810 2290
1486820 2288
1486830 2288
1486840 2285
1486850 2284
1486860 2284
1486870 2284
1486880 2282
1486890 2282
1486900 2280
1486910 2282
1486920 2282
1486930 2284
1486940 2281
1486950 2281
1486960 2275
1486970 2275
1486980 2275
1486990 2275
1487000 2274
1487010 2274
1487020 2270
1487030 2267
1487040 2263
1487050 2263
1487060 2259
1487070 2257
1487080 2257
1487090 2254
1487100 2249
1487110 2249
1487120 2246
1487130 2244
1487140 2244
1487150 2241
1487160 2236
1487170 2236
1487180 2233
1487190 2231
1487200 2231
1487210 2230
1487220 2227
1487230 2227
1487240 2224
1487250 2222
1487260 2220
1487270 2220
1487280 2218
1487290 2214
1487300 2214
1487310 2213
1487320 2211
1487330 2211
1487340 2208
1487350 2206
1487360 2206
1487370 2204
1487380 2200
1487390 2200
1487400 2195
1487410 2191
1487420 2191
1487430 2187
1487440 2181
1487450 2176
1487460 2176
1487470 2172
1487480 2171
1487490 2171
1487500 2169
1487510 2167
1487520 2167
1487530 2163
1487540 2158
1487550 2158
1487560 2155
1487570 2152
1487580 2152
1487590 2148
1487600 2143
1487610 2143
1487620 2139
1487630 2135
1487640 2135
1487650 2132
1487660 2129
1487670 2126
1487680 2126
1487690 2127
1487700 2130
1487710 2130
1487720 2130
1487730 2127
1487740 2127
1487750 2125
1487760 2121
1487770 2121
1487780 2117
1487790 2113
1487800 2113
1487810 2110
1487820 2107
1487830 2107
1487840 2103
1487850 2100
1487860 2097
1487870 2097
1487880 2095
1487890 2091
1487900 2091
1487910 2086
1487920 2083
1487930 2083
1487940 2080
1487950 2077
1487960 2077
1487970 2073
1487980 2068
1487990 2068
1488000 2067
1488010 2065
1488020 2065
1488030 2064
1488040 2060
1488050 2060
1488060 2058
1488070 2055
1488080 2053
1488090 2053
1488100 2051
1488110 2048
1488120 2048
1488130 2048
1488140 2048
1488150 2048
1488160 2045
1488170 2041
1488180 2041
1488190 2038
1488200 2036
1488210 2036
1488220 2036
1488230 2035
1488240 2035
1488250 2034
1488260 2031
1488270 2031
1488280 2029
1488290 2027
1488300 2025
1488310 2025
1488320 2023
1488330 2021
1488340 2021
1488350 2018
1488360 2016
1488370 2016
1488380 2012
1488390 2007
1488400 2007
1488410 2000
1488420 1997
1488430 1997
1488440 1995
1488450 1992
1488460 1992
1488470 1989
1488480 1987
1488490 1979
1488500 1979
1488510 1971
1488520 1963
1488530 1963
1488540 1956
1488550 1953
1488560 1953
1488570 1952
1488580 1949
1488590 1949
1488600 1946
1488610 1946
1488620 1946
1488630 1946
1488640 1946
1488650 1946
1488660 1944
1488670 1941
1488680 1941
1488690 1939
1488700 1934
1488710 1930
1488720 1930
1488730 1928
1488740 1925
1488750 1925
1488760 1920
1488770 1918
1488780 1918
1488790 1916
1488800 1915
1488810 1915
1488820 1912
1488830 1910
1488840 1910
1488850 1907
1488860 1902
1488870 1902
1488880 1898
1488890 1894
1488900 1894
1488910 1890
1488920 1890
1488930 1892
1488940 1892
1488950 1894
1488960 1897
1488970 1897
1488980 1901
1488990 1902
1489000 1902
1489010 1901
1489020 1897
1489030 1897
1489040 1892
1489050 1887
1489060 1887
1489070 1882
1489080 1877
1489090 1877
1489100 1872
1489110 1868
1489120 1864
1489130 1864
1489140 1861
1489150 1858
1489160 1858
1489170 1853
1489180 1850
1489190 1850
1489200 1849
1489210 1849
1489220 1849
1489230 1847
1489240 1841
1489250 1841
1489260 1834
1489270 1827
1489280 1827
1489290 1818
1489300 1810
1489310 1810
1489320 1803
1489330 1795
1489340 1785
1489350 1785
1489360 1780
1489370 1776
1489380 1776
1489390 1772
1489400 1769
1489410 1769
1489420 1767
1489430 1766
1489440 1766
1489450 1764
1489460 1759
1489470 1759
1489480 1758
1489490 1754
1489500 1754
1489510 1752
1489520 1750
1489530 1750
1489540 1747
1489550 1744
1489560 1741
1489570 1741
1489580 1739
1489590 1734
1489600 1734
1489610 1729
1489620 1724
1489630 1724
1489640 1721
1489650 1717
1489660 1717
1489670 1710
1489680 1705
1489690 1705
1489700 1698
1489710 1687
1489720 1687
1489730 1678
1489740 1670
1489750 1664
1489760 1664
1489770 1659
1489780 1653
1489790 1653
1489800 1643
1489810 1626
1489820 1626
1489830 1620
1489840 1601
1489850 1601
1489860 1567
1489870 1550
1489880 1550
1489890 1545
1489900 1540
1489910 1540
1489920 1537
1489930 1533
1489940 1533
1489950 1529
1489960 1524
1489970 1520
1489980 1520
1489990 1518
1490000 1517
1490010 1517
1490020 1514
1490030 1511
1490040 1511
1490050 1509
1490060 1507
1490070 1507
1490080 1504
1490090 1502
1490100 1502
1490110 1501
1490120 1498
1490130 1498
1490140 1495
1490150 1493
1490160 1491
1490170 1491
1490180 1489
1490190 1483
1490200 1483
1490210 1479
1490220 1477
1490230 1477
1490240 1475
1490250 1472
1490260 1472
1490270 1464
1490280 1462
1490290 1462
1490300 1460
1490310 1458
1490320 1458
1490330 1455
1490340 1454
1490350 1454
1490360 1451
1490370 1448
1490380 1445
1490390 1445
1490400 1439
1490410 1427
1490420 1427
1490430 1420
1490440 1413
1490450 1413
1490460 1397
1490470 1375
1490480 1375
1490490 1357
1490500 1338
1490510 1338
1490520 1328
1490530 1318
1490540 1318
1490550 1311
1490560 1303
1490570 1303
1490580 1295
1490590 1288
1490600 1283
1490610 1283
1490620 1280
1490630 1280
1490640 1280
1490650 1281
1490660 1277
1490670 1277
1490680 1273
1490690 1264
1490700 1264
1490710 1257
1490720 1259
1490730 1259
1490740 1266
1490750 1270
1490760 1270
1490770 1274
1490780 1284
1490790 1292
1490800 1292
1490810 1301
1490820 1309
1490830 1309
1490840 1318
1490850 1325
1490860 1325
1490870 1333
1490880 1341
1490890 1341
1490900 1351
1490910 1374
1490920 1374
1490930 1409
1490940 1425
1490950 1425
1490960 1438
1490970 1446
1490980 1446
1490990 1455
1491000 1459
1491010 1461
1491020 1461
1491030 1461
1491040 1458
1491050 1458
1491060 1453
1491070 1447
1491080 1447
1491090 1442
1491100 1438
1491110 1438
1491120 1432
1491130 1427
1491140 1427
1491150 1420
1491160 1409
1491170 1409
1491180 1394
1491190 1382
1491200 1382
1491210 1378
1491220 1375
1491230 1367
1491240 1367
1491250 1362
1491260 1357
1491270 1357
1491280 1351
1491290 1346
1491300 1346
1491310 1341
1491320 1337
1491330 1337
1491340 1337
1491350 1337
1491360 1337
1491370 1337
1491380 1334
1491390 1334
1491400 1329
1491410 1329
1491420 1328
1491430 1328
1491440 1328
1491450 1332
1491460 1332
1491470 1334
1491480 1336
1491490 1336
1491500 1338
1491510 1342
1491520 1342
1491530 1344
1491540 1348
1491550 1348
1491560 1352
1491570 1356
1491580 1356
1491590 1361
1491600 1364
1491610 1364
1491620 1366
1491630 1372
1491640 1379
1491650 1379
1491660 1387
1491670 1395
1491680 1395
1491690 1405
1491700 1412
1491710 1412
1491720 1417
1491730 1421
1491740 1421
1491750 1425
1491760 1426
1491770 1426
1491780 1426
1491790 1426
1491800 1426
1491810 1428
1491820 1430
1491830 1431
1491840 1431
1491850 1432
1491860 1434
1491870 1434
1491880 1438
1491890 1444
1491900 1444
1491910 1449
1491920 1454
1491930 1454
1491940 1458
1491950 1462
1491960 1462
1491970 1465
1491980 1469
1491990 1469
1492000 1472
1492010 1476
1492020 1476
1492030 1479
1492040 1482
1492050 1485
1492060 1485
1492070 1489
1492080 1492
1492090 1492
1492100 1495
1492110 1499
1492120 1499
1492130 1502
1492140 1507
1492150 1507
1492160 1515
1492170 1521
1492180 1521
1492190 1528
1492200 1534
1492210 1534
1492220 1541
1492230 1548
1492240 1548
1492250 1554
1492260 1557
1492270 1559
1492280 1559
1492290 1563
1492300 1566
1492310 1566
1492320 1571
1492330 1576
1492340 1576
1492350 1580
1492360 1584
1492370 1584
1492380 1587
1492390 1590
1492400 1590
1492410 1592
1492420 1593
1492430 1593
1492440 1594
1492450 1595
1492460 1597
1492470 1597
1492480 1601
1492490 1606
1492500 1606
1492510 1610
1492520 1614
1492530 1614
1492540 1617
1492550 1620
1492560 1620
1492570 1627
1492580 1635
1492590 1635
1492600 1642
1492610 1650
1492620 1650
1492630 1658
1492640 1665
1492650 1665
1492660 1671
1492670 1676
1492680 1679
1492690 1679
1492700 1685
1492710 1691
1492720 1691
1492730 1696
1492740 1701
1492750 1701
1492760 1706
1492770 1712
1492780 1712
1492790 1719
1492800 1727
1492810 1727
1492820 1734
1492830 1742
1492840 1742
1492850 1750
1492860 1756
1492870 1756
1492880 1762
1492890 1765
1492900 1768
1492910 1768
1492920 1773
1492930 1775
1492940 1775
1492950 1776
1492960 1782
1492970 1782
1492980 1786
1492990 1786
1493000 1786
1493010 1787
1493020 1791
1493030 1791
1493040 1795
1493050 1798
1493060 1798
1493070 1801
1493080 1803
1493090 1806
1493100 1806
1493110 1808
1493120 1808
1493130 1808
1493140 1808
1493150 1810
1493160 1810
1493170 1811
1493180 1813
1493190 1813
1493200 1813
1493210 1813
1493220 1813
1493230 1812
1493240 1812
1493250 1812
1493260 1812
1493270 1811
1493280 1811
1493290 1812
1493300 1812
1493310 1811
1493320 1811
1493330 1812
1493340 1813
1493350 1813
1493360 1817
1493370 1821
1493380 1821
1493390 1825
1493400 1830
1493410 1830
1493420 1837
1493430 1842
1493440 1842
1493450 1846
1493460 1847
1493470 1847
1493480 1847
1493490 1845
1493500 1845
1493510 1847
1493520 1851
1493530 1853
1493540 1853
1493550 1856
1493560 1861
1493570 1861
1493580 1865
1493590 1869
1493600 1869
1493610 1872
1493620 1877
1493630 1877
1493640 1882
1493650 1886
1493660 1886
1493670 1890
1493680 1895
1493690 1895
1493700 1901
1493710 1906
1493720 1910
1493730 1910
1493740 1915
1493750 1920
1493760 1920
1493770 1926
1493780 1931
1493790 1931
1493800 1935
1493810 1938
1493820 1938
1493830 1938
1493840 1940
1493850 1940
1493860 1943
1493870 1944
1493880 1944
1493890 1945
1493900 1944
1493910 1944
1493920 1943
1493930 1942
1493940 1943
1493950 1943
1493960 1946
1493970 1949
1493980 1949
1493990 1951
1494000 1952
1494010 1952
1494020 1953
1494030 1954
1494040 1954
1494050 1955
1494060 1955
1494070 1955
1494080 1956
1494090 1958
1494100 1958
1494110 1959
1494120 1960
1494130 1961
1494140 1961
1494150 1962
1494160 1963
1494170 1963
1494180 1963
1494190 1962
1494200 1962
1494210 1960
1494220 1958
1494230 1958
1494240 1959
1494250 1963
1494260 1963
1494270 1968
1494280 1971
1494290 1971
1494300 1973
1494310 1975
1494320 1975
1494330 1977
1494340 1978
1494350 1979
1494360 1979
1494370 1981
1494380 1987
1494390 1987
1494400 1994
1494410 2000
1494420 2000
1494430 2005
1494440 2008
1494450 2008
1494460 2014
1494470 2016
1494480 2016
1494490 2014
1494500 2015
1494510 2015
1494520 2018
1494530 2022
1494540 2022
1494550 2027
1494560 2032
1494570 2035
1494580 2035
1494590 2037
1494600 2041
1494610 2041
1494620 2045
1494630 2049
1494640 2049
1494650 2050
1494660 2052
1494670 2052
1494680 2055
1494690 2059
1494700 2059
1494710 2059
1494720 2062
1494730 2062
1494740 2065
1494750 2068
1494760 2071
1494770 2071
1494780 2074
1494790 2077
1494800 2077
1494810 2078
1494820 2080
1494830 2080
1494840 2081
1494850 2082
1494860 2082
1494870 2084
1494880 2088
1494890 2088
1494900 2091
1494910 2095
1494920 2095
1494930 2098
1494940 2102
1494950 2102
1494960 2104
1494970 2104
1494980 2103
1494990 2103
1495000 2103
1495010 2104
1495020 2104
1495030 2105
1495040 2105
1495050 2105
1495060 2106
1495070 2106
1495080 2106
1495090 2105
1495100 2105
1495110 2105
1495120 2103
1495130 2103
1495140 2103
1495150 2102
1495160 2101
1495170 2101
1495180 2099
1495190 2097
1495200 2096
1495210 2096
1495220 2096
1495230 2094
1495240 2094
1495250 2093
1495260 2092
1495270 2092
1495280 2092
1495290 2092
1495300 2092
1495310 2092
1495320 2093
1495330 2093
1495340 2089
1495350 2085
1495360 2085
1495370 2080
1495380 2076
1495390 2073
1495400 2073
1495410 2074
1495420 2074
1495430 2074
1495440 2074
1495450 2075
1495460 2075
1495470 2077
1495480 2080
1495490 2080
1495500 2082
1495510 2084
1495520 2084
1495530 2084
1495540 2085
1495550 2085
1495560 2087
1495570 2087
1495580 2087
1495590 2086
1495600 2087
1495610 2089
1495620 2089
1495630 2091
1495640 2091
1495650 2091
1495660 2090
1495670 2087
1495680 2087
1495690 2083
1495700 2080
1495710 2080
1495720 2079
1495730 2077
1495740 2077
1495750 2076
1495760 2074
1495770 2074
1495780 2074
1495790 2072
1495800 2072
1495810 2072
1495820 2072
1495830 2069
1495840 2069
1495850 2065
1495860 2062
1495870 2062
1495880 2058
1495890 2052
1495900 2052
1495910 2046
1495920 2039
1495930 2039
1495940 2033
1495950 2027
1495960 2027
1495970 2020
1495980 2014
1495990 2014
1496000 2009
1496010 2003
1496020 1999
1496030 1999
1496040 1994
1496050 1989
1496060 1989
1496070 1983
1496080 1977
1496090 1977
1496100 1972
1496110 1967
1496120 1967
1496130 1962
1496140 1958
1496150 1958
1496160 1954
1496170 1951
1496180 1951
1496190 1947
1496200 1944
1496210 1944
1496220 1941
1496230 1938
1496240 1936
1496250 1936
1496260 1935
1496270 1933
1496280 1933
1496290 1930
1496300 1927
1496310 1927
1496320 1925
1496330 1923
1496340 1923
1496350 1919
1496360 1914
1496370 1914
1496380 1909
1496390 1906
1496400 1906
1496410 1902
1496420 1897
1496430 1894
1496440 1894
1496450 1890
1496460 1887
1496470 1887
1496480 1885
1496490 1883
1496500 1883
1496510 1881
1496520 1879
1496530 1879
1496540 1877
1496550 1874
1496560 1874
1496570 1872
1496580 1868
1496590 1868
1496600 1865
1496610 1865
1496620 1865
1496630 1864
1496640 1861
1496650 1860
1496660 1860
1496670 1859
1496680 1857
1496690 1857
1496700 1855
1496710 1850
1496720 1850
1496730 1850
1496740 1854
1496750 1854
1496760 1855
1496770 1858
1496780 1858
1496790 1860
1496800 1863
1496810 1863
1496820 1867
1496830 1871
1496840 1871
1496850 1877
1496860 1880
1496870 1886
1496880 1886
1496890 1892
1496900 1897
1496910 1897
1496920 1901
1496930 1905
1496940 1905
1496950 1908
1496960 1912
1496970 1912
1496980 1917
1496990 1923
1497000 1923
1497010 1931
1497020 1936
1497030 1936
1497040 1941
1497050 1947
1497060 1952
1497070 1952
1497080 1956
1497090 1959
1497100 1959
1497110 1964
1497120 1970
1497130 1970
1497140 1976
1497150 1981
1497160 1981
1497170 1987
1497180 1994
1497190 1994
1497200 2005
1497210 2017
1497220 2017
1497230 2026
1497240 2037
1497250 2037
1497260 2047
1497270 2056
1497280 2063
1497290 2063
1497300 2071
1497310 2077
1497320 2077
1497330 2083
1497340 2090
1497350 2090
1497360 2098
1497370 2109
1497380 2109
1497390 2114
1497400 2120
1497410 2120
1497420 2128
1497430 2136
1497440 2136
1497450 2144
1497460 2150
1497470 2150
1497480 2159
1497490 2169
1497500 2175
1497510 2175
1497520 2182
1497530 2189
1497540 2189
1497550 2194
1497560 2201
1497570 2201
1497580 2209
1497590 2216
1497600 2216
1497610 2223
1497620 2230
1497630 2230
1497640 2238
1497650 2247
1497660 2247
1497670 2258
1497680 2270
1497690 2279
1497700 2279
1497710 2286
1497720 2292
1497730 2292
1497740 2297
1497750 2304
1497760 2304
1497770 2313
1497780 2322
1497790 2322
1497800 2332
1497810 2340
1497820 2340
1497830 2350
1497840 2361
1497850 2361
1497860 2369
1497870 2376
1497880 2376
1497890 2384
1497900 2392
1497910 2400
1497920 2400
1497930 2409
1497940 2417
1497950 2417
1497960 2426
1497970 2434
1497980 2434
1497990 2441
1498000 2447
1498010 2447
1498020 2453
1498030 2459
1498040 2459
1498050 2466
1498060 2474
1498070 2474
1498080 2480
1498090 2488
1498100 2496
1498110 2496
1498120 2506
1498130 2514
1498140 2514
1498150 2521
1498160 2527
1498170 2527
1498180 2531
1498190 2532
1498200 2532
1498210 2533
1498220 2534
1498230 2534
1498240 2536
1498250 2536
1498260 2536
1498270 2536
1498280 2534
1498290 2534
1498300 2532
1498310 2530
1498320 2530
1498330 2530
1498340 2530
1498350 2531
1498360 2531
1498370 2532
1498380 2533
1498390 2533
1498400 2531
1498410 2527
1498420 2527
1498430 2525
1498440 2522
1498450 2522
1498460 2520
1498470 2519
1498480 2519
1498490 2519
1498500 2519
1498510 2519
1498520 2520
1498530 2521
1498540 2522
1498550 2522
1498560 2523
1498570 2526
1498580 2526
1498590 2528
1498600 2530
1498610 2530
1498620 2533
1498630 2536
1498640 2536
1498650 2540
1498660 2543
1498670 2543
1498680 2546
1498690 2549
1498700 2549
1498710 2554
1498720 2559
1498730 2564
1498740 2564
1498750 2569
1498760 2576
1498770 2576
1498780 2588
1498790 2600
1498800 2600
1498810 2605
1498820 2616
1498830 2616
1498840 2622
1498850 2628
1498860 2628
1498870 2636
1498880 2645
1498890 2645
1498900 2653
1498910 2661
1498920 2661
1498930 2669
1498940 2676
1498950 2682
1498960 2682
1498970 2689
1498980 2696
1498990 2696
1499000 2703
1499010 2709
1499020 2709
1499030 2716
1499040 2723
1499050 2723
1499060 2731
1499070 2739
1499080 2739
1499090 2745
1499100 2750
1499110 2750
1499120 2746
1499130 2738
1499140 2738
1499150 2729
1499160 2722
1499170 2716
1499180 2716
1499190 2710
1499200 2704
1499210 2704
1499220 2697
1499230 2691
1499240 2691
1499250 2685
1499260 2679
1499270 2679
1499280 2674
1499290 2667
1499300 2667
1499310 2661
1499320 2656
1499330 2656
1499340 2652
1499350 2647
1499360 2644
1499370 2644
1499380 2641
1499390 2639
1499400 2639
1499410 2636
1499420 2633
1499430 2633
1499440 2631
1499450 2628
1499460 2628
1499470 2625
1499480 2623
1499490 2623
1499500 2620
1499510 2617
1499520 2617
1499530 2614
1499540 2612
1499550 2612
1499560 2610
1499570 2608
1499580 2606
1499590 2606
1499600 2606
1499610 2606
1499620 2606
1499630 2606
1499640 2605
1499650 2605
1499660 2604
1499670 2604
1499680 2604
1499690 2604
1499700 2604
1499710 2604
1499720 2604
1499730 2604
1499740 2604
1499750 2603
1499760 2603
1499770 2603
1499780 2602
1499790 2601
1499800 2599
1499810 2599
1499820 2598
1499830 2598
1499840 2598
1499850 2597
1499860 2595
1499870 2595
1499880 2593
1499890 2590
1499900 2590
1499910 2585
1499920 2580
1499930 2580
1499940 2574
1499950 2571
1499960 2571
1499970 2568
1499980 2563
1499990 2559
