1480000 2115
1480010 2109
1480020 2102
1480030 2102
1480040 2093
1480050 2084
1480060 2084
1480070 2075
1480080 2067
1480090 2067
1480100 2060
1480110 2054
1480120 2054
1480130 2048
1480140 2040
1480150 2040
1480160 2032
1480170 2025
1480180 2025
1480190 2017
1480200 2011
1480210 2011
1480220 2006
1480230 1999
1480240 1992
1480250 1992
1480260 1984
1480270 1977
1480280 1977
1480290 1971
1480300 1966
1480310 1966
1480320 1961
1480330 1959
1480340 1959
1480350 1955
1480360 1950
1480370 1950
1480380 1946
1480390 1942
1480400 1942
1480410 1940
1480420 1937
1480430 1937
1480440 1932
1480450 1928
1480460 1923
1480470 1923
1480480 1920
1480490 1917
1480500 1917
1480510 1911
1480520 1909
1480530 1909
1480540 1913
1480550 1918
1480560 1918
1480570 1921
1480580 1920
1480590 1920
1480600 1921
1480610 1923
1480620 1923
1480630 1924
1480640 1926
1480650 1926
1480660 1926
1480670 1926
1480680 1925
1480690 1925
1480700 1924
1480710 1924
1480720 1924
1480730 1924
1480740 1925
1480750 1925
1480760 1927
1480770 1929
1480780 1929
1480790 1931
1480800 1932
1480810 1932
1480820 1934
1480830 1937
1480840 1937
1480850 1938
1480860 1940
1480870 1940
1480880 1943
1480890 1947
1480900 1951
1480910 1951
1480920 1954
1480930 1958
1480940 1958
1480950 1961
1480960 1965
1480970 1965
1480980 1970
1480990 1974
1481000 1974
1481010 1979
1481020 1984
1481030 1984
1481040 1987
1481050 1990
1481060 1990
1481070 1995
1481080 1999
1481090 2004
1481100 2004
1481110 2009
1481120 2014
1481130 2014
1481140 2018
1481150 2022
1481160 2022
1481170 2026
1481180 2032
1481190 2032
1481200 2037
1481210 2043
1481220 2043
1481230 2049
1481240 2054
1481250 2054
1481260 2059
1481270 2065
1481280 2065
1481290 2074
1481300 2082
1481310 2088
1481320 2088
1481330 2093
1481340 2099
1481350 2099
1481360 2106
1481370 2113
1481380 2113
1481390 2121
1481400 2129
1481410 2129
1481420 2138
1481430 2146
1481440 2146
1481450 2154
1481460 2161
1481470 2161
1481480 2167
1481490 2174
1481500 2174
1481510 2181
1481520 2189
1481530 2194
1481540 2194
1481550 2198
1481560 2201
1481570 2201
1481580 2200
1481590 2203
1481600 2203
1481610 2213
1481620 2228
1481630 2228
1481640 2239
1481650 2247
1481660 2247
1481670 2255
1481680 2262
1481690 2262
1481700 2268
1481710 2273
1481720 2273
1481730 2280
1481740 2286
1481750 2294
1481760 2294
1481770 2299
1481780 2301
1481790 2301
1481800 2305
1481810 2309
1481820 2309
1481830 2313
1481840 2319
1481850 2319
1481860 2326
1481870 2332
1481880 2332
1481890 2339
1481900 2345
1481910 2345
1481920 2349
1481930 2354
1481940 2354
1481950 2360
1481960 2364
1481970 2367
1481980 2367
1481990 2370
1482000 2373
1482010 2373
1482020 2374
1482030 2379
1482040 2379
1482050 2386
1482060 2391
1482070 2391
1482080 2396
1482090 2404
1482100 2404
1482110 2410
1482120 2415
1482130 2415
1482140 2423
1482150 2429
1482160 2434
1482170 2434
1482180 2438
1482190 2442
1482200 2442
1482210 2447
1482220 2454
1482230 2454
1482240 2459
1482250 2461
1482260 2461
1482270 2464
1482280 2469
1482290 2469
1482300 2473
1482310 2476
1482320 2476
1482330 2481
1482340 2485
1482350 2485
1482360 2488
1482370 2491
1482380 2496
1482390 2496
1482400 2499
1482410 2501
1482420 2501
1482430 2503
1482440 2508
1482450 2508
1482460 2512
1482470 2515
1482480 2515
1482490 2517
1482500 2519
1482510 2519
1482520 2521
1482530 2524
1482540 2524
1482550 2527
1482560 2529
1482570 2529
1482580 2532
1482590 2535
1482600 2539
1482610 2539
1482620 2544
1482630 2549
1482640 2549
1482650 2554
1482660 2558
1482670 2558
1482680 2564
1482690 2570
1482700 2570
1482710 2576
1482720 2582
1482730 2582
1482740 2588
1482750 2595
1482760 2595
1482770 2602
1482780 2608
1482790 2608
1482800 2618
1482810 2627
1482820 2634
1482830 2634
1482840 2644
1482850 2650
1482860 2650
1482870 2653
1482880 2657
1482890 2657
1482900 2661
1482910 2666
1482920 2666
1482930 2671
1482940 2676
1482950 2676
1482960 2681
1482970 2682
1482980 2682
1482990 2679
1483000 2676
1483010 2676
1483020 2671
1483030 2667
1483040 2664
1483050 2664
1483060 2660
1483070 2655
1483080 2655
1483090 2650
1483100 2647
1483110 2647
1483120 2644
1483130 2642
1483140 2642
1483150 2638
1483160 2633
1483170 2633
1483180 2623
1483190 2604
1483200 2604
1483210 2585
1483220 2565
1483230 2549
1483240 2549
1483250 2538
1483260 2532
1483270 2532
1483280 2527
1483290 2522
1483300 2522
1483310 2517
1483320 2513
1483330 2513
1483340 2509
1483350 2504
1483360 2504
1483370 2500
1483380 2495
1483390 2495
1483400 2490
1483410 2485
1483420 2485
1483430 2481
1483440 2476
1483450 2471
1483460 2471
1483470 2468
1483480 2465
1483490 2465
1483500 2462
1483510 2459
1483520 2459
1483530 2452
1483540 2447
1483550 2447
1483560 2442
1483570 2437
1483580 2437
1483590 2432
1483600 2425
1483610 2425
1483620 2419
1483630 2412
1483640 2412
1483650 2406
1483660 2397
1483670 2389
1483680 2389
1483690 2382
1483700 2372
1483710 2372
1483720 2366
1483730 2360
1483740 2360
1483750 2355
1483760 2349
1483770 2349
1483780 2340
1483790 2336
1483800 2336
1483810 2332
1483820 2327
1483830 2327
1483840 2321
1483850 2316
1483860 2316
1483870 2310
1483880 2304
1483890 2300
1483900 2300
1483910 2294
1483920 2289
1483930 2289
1483940 2286
1483950 2283
1483960 2283
1483970 2279
1483980 2273
1483990 2273
1484000 2269
1484010 2267
1484020 2267
1484030 2264
1484040 2261
1484050 2261
1484060 2258
1484070 2253
1484080 2253
1484090 2248
1484100 2244
1484110 2241
1484120 2241
1484130 2237
1484140 2233
1484150 2233
1484160 2229
1484170 2225
1484180 2225
1484190 2220
1484200 2214
1484210 2214
1484220 2208
1484230 2202
1484240 2202
1484250 2198
1484260 2192
1484270 2192
1484280 2188
1484290 2181
1484300 2181
1484310 2174
1484320 2168
1484330 2164
1484340 2164
1484350 2162
1484360 2160
1484370 2160
1484380 2159
1484390 2158
1484400 2158
1484410 2157
1484420 2155
1484430 2155
1484440 2152
1484450 2147
1484460 2147
1484470 2144
1484480 2143
1484490 2143
1484500 2144
1484510 2145
1484520 2144
1484530 2144
1484540 2144
1484550 2146
1484560 2146
1484570 2149
1484580 2148
1484590 2148
1484600 2147
1484610 2147
1484620 2147
1484630 2147
1484640 2148
1484650 2148
1484660 2150
1484670 2151
1484680 2151
1484690 2153
1484700 2157
1484710 2157
1484720 2163
1484730 2167
1484740 2166
1484750 2166
1484760 2167
1484770 2168
1484780 2168
1484790 2169
1484800 2165
1484810 2165
1484820 2161
1484830 2161
1484840 2161
1484850 2164
1484860 2166
1484870 2166
1484880 2166
1484890 2167
1484900 2167
1484910 2169
1484920 2173
1484930 2173
1484940 2177
1484950 2181
1484960 2186
1484970 2186
1484980 2190
1484990 2196
1485000 2196
1485010 2202
1485020 2208
1485030 2208
1485040 2215
1485050 2220
1485060 2220
1485070 2225
1485080 2231
1485090 2231
1485100 2236
1485110 2241
1485120 2241
1485130 2246
1485140 2250
1485150 2250
1485160 2252
1485170 2255
1485180 2259
1485190 2259
1485200 2263
1485210 2266
1485220 2266
1485230 2266
1485240 2264
1485250 2264
1485260 2260
1485270 2255
1485280 2255
1485290 2254
1485300 2253
1485310 2253
1485320 2251
1485330 2247
1485340 2247
1485350 2244
1485360 2240
1485370 2240
1485380 2238
1485390 2232
1485400 2228
1485410 2228
1485420 2224
1485430 2217
1485440 2217
1485450 2213
1485460 2209
1485470 2209
1485480 2205
1485490 2200
1485500 2200
1485510 2195
1485520 2189
1485530 2189
1485540 2184
1485550 2178
1485560 2178
1485570 2172
1485580 2164
1485590 2156
1485600 2156
1485610 2150
1485620 2143
1485630 2143
1485640 2136
1485650 2125
1485660 2125
1485670 2112
1485680 2099
1485690 2099
1485700 2089
1485710 2082
1485720 2082
1485730 2076
1485740 2069
1485750 2069
1485760 2063
1485770 2056
1485780 2056
1485790 2050
1485800 2044
1485810 2038
1485820 2038
1485830 2031
1485840 2026
1485850 2026
1485860 2020
1485870 2013
1485880 2013
1485890 2008
1485900 2002
1485910 2002
1485920 1996
1485930 1988
1485940 1988
1485950 1977
1485960 1970
1485970 1970
1485980 1962
1485990 1954
1486000 1954
1486010 1947
1486020 1941
1486030 1934
1486040 1934
1486050 1928
1486060 1922
1486070 1922
1486080 1918
1486090 1915
1486100 1915
1486110 1911
1486120 1906
1486130 1906
1486140 1900
1486150 1895
1486160 1895
1486170 1892
1486180 1888
1486190 1888
1486200 1884
1486210 1877
1486220 1877
1486230 1871
1486240 1868
1486250 1866
1486260 1866
1486270 1862
1486280 1856
1486290 1856
1486300 1851
1486310 1845
1486320 1845
1486330 1840
1486340 1833
1486350 1833
1486360 1828
1486370 1823
1486380 1823
1486390 1818
1486400 1811
1486410 1811
1486420 1804
1486430 1798
1486440 1798
1486450 1791
1486460 1785
1486470 1779
1486480 1779
1486490 1779
1486500 1779
1486510 1779
1486520 1777
1486530 1770
1486540 1770
1486550 1767
1486560 1767
1486570 1767
1486580 1766
1486590 1763
1486600 1763
1486610 1759
1486620 1760
1486630 1760
1486640 1755
1486650 1750
1486660 1744
1486670 1744
1486680 1735
1486690 1726
1486700 1726
1486710 1721
1486720 1716
1486730 1716
1486740 1711
1486750 1707
1486760 1707
1486770 1703
1486780 1698
1486790 1698
1486800 1695
1486810 1692
1486820 1692
1486830 1688
1486840 1686
1486850 1686
1486860 1683
1486870 1679
1486880 1676
1486890 1676
1486900 1671
1486910 1667
1486920 1667
1486930 1664
1486940 1661
1486950 1661
1486960 1658
1486970 1655
1486980 1655
1486990 1651
1487000 1647
1487010 1647
1487020 1642
1487030 1638
1487040 1638
1487050 1635
1487060 1632
1487070 1632
1487080 1631
1487090 1630
1487100 1630
1487110 1630
1487120 1630
1487130 1630
1487140 1630
1487150 1630
1487160 1629
1487170 1629
1487180 1627
1487190 1627
1487200 1627
1487210 1627
1487220 1627
1487230 1627
1487240 1627
1487250 1627
1487260 1627
1487270 1627
1487280 1628
1487290 1628
1487300 1629
1487310 1630
1487320 1630
1487330 1630
1487340 1631
1487350 1633
1487360 1633
1487370 1634
1487380 1639
1487390 1639
1487400 1647
1487410 1656
1487420 1656
1487430 1662
1487440 1667
1487450 1667
1487460 1670
1487470 1672
1487480 1672
1487490 1676
1487500 1687
1487510 1687
1487520 1694
1487530 1700
1487540 1711
1487550 1711
1487560 1714
1487570 1713
1487580 1713
1487590 1715
1487600 1717
1487610 1717
1487620 1718
1487630 1717
1487640 1717
1487650 1717
1487660 1718
1487670 1718
1487680 1719
1487690 1721
1487700 1721
1487710 1722
1487720 1727
1487730 1731
1487740 1731
1487750 1735
1487760 1739
1487770 1739
1487780 1744
1487790 1748
1487800 1748
1487810 1754
1487820 1758
1487830 1758
1487840 1764
1487850 1771
1487860 1771
1487870 1777
1487880 1783
1487890 1783
1487900 1789
1487910 1792
1487920 1792
1487930 1799
1487940 1807
1487950 1814
1487960 1814
1487970 1820
1487980 1825
1487990 1825
1488000 1830
1488010 1836
1488020 1836
1488030 1842
1488040 1851
1488050 1851
1488060 1869
1488070 1882
1488080 1882
1488090 1893
1488100 1902
1488110 1902
1488120 1915
1488130 1933
1488140 1933
1488150 1946
1488160 1956
1488170 1959
1488180 1959
1488190 1963
1488200 1965
1488210 1965
1488220 1968
1488230 1973
1488240 1973
1488250 1978
1488260 1984
1488270 1984
1488280 1995
1488290 2005
1488300 2005
1488310 2017
1488320 2026
1488330 2026
1488340 2029
1488350 2032
1488360 2032
1488370 2037
1488380 2044
1488390 2053
1488400 2053
1488410 2058
1488420 2061
1488430 2061
1488440 2064
1488450 2069
1488460 2069
1488470 2074
1488480 2076
1488490 2076
1488500 2081
1488510 2083
1488520 2083
1488530 2087
1488540 2092
1488550 2092
1488560 2094
1488570 2093
1488580 2093
1488590 2093
1488600 2092
1488610 2096
1488620 2096
1488630 2102
1488640 2111
1488650 2111
1488660 2119
1488670 2125
1488680 2125
1488690 2130
1488700 2133
1488710 2133
1488720 2136
1488730 2137
1488740 2137
1488750 2139
1488760 2141
1488770 2141
1488780 2145
1488790 2149
1488800 2152
1488810 2152
1488820 2155
1488830 2157
1488840 2157
1488850 2158
1488860 2162
1488870 2162
1488880 2166
1488890 2170
1488900 2170
1488910 2173
1488920 2175
1488930 2175
1488940 2179
1488950 2184
1488960 2184
1488970 2189
1488980 2192
1488990 2192
1489000 2195
1489010 2200
1489020 2204
1489030 2204
1489040 2208
1489050 2212
1489060 2212
1489070 2217
1489080 2222
1489090 2222
1489100 2227
1489110 2231
1489120 2231
1489130 2235
1489140 2239
1489150 2239
1489160 2243
1489170 2247
1489180 2247
1489190 2251
1489200 2255
1489210 2255
1489220 2259
1489230 2262
1489240 2266
1489250 2266
1489260 2271
1489270 2277
1489280 2277
1489290 2283
1489300 2288
1489310 2288
1489320 2294
1489330 2298
1489340 2298
1489350 2302
1489360 2306
1489370 2306
1489380 2310
1489390 2311
1489400 2311
1489410 2311
1489420 2312
1489430 2312
1489440 2315
1489450 2317
1489460 2321
1489470 2321
1489480 2326
1489490 2331
1489500 2331
1489510 2337
1489520 2341
1489530 2341
1489540 2346
1489550 2351
1489560 2351
1489570 2356
1489580 2361
1489590 2361
1489600 2368
1489610 2374
1489620 2374
1489630 2380
1489640 2387
1489650 2387
1489660 2394
1489670 2400
1489680 2406
1489690 2406
1489700 2412
1489710 2418
1489720 2418
1489730 2421
1489740 2421
1489750 2421
1489760 2415
1489770 2414
1489780 2414
1489790 2406
1489800 2385
1489810 2385
1489820 2374
1489830 2369
1489840 2369
1489850 2364
1489860 2362
1489870 2362
1489880 2362
1489890 2361
1489900 2362
1489910 2362
1489920 2362
1489930 2364
1489940 2366
1489950 2366
1489960 2365
1489970 2365
1489980 2365
1489990 2365
1490000 2365
1490010 2366
1490020 2368
1490030 2368
1490040 2369
1490050 2370
1490060 2370
1490070 2370
1490080 2370
1490090 2371
1490100 2371
1490110 2372
1490120 2372
1490130 2372
1490140 2374
1490150 2376
1490160 2376
1490170 2378
1490180 2381
1490190 2381
1490200 2383
1490210 2383
1490220 2383
1490230 2385
1490240 2386
1490250 2386
1490260 2387
1490270 2388
1490280 2388
1490290 2387
1490300 2387
1490310 2387
1490320 2387
1490330 2387
1490340 2387
1490350 2387
1490360 2387
1490370 2389
1490380 2389
1490390 2390
1490400 2392
1490410 2392
1490420 2395
1490430 2397
1490440 2397
1490450 2398
1490460 2399
1490470 2399
1490480 2399
1490490 2399
1490500 2399
1490510 2398
1490520 2398
1490530 2400
1490540 2400
1490550 2403
1490560 2400
1490570 2400
1490580 2396
1490590 2397
1490600 2397
1490610 2399
1490620 2401
1490630 2401
1490640 2404
1490650 2406
1490660 2406
1490670 2408
1490680 2410
1490690 2410
1490700 2412
1490710 2416
1490720 2416
1490730 2419
1490740 2421
1490750 2421
1490760 2421
1490770 2421
1490780 2423
1490790 2423
1490800 2425
1490810 2427
1490820 2427
1490830 2429
1490840 2429
1490850 2429
1490860 2427
1490870 2427
1490880 2427
1490890 2427
1490900 2426
1490910 2426
1490920 2425
1490930 2425
1490940 2425
1490950 2425
1490960 2425
1490970 2426
1490980 2426
1490990 2427
1491000 2428
1491010 2428
1491020 2429
1491030 2430
1491040 2430
1491050 2430
1491060 2429
1491070 2429
1491080 2429
1491090 2429
1491100 2429
1491110 2428
1491120 2426
1491130 2426
1491140 2426
1491150 2425
1491160 2425
1491170 2425
1491180 2424
1491190 2424
1491200 2424
1491210 2424
1491220 2425
1491230 2425
1491240 2427
1491250 2428
1491260 2428
1491270 2429
1491280 2430
1491290 2430
1491300 2431
1491310 2433
1491320 2433
1491330 2434
1491340 2436
1491350 2436
1491360 2439
1491370 2444
1491380 2447
1491390 2447
1491400 2450
1491410 2453
1491420 2453
1491430 2457
1491440 2460
1491450 2460
1491460 2464
1491470 2467
1491480 2467
1491490 2470
1491500 2473
1491510 2473
1491520 2477
1491530 2481
1491540 2481
1491550 2484
1491560 2487
1491570 2487
1491580 2491
1491590 2496
1491600 2500
1491610 2500
1491620 2505
1491630 2509
1491640 2509
1491650 2516
1491660 2519
1491670 2519
1491680 2520
1491690 2523
1491700 2523
1491710 2526
1491720 2529
1491730 2529
1491740 2532
1491750 2533
1491760 2533
1491770 2536
1491780 2540
1491790 2540
1491800 2543
1491810 2544
1491820 2545
1491830 2545
1491840 2549
1491850 2552
1491860 2552
1491870 2555
1491880 2557
1491890 2557
1491900 2560
1491910 2561
1491920 2561
1491930 2562
1491940 2563
1491950 2563
1491960 2565
1491970 2569
1491980 2569
1491990 2571
1492000 2574
1492010 2579
1492020 2579
1492030 2584
1492040 2588
1492050 2588
1492060 2592
1492070 2597
1492080 2597
1492090 2602
1492100 2605
1492110 2605
1492120 2610
1492130 2615
1492140 2615
1492150 2622
1492160 2627
1492170 2627
1492180 2631
1492190 2636
1492200 2636
1492210 2641
1492220 2646
1492230 2652
1492240 2652
1492250 2657
1492260 2663
1492270 2663
1492280 2669
1492290 2675
1492300 2675
1492310 2680
1492320 2685
1492330 2685
1492340 2692
1492350 2701
1492360 2701
1492370 2714
1492380 2728
1492390 2728
1492400 2741
1492410 2754
1492420 2754
1492430 2764
1492440 2765
1492450 2742
1492460 2742
1492470 2727
1492480 2725
1492490 2725
1492500 2726
1492510 2727
1492520 2727
1492530 2729
1492540 2730
1492550 2730
1492560 2732
1492570 2735
1492580 2735
1492590 2738
1492600 2739
1492610 2739
1492620 2741
1492630 2742
1492640 2742
1492650 2744
1492660 2744
1492670 2742
1492680 2742
1492690 2744
1492700 2748
1492710 2748
1492720 2752
1492730 2754
1492740 2754
1492750 2763
1492760 2771
1492770 2771
1492780 2773
1492790 2778
1492800 2778
1492810 2788
1492820 2803
1492830 2803
1492840 2810
1492850 2808
1492860 2808
1492870 2806
1492880 2825
1492890 2833
1492900 2833
1492910 2833
1492920 2835
1492930 2835
1492940 2836
1492950 2841
1492960 2841
1492970 2848
1492980 2854
1492990 2854
1493000 2857
1493010 2860
1493020 2860
1493030 2865
1493040 2873
1493050 2873
1493060 2880
1493070 2883
1493080 2890
1493090 2890
1493100 2900
1493110 2910
1493120 2910
1493130 2919
1493140 2921
1493150 2921
1493160 2922
1493170 2926
1493180 2926
1493190 2932
1493200 2929
1493210 2929
1493220 2920
1493230 2912
1493240 2912
1493250 2906
1493260 2900
1493270 2900
1493280 2892
1493290 2885
1493300 2878
1493310 2878
1493320 2872
1493330 2867
1493340 2867
1493350 2860
1493360 2850
1493370 2850
1493380 2843
1493390 2836
1493400 2836
1493410 2828
1493420 2820
1493430 2820
1493440 2812
1493450 2805
1493460 2805
1493470 2795
1493480 2785
1493490 2785
1493500 2776
1493510 2764
1493520 2753
1493530 2753
1493540 2743
1493550 2730
1493560 2730
1493570 2713
1493580 2699
1493590 2699
1493600 2689
1493610 2682
1493620 2682
1493630 2675
1493640 2667
1493650 2667
1493660 2660
1493670 2653
1493680 2653
1493690 2644
1493700 2638
1493710 2638
1493720 2633
1493730 2627
1493740 2622
1493750 2622
1493760 2616
1493770 2611
1493780 2611
1493790 2606
1493800 2601
1493810 2601
1493820 2595
1493830 2589
1493840 2589
1493850 2583
1493860 2579
1493870 2579
1493880 2570
1493890 2564
1493900 2564
1493910 2555
1493920 2549
1493930 2549
1493940 2546
1493950 2542
1493960 2538
1493970 2538
1493980 2531
1493990 2526
1494000 2526
1494010 2523
1494020 2519
1494030 2519
1494040 2514
1494050 2509
1494060 2509
1494070 2503
1494080 2494
1494090 2494
1494100 2483
1494110 2470
1494120 2470
1494130 2458
1494140 2447
1494150 2438
1494160 2438
1494170 2430
1494180 2423
1494190 2423
1494200 2416
1494210 2413
1494220 2413
1494230 2413
1494240 2411
1494250 2411
1494260 2408
1494270 2405
1494280 2405
1494290 2402
1494300 2399
1494310 2399
1494320 2396
1494330 2394
1494340 2394
1494350 2391
1494360 2388
1494370 2386
1494380 2386
1494390 2383
1494400 2381
1494410 2381
1494420 2379
1494430 2378
1494440 2378
1494450 2376
1494460 2374
1494470 2374
1494480 2376
1494490 2377
1494500 2377
1494510 2376
1494520 2375
1494530 2375
1494540 2375
1494550 2374
1494560 2374
1494570 2373
1494580 2377
1494590 2381
1494600 2381
1494610 2386
1494620 2391
1494630 2391
1494640 2395
1494650 2399
1494660 2399
1494670 2403
1494680 2407
1494690 2407
1494700 2411
1494710 2414
1494720 2414
1494730 2418
1494740 2421
1494750 2421
1494760 2424
1494770 2426
1494780 2426
1494790 2429
1494800 2431
1494810 2432
1494820 2432
1494830 2435
1494840 2437
1494850 2437
1494860 2439
1494870 2442
1494880 2442
1494890 2444
1494900 2447
1494910 2447
1494920 2449
1494930 2452
1494940 2452
1494950 2455
1494960 2459
1494970 2459
1494980 2462
1494990 2466
1495000 2466
1495010 2469
1495020 2472
1495030 2475
1495040 2475
1495050 2478
1495060 2481
1495070 2481
1495080 2486
1495090 2490
1495100 2490
1495110 2494
1495120 2499
1495130 2499
1495140 2503
1495150 2507
1495160 2507
1495170 2514
1495180 2521
1495190 2521
1495200 2527
1495210 2533
1495220 2539
1495230 2539
1495240 2544
1495250 2551
1495260 2551
1495270 2561
1495280 2570
1495290 2570
1495300 2574
1495310 2579
1495320 2579
1495330 2586
1495340 2593
1495350 2593
1495360 2599
1495370 2608
1495380 2608
1495390 2618
1495400 2625
1495410 2625
1495420 2631
1495430 2641
1495440 2649
1495450 2649
1495460 2661
1495470 2680
1495480 2680
1495490 2695
1495500 2707
1495510 2707
1495520 2716
1495530 2729
1495540 2729
1495550 2739
1495560 2735
1495570 2735
1495580 2725
1495590 2717
1495600 2717
1495610 2707
1495620 2699
1495630 2699
1495640 2691
1495650 2683
1495660 2669
1495670 2669
1495680 2655
1495690 2652
1495700 2652
1495710 2648
1495720 2641
1495730 2641
1495740 2633
1495750 2622
1495760 2622
1495770 2610
1495780 2599
1495790 2599
1495800 2589
1495810 2582
1495820 2582
1495830 2575
1495840 2568
1495850 2568
1495860 2559
1495870 2550
1495880 2543
1495890 2543
1495900 2537
1495910 2531
1495920 2531
1495930 2525
1495940 2521
1495950 2521
1495960 2518
1495970 2511
1495980 2511
1495990 2506
1496000 2500
1496010 2500
1496020 2494
1496030 2490
1496040 2490
1496050 2487
1496060 2483
1496070 2483
1496080 2481
1496090 2478
1496100 2477
1496110 2477
1496120 2476
1496130 2473
1496140 2473
1496150 2470
1496160 2466
1496170 2466
1496180 2462
1496190 2457
1496200 2457
1496210 2451
1496220 2446
1496230 2446
1496240 2440
1496250 2434
1496260 2434
1496270 2428
1496280 2423
1496290 2417
1496300 2417
1496310 2412
1496320 2409
1496330 2409
1496340 2407
1496350 2403
1496360 2403
1496370 2399
1496380 2397
1496390 2397
1496400 2394
1496410 2392
1496420 2392
1496430 2389
1496440 2386
1496450 2386
1496460 2382
1496470 2379
1496480 2379
1496490 2375
1496500 2370
1496510 2365
1496520 2365
1496530 2359
1496540 2351
1496550 2351
1496560 2343
1496570 2337
1496580 2337
1496590 2331
1496600 2325
1496610 2325
1496620 2319
1496630 2316
1496640 2316
1496650 2314
1496660 2312
1496670 2312
1496680 2311
1496690 2308
1496700 2308
1496710 2305
1496720 2302
1496730 2300
1496740 2300
1496750 2298
1496760 2298
1496770 2298
1496780 2296
1496790 2294
1496800 2294
1496810 2292
1496820 2290
1496830 2290
1496840 2288
1496850 2286
1496860 2286
1496870 2283
1496880 2280
1496890 2280
1496900 2277
1496910 2274
1496920 2274
1496930 2272
1496940 2269
1496950 2268
1496960 2268
1496970 2266
1496980 2265
1496990 2265
1497000 2264
1497010 2263
1497020 2263
1497030 2260
1497040 2258
1497050 2258
1497060 2255
1497070 2252
1497080 2252
1497090 2250
1497100 2249
1497110 2249
1497120 2247
1497130 2244
1497140 2244
1497150 2242
1497160 2240
1497170 2238
1497180 2238
1497190 2236
1497200 2233
1497210 2233
1497220 2228
1497230 2223
1497240 2223
1497250 2220
1497260 2217
1497270 2217
1497280 2215
1497290 2213
1497300 2213
1497310 2212
1497320 2212
1497330 2212
1497340 2211
1497350 2209
1497360 2208
1497370 2208
1497380 2207
1497390 2207
1497400 2207
1497410 2207
1497420 2208
1497430 2208
1497440 2208
1497450 2208
1497460 2208
1497470 2208
1497480 2211
1497490 2211
1497500 2213
1497510 2218
1497520 2218
1497530 2224
1497540 2228
1497550 2228
1497560 2232
1497570 2239
1497580 2245
1497590 2245
1497600 2253
1497610 2263
1497620 2263
1497630 2274
1497640 2289
1497650 2289
1497660 2298
1497670 2300
1497680 2300
1497690 2305
1497700 2313
1497710 2313
1497720 2319
1497730 2328
1497740 2328
1497750 2334
1497760 2337
1497770 2337
1497780 2339
1497790 2342
1497800 2346
1497810 2346
1497820 2350
1497830 2354
1497840 2354
1497850 2358
1497860 2360
1497870 2360
1497880 2362
1497890 2363
1497900 2363
1497910 2364
1497920 2361
1497930 2361
1497940 2350
1497950 2338
1497960 2338
1497970 2324
1497980 2316
1497990 2316
1498000 2310
1498010 2304
1498020 2294
1498030 2294
1498040 2286
1498050 2276
1498060 2276
1498070 2266
1498080 2256
1498090 2256
1498100 2249
1498110 2240
1498120 2240
1498130 2230
1498140 2221
1498150 2221
1498160 2212
1498170 2200
1498180 2200
1498190 2188
1498200 2179
1498210 2179
1498220 2171
1498230 2162
1498240 2155
1498250 2155
1498260 2148
1498270 2142
1498280 2142
1498290 2137
1498300 2134
1498310 2134
1498320 2131
1498330 2129
1498340 2129
1498350 2127
1498360 2124
1498370 2124
1498380 2123
1498390 2122
1498400 2122
1498410 2121
1498420 2118
1498430 2113
1498440 2113
1498450 2116
1498460 2118
1498470 2118
1498480 2117
1498490 2116
1498500 2116
1498510 2118
1498520 2118
1498530 2118
1498540 2119
1498550 2118
1498560 2118
1498570 2118
1498580 2117
1498590 2117
1498600 2118
1498610 2119
1498620 2119
1498630 2121
1498640 2122
1498650 2120
1498660 2120
1498670 2121
1498680 2122
1498690 2122
1498700 2121
1498710 2118
1498720 2118
1498730 2115
1498740 2113
1498750 2113
1498760 2109
1498770 2107
1498780 2107
1498790 2107
1498800 2106
1498810 2106
1498820 2106
1498830 2105
1498840 2105
1498850 2104
1498860 2102
1498870 2099
1498880 2099
1498890 2096
1498900 2092
1498910 2092
1498920 2091
1498930 2091
1498940 2091
1498950 2092
1498960 2092
1498970 2092
1498980 2088
1498990 2086
1499000 2086
1499010 2086
1499020 2086
1499030 2086
1499040 2083
1499050 2079
1499060 2079
1499070 2075
1499080 2072
1499090 2069
1499100 2069
1499110 2064
1499120 2058
1499130 2058
1499140 2054
1499150 2053
1499160 2053
1499170 2052
1499180 2051
1499190 2051
1499200 2050
1499210 2048
1499220 2048
1499230 2046
1499240 2042
1499250 2042
1499260 2039
1499270 2038
1499280 2038
1499290 2036
1499300 2031
1499310 2028
1499320 2028
1499330 2027
1499340 2025
1499350 2025
1499360 2027
1499370 2029
1499380 2029
1499390 2029
1499400 2028
1499410 2028
1499420 2028
1499430 2027
1499440 2027
1499450 2027
1499460 2026
1499470 2026
1499480 2025
1499490 2023
1499500 2020
1499510 2020
1499520 2014
1499530 2009
1499540 2009
1499550 2010
1499560 2013
1499570 2013
1499580 2014
1499590 2013
1499600 2013
1499610 2011
1499620 2008
1499630 2008
1499640 2005
1499650 2003
1499660 2003
1499670 2002
1499680 2002
1499690 2002
1499700 2002
1499710 2001
1499720 2001
1499730 2001
1499740 1999
1499750 1998
1499760 1998
1499770 1999
1499780 2001
1499790 2001
1499800 2009
1499810 2020
1499820 2020
1499830 2030
1499840 2031
1499850 2031
1499860 2025
1499870 2019
1499880 2019
1499890 2012
1499900 2004
1499910 2004
1499920 1997
1499930 1990
1499940 1983
1499950 1983
1499960 1975
1499970 1968
1499980 1968
1499990 1962
