1480000 1970
1480010 1969
1480020 1969
1480030 1969
1480040 1969
1480050 1966
1480060 1966
1480070 1964
1480080 1962
1480090 1962
1480100 1962
1480110 1962
1480120 1962
1480130 1961
1480140 1960
1480150 1960
1480160 1959
1480170 1954
1480180 1954
1480190 1953
1480200 1957
1480210 1957
1480220 1958
1480230 1959
1480240 1959
1480250 1959
1480260 1958
1480270 1960
1480280 1960
1480290 1961
1480300 1962
1480310 1962
1480320 1963
1480330 1964
1480340 1964
1480350 1966
1480360 1969
1480370 1969
1480380 1972
1480390 1976
1480400 1976
1480410 1980
1480420 1984
1480430 1984
1480440 1989
1480450 1994
1480460 1994
1480470 1997
1480480 2002
1480490 2005
1480500 2005
1480510 2009
1480520 2013
1480530 2013
1480540 2017
1480550 2020
1480560 2020
1480570 2024
1480580 2028
1480590 2028
1480600 2032
1480610 2035
1480620 2035
1480630 2039
1480640 2043
1480650 2043
1480660 2047
1480670 2051
1480680 2055
1480690 2055
1480700 2060
1480710 2066
1480720 2066
1480730 2071
1480740 2076
1480750 2076
1480760 2081
1480770 2088
1480780 2088
1480790 2094
1480800 2100
1480810 2100
1480820 2104
1480830 2111
1480840 2111
1480850 2119
1480860 2127
1480870 2127
1480880 2133
1480890 2138
1480900 2143
1480910 2143
1480920 2149
1480930 2154
1480940 2154
1480950 2160
1480960 2166
1480970 2166
1480980 2173
1480990 2178
1481000 2178
1481010 2182
1481020 2187
1481030 2187
1481040 2192
1481050 2198
1481060 2198
1481070 2204
1481080 2210
1481090 2210
1481100 2217
1481110 2224
1481120 2229
1481130 2229
1481140 2234
1481150 2240
1481160 2240
1481170 2245
1481180 2251
1481190 2251
1481200 2257
1481210 2261
1481220 2261
1481230 2265
1481240 2269
1481250 2269
1481260 2275
1481270 2280
1481280 2280
1481290 2281
1481300 2283
1481310 2283
1481320 2288
1481330 2291
1481340 2290
1481350 2290
1481360 2291
1481370 2295
1481380 2295
1481390 2295
1481400 2293
1481410 2293
1481420 2292
1481430 2293
1481440 2293
1481450 2294
1481460 2293
1481470 2293
1481480 2294
1481490 2298
1481500 2298
1481510 2301
1481520 2302
1481530 2302
1481540 2302
1481550 2302
1481560 2302
1481570 2302
1481580 2302
1481590 2307
1481600 2307
1481610 2310
1481620 2312
1481630 2312
1481640 2321
1481650 2330
1481660 2330
1481670 2333
1481680 2335
1481690 2335
1481700 2338
1481710 2337
1481720 2337
1481730 2338
1481740 2342
1481750 2343
1481760 2343
1481770 2344
1481780 2344
1481790 2344
1481800 2344
1481810 2344
1481820 2344
1481830 2345
1481840 2349
1481850 2349
1481860 2356
1481870 2361
1481880 2361
1481890 2365
1481900 2370
1481910 2370
1481920 2376
1481930 2381
1481940 2381
1481950 2386
1481960 2392
1481970 2398
1481980 2398
1481990 2406
1482000 2414
1482010 2414
1482020 2421
1482030 2427
1482040 2427
1482050 2430
1482060 2433
1482070 2433
1482080 2437
1482090 2441
1482100 2441
1482110 2443
1482120 2446
1482130 2446
1482140 2450
1482150 2453
1482160 2453
1482170 2453
1482180 2451
1482190 2452
1482200 2452
1482210 2455
1482220 2459
1482230 2459
1482240 2462
1482250 2464
1482260 2464
1482270 2467
1482280 2468
1482290 2468
1482300 2468
1482310 2470
1482320 2470
1482330 2472
1482340 2477
1482350 2477
1482360 2482
1482370 2483
1482380 2483
1482390 2488
1482400 2496
1482410 2500
1482420 2500
1482430 2501
1482440 2505
1482450 2505
1482460 2511
1482470 2517
1482480 2517
1482490 2525
1482500 2532
1482510 2532
1482520 2537
1482530 2540
1482540 2540
1482550 2542
1482560 2546
1482570 2546
1482580 2549
1482590 2555
1482600 2560
1482610 2560
1482620 2561
1482630 2561
1482640 2561
1482650 2562
1482660 2565
1482670 2565
1482680 2569
1482690 2571
1482700 2571
1482710 2576
1482720 2581
1482730 2581
1482740 2585
1482750 2589
1482760 2589
1482770 2595
1482780 2602
1482790 2602
1482800 2609
1482810 2618
1482820 2626
1482830 2626
1482840 2632
1482850 2638
1482860 2638
1482870 2642
1482880 2646
1482890 2646
1482900 2648
1482910 2650
1482920 2650
1482930 2654
1482940 2657
1482950 2657
1482960 2661
1482970 2666
1482980 2666
1482990 2673
1483000 2682
1483010 2682
1483020 2696
1483030 2716
1483040 2732
1483050 2732
1483060 2723
1483070 2707
1483080 2707
1483090 2684
1483100 2664
1483110 2664
1483120 2649
1483130 2639
1483140 2639
1483150 2634
1483160 2630
1483170 2630
1483180 2626
1483190 2622
1483200 2622
1483210 2618
1483220 2616
1483230 2616
1483240 2613
1483250 2607
1483260 2602
1483270 2602
1483280 2596
1483290 2592
1483300 2592
1483310 2591
1483320 2589
1483330 2589
1483340 2584
1483350 2579
1483360 2579
1483370 2576
1483380 2576
1483390 2576
1483400 2575
1483410 2574
1483420 2574
1483430 2573
1483440 2570
1483450 2565
1483460 2565
1483470 2558
1483480 2553
1483490 2553
1483500 2548
1483510 2545
1483520 2545
1483530 2541
1483540 2538
1483550 2538
1483560 2536
1483570 2534
1483580 2534
1483590 2532
1483600 2531
1483610 2531
1483620 2531
1483630 2532
1483640 2532
1483650 2531
1483660 2531
1483670 2533
1483680 2533
1483690 2533
1483700 2533
1483710 2533
1483720 2530
1483730 2529
1483740 2529
1483750 2530
1483760 2528
1483770 2528
1483780 2525
1483790 2524
1483800 2524
1483810 2524
1483820 2522
1483830 2522
1483840 2521
1483850 2521
1483860 2521
1483870 2521
1483880 2521
1483890 2521
1483900 2521
1483910 2521
1483920 2521
1483930 2521
1483940 2520
1483950 2519
1483960 2519
1483970 2519
1483980 2520
1483990 2520
1484000 2521
1484010 2519
1484020 2519
1484030 2519
1484040 2520
1484050 2520
1484060 2521
1484070 2519
1484080 2519
1484090 2517
1484100 2517
1484110 2515
1484120 2515
1484130 2517
1484140 2518
1484150 2518
1484160 2514
1484170 2507
1484180 2507
1484190 2504
1484200 2502
1484210 2502
1484220 2500
1484230 2498
1484240 2498
1484250 2496
1484260 2494
1484270 2494
1484280 2492
1484290 2490
1484300 2490
1484310 2488
1484320 2486
1484330 2485
1484340 2485
1484350 2483
1484360 2484
1484370 2484
1484380 2485
1484390 2485
1484400 2485
1484410 2484
1484420 2485
1484430 2485
1484440 2485
1484450 2484
1484460 2484
1484470 2482
1484480 2481
1484490 2481
1484500 2480
1484510 2478
1484520 2477
1484530 2477
1484540 2475
1484550 2474
1484560 2474
1484570 2471
1484580 2468
1484590 2468
1484600 2467
1484610 2466
1484620 2466
1484630 2464
1484640 2460
1484650 2460
1484660 2454
1484670 2449
1484680 2449
1484690 2444
1484700 2440
1484710 2440
1484720 2436
1484730 2431
1484740 2428
1484750 2428
1484760 2425
1484770 2423
1484780 2423
1484790 2420
1484800 2414
1484810 2414
1484820 2408
1484830 2404
1484840 2404
1484850 2405
1484860 2406
1484870 2406
1484880 2404
1484890 2401
1484900 2401
1484910 2398
1484920 2396
1484930 2396
1484940 2397
1484950 2400
1484960 2402
1484970 2402
1484980 2407
1484990 2410
1485000 2410
1485010 2412
1485020 2411
1485030 2411
1485040 2409
1485050 2406
1485060 2406
1485070 2403
1485080 2398
1485090 2398
1485100 2393
1485110 2388
1485120 2388
1485130 2382
1485140 2376
1485150 2376
1485160 2372
1485170 2368
1485180 2364
1485190 2364
1485200 2361
1485210 2358
1485220 2358
1485230 2353
1485240 2349
1485250 2349
1485260 2346
1485270 2343
1485280 2343
1485290 2338
1485300 2334
1485310 2334
1485320 2330
1485330 2327
1485340 2327
1485350 2323
1485360 2320
1485370 2317
1485380 2317
1485390 2313
1485400 2307
1485410 2307
1485420 2303
1485430 2299
1485440 2299
1485450 2295
1485460 2289
1485470 2289
1485480 2285
1485490 2281
1485500 2281
1485510 2276
1485520 2272
1485530 2272
1485540 2269
1485550 2264
1485560 2264
1485570 2259
1485580 2255
1485590 2252
1485600 2252
1485610 2246
1485620 2243
1485630 2243
1485640 2240
1485650 2237
1485660 2237
1485670 2234
1485680 2231
1485690 2231
1485700 2229
1485710 2227
1485720 2227
1485730 2226
1485740 2224
1485750 2224
1485760 2220
1485770 2219
1485780 2219
1485790 2216
1485800 2215
1485810 2214
1485820 2214
1485830 2214
1485840 2213
1485850 2213
1485860 2213
1485870 2213
1485880 2213
1485890 2211
1485900 2209
1485910 2209
1485920 2206
1485930 2205
1485940 2205
1485950 2204
1485960 2202
1485970 2202
1485980 2198
1485990 2195
1486000 2195
1486010 2192
1486020 2189
1486030 2187
1486040 2187
1486050 2187
1486060 2186
1486070 2186
1486080 2185
1486090 2183
1486100 2183
1486110 2182
1486120 2181
1486130 2181
1486140 2182
1486150 2182
1486160 2182
1486170 2181
1486180 2178
1486190 2178
1486200 2175
1486210 2173
1486220 2170
1486230 2170
1486240 2167
1486250 2166
1486260 2166
1486270 2163
1486280 2160
1486290 2160
1486300 2159
1486310 2155
1486320 2155
1486330 2150
1486340 2145
1486350 2145
1486360 2142
1486370 2136
1486380 2136
1486390 2131
1486400 2127
1486410 2127
1486420 2122
1486430 2117
1486440 2110
1486450 2110
1486460 2101
1486470 2095
1486480 2095
1486490 2090
1486500 2082
1486510 2082
1486520 2076
1486530 2071
1486540 2071
1486550 2065
1486560 2059
1486570 2059
1486580 2052
1486590 2038
1486600 2038
1486610 2023
1486620 2014
1486630 2014
1486640 2001
1486650 1981
1486660 1968
1486670 1968
1486680 1958
1486690 1951
1486700 1951
1486710 1944
1486720 1937
1486730 1937
1486740 1931
1486750 1923
1486760 1923
1486770 1915
1486780 1907
1486790 1907
1486800 1900
1486810 1892
1486820 1892
1486830 1884
1486840 1877
1486850 1877
1486860 1870
1486870 1865
1486880 1861
1486890 1861
1486900 1857
1486910 1853
1486920 1853
1486930 1847
1486940 1843
1486950 1843
1486960 1838
1486970 1835
1486980 1835
1486990 1833
1487000 1827
1487010 1827
1487020 1821
1487030 1816
1487040 1816
1487050 1817
1487060 1821
1487070 1821
1487080 1823
1487090 1822
1487100 1816
1487110 1816
1487120 1808
1487130 1801
1487140 1801
1487150 1796
1487160 1794
1487170 1794
1487180 1792
1487190 1790
1487200 1790
1487210 1785
1487220 1776
1487230 1776
1487240 1766
1487250 1763
1487260 1763
1487270 1764
1487280 1763
1487290 1760
1487300 1760
1487310 1756
1487320 1752
1487330 1752
1487340 1747
1487350 1742
1487360 1742
1487370 1736
1487380 1732
1487390 1732
1487400 1727
1487410 1722
1487420 1722
1487430 1717
1487440 1710
1487450 1710
1487460 1704
1487470 1696
1487480 1696
1487490 1688
1487500 1682
1487510 1679
1487520 1679
1487530 1676
1487540 1670
1487550 1670
1487560 1664
1487570 1657
1487580 1657
1487590 1650
1487600 1645
1487610 1645
1487620 1638
1487630 1632
1487640 1632
1487650 1625
1487660 1621
1487670 1621
1487680 1622
1487690 1624
1487700 1624
1487710 1625
1487720 1624
1487730 1622
1487740 1622
1487750 1620
1487760 1618
1487770 1618
1487780 1615
1487790 1612
1487800 1612
1487810 1607
1487820 1602
1487830 1602
1487840 1598
1487850 1596
1487860 1596
1487870 1595
1487880 1596
1487890 1596
1487900 1600
1487910 1602
1487920 1602
1487930 1607
1487940 1613
1487950 1620
1487960 1620
1487970 1629
1487980 1638
1487990 1638
1488000 1646
1488010 1653
1488020 1653
1488030 1657
1488040 1659
1488050 1659
1488060 1661
1488070 1664
1488080 1664
1488090 1666
1488100 1668
1488110 1668
1488120 1669
1488130 1669
1488140 1669
1488150 1669
1488160 1670
1488170 1672
1488180 1672
1488190 1676
1488200 1679
1488210 1679
1488220 1682
1488230 1684
1488240 1684
1488250 1686
1488260 1690
1488270 1690
1488280 1697
1488290 1705
1488300 1705
1488310 1710
1488320 1715
1488330 1715
1488340 1725
1488350 1732
1488360 1738
1488370 1738
1488380 1744
1488390 1750
1488400 1750
1488410 1756
1488420 1762
1488430 1762
1488440 1768
1488450 1773
1488460 1773
1488470 1779
1488480 1785
1488490 1785
1488500 1792
1488510 1802
1488520 1802
1488530 1806
1488540 1807
1488550 1807
1488560 1811
1488570 1815
1488580 1822
1488590 1822
1488600 1829
1488610 1837
1488620 1837
1488630 1844
1488640 1850
1488650 1850
1488660 1857
1488670 1866
1488680 1866
1488690 1874
1488700 1881
1488710 1881
1488720 1886
1488730 1891
1488740 1891
1488750 1894
1488760 1899
1488770 1899
1488780 1906
1488790 1912
1488800 1918
1488810 1918
1488820 1924
1488830 1929
1488840 1929
1488850 1935
1488860 1941
1488870 1941
1488880 1948
1488890 1955
1488900 1955
1488910 1962
1488920 1968
1488930 1968
1488940 1973
1488950 1978
1488960 1978
1488970 1981
1488980 1984
1488990 1986
1489000 1986
1489010 1987
1489020 1989
1489030 1989
1489040 1991
1489050 1995
1489060 1995
1489070 1999
1489080 2000
1489090 2000
1489100 2001
1489110 2004
1489120 2004
1489130 2005
1489140 2003
1489150 2003
1489160 2004
1489170 2008
1489180 2008
1489190 2011
1489200 2007
1489210 2000
1489220 2000
1489230 1994
1489240 1992
1489250 1992
1489260 1994
1489270 1999
1489280 1999
1489290 2003
1489300 2005
1489310 2005
1489320 2008
1489330 2012
1489340 2012
1489350 2015
1489360 2017
1489370 2017
1489380 2019
1489390 2021
1489400 2021
1489410 2025
1489420 2026
1489430 2027
1489440 2027
1489450 2029
1489460 2032
1489470 2032
1489480 2035
1489490 2038
1489500 2038
1489510 2040
1489520 2043
1489530 2043
1489540 2048
1489550 2053
1489560 2053
1489570 2059
1489580 2065
1489590 2065
1489600 2070
1489610 2075
1489620 2075
1489630 2079
1489640 2083
1489650 2085
1489660 2085
1489670 2085
1489680 2085
1489690 2085
1489700 2085
1489710 2084
1489720 2084
1489730 2086
1489740 2089
1489750 2089
1489760 2092
1489770 2094
1489780 2094
1489790 2093
1489800 2093
1489810 2093
1489820 2092
1489830 2091
1489840 2091
1489850 2091
1489860 2091
1489870 2090
1489880 2090
1489890 2088
1489900 2088
1489910 2088
1489920 2085
1489930 2084
1489940 2084
1489950 2085
1489960 2085
1489970 2085
1489980 2086
1489990 2089
1490000 2089
1490010 2093
1490020 2096
1490030 2096
1490040 2097
1490050 2099
1490060 2103
1490070 2103
1490080 2105
1490090 2106
1490100 2106
1490110 2107
1490120 2107
1490130 2107
1490140 2108
1490150 2111
1490160 2111
1490170 2114
1490180 2117
1490190 2117
1490200 2119
1490210 2121
1490220 2121
1490230 2122
1490240 2123
1490250 2123
1490260 2124
1490270 2124
1490280 2126
1490290 2126
1490300 2127
1490310 2129
1490320 2129
1490330 2132
1490340 2134
1490350 2134
1490360 2138
1490370 2140
1490380 2140
1490390 2143
1490400 2145
1490410 2145
1490420 2148
1490430 2150
1490440 2150
1490450 2152
1490460 2156
1490470 2156
1490480 2160
1490490 2163
1490500 2167
1490510 2167
1490520 2170
1490530 2175
1490540 2175
1490550 2179
1490560 2184
1490570 2184
1490580 2188
1490590 2191
1490600 2191
1490610 2195
1490620 2198
1490630 2198
1490640 2202
1490650 2205
1490660 2205
1490670 2209
1490680 2213
1490690 2213
1490700 2218
1490710 2222
1490720 2228
1490730 2228
1490740 2233
1490750 2237
1490760 2237
1490770 2241
1490780 2245
1490790 2245
1490800 2250
1490810 2253
1490820 2253
1490830 2257
1490840 2261
1490850 2261
1490860 2265
1490870 2268
1490880 2268
1490890 2272
1490900 2274
1490910 2274
1490920 2274
1490930 2274
1490940 2274
1490950 2274
1490960 2274
1490970 2274
1490980 2274
1490990 2274
1491000 2276
1491010 2276
1491020 2278
1491030 2278
1491040 2278
1491050 2280
1491060 2283
1491070 2283
1491080 2287
1491090 2291
1491100 2291
1491110 2296
1491120 2300
1491130 2304
1491140 2304
1491150 2309
1491160 2313
1491170 2313
1491180 2316
1491190 2319
1491200 2319
1491210 2324
1491220 2327
1491230 2327
1491240 2330
1491250 2334
1491260 2334
1491270 2338
1491280 2340
1491290 2340
1491300 2342
1491310 2344
1491320 2344
1491330 2348
1491340 2352
1491350 2355
1491360 2355
1491370 2357
1491380 2360
1491390 2360
1491400 2363
1491410 2367
1491420 2367
1491430 2370
1491440 2372
1491450 2372
1491460 2375
1491470 2378
1491480 2378
1491490 2382
1491500 2385
1491510 2385
1491520 2387
1491530 2390
1491540 2390
1491550 2392
1491560 2395
1491570 2398
1491580 2398
1491590 2402
1491600 2408
1491610 2408
1491620 2415
1491630 2421
1491640 2421
1491650 2427
1491660 2435
1491670 2435
1491680 2442
1491690 2449
1491700 2449
1491710 2457
1491720 2465
1491730 2465
1491740 2473
1491750 2481
1491760 2481
1491770 2489
1491780 2496
1491790 2502
1491800 2502
1491810 2507
1491820 2511
1491830 2511
1491840 2515
1491850 2520
1491860 2520
1491870 2526
1491880 2531
1491890 2531
1491900 2535
1491910 2537
1491920 2537
1491930 2537
1491940 2531
1491950 2531
1491960 2527
1491970 2523
1491980 2496
1491990 2496
1492000 2474
1492010 2467
1492020 2467
1492030 2461
1492040 2457
1492050 2457
1492060 2454
1492070 2452
1492080 2452
1492090 2453
1492100 2455
1492110 2455
1492120 2455
1492130 2454
1492140 2454
1492150 2454
1492160 2456
1492170 2456
1492180 2458
1492190 2459
1492200 2460
1492210 2460
1492220 2460
1492230 2463
1492240 2463
1492250 2466
1492260 2470
1492270 2470
1492280 2473
1492290 2476
1492300 2476
1492310 2480
1492320 2483
1492330 2483
1492340 2487
1492350 2491
1492360 2491
1492370 2494
1492380 2497
1492390 2497
1492400 2500
1492410 2502
1492420 2505
1492430 2505
1492440 2509
1492450 2513
1492460 2513
1492470 2518
1492480 2524
1492490 2524
1492500 2529
1492510 2533
1492520 2533
1492530 2538
1492540 2542
1492550 2542
1492560 2548
1492570 2554
1492580 2554
1492590 2559
1492600 2565
1492610 2565
1492620 2571
1492630 2577
1492640 2583
1492650 2583
1492660 2589
1492670 2594
1492680 2594
1492690 2600
1492700 2606
1492710 2606
1492720 2612
1492730 2622
1492740 2622
1492750 2635
1492760 2654
1492770 2654
1492780 2665
1492790 2673
1492800 2673
1492810 2680
1492820 2685
1492830 2692
1492840 2692
1492850 2698
1492860 2704
1492870 2704
1492880 2710
1492890 2714
1492900 2714
1492910 2719
1492920 2725
1492930 2725
1492940 2731
1492950 2736
1492960 2736
1492970 2743
1492980 2751
1492990 2751
1493000 2760
1493010 2770
1493020 2770
1493030 2777
1493040 2784
1493050 2791
1493060 2791
1493070 2798
1493080 2806
1493090 2806
1493100 2814
1493110 2821
1493120 2821
1493130 2829
1493140 2835
1493150 2835
1493160 2842
1493170 2848
1493180 2848
1493190 2856
1493200 2864
1493210 2864
1493220 2873
1493230 2881
1493240 2881
1493250 2888
1493260 2894
1493270 2901
1493280 2901
1493290 2910
1493300 2917
1493310 2917
1493320 2925
1493330 2932
1493340 2932
1493350 2939
1493360 2947
1493370 2947
1493380 2955
1493390 2964
1493400 2964
1493410 2972
1493420 2981
1493430 2981
1493440 2989
1493450 2997
1493460 2997
1493470 3006
1493480 3018
1493490 3006
1493500 3006
1493510 2993
1493520 2980
1493530 2980
1493540 2967
1493550 2959
1493560 2959
1493570 2957
1493580 2952
1493590 2952
1493600 2941
1493610 2931
1493620 2931
1493630 2920
1493640 2906
1493650 2906
1493660 2893
1493670 2880
1493680 2871
1493690 2871
1493700 2862
1493710 2854
1493720 2854
1493730 2842
1493740 2826
1493750 2826
1493760 2808
1493770 2797
1493780 2797
1493790 2790
1493800 2780
1493810 2780
1493820 2771
1493830 2765
1493840 2765
1493850 2763
1493860 2758
1493870 2758
1493880 2754
1493890 2750
1493900 2746
1493910 2746
1493920 2742
1493930 2738
1493940 2738
1493950 2734
1493960 2731
1493970 2731
1493980 2727
1493990 2724
1494000 2724
1494010 2721
1494020 2716
1494030 2716
1494040 2709
1494050 2702
1494060 2702
1494070 2692
1494080 2683
1494090 2683
1494100 2678
1494110 2675
1494120 2676
1494130 2676
1494140 2678
1494150 2679
1494160 2679
1494170 2680
1494180 2680
1494190 2680
1494200 2680
1494210 2680
1494220 2680
1494230 2680
1494240 2677
1494250 2677
1494260 2679
1494270 2683
1494280 2683
1494290 2686
1494300 2689
1494310 2689
1494320 2690
1494330 2687
1494340 2684
1494350 2684
1494360 2684
1494370 2682
1494380 2682
1494390 2678
1494400 2677
1494410 2677
1494420 2682
1494430 2688
1494440 2688
1494450 2695
1494460 2701
1494470 2701
1494480 2706
1494490 2712
1494500 2712
1494510 2717
1494520 2722
1494530 2722
1494540 2726
1494550 2731
1494560 2737
1494570 2737
1494580 2740
1494590 2744
1494600 2744
1494610 2746
1494620 2749
1494630 2749
1494640 2751
1494650 2751
1494660 2751
1494670 2751
1494680 2750
1494690 2750
1494700 2750
1494710 2749
1494720 2749
1494730 2750
1494740 2751
1494750 2753
1494760 2753
1494770 2756
1494780 2760
1494790 2760
1494800 2763
1494810 2764
1494820 2764
1494830 2767
1494840 2769
1494850 2769
1494860 2774
1494870 2780
1494880 2780
1494890 2786
1494900 2792
1494910 2792
1494920 2798
1494930 2806
1494940 2806
1494950 2813
1494960 2820
1494970 2827
1494980 2827
1494990 2837
1495000 2848
1495010 2848
1495020 2859
1495030 2867
1495040 2867
1495050 2873
1495060 2879
1495070 2879
1495080 2883
1495090 2889
1495100 2889
1495110 2897
1495120 2905
1495130 2905
1495140 2912
1495150 2920
1495160 2920
1495170 2928
1495180 2935
1495190 2943
1495200 2943
1495210 2951
1495220 2959
1495230 2959
1495240 2965
1495250 2962
1495260 2962
1495270 2962
1495280 2965
1495290 2965
1495300 2959
1495310 2948
1495320 2948
1495330 2933
1495340 2918
1495350 2918
1495360 2906
1495370 2895
1495380 2895
1495390 2886
1495400 2880
1495410 2876
1495420 2876
1495430 2871
1495440 2866
1495450 2866
1495460 2863
1495470 2860
1495480 2860
1495490 2854
1495500 2846
1495510 2846
1495520 2844
1495530 2840
1495540 2840
1495550 2838
1495560 2838
1495570 2838
1495580 2841
1495590 2845
1495600 2845
1495610 2845
1495620 2842
1495630 2839
1495640 2839
1495650 2834
1495660 2828
1495670 2828
1495680 2822
1495690 2816
1495700 2816
1495710 2810
1495720 2803
1495730 2803
1495740 2795
1495750 2789
1495760 2789
1495770 2784
1495780 2778
1495790 2778
1495800 2772
1495810 2767
1495820 2760
1495830 2760
1495840 2748
1495850 2737
1495860 2737
1495870 2733
1495880 2729
1495890 2729
1495900 2726
1495910 2724
1495920 2724
1495930 2722
1495940 2722
1495950 2722
1495960 2721
1495970 2720
1495980 2720
1495990 2715
1496000 2710
1496010 2710
1496020 2706
1496030 2704
1496040 2702
1496050 2702
1496060 2703
1496070 2704
1496080 2704
1496090 2704
1496100 2703
1496110 2703
1496120 2701
1496130 2699
1496140 2699
1496150 2698
1496160 2695
1496170 2695
1496180 2693
1496190 2694
1496200 2694
1496210 2693
1496220 2691
1496230 2691
1496240 2689
1496250 2688
1496260 2687
1496270 2687
1496280 2684
1496290 2680
1496300 2680
1496310 2677
1496320 2676
1496330 2676
1496340 2677
1496350 2678
1496360 2678
1496370 2677
1496380 2674
1496390 2674
1496400 2673
1496410 2674
1496420 2674
1496430 2675
1496440 2675
1496450 2675
1496460 2672
1496470 2667
1496480 2661
1496490 2661
1496500 2651
1496510 2638
1496520 2638
1496530 2624
1496540 2606
1496550 2606
1496560 2595
1496570 2586
1496580 2586
1496590 2579
1496600 2572
1496610 2572
1496620 2565
1496630 2559
1496640 2559
1496650 2552
1496660 2546
1496670 2538
1496680 2538
1496690 2530
1496700 2522
1496710 2522
1496720 2515
1496730 2510
1496740 2510
1496750 2507
1496760 2504
1496770 2504
1496780 2502
1496790 2500
1496800 2500
1496810 2498
1496820 2495
1496830 2495
1496840 2491
1496850 2487
1496860 2487
1496870 2485
1496880 2484
1496890 2480
1496900 2480
1496910 2477
1496920 2473
1496930 2473
1496940 2471
1496950 2468
1496960 2468
1496970 2465
1496980 2468
1496990 2468
1497000 2470
1497010 2471
1497020 2471
1497030 2470
1497040 2470
1497050 2470
1497060 2468
1497070 2469
1497080 2469
1497090 2473
1497100 2476
1497110 2477
1497120 2477
1497130 2478
1497140 2480
1497150 2480
1497160 2482
1497170 2482
1497180 2482
1497190 2480
1497200 2482
1497210 2482
1497220 2486
1497230 2489
1497240 2489
1497250 2493
1497260 2499
1497270 2499
1497280 2513
1497290 2539
1497300 2539
1497310 2558
1497320 2574
1497330 2596
1497340 2596
1497350 2599
1497360 2603
1497370 2603
1497380 2607
1497390 2612
1497400 2612
1497410 2613
1497420 2613
1497430 2613
1497440 2611
1497450 2609
1497460 2609
1497470 2607
1497480 2604
1497490 2604
1497500 2602
1497510 2599
1497520 2597
1497530 2597
1497540 2594
1497550 2591
1497560 2591
1497570 2588
1497580 2585
1497590 2585
1497600 2582
1497610 2578
1497620 2578
1497630 2575
1497640 2572
1497650 2572
1497660 2568
1497670 2565
1497680 2565
1497690 2562
1497700 2560
1497710 2560
1497720 2557
1497730 2553
1497740 2549
1497750 2549
1497760 2544
1497770 2538
1497780 2538
1497790 2533
1497800 2528
1497810 2528
1497820 2522
1497830 2516
1497840 2516
1497850 2511
1497860 2506
1497870 2506
1497880 2500
1497890 2494
1497900 2494
1497910 2489
1497920 2483
1497930 2483
1497940 2478
1497950 2474
1497960 2469
1497970 2469
1497980 2466
1497990 2463
1498000 2463
1498010 2459
1498020 2455
1498030 2455
1498040 2450
1498050 2444
1498060 2444
1498070 2439
1498080 2432
1498090 2432
1498100 2425
1498110 2418
1498120 2418
1498130 2410
1498140 2402
1498150 2402
1498160 2393
1498170 2384
1498180 2375
1498190 2375
1498200 2369
1498210 2363
1498220 2363
1498230 2356
1498240 2351
1498250 2351
1498260 2349
1498270 2347
1498280 2347
1498290 2344
1498300 2342
1498310 2342
1498320 2339
1498330 2336
1498340 2336
1498350 2332
1498360 2328
1498370 2324
1498380 2324
1498390 2323
1498400 2323
1498410 2323
1498420 2322
1498430 2320
1498440 2320
1498450 2318
1498460 2318
1498470 2318
1498480 2318
1498490 2317
1498500 2317
1498510 2316
1498520 2315
1498530 2315
1498540 2313
1498550 2312
1498560 2312
1498570 2313
1498580 2313
1498590 2313
1498600 2313
1498610 2312
1498620 2312
1498630 2312
1498640 2313
1498650 2312
1498660 2312
1498670 2312
1498680 2310
1498690 2310
1498700 2305
1498710 2298
1498720 2298
1498730 2291
1498740 2286
1498750 2286
1498760 2286
1498770 2284
1498780 2284
1498790 2281
1498800 2278
1498810 2276
1498820 2276
1498830 2274
1498840 2273
1498850 2273
1498860 2272
1498870 2271
1498880 2271
1498890 2272
1498900 2275
1498910 2275
1498920 2278
1498930 2281
1498940 2281
1498950 2284
1498960 2289
1498970 2289
1498980 2285
1498990 2279
1499000 2279
1499010 2275
1499020 2272
1499030 2271
1499040 2271
1499050 2269
1499060 2269
1499070 2269
1499080 2268
1499090 2267
1499100 2267
1499110 2266
1499120 2264
1499130 2264
1499140 2262
1499150 2264
1499160 2264
1499170 2269
1499180 2274
1499190 2274
1499200 2279
1499210 2282
1499220 2282
1499230 2284
1499240 2284
1499250 2281
1499260 2281
1499270 2277
1499280 2272
1499290 2272
1499300 2269
1499310 2263
1499320 2263
1499330 2258
1499340 2252
1499350 2252
1499360 2249
1499370 2247
1499380 2247
1499390 2245
1499400 2243
1499410 2243
1499420 2244
1499430 2246
1499440 2250
1499450 2250
1499460 2254
1499470 2259
1499480 2259
1499490 2264
1499500 2275
1499510 2275
1499520 2295
1499530 2297
1499540 2297
1499550 2303
1499560 2315
1499570 2315
1499580 2326
1499590 2334
1499600 2334
1499610 2350
1499620 2357
1499630 2357
1499640 2369
1499650 2384
1499660 2382
1499670 2382
1499680 2375
1499690 2368
1499700 2368
1499710 2361
1499720 2354
1499730 2354
1499740 2348
1499750 2341
1499760 2341
1499770 2332
1499780 2322
1499790 2322
1499800 2315
1499810 2307
1499820 2307
1499830 2298
1499840 2290
1499850 2290
1499860 2286
1499870 2281
1499880 2275
1499890 2275
1499900 2270
1499910 2264
1499920 2264
1499930 2258
1499940 2252
1499950 2252
1499960 2247
1499970 2242
1499980 2239
1499990 2234
