1480000 2339
1480010 2329
1480020 2321
1480030 2321
1480040 2315
1480050 2310
1480060 2310
1480070 2305
1480080 2299
1480090 2299
1480100 2293
1480110 2284
1480120 2284
1480130 2274
1480140 2267
1480150 2267
1480160 2261
1480170 2253
1480180 2253
1480190 2243
1480200 2235
1480210 2223
1480220 2223
1480230 2213
1480240 2205
1480250 2205
1480260 2196
1480270 2184
1480280 2184
1480290 2170
1480300 2159
1480310 2159
1480320 2149
1480330 2139
1480340 2139
1480350 2130
1480360 2121
1480370 2121
1480380 2113
1480390 2104
1480400 2104
1480410 2096
1480420 2087
1480430 2077
1480440 2077
1480450 2066
1480460 2056
1480470 2056
1480480 2048
1480490 2041
1480500 2041
1480510 2032
1480520 2024
1480530 2024
1480540 2016
1480550 2009
1480560 2009
1480570 2002
1480580 1996
1480590 1996
1480600 1989
1480610 1983
1480620 1976
1480630 1976
1480640 1970
1480650 1964
1480660 1964
1480670 1958
1480680 1951
1480690 1951
1480700 1945
1480710 1939
1480720 1939
1480730 1933
1480740 1927
1480750 1927
1480760 1921
1480770 1916
1480780 1916
1480790 1911
1480800 1906
1480810 1906
1480820 1900
1480830 1895
1480840 1892
1480850 1892
1480860 1892
1480870 1892
1480880 1892
1480890 1892
1480900 1892
1480910 1892
1480920 1892
1480930 1892
1480940 1892
1480950 1892
1480960 1892
1480970 1892
1480980 1892
1480990 1892
1481000 1892
1481010 1892
1481020 1892
1481030 1892
1481040 1892
1481050 1892
1481060 1892
1481070 1892
1481080 1892
1481090 1892
1481100 1892
1481110 1892
1481120 1892
1481130 1892
1481140 1892
1481150 1892
1481160 1892
1481170 1892
1481180 1892
1481190 1892
1481200 1892
1481210 1892
1481220 1892
1481230 1892
1481240 1892
1481250 1892
1481260 1892
1481270 1892
1481280 1892
1481290 1892
1481300 1892
1481310 1892
1481320 1892
1481330 1892
1481340 1892
1481350 1892
1481360 1892
1481370 1892
1481380 1892
1481390 1892
1481400 1893
1481410 1893
1481420 1900
1481430 1908
1481440 1908
1481450 1917
1481460 1922
1481470 1922
1481480 1928
1481490 1933
1481500 1938
1481510 1938
1481520 1942
1481530 1946
1481540 1946
1481550 1951
1481560 1954
1481570 1954
1481580 1956
1481590 1960
1481600 1960
1481610 1965
1481620 1966
1481630 1966
1481640 1966
1481650 1967
1481660 1967
1481670 1969
1481680 1973
1481690 1973
1481700 1978
1481710 1982
1481720 1988
1481730 1988
1481740 1993
1481750 1997
1481760 1997
1481770 1999
1481780 2000
1481790 2000
1481800 2002
1481810 2003
1481820 2003
1481830 2004
1481840 2007
1481850 2007
1481860 2012
1481870 2020
1481880 2020
1481890 2028
1481900 2035
1481910 2035
1481920 2037
1481930 2045
1481940 2054
1481950 2054
1481960 2062
1481970 2065
1481980 2065
1481990 2069
1482000 2074
1482010 2074
1482020 2079
1482030 2085
1482040 2085
1482050 2092
1482060 2095
1482070 2095
1482080 2098
1482090 2101
1482100 2101
1482110 2105
1482120 2110
1482130 2110
1482140 2115
1482150 2119
1482160 2121
1482170 2121
1482180 2122
1482190 2123
1482200 2123
1482210 2126
1482220 2131
1482230 2131
1482240 2135
1482250 2139
1482260 2139
1482270 2143
1482280 2145
1482290 2145
1482300 2145
1482310 2145
1482320 2145
1482330 2146
1482340 2148
1482350 2149
1482360 2149
1482370 2151
1482380 2151
1482390 2151
1482400 2150
1482410 2149
1482420 2149
1482430 2147
1482440 2148
1482450 2148
1482460 2148
1482470 2144
1482480 2144
1482490 2140
1482500 2139
1482510 2139
1482520 2139
1482530 2139
1482540 2139
1482550 2140
1482560 2137
1482570 2137
1482580 2137
1482590 2138
1482600 2142
1482610 2142
1482620 2147
1482630 2152
1482640 2152
1482650 2157
1482660 2161
1482670 2161
1482680 2165
1482690 2170
1482700 2170
1482710 2174
1482720 2179
1482730 2179
1482740 2186
1482750 2192
1482760 2192
1482770 2192
1482780 2194
1482790 2201
1482800 2201
1482810 2205
1482820 2208
1482830 2208
1482840 2211
1482850 2215
1482860 2215
1482870 2220
1482880 2227
1482890 2227
1482900 2232
1482910 2236
1482920 2236
1482930 2240
1482940 2243
1482950 2243
1482960 2249
1482970 2253
1482980 2253
1482990 2257
1483000 2260
1483010 2263
1483020 2263
1483030 2264
1483040 2267
1483050 2267
1483060 2271
1483070 2272
1483080 2272
1483090 2274
1483100 2269
1483110 2269
1483120 2263
1483130 2266
1483140 2266
1483150 2273
1483160 2277
1483170 2277
1483180 2279
1483190 2277
1483200 2277
1483210 2269
1483220 2260
1483230 2253
1483240 2253
1483250 2254
1483260 2258
1483270 2258
1483280 2261
1483290 2263
1483300 2263
1483310 2264
1483320 2264
1483330 2264
1483340 2257
1483350 2251
1483360 2251
1483370 2249
1483380 2250
1483390 2250
1483400 2250
1483410 2247
1483420 2247
1483430 2251
1483440 2256
1483450 2260
1483460 2260
1483470 2260
1483480 2261
1483490 2261
1483500 2264
1483510 2267
1483520 2267
1483530 2269
1483540 2273
1483550 2273
1483560 2278
1483570 2280
1483580 2280
1483590 2281
1483600 2285
1483610 2285
1483620 2292
1483630 2302
1483640 2302
1483650 2308
1483660 2314
1483670 2321
1483680 2321
1483690 2326
1483700 2330
1483710 2330
1483720 2335
1483730 2338
1483740 2338
1483750 2342
1483760 2343
1483770 2343
1483780 2344
1483790 2345
1483800 2345
1483810 2346
1483820 2348
1483830 2348
1483840 2349
1483850 2349
1483860 2349
1483870 2351
1483880 2351
1483890 2350
1483900 2350
1483910 2345
1483920 2341
1483930 2341
1483940 2337
1483950 2334
1483960 2334
1483970 2333
1483980 2329
1483990 2329
1484000 2325
1484010 2321
1484020 2321
1484030 2317
1484040 2312
1484050 2312
1484060 2307
1484070 2302
1484080 2302
1484090 2296
1484100 2291
1484110 2286
1484120 2286
1484130 2282
1484140 2278
1484150 2278
1484160 2275
1484170 2269
1484180 2269
1484190 2259
1484200 2251
1484210 2251
1484220 2245
1484230 2239
1484240 2239
1484250 2233
1484260 2227
1484270 2227
1484280 2220
1484290 2213
1484300 2199
1484310 2199
1484320 2186
1484330 2172
1484340 2172
1484350 2158
1484360 2144
1484370 2144
1484380 2133
1484390 2121
1484400 2121
1484410 2114
1484420 2103
1484430 2103
1484440 2089
1484450 2078
1484460 2078
1484470 2069
1484480 2058
1484490 2058
1484500 2045
1484510 2037
1484520 2029
1484530 2029
1484540 2022
1484550 2015
1484560 2015
1484570 2009
1484580 2003
1484590 2003
1484600 1996
1484610 1990
1484620 1990
1484630 1984
1484640 1978
1484650 1978
1484660 1972
1484670 1966
1484680 1966
1484690 1960
1484700 1954
1484710 1954
1484720 1948
1484730 1943
1484740 1938
1484750 1938
1484760 1933
1484770 1927
1484780 1927
1484790 1922
1484800 1917
1484810 1917
1484820 1912
1484830 1907
1484840 1907
1484850 1904
1484860 1898
1484870 1898
1484880 1891
1484890 1885
1484900 1885
1484910 1882
1484920 1879
1484930 1879
1484940 1876
1484950 1873
1484960 1872
1484970 1872
1484980 1873
1484990 1872
1485000 1872
1485010 1871
1485020 1871
1485030 1871
1485040 1870
1485050 1870
1485060 1870
1485070 1867
1485080 1867
1485090 1867
1485100 1865
1485110 1863
1485120 1863
1485130 1858
1485140 1850
1485150 1850
1485160 1845
1485170 1840
1485180 1834
1485190 1834
1485200 1826
1485210 1817
1485220 1817
1485230 1806
1485240 1795
1485250 1795
1485260 1785
1485270 1778
1485280 1778
1485290 1770
1485300 1762
1485310 1762
1485320 1754
1485330 1748
1485340 1748
1485350 1743
1485360 1737
1485370 1737
1485380 1728
1485390 1719
1485400 1712
1485410 1712
1485420 1706
1485430 1702
1485440 1702
1485450 1700
1485460 1700
1485470 1700
1485480 1700
1485490 1700
1485500 1700
1485510 1700
1485520 1700
1485530 1700
1485540 1700
1485550 1700
1485560 1700
1485570 1700
1485580 1700
1485590 1700
1485600 1700
1485610 1700
1485620 1700
1485630 1700
1485640 1700
1485650 1700
1485660 1700
1485670 1700
1485680 1700
1485690 1700
1485700 1700
1485710 1700
1485720 1700
1485730 1700
1485740 1700
1485750 1700
1485760 1700
1485770 1700
1485780 1700
1485790 1700
1485800 1701
1485810 1701
1485820 1706
1485830 1710
1485840 1716
1485850 1716
1485860 1721
1485870 1724
1485880 1724
1485890 1725
1485900 1726
1485910 1726
1485920 1728
1485930 1732
1485940 1732
1485950 1738
1485960 1745
1485970 1745
1485980 1752
1485990 1761
1486000 1761
1486010 1768
1486020 1778
1486030 1785
1486040 1785
1486050 1792
1486060 1797
1486070 1797
1486080 1800
1486090 1804
1486100 1804
1486110 1809
1486120 1813
1486130 1813
1486140 1818
1486150 1823
1486160 1823
1486170 1829
1486180 1834
1486190 1834
1486200 1839
1486210 1845
1486220 1845
1486230 1849
1486240 1849
1486250 1852
1486260 1852
1486270 1861
1486280 1867
1486290 1867
1486300 1871
1486310 1873
1486320 1873
1486330 1878
1486340 1883
1486350 1883
1486360 1889
1486370 1895
1486380 1895
1486390 1899
1486400 1903
1486410 1903
1486420 1906
1486430 1910
1486440 1910
1486450 1913
1486460 1917
1486470 1924
1486480 1924
1486490 1931
1486500 1936
1486510 1936
1486520 1942
1486530 1947
1486540 1947
1486550 1951
1486560 1958
1486570 1958
1486580 1964
1486590 1967
1486600 1967
1486610 1971
1486620 1974
1486630 1974
1486640 1979
1486650 1984
1486660 1984
1486670 1989
1486680 1995
1486690 1999
1486700 1999
1486710 2003
1486720 2006
1486730 2006
1486740 2006
1486750 2000
1486760 2000
1486770 1991
1486780 1992
1486790 1992
1486800 1995
1486810 2002
1486820 2002
1486830 2008
1486840 2014
1486850 2014
1486860 2020
1486870 2026
1486880 2026
1486890 2032
1486900 2038
1486910 2043
1486920 2043
1486930 2048
1486940 2053
1486950 2053
1486960 2058
1486970 2063
1486980 2063
1486990 2067
1487000 2072
1487010 2072
1487020 2076
1487030 2079
1487040 2079
1487050 2083
1487060 2086
1487070 2086
1487080 2087
1487090 2084
1487100 2084
1487110 2086
1487120 2090
1487130 2094
1487140 2094
1487150 2098
1487160 2102
1487170 2102
1487180 2107
1487190 2114
1487200 2114
1487210 2121
1487220 2126
1487230 2126
1487240 2132
1487250 2139
1487260 2139
1487270 2146
1487280 2153
1487290 2153
1487300 2160
1487310 2166
1487320 2166
1487330 2171
1487340 2178
1487350 2189
1487360 2189
1487370 2190
1487380 2191
1487390 2191
1487400 2193
1487410 2196
1487420 2196
1487430 2200
1487440 2203
1487450 2203
1487460 2205
1487470 2206
1487480 2206
1487490 2211
1487500 2216
1487510 2216
1487520 2221
1487530 2225
1487540 2225
1487550 2230
1487560 2233
1487570 2237
1487580 2237
1487590 2240
1487600 2241
1487610 2241
1487620 2243
1487630 2245
1487640 2245
1487650 2249
1487660 2254
1487670 2254
1487680 2259
1487690 2264
1487700 2264
1487710 2268
1487720 2272
1487730 2272
1487740 2274
1487750 2275
1487760 2274
1487770 2274
1487780 2275
1487790 2277
1487800 2277
1487810 2279
1487820 2282
1487830 2282
1487840 2285
1487850 2290
1487860 2290
1487870 2296
1487880 2301
1487890 2301
1487900 2306
1487910 2310
1487920 2310
1487930 2315
1487940 2320
1487950 2320
1487960 2325
1487970 2329
1487980 2332
1487990 2332
1488000 2337
1488010 2343
1488020 2343
1488030 2349
1488040 2356
1488050 2356
1488060 2363
1488070 2371
1488080 2371
1488090 2379
1488100 2386
1488110 2386
1488120 2394
1488130 2401
1488140 2401
1488150 2408
1488160 2415
1488170 2415
1488180 2422
1488190 2428
1488200 2433
1488210 2433
1488220 2438
1488230 2441
1488240 2441
1488250 2441
1488260 2439
1488270 2439
1488280 2431
1488290 2424
1488300 2424
1488310 2419
1488320 2416
1488330 2416
1488340 2415
1488350 2412
1488360 2412
1488370 2411
1488380 2411
1488390 2411
1488400 2413
1488410 2412
1488420 2411
1488430 2411
1488440 2412
1488450 2413
1488460 2413
1488470 2413
1488480 2412
1488490 2412
1488500 2412
1488510 2414
1488520 2414
1488530 2418
1488540 2422
1488550 2422
1488560 2426
1488570 2426
1488580 2426
1488590 2428
1488600 2431
1488610 2431
1488620 2433
1488630 2435
1488640 2437
1488650 2437
1488660 2439
1488670 2441
1488680 2441
1488690 2442
1488700 2443
1488710 2443
1488720 2443
1488730 2443
1488740 2443
1488750 2443
1488760 2445
1488770 2445
1488780 2447
1488790 2448
1488800 2448
1488810 2450
1488820 2450
1488830 2450
1488840 2451
1488850 2453
1488860 2454
1488870 2454
1488880 2456
1488890 2456
1488900 2456
1488910 2457
1488920 2458
1488930 2458
1488940 2460
1488950 2461
1488960 2461
1488970 2464
1488980 2466
1488990 2466
1489000 2469
1489010 2471
1489020 2471
1489030 2472
1489040 2477
1489050 2477
1489060 2482
1489070 2485
1489080 2486
1489090 2486
1489100 2488
1489110 2491
1489120 2491
1489130 2493
1489140 2495
1489150 2495
1489160 2496
1489170 2497
1489180 2497
1489190 2499
1489200 2500
1489210 2500
1489220 2502
1489230 2503
1489240 2503
1489250 2507
1489260 2510
1489270 2510
1489280 2512
1489290 2515
1489300 2517
1489310 2517
1489320 2518
1489330 2521
1489340 2521
1489350 2521
1489360 2520
1489370 2520
1489380 2521
1489390 2524
1489400 2524
1489410 2527
1489420 2530
1489430 2530
1489440 2533
1489450 2536
1489460 2536
1489470 2538
1489480 2539
1489490 2539
1489500 2542
1489510 2544
1489520 2546
1489530 2546
1489540 2547
1489550 2548
1489560 2548
1489570 2549
1489580 2550
1489590 2550
1489600 2549
1489610 2550
1489620 2550
1489630 2552
1489640 2554
1489650 2554
1489660 2557
1489670 2561
1489680 2561
1489690 2562
1489700 2562
1489710 2567
1489720 2567
1489730 2571
1489740 2573
1489750 2573
1489760 2577
1489770 2581
1489780 2581
1489790 2586
1489800 2591
1489810 2591
1489820 2594
1489830 2597
1489840 2597
1489850 2601
1489860 2605
1489870 2605
1489880 2609
1489890 2611
1489900 2611
1489910 2613
1489920 2616
1489930 2622
1489940 2622
1489950 2630
1489960 2639
1489970 2639
1489980 2644
1489990 2648
1490000 2648
1490010 2652
1490020 2655
1490030 2655
1490040 2657
1490050 2658
1490060 2658
1490070 2660
1490080 2662
1490090 2662
1490100 2664
1490110 2666
1490120 2666
1490130 2667
1490140 2668
1490150 2670
1490160 2670
1490170 2670
1490180 2671
1490190 2671
1490200 2672
1490210 2674
1490220 2674
1490230 2675
1490240 2677
1490250 2677
1490260 2679
1490270 2681
1490280 2681
1490290 2684
1490300 2687
1490310 2687
1490320 2690
1490330 2693
1490340 2693
1490350 2694
1490360 2698
1490370 2702
1490380 2702
1490390 2704
1490400 2704
1490410 2704
1490420 2706
1490430 2706
1490440 2706
1490450 2708
1490460 2709
1490470 2709
1490480 2711
1490490 2715
1490500 2715
1490510 2718
1490520 2722
1490530 2722
1490540 2725
1490550 2727
1490560 2727
1490570 2729
1490580 2733
1490590 2735
1490600 2735
1490610 2738
1490620 2743
1490630 2743
1490640 2747
1490650 2750
1490660 2750
1490670 2754
1490680 2757
1490690 2757
1490700 2763
1490710 2770
1490720 2770
1490730 2779
1490740 2790
1490750 2790
1490760 2801
1490770 2809
1490780 2809
1490790 2815
1490800 2821
1490810 2825
1490820 2825
1490830 2827
1490840 2823
1490850 2823
1490860 2816
1490870 2812
1490880 2812
1490890 2808
1490900 2805
1490910 2805
1490920 2802
1490930 2798
1490940 2798
1490950 2795
1490960 2793
1490970 2793
1490980 2792
1490990 2793
1491000 2793
1491010 2795
1491020 2797
1491030 2797
1491040 2797
1491050 2796
1491060 2798
1491070 2798
1491080 2803
1491090 2807
1491100 2807
1491110 2814
1491120 2818
1491130 2818
1491140 2809
1491150 2788
1491160 2788
1491170 2764
1491180 2758
1491190 2758
1491200 2750
1491210 2741
1491220 2741
1491230 2736
1491240 2733
1491250 2730
1491260 2730
1491270 2725
1491280 2719
1491290 2719
1491300 2712
1491310 2703
1491320 2703
1491330 2693
1491340 2684
1491350 2684
1491360 2657
1491370 2640
1491380 2640
1491390 2632
1491400 2626
1491410 2626
1491420 2621
1491430 2615
1491440 2609
1491450 2609
1491460 2602
1491470 2596
1491480 2596
1491490 2592
1491500 2588
1491510 2588
1491520 2582
1491530 2579
1491540 2579
1491550 2576
1491560 2573
1491570 2573
1491580 2571
1491590 2568
1491600 2568
1491610 2565
1491620 2562
1491630 2562
1491640 2559
1491650 2556
1491660 2553
1491670 2553
1491680 2551
1491690 2549
1491700 2549
1491710 2549
1491720 2549
1491730 2549
1491740 2549
1491750 2550
1491760 2550
1491770 2551
1491780 2552
1491790 2552
1491800 2554
1491810 2555
1491820 2555
1491830 2557
1491840 2559
1491850 2559
1491860 2560
1491870 2563
1491880 2564
1491890 2564
1491900 2565
1491910 2566
1491920 2566
1491930 2568
1491940 2569
1491950 2569
1491960 2571
1491970 2572
1491980 2572
1491990 2573
1492000 2573
1492010 2573
1492020 2574
1492030 2575
1492040 2575
1492050 2576
1492060 2574
1492070 2574
1492080 2573
1492090 2571
1492100 2570
1492110 2570
1492120 2569
1492130 2568
1492140 2568
1492150 2567
1492160 2566
1492170 2566
1492180 2565
1492190 2564
1492200 2564
1492210 2564
1492220 2565
1492230 2565
1492240 2566
1492250 2566
1492260 2566
1492270 2567
1492280 2567
1492290 2567
1492300 2568
1492310 2567
1492320 2566
1492330 2566
1492340 2564
1492350 2563
1492360 2563
1492370 2561
1492380 2560
1492390 2560
1492400 2558
1492410 2557
1492420 2557
1492430 2557
1492440 2558
1492450 2558
1492460 2559
1492470 2560
1492480 2560
1492490 2561
1492500 2563
1492510 2563
1492520 2565
1492530 2566
1492540 2570
1492550 2570
1492560 2574
1492570 2576
1492580 2576
1492590 2578
1492600 2579
1492610 2579
1492620 2580
1492630 2583
1492640 2583
1492650 2586
1492660 2588
1492670 2588
1492680 2590
1492690 2593
1492700 2593
1492710 2597
1492720 2605
1492730 2605
1492740 2611
1492750 2617
1492760 2618
1492770 2618
1492780 2619
1492790 2621
1492800 2621
1492810 2624
1492820 2630
1492830 2630
1492840 2635
1492850 2641
1492860 2641
1492870 2642
1492880 2643
1492890 2643
1492900 2643
1492910 2644
1492920 2644
1492930 2646
1492940 2648
1492950 2648
1492960 2652
1492970 2656
1492980 2659
1492990 2659
1493000 2663
1493010 2667
1493020 2667
1493030 2673
1493040 2678
1493050 2678
1493060 2684
1493070 2692
1493080 2692
1493090 2697
1493100 2702
1493110 2702
1493120 2711
1493130 2724
1493140 2724
1493150 2741
1493160 2753
1493170 2762
1493180 2762
1493190 2763
1493200 2758
1493210 2758
1493220 2750
1493230 2744
1493240 2744
1493250 2739
1493260 2734
1493270 2734
1493280 2730
1493290 2726
1493300 2726
1493310 2720
1493320 2710
1493330 2710
1493340 2703
1493350 2699
1493360 2699
1493370 2694
1493380 2690
1493390 2685
1493400 2685
1493410 2682
1493420 2677
1493430 2677
1493440 2673
1493450 2669
1493460 2669
1493470 2665
1493480 2663
1493490 2663
1493500 2661
1493510 2658
1493520 2658
1493530 2653
1493540 2655
1493550 2655
1493560 2653
1493570 2650
1493580 2650
1493590 2647
1493600 2644
1493610 2641
1493620 2641
1493630 2637
1493640 2631
1493650 2631
1493660 2625
1493670 2620
1493680 2620
1493690 2615
1493700 2613
1493710 2613
1493720 2611
1493730 2610
1493740 2610
1493750 2609
1493760 2607
1493770 2607
1493780 2604
1493790 2601
1493800 2601
1493810 2599
1493820 2596
1493830 2593
1493840 2593
1493850 2590
1493860 2586
1493870 2586
1493880 2582
1493890 2577
1493900 2577
1493910 2572
1493920 2566
1493930 2566
1493940 2563
1493950 2559
1493960 2559
1493970 2552
1493980 2550
1493990 2550
1494000 2553
1494010 2554
1494020 2554
1494030 2555
1494040 2555
1494050 2552
1494060 2552
1494070 2549
1494080 2545
1494090 2545
1494100 2543
1494110 2539
1494120 2539
1494130 2532
1494140 2528
1494150 2528
1494160 2524
1494170 2519
1494180 2519
1494190 2516
1494200 2512
1494210 2512
1494220 2507
1494230 2503
1494240 2503
1494250 2500
1494260 2496
1494270 2497
1494280 2497
1494290 2493
1494300 2488
1494310 2488
1494320 2479
1494330 2474
1494340 2474
1494350 2470
1494360 2467
1494370 2467
1494380 2465
1494390 2462
1494400 2462
1494410 2458
1494420 2455
1494430 2455
1494440 2452
1494450 2448
1494460 2448
1494470 2445
1494480 2442
1494490 2440
1494500 2440
1494510 2439
1494520 2438
1494530 2438
1494540 2438
1494550 2436
1494560 2436
1494570 2434
1494580 2432
1494590 2432
1494600 2430
1494610 2428
1494620 2428
1494630 2427
1494640 2425
1494650 2425
1494660 2422
1494670 2420
1494680 2420
1494690 2418
1494700 2417
1494710 2416
1494720 2416
1494730 2415
1494740 2414
1494750 2414
1494760 2413
1494770 2411
1494780 2411
1494790 2409
1494800 2406
1494810 2406
1494820 2402
1494830 2398
1494840 2398
1494850 2395
1494860 2392
1494870 2392
1494880 2388
1494890 2384
1494900 2384
1494910 2382
1494920 2380
1494930 2378
1494940 2378
1494950 2375
1494960 2372
1494970 2372
1494980 2366
1494990 2360
1495000 2360
1495010 2358
1495020 2351
1495030 2351
1495040 2340
1495050 2319
1495060 2319
1495070 2310
1495080 2303
1495090 2303
1495100 2299
1495110 2293
1495120 2290
1495130 2290
1495140 2289
1495150 2287
1495160 2287
1495170 2284
1495180 2280
1495190 2280
1495200 2277
1495210 2275
1495220 2275
1495230 2273
1495240 2271
1495250 2271
1495260 2268
1495270 2267
1495280 2267
1495290 2270
1495300 2272
1495310 2272
1495320 2275
1495330 2279
1495340 2284
1495350 2284
1495360 2289
1495370 2294
1495380 2294
1495390 2300
1495400 2302
1495410 2302
1495420 2303
1495430 2304
1495440 2304
1495450 2304
1495460 2303
1495470 2303
1495480 2303
1495490 2302
1495500 2302
1495510 2302
1495520 2303
1495530 2303
1495540 2303
1495550 2304
1495560 2303
1495570 2303
1495580 2303
1495590 2302
1495600 2302
1495610 2302
1495620 2305
1495630 2305
1495640 2308
1495650 2309
1495660 2309
1495670 2310
1495680 2311
1495690 2311
1495700 2311
1495710 2310
1495720 2310
1495730 2306
1495740 2301
1495750 2301
1495760 2298
1495770 2295
1495780 2293
1495790 2293
1495800 2291
1495810 2289
1495820 2289
1495830 2285
1495840 2283
1495850 2283
1495860 2281
1495870 2279
1495880 2279
1495890 2277
1495900 2270
1495910 2270
1495920 2262
1495930 2257
1495940 2257
1495950 2254
1495960 2254
1495970 2254
1495980 2256
1495990 2254
1496000 2249
1496010 2249
1496020 2245
1496030 2243
1496040 2243
1496050 2242
1496060 2241
1496070 2241
1496080 2241
1496090 2241
1496100 2241
1496110 2242
1496120 2243
1496130 2243
1496140 2244
1496150 2244
1496160 2244
1496170 2244
1496180 2242
1496190 2242
1496200 2239
1496210 2236
1496220 2234
1496230 2234
1496240 2233
1496250 2231
1496260 2231
1496270 2229
1496280 2230
1496290 2230
1496300 2232
1496310 2234
1496320 2234
1496330 2234
1496340 2233
1496350 2233
1496360 2232
1496370 2230
1496380 2230
1496390 2226
1496400 2221
1496410 2221
1496420 2222
1496430 2223
1496440 2223
1496450 2223
1496460 2221
1496470 2218
1496480 2218
1496490 2216
1496500 2214
1496510 2214
1496520 2212
1496530 2209
1496540 2209
1496550 2207
1496560 2205
1496570 2205
1496580 2203
1496590 2201
1496600 2201
1496610 2200
1496620 2201
1496630 2201
1496640 2202
1496650 2202
1496660 2201
1496670 2201
1496680 2200
1496690 2199
1496700 2199
1496710 2198
1496720 2198
1496730 2198
1496740 2198
1496750 2198
1496760 2198
1496770 2197
1496780 2196
1496790 2196
1496800 2196
1496810 2195
1496820 2195
1496830 2193
1496840 2193
1496850 2192
1496860 2192
1496870 2192
1496880 2191
1496890 2191
1496900 2190
1496910 2188
1496920 2188
1496930 2186
1496940 2185
1496950 2185
1496960 2183
1496970 2181
1496980 2181
1496990 2178
1497000 2175
1497010 2175
1497020 2177
1497030 2176
1497040 2176
1497050 2174
1497060 2173
1497070 2173
1497080 2173
1497090 2171
1497100 2168
1497110 2168
1497120 2165
1497130 2166
1497140 2166
1497150 2167
1497160 2167
1497170 2167
1497180 2166
1497190 2165
1497200 2165
1497210 2164
1497220 2163
1497230 2163
1497240 2163
1497250 2163
1497260 2163
1497270 2162
1497280 2160
1497290 2159
1497300 2159
1497310 2161
1497320 2163
1497330 2163
1497340 2164
1497350 2165
1497360 2165
1497370 2166
1497380 2166
1497390 2166
1497400 2165
1497410 2164
1497420 2164
1497430 2165
1497440 2166
1497450 2166
1497460 2166
1497470 2165
1497480 2165
1497490 2166
1497500 2167
1497510 2169
1497520 2169
1497530 2171
1497540 2172
1497550 2172
1497560 2173
1497570 2176
1497580 2176
1497590 2177
1497600 2177
1497610 2177
1497620 2177
1497630 2177
1497640 2177
1497650 2177
1497660 2179
1497670 2179
1497680 2181
1497690 2183
1497700 2183
1497710 2183
1497720 2182
1497730 2181
1497740 2181
1497750 2181
1497760 2181
1497770 2181
1497780 2179
1497790 2178
1497800 2178
1497810 2176
1497820 2177
1497830 2177
1497840 2177
1497850 2176
1497860 2176
1497870 2176
1497880 2175
1497890 2175
1497900 2175
1497910 2174
1497920 2174
1497930 2173
1497940 2172
1497950 2171
1497960 2171
1497970 2169
1497980 2166
1497990 2166
1498000 2163
1498010 2159
1498020 2159
1498030 2157
1498040 2155
1498050 2155
1498060 2153
1498070 2151
1498080 2151
1498090 2150
1498100 2148
1498110 2148
1498120 2145
1498130 2145
1498140 2145
1498150 2145
1498160 2146
1498170 2146
1498180 2146
1498190 2147
1498200 2146
1498210 2146
1498220 2146
1498230 2146
1498240 2146
1498250 2146
1498260 2145
1498270 2145
1498280 2145
1498290 2144
1498300 2144
1498310 2144
1498320 2143
1498330 2143
1498340 2142
1498350 2141
1498360 2141
1498370 2139
1498380 2138
1498390 2136
1498400 2136
1498410 2134
1498420 2133
1498430 2133
1498440 2130
1498450 2127
1498460 2127
1498470 2124
1498480 2122
1498490 2122
1498500 2121
1498510 2120
1498520 2120
1498530 2120
1498540 2119
1498550 2119
1498560 2117
1498570 2115
1498580 2112
1498590 2112
1498600 2109
1498610 2108
1498620 2108
1498630 2106
1498640 2104
1498650 2104
1498660 2103
1498670 2103
1498680 2103
1498690 2103
1498700 2104
1498710 2104
1498720 2103
1498730 2098
1498740 2098
1498750 2092
1498760 2088
1498770 2088
1498780 2083
1498790 2079
1498800 2074
1498810 2074
1498820 2069
1498830 2064
1498840 2064
1498850 2060
1498860 2056
1498870 2056
1498880 2050
1498890 2047
1498900 2047
1498910 2045
1498920 2046
1498930 2046
1498940 2049
1498950 2053
1498960 2053
1498970 2057
1498980 2060
1498990 2060
1499000 2064
1499010 2068
1499020 2071
1499030 2071
1499040 2074
1499050 2077
1499060 2077
1499070 2080
1499080 2084
1499090 2084
1499100 2089
1499110 2095
1499120 2095
1499130 2096
1499140 2096
1499150 2096
1499160 2096
1499170 2097
1499180 2097
1499190 2098
1499200 2101
1499210 2101
1499220 2102
1499230 2100
1499240 2097
1499250 2097
1499260 2095
1499270 2096
1499280 2096
1499290 2094
1499300 2092
1499310 2092
1499320 2090
1499330 2089
1499340 2089
1499350 2086
1499360 2084
1499370 2084
1499380 2081
1499390 2079
1499400 2079
1499410 2076
1499420 2073
1499430 2073
1499440 2070
1499450 2067
1499460 2063
1499470 2063
1499480 2061
1499490 2055
1499500 2055
1499510 2055
1499520 2055
1499530 2055
1499540 2052
1499550 2054
1499560 2054
1499570 2060
1499580 2069
1499590 2069
1499600 2078
1499610 2087
1499620 2087
1499630 2095
1499640 2102
1499650 2102
1499660 2111
1499670 2120
1499680 2121
1499690 2121
1499700 2118
1499710 2113
1499720 2113
1499730 2107
1499740 2104
1499750 2104
1499760 2104
1499770 2104
1499780 2114
1499790 2116
1499800 2125
1499810 2125
1499820 2124
1499830 2118
1499840 2118
1499850 2111
1499860 2102
1499870 2102
1499880 2095
1499890 2096
1499900 2101
1499910 2101
1499920 2106
1499930 2110
1499940 2110
1499950 2116
1499960 2122
1499970 2122
1499980 2129
1499990 2129
