1480000 2011
1480010 2011
1480020 2012
1480030 2012
1480040 2012
1480050 2011
1480060 2011
1480070 2010
1480080 2009
1480090 2009
1480100 2007
1480110 2004
1480120 2004
1480130 2002
1480140 1999
1480150 1999
1480160 1997
1480170 1996
1480180 1996
1480190 1996
1480200 1997
1480210 1998
1480220 1998
1480230 2000
1480240 2002
1480250 2002
1480260 2004
1480270 2007
1480280 2007
1480290 2011
1480300 2015
1480310 2015
1480320 2018
1480330 2021
1480340 2021
1480350 2024
1480360 2029
1480370 2029
1480380 2032
1480390 2034
1480400 2037
1480410 2037
1480420 2037
1480430 2038
1480440 2038
1480450 2040
1480460 2040
1480470 2040
1480480 2034
1480490 2028
1480500 2028
1480510 2026
1480520 2024
1480530 2024
1480540 2026
1480550 2030
1480560 2030
1480570 2035
1480580 2038
1480590 2038
1480600 2040
1480610 2039
1480620 2039
1480630 2039
1480640 2035
1480650 2027
1480660 2027
1480670 2020
1480680 2012
1480690 2012
1480700 2002
1480710 1995
1480720 1995
1480730 1989
1480740 1985
1480750 1985
1480760 1981
1480770 1978
1480780 1978
1480790 1976
1480800 1977
1480810 1977
1480820 1978
1480830 1974
1480840 1969
1480850 1969
1480860 1967
1480870 1964
1480880 1964
1480890 1962
1480900 1962
1480910 1962
1480920 1964
1480930 1963
1480940 1963
1480950 1963
1480960 1963
1480970 1963
1480980 1963
1480990 1965
1481000 1965
1481010 1968
1481020 1972
1481030 1972
1481040 1975
1481050 1979
1481060 1982
1481070 1982
1481080 1982
1481090 1980
1481100 1980
1481110 1978
1481120 1976
1481130 1976
1481140 1975
1481150 1970
1481160 1970
1481170 1961
1481180 1950
1481190 1950
1481200 1943
1481210 1936
1481220 1936
1481230 1932
1481240 1927
1481250 1927
1481260 1920
1481270 1915
1481280 1912
1481290 1912
1481300 1906
1481310 1899
1481320 1899
1481330 1893
1481340 1892
1481350 1892
1481360 1892
1481370 1892
1481380 1892
1481390 1892
1481400 1892
1481410 1892
1481420 1892
1481430 1892
1481440 1892
1481450 1892
1481460 1892
1481470 1892
1481480 1892
1481490 1892
1481500 1892
1481510 1892
1481520 1892
1481530 1892
1481540 1892
1481550 1892
1481560 1892
1481570 1892
1481580 1892
1481590 1892
1481600 1892
1481610 1892
1481620 1892
1481630 1892
1481640 1892
1481650 1892
1481660 1892
1481670 1892
1481680 1892
1481690 1892
1481700 1892
1481710 1892
1481720 1892
1481730 1892
1481740 1892
1481750 1892
1481760 1892
1481770 1892
1481780 1892
1481790 1892
1481800 1892
1481810 1892
1481820 1892
1481830 1892
1481840 1892
1481850 1892
1481860 1892
1481870 1892
1481880 1892
1481890 1892
1481900 1892
1481910 1892
1481920 1892
1481930 1892
1481940 1892
1481950 1892
1481960 1892
1481970 1892
1481980 1892
1481990 1892
1482000 1892
1482010 1892
1482020 1892
1482030 1892
1482040 1892
1482050 1892
1482060 1892
1482070 1892
1482080 1892
1482090 1892
1482100 1892
1482110 1892
1482120 1892
1482130 1892
1482140 1892
1482150 1892
1482160 1892
1482170 1892
1482180 1892
1482190 1892
1482200 1892
1482210 1892
1482220 1892
1482230 1892
1482240 1892
1482250 1892
1482260 1892
1482270 1892
1482280 1892
1482290 1892
1482300 1892
1482310 1892
1482320 1892
1482330 1892
1482340 1892
1482350 1892
1482360 1892
1482370 1892
1482380 1892
1482390 1892
1482400 1892
1482410 1892
1482420 1892
1482430 1892
1482440 1892
1482450 1892
1482460 1892
1482470 1892
1482480 1892
1482490 1892
1482500 1892
1482510 1892
1482520 1892
1482530 1892
1482540 1892
1482550 1892
1482560 1892
1482570 1892
1482580 1892
1482590 1892
1482600 1892
1482610 1892
1482620 1892
1482630 1892
1482640 1892
1482650 1892
1482660 1892
1482670 1892
1482680 1892
1482690 1892
1482700 1892
1482710 1892
1482720 1892
1482730 1892
1482740 1892
1482750 1892
1482760 1892
1482770 1892
1482780 1892
1482790 1892
1482800 1892
1482810 1892
1482820 1892
1482830 1892
1482840 1892
1482850 1892
1482860 1892
1482870 1892
1482880 1892
1482890 1892
1482900 1892
1482910 1892
1482920 1892
1482930 1892
1482940 1892
1482950 1892
1482960 1892
1482970 1892
1482980 1892
1482990 1892
1483000 1892
1483010 1892
1483020 1892
1483030 1892
1483040 1892
1483050 1892
1483060 1892
1483070 1892
1483080 1892
1483090 1892
1483100 1892
1483110 1892
1483120 1892
1483130 1892
1483140 1892
1483150 1892
1483160 1892
1483170 1892
1483180 1892
1483190 1892
1483200 1892
1483210 1892
1483220 1892
1483230 1892
1483240 1892
1483250 1892
1483260 1892
1483270 1892
1483280 1892
1483290 1892
1483300 1892
1483310 1892
1483320 1892
1483330 1892
1483340 1892
1483350 1892
1483360 1892
1483370 1892
1483380 1892
1483390 1892
1483400 1892
1483410 1892
1483420 1892
1483430 1892
1483440 1892
1483450 1892
1483460 1892
1483470 1892
1483480 1892
1483490 1892
1483500 1892
1483510 1892
1483520 1892
1483530 1892
1483540 1892
1483550 1892
1483560 1892
1483570 1892
1483580 1892
1483590 1892
1483600 1892
1483610 1892
1483620 1892
1483630 1892
1483640 1892
1483650 1892
1483660 1892
1483670 1892
1483680 1892
1483690 1892
1483700 1892
1483710 1892
1483720 1892
1483730 1892
1483740 1892
1483750 1892
1483760 1892
1483770 1892
1483780 1893
1483790 1899
1483800 1899
1483810 1909
1483820 1921
1483830 1921
1483840 1935
1483850 1944
1483860 1944
1483870 1948
1483880 1952
1483890 1957
1483900 1957
1483910 1962
1483920 1967
1483930 1967
1483940 1972
1483950 1974
1483960 1974
1483970 1977
1483980 1980
1483990 1980
1484000 1979
1484010 1979
1484020 1979
1484030 1982
1484040 1983
1484050 1983
1484060 1981
1484070 1985
1484080 1987
1484090 1987
1484100 1985
1484110 1986
1484120 1986
1484130 1989
1484140 1987
1484150 1987
1484160 1984
1484170 1979
1484180 1979
1484190 1974
1484200 1971
1484210 1971
1484220 1968
1484230 1967
1484240 1967
1484250 1969
1484260 1970
1484270 1970
1484280 1968
1484290 1965
1484300 1959
1484310 1959
1484320 1953
1484330 1940
1484340 1940
1484350 1923
1484360 1921
1484370 1921
1484380 1922
1484390 1918
1484400 1918
1484410 1912
1484420 1909
1484430 1909
1484440 1900
1484450 1894
1484460 1894
1484470 1892
1484480 1892
1484490 1892
1484500 1892
1484510 1892
1484520 1892
1484530 1892
1484540 1892
1484550 1892
1484560 1892
1484570 1892
1484580 1892
1484590 1892
1484600 1892
1484610 1892
1484620 1892
1484630 1892
1484640 1892
1484650 1892
1484660 1892
1484670 1892
1484680 1892
1484690 1892
1484700 1892
1484710 1892
1484720 1892
1484730 1892
1484740 1892
1484750 1892
1484760 1892
1484770 1892
1484780 1892
1484790 1892
1484800 1892
1484810 1892
1484820 1894
1484830 1900
1484840 1900
1484850 1898
1484860 1862
1484870 1862
1484880 1782
1484890 1772
1484900 1772
1484910 1770
1484920 1769
1484930 1769
1484940 1766
1484950 1763
1484960 1761
1484970 1761
1484980 1759
1484990 1759
1485000 1759
1485010 1759
1485020 1761
1485030 1761
1485040 1763
1485050 1765
1485060 1765
1485070 1767
1485080 1770
1485090 1770
1485100 1771
1485110 1771
1485120 1771
1485130 1771
1485140 1773
1485150 1773
1485160 1780
1485170 1789
1485180 1800
1485190 1800
1485200 1811
1485210 1822
1485220 1822
1485230 1834
1485240 1846
1485250 1846
1485260 1861
1485270 1879
1485280 1879
1485290 1895
1485300 1900
1485310 1900
1485320 1901
1485330 1896
1485340 1896
1485350 1892
1485360 1892
1485370 1892
1485380 1897
1485390 1904
1485400 1910
1485410 1910
1485420 1913
1485430 1913
1485440 1913
1485450 1913
1485460 1917
1485470 1917
1485480 1920
1485490 1923
1485500 1923
1485510 1926
1485520 1928
1485530 1928
1485540 1929
1485550 1930
1485560 1930
1485570 1932
1485580 1936
1485590 1936
1485600 1938
1485610 1942
1485620 1947
1485630 1947
1485640 1952
1485650 1955
1485660 1955
1485670 1958
1485680 1963
1485690 1963
1485700 1968
1485710 1971
1485720 1971
1485730 1973
1485740 1974
1485750 1974
1485760 1977
1485770 1981
1485780 1981
1485790 1987
1485800 1995
1485810 1995
1485820 2003
1485830 2006
1485840 2006
1485850 2006
1485860 2008
1485870 2011
1485880 2011
1485890 2014
1485900 2019
1485910 2019
1485920 2023
1485930 2028
1485940 2028
1485950 2032
1485960 2035
1485970 2035
1485980 2039
1485990 2042
1486000 2042
1486010 2044
1486020 2047
1486030 2047
1486040 2050
1486050 2053
1486060 2054
1486070 2054
1486080 2055
1486090 2058
1486100 2058
1486110 2064
1486120 2070
1486130 2070
1486140 2075
1486150 2079
1486160 2079
1486170 2081
1486180 2083
1486190 2083
1486200 2086
1486210 2091
1486220 2091
1486230 2095
1486240 2100
1486250 2100
1486260 2104
1486270 2108
1486280 2113
1486290 2113
1486300 2119
1486310 2124
1486320 2124
1486330 2128
1486340 2132
1486350 2132
1486360 2136
1486370 2141
1486380 2141
1486390 2148
1486400 2153
1486410 2153
1486420 2160
1486430 2166
1486440 2166
1486450 2172
1486460 2181
1486470 2194
1486480 2194
1486490 2203
1486500 2212
1486510 2212
1486520 2221
1486530 2230
1486540 2230
1486550 2239
1486560 2246
1486570 2246
1486580 2255
1486590 2263
1486600 2263
1486610 2270
1486620 2277
1486630 2277
1486640 2282
1486650 2288
1486660 2288
1486670 2292
1486680 2296
1486690 2300
1486700 2300
1486710 2304
1486720 2307
1486730 2307
1486740 2310
1486750 2314
1486760 2314
1486770 2318
1486780 2322
1486790 2322
1486800 2324
1486810 2326
1486820 2326
1486830 2328
1486840 2331
1486850 2331
1486860 2334
1486870 2335
1486880 2335
1486890 2335
1486900 2338
1486910 2339
1486920 2339
1486930 2340
1486940 2340
1486950 2340
1486960 2341
1486970 2343
1486980 2343
1486990 2345
1487000 2348
1487010 2348
1487020 2351
1487030 2353
1487040 2353
1487050 2356
1487060 2359
1487070 2359
1487080 2362
1487090 2364
1487100 2364
1487110 2367
1487120 2368
1487130 2369
1487140 2369
1487150 2369
1487160 2372
1487170 2372
1487180 2376
1487190 2381
1487200 2381
1487210 2386
1487220 2389
1487230 2389
1487240 2391
1487250 2393
1487260 2393
1487270 2394
1487280 2395
1487290 2395
1487300 2394
1487310 2393
1487320 2393
1487330 2395
1487340 2394
1487350 2394
1487360 2394
1487370 2395
1487380 2392
1487390 2392
1487400 2384
1487410 2377
1487420 2377
1487430 2368
1487440 2363
1487450 2363
1487460 2360
1487470 2359
1487480 2359
1487490 2360
1487500 2361
1487510 2361
1487520 2363
1487530 2364
1487540 2364
1487550 2362
1487560 2362
1487570 2361
1487580 2361
1487590 2367
1487600 2364
1487610 2364
1487620 2363
1487630 2367
1487640 2367
1487650 2368
1487660 2370
1487670 2370
1487680 2373
1487690 2373
1487700 2373
1487710 2375
1487720 2380
1487730 2380
1487740 2386
1487750 2388
1487760 2388
1487770 2389
1487780 2394
1487790 2395
1487800 2395
1487810 2398
1487820 2402
1487830 2402
1487840 2405
1487850 2408
1487860 2408
1487870 2412
1487880 2416
1487890 2416
1487900 2420
1487910 2423
1487920 2423
1487930 2426
1487940 2429
1487950 2429
1487960 2433
1487970 2436
1487980 2436
1487990 2439
1488000 2440
1488010 2442
1488020 2442
1488030 2447
1488040 2448
1488050 2448
1488060 2449
1488070 2452
1488080 2452
1488090 2456
1488100 2459
1488110 2459
1488120 2462
1488130 2465
1488140 2465
1488150 2468
1488160 2470
1488170 2470
1488180 2474
1488190 2478
1488200 2478
1488210 2481
1488220 2485
1488230 2489
1488240 2489
1488250 2493
1488260 2496
1488270 2496
1488280 2499
1488290 2503
1488300 2503
1488310 2509
1488320 2515
1488330 2515
1488340 2521
1488350 2526
1488360 2526
1488370 2530
1488380 2534
1488390 2534
1488400 2537
1488410 2540
1488420 2540
1488430 2544
1488440 2547
1488450 2550
1488460 2550
1488470 2554
1488480 2560
1488490 2560
1488500 2565
1488510 2570
1488520 2570
1488530 2575
1488540 2577
1488550 2577
1488560 2581
1488570 2590
1488580 2590
1488590 2601
1488600 2611
1488610 2611
1488620 2618
1488630 2624
1488640 2624
1488650 2628
1488660 2633
1488670 2641
1488680 2641
1488690 2651
1488700 2661
1488710 2661
1488720 2668
1488730 2668
1488740 2668
1488750 2668
1488760 2667
1488770 2667
1488780 2673
1488790 2675
1488800 2675
1488810 2677
1488820 2679
1488830 2679
1488840 2681
1488850 2684
1488860 2684
1488870 2688
1488880 2691
1488890 2694
1488900 2694
1488910 2697
1488920 2700
1488930 2700
1488940 2702
1488950 2706
1488960 2706
1488970 2709
1488980 2711
1488990 2711
1489000 2714
1489010 2717
1489020 2717
1489030 2720
1489040 2723
1489050 2723
1489060 2727
1489070 2729
1489080 2731
1489090 2731
1489100 2733
1489110 2736
1489120 2736
1489130 2739
1489140 2742
1489150 2742
1489160 2744
1489170 2746
1489180 2746
1489190 2748
1489200 2751
1489210 2751
1489220 2753
1489230 2755
1489240 2755
1489250 2759
1489260 2762
1489270 2762
1489280 2765
1489290 2767
1489300 2770
1489310 2770
1489320 2772
1489330 2775
1489340 2775
1489350 2777
1489360 2779
1489370 2779
1489380 2780
1489390 2778
1489400 2778
1489410 2778
1489420 2779
1489430 2779
1489440 2780
1489450 2779
1489460 2779
1489470 2779
1489480 2780
1489490 2780
1489500 2782
1489510 2784
1489520 2784
1489530 2784
1489540 2786
1489550 2787
1489560 2787
1489570 2787
1489580 2789
1489590 2789
1489600 2791
1489610 2791
1489620 2791
1489630 2792
1489640 2796
1489650 2796
1489660 2798
1489670 2801
1489680 2801
1489690 2803
1489700 2807
1489710 2807
1489720 2812
1489730 2815
1489740 2815
1489750 2815
1489760 2820
1489770 2821
1489780 2821
1489790 2827
1489800 2831
1489810 2831
1489820 2832
1489830 2832
1489840 2832
1489850 2832
1489860 2834
1489870 2834
1489880 2835
1489890 2832
1489900 2832
1489910 2818
1489920 2806
1489930 2806
1489940 2797
1489950 2787
1489960 2776
1489970 2776
1489980 2764
1489990 2753
1490000 2753
1490010 2742
1490020 2726
1490030 2726
1490040 2717
1490050 2711
1490060 2711
1490070 2683
1490080 2646
1490090 2646
1490100 2634
1490110 2626
1490120 2626
1490130 2618
1490140 2606
1490150 2606
1490160 2593
1490170 2571
1490180 2552
1490190 2552
1490200 2545
1490210 2539
1490220 2539
1490230 2534
1490240 2530
1490250 2530
1490260 2525
1490270 2519
1490280 2519
1490290 2514
1490300 2513
1490310 2513
1490320 2514
1490330 2507
1490340 2507
1490350 2495
1490360 2489
1490370 2489
1490380 2487
1490390 2477
1490400 2471
1490410 2471
1490420 2463
1490430 2458
1490440 2458
1490450 2454
1490460 2441
1490470 2441
1490480 2427
1490490 2418
1490500 2418
1490510 2411
1490520 2404
1490530 2404
1490540 2398
1490550 2391
1490560 2391
1490570 2385
1490580 2379
1490590 2379
1490600 2373
1490610 2367
1490620 2361
1490630 2361
1490640 2355
1490650 2351
1490660 2351
1490670 2347
1490680 2345
1490690 2345
1490700 2340
1490710 2335
1490720 2335
1490730 2328
1490740 2323
1490750 2323
1490760 2318
1490770 2313
1490780 2313
1490790 2309
1490800 2305
1490810 2305
1490820 2300
1490830 2297
1490840 2295
1490850 2295
1490860 2293
1490870 2291
1490880 2291
1490890 2288
1490900 2285
1490910 2285
1490920 2280
1490930 2274
1490940 2274
1490950 2269
1490960 2263
1490970 2263
1490980 2257
1490990 2251
1491000 2251
1491010 2245
1491020 2240
1491030 2240
1491040 2236
1491050 2233
1491060 2232
1491070 2232
1491080 2232
1491090 2234
1491100 2234
1491110 2235
1491120 2236
1491130 2236
1491140 2239
1491150 2242
1491160 2242
1491170 2243
1491180 2244
1491190 2244
1491200 2246
1491210 2247
1491220 2247
1491230 2246
1491240 2245
1491250 2245
1491260 2244
1491270 2246
1491280 2246
1491290 2246
1491300 2249
1491310 2250
1491320 2250
1491330 2253
1491340 2253
1491350 2253
1491360 2254
1491370 2255
1491380 2255
1491390 2256
1491400 2257
1491410 2257
1491420 2257
1491430 2257
1491440 2257
1491450 2256
1491460 2256
1491470 2256
1491480 2257
1491490 2256
1491500 2256
1491510 2256
1491520 2255
1491530 2256
1491540 2256
1491550 2255
1491560 2256
1491570 2256
1491580 2256
1491590 2257
1491600 2257
1491610 2259
1491620 2261
1491630 2261
1491640 2260
1491650 2260
1491660 2260
1491670 2262
1491680 2266
1491690 2269
1491700 2269
1491710 2272
1491720 2275
1491730 2275
1491740 2277
1491750 2278
1491760 2278
1491770 2279
1491780 2280
1491790 2280
1491800 2280
1491810 2280
1491820 2280
1491830 2281
1491840 2282
1491850 2282
1491860 2285
1491870 2286
1491880 2286
1491890 2289
1491900 2292
1491910 2295
1491920 2295
1491930 2298
1491940 2302
1491950 2302
1491960 2307
1491970 2311
1491980 2311
1491990 2315
1492000 2318
1492010 2318
1492020 2322
1492030 2326
1492040 2326
1492050 2330
1492060 2333
1492070 2333
1492080 2335
1492090 2338
1492100 2338
1492110 2340
1492120 2344
1492130 2347
1492140 2347
1492150 2351
1492160 2355
1492170 2355
1492180 2358
1492190 2362
1492200 2362
1492210 2366
1492220 2369
1492230 2369
1492240 2372
1492250 2375
1492260 2375
1492270 2380
1492280 2386
1492290 2386
1492300 2392
1492310 2395
1492320 2395
1492330 2394
1492340 2393
1492350 2394
1492360 2394
1492370 2397
1492380 2400
1492390 2400
1492400 2402
1492410 2404
1492420 2404
1492430 2407
1492440 2408
1492450 2408
1492460 2408
1492470 2405
1492480 2405
1492490 2402
1492500 2399
1492510 2399
1492520 2397
1492530 2397
1492540 2397
1492550 2398
1492560 2398
1492570 2398
1492580 2398
1492590 2400
1492600 2403
1492610 2403
1492620 2406
1492630 2406
1492640 2406
1492650 2405
1492660 2404
1492670 2404
1492680 2405
1492690 2406
1492700 2406
1492710 2408
1492720 2411
1492730 2411
1492740 2414
1492750 2420
1492760 2420
1492770 2426
1492780 2430
1492790 2430
1492800 2430
1492810 2432
1492820 2436
1492830 2436
1492840 2440
1492850 2443
1492860 2443
1492870 2445
1492880 2446
1492890 2446
1492900 2447
1492910 2448
1492920 2448
1492930 2449
1492940 2450
1492950 2450
1492960 2451
1492970 2452
1492980 2452
1492990 2455
1493000 2456
1493010 2458
1493020 2458
1493030 2461
1493040 2463
1493050 2463
1493060 2466
1493070 2468
1493080 2468
1493090 2470
1493100 2472
1493110 2472
1493120 2476
1493130 2481
1493140 2481
1493150 2487
1493160 2493
1493170 2493
1493180 2499
1493190 2505
1493200 2505
1493210 2513
1493220 2519
1493230 2525
1493240 2525
1493250 2532
1493260 2539
1493270 2539
1493280 2546
1493290 2552
1493300 2552
1493310 2559
1493320 2565
1493330 2565
1493340 2571
1493350 2577
1493360 2577
1493370 2582
1493380 2588
1493390 2588
1493400 2592
1493410 2597
1493420 2597
1493430 2602
1493440 2606
1493450 2611
1493460 2611
1493470 2616
1493480 2619
1493490 2619
1493500 2623
1493510 2626
1493520 2626
1493530 2631
1493540 2635
1493550 2635
1493560 2639
1493570 2643
1493580 2643
1493590 2647
1493600 2649
1493610 2649
1493620 2653
1493630 2656
1493640 2656
1493650 2659
1493660 2663
1493670 2670
1493680 2670
1493690 2679
1493700 2688
1493710 2688
1493720 2695
1493730 2704
1493740 2704
1493750 2710
1493760 2717
1493770 2717
1493780 2723
1493790 2727
1493800 2727
1493810 2731
1493820 2733
1493830 2733
1493840 2735
1493850 2741
1493860 2741
1493870 2747
1493880 2753
1493890 2758
1493900 2758
1493910 2762
1493920 2766
1493930 2766
1493940 2772
1493950 2776
1493960 2776
1493970 2782
1493980 2788
1493990 2788
1494000 2794
1494010 2801
1494020 2801
1494030 2808
1494040 2814
1494050 2814
1494060 2819
1494070 2825
1494080 2829
1494090 2829
1494100 2824
1494110 2811
1494120 2811
1494130 2802
1494140 2794
1494150 2794
1494160 2787
1494170 2775
1494180 2775
1494190 2764
1494200 2753
1494210 2753
1494220 2745
1494230 2733
1494240 2733
1494250 2719
1494260 2701
1494270 2701
1494280 2685
1494290 2676
1494300 2667
1494310 2667
1494320 2660
1494330 2653
1494340 2653
1494350 2647
1494360 2640
1494370 2640
1494380 2634
1494390 2628
1494400 2628
1494410 2623
1494420 2619
1494430 2619
1494440 2615
1494450 2612
1494460 2612
1494470 2608
1494480 2604
1494490 2604
1494500 2600
1494510 2597
1494520 2596
1494530 2596
1494540 2596
1494550 2596
1494560 2596
1494570 2596
1494580 2597
1494590 2597
1494600 2599
1494610 2603
1494620 2603
1494630 2606
1494640 2607
1494650 2607
1494660 2608
1494670 2606
1494680 2606
1494690 2605
1494700 2600
1494710 2600
1494720 2594
1494730 2595
1494740 2598
1494750 2598
1494760 2600
1494770 2600
1494780 2600
1494790 2599
1494800 2597
1494810 2597
1494820 2597
1494830 2597
1494840 2597
1494850 2593
1494860 2588
1494870 2588
1494880 2589
1494890 2590
1494900 2590
1494910 2590
1494920 2590
1494930 2590
1494940 2588
1494950 2585
1494960 2582
1494970 2582
1494980 2579
1494990 2576
1495000 2576
1495010 2572
1495020 2570
1495030 2570
1495040 2570
1495050 2571
1495060 2571
1495070 2571
1495080 2571
1495090 2571
1495100 2569
1495110 2566
1495120 2566
1495130 2563
1495140 2561
1495150 2561
1495160 2558
1495170 2554
1495180 2550
1495190 2550
1495200 2546
1495210 2539
1495220 2539
1495230 2535
1495240 2532
1495250 2532
1495260 2531
1495270 2530
1495280 2530
1495290 2528
1495300 2528
1495310 2528
1495320 2529
1495330 2531
1495340 2531
1495350 2533
1495360 2534
1495370 2534
1495380 2537
1495390 2545
1495400 2560
1495410 2560
1495420 2574
1495430 2580
1495440 2580
1495450 2571
1495460 2564
1495470 2564
1495480 2559
1495490 2560
1495500 2560
1495510 2565
1495520 2565
1495530 2565
1495540 2567
1495550 2567
1495560 2567
1495570 2565
1495580 2565
1495590 2565
1495600 2567
1495610 2572
1495620 2576
1495630 2576
1495640 2581
1495650 2583
1495660 2583
1495670 2583
1495680 2578
1495690 2578
1495700 2574
1495710 2580
1495720 2580
1495730 2579
1495740 2579
1495750 2579
1495760 2575
1495770 2571
1495780 2571
1495790 2571
1495800 2573
1495810 2573
1495820 2574
1495830 2574
1495840 2574
1495850 2574
1495860 2574
1495870 2573
1495880 2573
1495890 2571
1495900 2567
1495910 2567
1495920 2563
1495930 2554
1495940 2554
1495950 2547
1495960 2542
1495970 2542
1495980 2537
1495990 2532
1496000 2532
1496010 2528
1496020 2522
1496030 2522
1496040 2516
1496050 2510
1496060 2501
1496070 2501
1496080 2493
1496090 2486
1496100 2486
1496110 2478
1496120 2472
1496130 2472
1496140 2468
1496150 2463
1496160 2463
1496170 2458
1496180 2455
1496190 2455
1496200 2456
1496210 2457
1496220 2457
1496230 2458
1496240 2459
1496250 2459
1496260 2460
1496270 2457
1496280 2456
1496290 2456
1496300 2460
1496310 2463
1496320 2463
1496330 2465
1496340 2468
1496350 2468
1496360 2476
1496370 2477
1496380 2477
1496390 2482
1496400 2488
1496410 2488
1496420 2496
1496430 2495
1496440 2495
1496450 2490
1496460 2486
1496470 2486
1496480 2481
1496490 2476
1496500 2470
1496510 2470
1496520 2475
1496530 2478
1496540 2478
1496550 2484
1496560 2485
1496570 2485
1496580 2484
1496590 2484
1496600 2484
1496610 2488
1496620 2492
1496630 2492
1496640 2497
1496650 2501
1496660 2501
1496670 2501
1496680 2501
1496690 2501
1496700 2501
1496710 2502
1496720 2504
1496730 2504
1496740 2504
1496750 2500
1496760 2500
1496770 2494
1496780 2501
1496790 2501
1496800 2510
1496810 2511
1496820 2511
1496830 2513
1496840 2515
1496850 2515
1496860 2517
1496870 2521
1496880 2521
1496890 2525
1496900 2531
1496910 2536
1496920 2536
1496930 2539
1496940 2541
1496950 2541
1496960 2545
1496970 2551
1496980 2551
1496990 2560
1497000 2567
1497010 2567
1497020 2572
1497030 2575
1497040 2575
1497050 2578
1497060 2582
1497070 2582
1497080 2584
1497090 2588
1497100 2588
1497110 2591
1497120 2595
1497130 2600
1497140 2600
1497150 2602
1497160 2604
1497170 2604
1497180 2606
1497190 2609
1497200 2609
1497210 2613
1497220 2617
1497230 2617
1497240 2617
1497250 2617
1497260 2617
1497270 2620
1497280 2622
1497290 2622
1497300 2626
1497310 2627
1497320 2627
1497330 2626
1497340 2625
1497350 2625
1497360 2625
1497370 2624
1497380 2622
1497390 2622
1497400 2622
1497410 2623
1497420 2623
1497430 2624
1497440 2624
1497450 2624
1497460 2627
1497470 2630
1497480 2630
1497490 2631
1497500 2634
1497510 2634
1497520 2638
1497530 2641
1497540 2641
1497550 2643
1497560 2642
1497570 2640
1497580 2640
1497590 2637
1497600 2634
1497610 2634
1497620 2631
1497630 2628
1497640 2628
1497650 2626
1497660 2624
1497670 2624
1497680 2622
1497690 2621
1497700 2621
1497710 2619
1497720 2617
1497730 2617
1497740 2616
1497750 2614
1497760 2614
1497770 2613
1497780 2612
1497790 2611
1497800 2611
1497810 2610
1497820 2608
1497830 2608
1497840 2606
1497850 2604
1497860 2604
1497870 2603
1497880 2602
1497890 2602
1497900 2601
1497910 2600
1497920 2600
1497930 2599
1497940 2597
1497950 2597
1497960 2596
1497970 2595
1497980 2595
1497990 2594
1498000 2593
1498010 2592
1498020 2592
1498030 2591
1498040 2590
1498050 2590
1498060 2588
1498070 2587
1498080 2587
1498090 2586
1498100 2585
1498110 2585
1498120 2584
1498130 2583
1498140 2583
1498150 2583
1498160 2583
1498170 2583
1498180 2583
1498190 2584
1498200 2584
1498210 2584
1498220 2585
1498230 2585
1498240 2585
1498250 2585
1498260 2586
1498270 2586
1498280 2586
1498290 2587
1498300 2587
1498310 2588
1498320 2589
1498330 2589
1498340 2591
1498350 2592
1498360 2592
1498370 2593
1498380 2593
1498390 2593
1498400 2591
1498410 2588
1498420 2588
1498430 2585
1498440 2582
1498450 2579
1498460 2579
1498470 2576
1498480 2572
1498490 2572
1498500 2568
1498510 2563
1498520 2563
1498530 2557
1498540 2552
1498550 2552
1498560 2547
1498570 2542
1498580 2542
1498590 2538
1498600 2535
1498610 2535
1498620 2530
1498630 2527
1498640 2527
1498650 2522
1498660 2517
1498670 2511
1498680 2511
1498690 2506
1498700 2503
1498710 2503
1498720 2499
1498730 2495
1498740 2495
1498750 2491
1498760 2487
1498770 2487
1498780 2484
1498790 2480
1498800 2480
1498810 2475
1498820 2472
1498830 2472
1498840 2468
1498850 2463
1498860 2463
1498870 2456
1498880 2450
1498890 2446
1498900 2446
1498910 2442
1498920 2438
1498930 2438
1498940 2432
1498950 2427
1498960 2427
1498970 2422
1498980 2418
1498990 2418
1499000 2414
1499010 2411
1499020 2411
1499030 2407
1499040 2404
1499050 2404
1499060 2400
1499070 2395
1499080 2391
1499090 2391
1499100 2388
1499110 2386
1499120 2386
1499130 2383
1499140 2379
1499150 2379
1499160 2375
1499170 2369
1499180 2369
1499190 2366
1499200 2363
1499210 2363
1499220 2360
1499230 2356
1499240 2356
1499250 2352
1499260 2348
1499270 2348
1499280 2345
1499290 2342
1499300 2340
1499310 2340
1499320 2338
1499330 2335
1499340 2335
1499350 2333
1499360 2334
1499370 2334
1499380 2334
1499390 2335
1499400 2335
1499410 2335
1499420 2336
1499430 2336
1499440 2336
1499450 2337
1499460 2337
1499470 2338
1499480 2339
1499490 2339
1499500 2339
1499510 2339
1499520 2339
1499530 2339
1499540 2339
1499550 2339
1499560 2339
1499570 2339
1499580 2340
1499590 2340
1499600 2340
1499610 2339
1499620 2339
1499630 2338
1499640 2338
1499650 2338
1499660 2337
1499670 2335
1499680 2335
1499690 2333
1499700 2332
1499710 2332
1499720 2332
1499730 2330
1499740 2329
1499750 2329
1499760 2324
1499770 2323
1499780 2323
1499790 2323
1499800 2321
1499810 2321
1499820 2319
1499830 2320
1499840 2320
1499850 2320
1499860 2319
1499870 2319
1499880 2318
1499890 2316
1499900 2316
1499910 2314
1499920 2313
1499930 2313
1499940 2312
1499950 2311
1499960 2309
1499970 2309
1499980 2308
1499990 2305
