1480000 2447
1480010 2442
1480020 2436
1480030 2436
1480040 2429
1480050 2423
1480060 2423
1480070 2421
1480080 2418
1480090 2418
1480100 2418
1480110 2419
1480120 2419
1480130 2420
1480140 2422
1480150 2423
1480160 2423
1480170 2424
1480180 2424
1480190 2424
1480200 2423
1480210 2424
1480220 2424
1480230 2426
1480240 2429
1480250 2429
1480260 2433
1480270 2433
1480280 2433
1480290 2429
1480300 2425
1480310 2425
1480320 2421
1480330 2417
1480340 2417
1480350 2412
1480360 2407
1480370 2403
1480380 2403
1480390 2398
1480400 2393
1480410 2393
1480420 2385
1480430 2381
1480440 2381
1480450 2377
1480460 2374
1480470 2374
1480480 2372
1480490 2364
1480500 2364
1480510 2356
1480520 2348
1480530 2348
1480540 2340
1480550 2334
1480560 2334
1480570 2328
1480580 2321
1480590 2313
1480600 2313
1480610 2306
1480620 2298
1480630 2298
1480640 2290
1480650 2284
1480660 2284
1480670 2273
1480680 2262
1480690 2262
1480700 2251
1480710 2242
1480720 2242
1480730 2233
1480740 2225
1480750 2225
1480760 2217
1480770 2209
1480780 2209
1480790 2200
1480800 2192
1480810 2185
1480820 2185
1480830 2175
1480840 2167
1480850 2167
1480860 2159
1480870 2153
1480880 2153
1480890 2148
1480900 2144
1480910 2144
1480920 2140
1480930 2137
1480940 2137
1480950 2133
1480960 2130
1480970 2130
1480980 2127
1480990 2124
1481000 2124
1481010 2121
1481020 2119
1481030 2119
1481040 2119
1481050 2120
1481060 2121
1481070 2121
1481080 2123
1481090 2125
1481100 2125
1481110 2128
1481120 2132
1481130 2132
1481140 2137
1481150 2142
1481160 2142
1481170 2146
1481180 2149
1481190 2149
1481200 2152
1481210 2155
1481220 2155
1481230 2156
1481240 2155
1481250 2158
1481260 2158
1481270 2160
1481280 2158
1481290 2158
1481300 2154
1481310 2153
1481320 2153
1481330 2155
1481340 2160
1481350 2160
1481360 2164
1481370 2166
1481380 2166
1481390 2168
1481400 2171
1481410 2171
1481420 2175
1481430 2180
1481440 2180
1481450 2184
1481460 2187
1481470 2190
1481480 2190
1481490 2193
1481500 2196
1481510 2196
1481520 2201
1481530 2206
1481540 2206
1481550 2213
1481560 2220
1481570 2220
1481580 2226
1481590 2231
1481600 2231
1481610 2236
1481620 2239
1481630 2239
1481640 2242
1481650 2246
1481660 2246
1481670 2247
1481680 2248
1481690 2251
1481700 2251
1481710 2254
1481720 2256
1481730 2256
1481740 2256
1481750 2258
1481760 2258
1481770 2262
1481780 2265
1481790 2265
1481800 2269
1481810 2273
1481820 2273
1481830 2277
1481840 2280
1481850 2280
1481860 2284
1481870 2289
1481880 2289
1481890 2293
1481900 2297
1481910 2302
1481920 2302
1481930 2308
1481940 2313
1481950 2313
1481960 2317
1481970 2320
1481980 2320
1481990 2319
1482000 2318
1482010 2318
1482020 2318
1482030 2318
1482040 2318
1482050 2317
1482060 2317
1482070 2317
1482080 2316
1482090 2315
1482100 2315
1482110 2314
1482120 2312
1482130 2313
1482140 2313
1482150 2311
1482160 2306
1482170 2306
1482180 2303
1482190 2298
1482200 2298
1482210 2299
1482220 2302
1482230 2302
1482240 2307
1482250 2312
1482260 2312
1482270 2315
1482280 2319
1482290 2319
1482300 2321
1482310 2322
1482320 2322
1482330 2321
1482340 2320
1482350 2319
1482360 2319
1482370 2316
1482380 2313
1482390 2313
1482400 2312
1482410 2311
1482420 2311
1482430 2310
1482440 2310
1482450 2310
1482460 2311
1482470 2311
1482480 2311
1482490 2309
1482500 2308
1482510 2308
1482520 2307
1482530 2305
1482540 2305
1482550 2305
1482560 2304
1482570 2302
1482580 2302
1482590 2299
1482600 2297
1482610 2297
1482620 2296
1482630 2293
1482640 2293
1482650 2288
1482660 2284
1482670 2284
1482680 2279
1482690 2275
1482700 2275
1482710 2272
1482720 2271
1482730 2271
1482740 2269
1482750 2265
1482760 2262
1482770 2262
1482780 2260
1482790 2258
1482800 2258
1482810 2258
1482820 2258
1482830 2258
1482840 2258
1482850 2257
1482860 2257
1482870 2256
1482880 2255
1482890 2255
1482900 2253
1482910 2248
1482920 2248
1482930 2241
1482940 2236
1482950 2236
1482960 2232
1482970 2231
1482980 2229
1482990 2229
1483000 2226
1483010 2225
1483020 2225
1483030 2226
1483040 2225
1483050 2225
1483060 2222
1483070 2212
1483080 2212
1483090 2200
1483100 2194
1483110 2194
1483120 2189
1483130 2188
1483140 2188
1483150 2186
1483160 2185
1483170 2185
1483180 2185
1483190 2187
1483200 2183
1483210 2183
1483220 2179
1483230 2173
1483240 2173
1483250 2162
1483260 2151
1483270 2151
1483280 2140
1483290 2130
1483300 2130
1483310 2120
1483320 2116
1483330 2116
1483340 2111
1483350 2106
1483360 2106
1483370 2104
1483380 2101
1483390 2101
1483400 2097
1483410 2093
1483420 2090
1483430 2090
1483440 2086
1483450 2083
1483460 2083
1483470 2080
1483480 2077
1483490 2077
1483500 2075
1483510 2074
1483520 2074
1483530 2073
1483540 2070
1483550 2070
1483560 2067
1483570 2066
1483580 2066
1483590 2066
1483600 2065
1483610 2065
1483620 2067
1483630 2064
1483640 2060
1483650 2060
1483660 2059
1483670 2059
1483680 2059
1483690 2058
1483700 2058
1483710 2058
1483720 2057
1483730 2055
1483740 2055
1483750 2054
1483760 2053
1483770 2053
1483780 2051
1483790 2050
1483800 2050
1483810 2051
1483820 2051
1483830 2051
1483840 2053
1483850 2055
1483860 2056
1483870 2056
1483880 2058
1483890 2059
1483900 2059
1483910 2059
1483920 2062
1483930 2062
1483940 2070
1483950 2076
1483960 2076
1483970 2078
1483980 2077
1483990 2077
1484000 2075
1484010 2076
1484020 2076
1484030 2076
1484040 2074
1484050 2074
1484060 2074
1484070 2072
1484080 2073
1484090 2073
1484100 2073
1484110 2070
1484120 2070
1484130 2069
1484140 2067
1484150 2067
1484160 2067
1484170 2068
1484180 2068
1484190 2068
1484200 2066
1484210 2066
1484220 2064
1484230 2064
1484240 2064
1484250 2064
1484260 2063
1484270 2063
1484280 2061
1484290 2060
1484300 2057
1484310 2057
1484320 2055
1484330 2055
1484340 2055
1484350 2056
1484360 2057
1484370 2057
1484380 2059
1484390 2060
1484400 2060
1484410 2062
1484420 2066
1484430 2066
1484440 2063
1484450 2063
1484460 2063
1484470 2063
1484480 2064
1484490 2064
1484500 2065
1484510 2066
1484520 2068
1484530 2068
1484540 2070
1484550 2072
1484560 2072
1484570 2074
1484580 2076
1484590 2076
1484600 2071
1484610 2068
1484620 2068
1484630 2072
1484640 2080
1484650 2080
1484660 2081
1484670 2081
1484680 2081
1484690 2083
1484700 2085
1484710 2085
1484720 2090
1484730 2095
1484740 2099
1484750 2099
1484760 2102
1484770 2107
1484780 2107
1484790 2112
1484800 2117
1484810 2117
1484820 2120
1484830 2123
1484840 2123
1484850 2123
1484860 2124
1484870 2124
1484880 2127
1484890 2133
1484900 2133
1484910 2138
1484920 2142
1484930 2142
1484940 2144
1484950 2146
1484960 2148
1484970 2148
1484980 2151
1484990 2153
1485000 2153
1485010 2157
1485020 2160
1485030 2160
1485040 2165
1485050 2169
1485060 2169
1485070 2174
1485080 2179
1485090 2179
1485100 2183
1485110 2188
1485120 2188
1485130 2193
1485140 2198
1485150 2198
1485160 2203
1485170 2208
1485180 2213
1485190 2213
1485200 2219
1485210 2226
1485220 2226
1485230 2233
1485240 2236
1485250 2236
1485260 2239
1485270 2243
1485280 2243
1485290 2248
1485300 2255
1485310 2255
1485320 2261
1485330 2268
1485340 2268
1485350 2273
1485360 2278
1485370 2278
1485380 2283
1485390 2288
1485400 2289
1485410 2289
1485420 2288
1485430 2288
1485440 2288
1485450 2287
1485460 2284
1485470 2284
1485480 2283
1485490 2284
1485500 2284
1485510 2284
1485520 2283
1485530 2283
1485540 2281
1485550 2274
1485560 2274
1485570 2268
1485580 2251
1485590 2251
1485600 2245
1485610 2241
1485620 2235
1485630 2235
1485640 2229
1485650 2225
1485660 2225
1485670 2223
1485680 2221
1485690 2221
1485700 2222
1485710 2223
1485720 2223
1485730 2222
1485740 2219
1485750 2219
1485760 2216
1485770 2217
1485780 2217
1485790 2217
1485800 2221
1485810 2221
1485820 2226
1485830 2233
1485840 2240
1485850 2240
1485860 2246
1485870 2251
1485880 2251
1485890 2255
1485900 2259
1485910 2259
1485920 2264
1485930 2268
1485940 2268
1485950 2272
1485960 2279
1485970 2279
1485980 2286
1485990 2286
1486000 2286
1486010 2280
1486020 2280
1486030 2280
1486040 2285
1486050 2289
1486060 2293
1486070 2293
1486080 2295
1486090 2297
1486100 2297
1486110 2298
1486120 2299
1486130 2299
1486140 2302
1486150 2304
1486160 2304
1486170 2307
1486180 2309
1486190 2309
1486200 2311
1486210 2311
1486220 2311
1486230 2311
1486240 2310
1486250 2310
1486260 2306
1486270 2301
1486280 2294
1486290 2294
1486300 2287
1486310 2280
1486320 2280
1486330 2273
1486340 2267
1486350 2267
1486360 2261
1486370 2256
1486380 2256
1486390 2251
1486400 2246
1486410 2246
1486420 2239
1486430 2232
1486440 2232
1486450 2209
1486460 2185
1486470 2185
1486480 2177
1486490 2176
1486500 2171
1486510 2171
1486520 2165
1486530 2162
1486540 2162
1486550 2156
1486560 2143
1486570 2143
1486580 2135
1486590 2135
1486600 2135
1486610 2134
1486620 2127
1486630 2127
1486640 2122
1486650 2118
1486660 2118
1486670 2116
1486680 2116
1486690 2116
1486700 2118
1486710 2123
1486720 2130
1486730 2130
1486740 2138
1486750 2143
1486760 2143
1486770 2146
1486780 2139
1486790 2139
1486800 2133
1486810 2130
1486820 2130
1486830 2121
1486840 2110
1486850 2110
1486860 2098
1486870 2098
1486880 2098
1486890 2109
1486900 2115
1486910 2115
1486920 2118
1486930 2121
1486940 2125
1486950 2125
1486960 2127
1486970 2130
1486980 2130
1486990 2135
1487000 2140
1487010 2140
1487020 2146
1487030 2151
1487040 2151
1487050 2155
1487060 2159
1487070 2159
1487080 2163
1487090 2166
1487100 2166
1487110 2170
1487120 2173
1487130 2173
1487140 2176
1487150 2179
1487160 2183
1487170 2183
1487180 2186
1487190 2188
1487200 2188
1487210 2191
1487220 2192
1487230 2192
1487240 2193
1487250 2196
1487260 2196
1487270 2199
1487280 2202
1487290 2202
1487300 2204
1487310 2203
1487320 2203
1487330 2207
1487340 2211
1487350 2211
1487360 2216
1487370 2220
1487380 2223
1487390 2223
1487400 2226
1487410 2229
1487420 2229
1487430 2234
1487440 2240
1487450 2240
1487460 2247
1487470 2254
1487480 2254
1487490 2262
1487500 2270
1487510 2270
1487520 2278
1487530 2289
1487540 2289
1487550 2297
1487560 2304
1487570 2304
1487580 2311
1487590 2319
1487600 2325
1487610 2325
1487620 2329
1487630 2330
1487640 2330
1487650 2335
1487660 2340
1487670 2340
1487680 2346
1487690 2353
1487700 2353
1487710 2361
1487720 2369
1487730 2369
1487740 2374
1487750 2378
1487760 2378
1487770 2383
1487780 2388
1487790 2388
1487800 2393
1487810 2396
1487820 2399
1487830 2399
1487840 2405
1487850 2409
1487860 2409
1487870 2413
1487880 2417
1487890 2417
1487900 2419
1487910 2422
1487920 2422
1487930 2427
1487940 2430
1487950 2430
1487960 2432
1487970 2436
1487980 2436
1487990 2438
1488000 2439
1488010 2439
1488020 2441
1488030 2442
1488040 2447
1488050 2447
1488060 2453
1488070 2459
1488080 2459
1488090 2463
1488100 2468
1488110 2468
1488120 2472
1488130 2475
1488140 2475
1488150 2478
1488160 2483
1488170 2483
1488180 2487
1488190 2488
1488200 2488
1488210 2490
1488220 2493
1488230 2493
1488240 2497
1488250 2501
1488260 2504
1488270 2504
1488280 2510
1488290 2516
1488300 2516
1488310 2519
1488320 2525
1488330 2525
1488340 2531
1488350 2535
1488360 2535
1488370 2540
1488380 2545
1488390 2545
1488400 2548
1488410 2552
1488420 2552
1488430 2556
1488440 2561
1488450 2561
1488460 2564
1488470 2568
1488480 2571
1488490 2571
1488500 2575
1488510 2579
1488520 2579
1488530 2583
1488540 2587
1488550 2587
1488560 2590
1488570 2594
1488580 2594
1488590 2598
1488600 2601
1488610 2601
1488620 2606
1488630 2611
1488640 2611
1488650 2616
1488660 2621
1488670 2621
1488680 2624
1488690 2628
1488700 2631
1488710 2631
1488720 2633
1488730 2635
1488740 2635
1488750 2640
1488760 2644
1488770 2644
1488780 2648
1488790 2654
1488800 2654
1488810 2658
1488820 2662
1488830 2662
1488840 2666
1488850 2670
1488860 2670
1488870 2675
1488880 2679
1488890 2679
1488900 2683
1488910 2686
1488920 2690
1488930 2690
1488940 2692
1488950 2696
1488960 2696
1488970 2701
1488980 2705
1488990 2705
1489000 2707
1489010 2709
1489020 2709
1489030 2712
1489040 2718
1489050 2718
1489060 2721
1489070 2723
1489080 2723
1489090 2726
1489100 2730
1489110 2730
1489120 2732
1489130 2733
1489140 2737
1489150 2737
1489160 2739
1489170 2740
1489180 2740
1489190 2743
1489200 2747
1489210 2747
1489220 2750
1489230 2755
1489240 2755
1489250 2759
1489260 2763
1489270 2763
1489280 2769
1489290 2771
1489300 2771
1489310 2774
1489320 2778
1489330 2778
1489340 2782
1489350 2785
1489360 2789
1489370 2789
1489380 2793
1489390 2799
1489400 2799
1489410 2804
1489420 2809
1489430 2809
1489440 2815
1489450 2820
1489460 2820
1489470 2825
1489480 2831
1489490 2831
1489500 2841
1489510 2853
1489520 2853
1489530 2862
1489540 2867
1489550 2867
1489560 2869
1489570 2860
1489580 2842
1489590 2842
1489600 2825
1489610 2815
1489620 2815
1489630 2804
1489640 2794
1489650 2794
1489660 2780
1489670 2766
1489680 2766
1489690 2754
1489700 2742
1489710 2742
1489720 2720
1489730 2683
1489740 2683
1489750 2664
1489760 2651
1489770 2651
1489780 2639
1489790 2626
1489800 2618
1489810 2618
1489820 2611
1489830 2604
1489840 2604
1489850 2600
1489860 2596
1489870 2596
1489880 2591
1489890 2586
1489900 2586
1489910 2582
1489920 2577
1489930 2577
1489940 2572
1489950 2567
1489960 2567
1489970 2563
1489980 2559
1489990 2559
1490000 2555
1490010 2550
1490020 2546
1490030 2546
1490040 2543
1490050 2539
1490060 2539
1490070 2535
1490080 2532
1490090 2532
1490100 2529
1490110 2526
1490120 2526
1490130 2522
1490140 2517
1490150 2517
1490160 2513
1490170 2509
1490180 2509
1490190 2506
1490200 2502
1490210 2502
1490220 2497
1490230 2494
1490240 2491
1490250 2491
1490260 2487
1490270 2483
1490280 2483
1490290 2480
1490300 2479
1490310 2479
1490320 2474
1490330 2470
1490340 2470
1490350 2466
1490360 2462
1490370 2462
1490380 2457
1490390 2452
1490400 2452
1490410 2448
1490420 2444
1490430 2444
1490440 2440
1490450 2436
1490460 2430
1490470 2430
1490480 2425
1490490 2421
1490500 2421
1490510 2417
1490520 2414
1490530 2414
1490540 2411
1490550 2409
1490560 2409
1490570 2407
1490580 2402
1490590 2402
1490600 2396
1490610 2392
1490620 2392
1490630 2386
1490640 2380
1490650 2380
1490660 2373
1490670 2366
1490680 2361
1490690 2361
1490700 2356
1490710 2350
1490720 2350
1490730 2344
1490740 2337
1490750 2337
1490760 2332
1490770 2328
1490780 2328
1490790 2325
1490800 2323
1490810 2323
1490820 2319
1490830 2313
1490840 2313
1490850 2306
1490860 2301
1490870 2301
1490880 2297
1490890 2292
1490900 2291
1490910 2291
1490920 2292
1490930 2292
1490940 2292
1490950 2289
1490960 2285
1490970 2285
1490980 2282
1490990 2278
1491000 2278
1491010 2274
1491020 2271
1491030 2271
1491040 2268
1491050 2264
1491060 2264
1491070 2259
1491080 2253
1491090 2253
1491100 2248
1491110 2244
1491120 2239
1491130 2239
1491140 2235
1491150 2231
1491160 2231
1491170 2225
1491180 2219
1491190 2219
1491200 2215
1491210 2212
1491220 2212
1491230 2206
1491240 2203
1491250 2203
1491260 2199
1491270 2194
1491280 2194
1491290 2189
1491300 2185
1491310 2185
1491320 2181
1491330 2175
1491340 2170
1491350 2170
1491360 2166
1491370 2160
1491380 2160
1491390 2153
1491400 2147
1491410 2147
1491420 2138
1491430 2131
1491440 2131
1491450 2127
1491460 2123
1491470 2123
1491480 2120
1491490 2117
1491500 2117
1491510 2113
1491520 2109
1491530 2106
1491540 2106
1491550 2104
1491560 2101
1491570 2101
1491580 2098
1491590 2095
1491600 2095
1491610 2091
1491620 2091
1491630 2091
1491640 2089
1491650 2086
1491660 2086
1491670 2080
1491680 2072
1491690 2072
1491700 2066
1491710 2064
1491720 2064
1491730 2060
1491740 2052
1491750 2046
1491760 2046
1491770 2038
1491780 2019
1491790 2019
1491800 2004
1491810 1995
1491820 1995
1491830 1991
1491840 1987
1491850 1987
1491860 1984
1491870 1979
1491880 1979
1491890 1966
1491900 1946
1491910 1946
1491920 1931
1491930 1920
1491940 1920
1491950 1910
1491960 1896
1491970 1883
1491980 1883
1491990 1876
1492000 1868
1492010 1868
1492020 1860
1492030 1853
1492040 1853
1492050 1847
1492060 1843
1492070 1843
1492080 1840
1492090 1840
1492100 1840
1492110 1838
1492120 1833
1492130 1833
1492140 1829
1492150 1830
1492160 1830
1492170 1830
1492180 1832
1492190 1834
1492200 1834
1492210 1835
1492220 1834
1492230 1834
1492240 1832
1492250 1828
1492260 1828
1492270 1826
1492280 1826
1492290 1826
1492300 1827
1492310 1828
1492320 1828
1492330 1828
1492340 1829
1492350 1829
1492360 1829
1492370 1828
1492380 1828
1492390 1828
1492400 1830
1492410 1831
1492420 1831
1492430 1833
1492440 1834
1492450 1834
1492460 1835
1492470 1836
1492480 1836
1492490 1836
1492500 1838
1492510 1838
1492520 1849
1492530 1861
1492540 1861
1492550 1869
1492560 1874
1492570 1874
1492580 1878
1492590 1882
1492600 1882
1492610 1884
1492620 1891
1492630 1905
1492640 1905
1492650 1915
1492660 1920
1492670 1920
1492680 1925
1492690 1930
1492700 1930
1492710 1932
1492720 1935
1492730 1935
1492740 1937
1492750 1939
1492760 1939
1492770 1941
1492780 1938
1492790 1938
1492800 1923
1492810 1893
1492820 1893
1492830 1895
1492840 1903
1492850 1916
1492860 1916
1492870 1930
1492880 1946
1492890 1946
1492900 1968
1492910 1982
1492920 1982
1492930 1987
1492940 1990
1492950 1990
1492960 1993
1492970 1998
1492980 1998
1492990 2001
1493000 2003
1493010 2003
1493020 2005
1493030 2005
1493040 2005
1493050 2006
1493060 2006
1493070 2004
1493080 2004
1493090 2004
1493100 1999
1493110 1999
1493120 1997
1493130 1996
1493140 1996
1493150 1995
1493160 1995
1493170 1995
1493180 1994
1493190 1998
1493200 1998
1493210 2002
1493220 2000
1493230 2000
1493240 2001
1493250 2002
1493260 2002
1493270 2007
1493280 2013
1493290 2019
1493300 2019
1493310 2029
1493320 2039
1493330 2039
1493340 2047
1493350 2052
1493360 2052
1493370 2057
1493380 2062
1493390 2062
1493400 2070
1493410 2077
1493420 2077
1493430 2085
1493440 2092
1493450 2092
1493460 2098
1493470 2103
1493480 2103
1493490 2105
1493500 2107
1493510 2111
1493520 2111
1493530 2115
1493540 2120
1493550 2120
1493560 2125
1493570 2128
1493580 2128
1493590 2130
1493600 2132
1493610 2132
1493620 2134
1493630 2137
1493640 2137
1493650 2141
1493660 2146
1493670 2146
1493680 2151
1493690 2155
1493700 2155
1493710 2159
1493720 2163
1493730 2167
1493740 2167
1493750 2173
1493760 2178
1493770 2178
1493780 2184
1493790 2190
1493800 2190
1493810 2196
1493820 2203
1493830 2203
1493840 2211
1493850 2218
1493860 2218
1493870 2223
1493880 2228
1493890 2228
1493900 2234
1493910 2240
1493920 2240
1493930 2246
1493940 2253
1493950 2260
1493960 2260
1493970 2267
1493980 2273
1493990 2273
1494000 2279
1494010 2284
1494020 2284
1494030 2287
1494040 2290
1494050 2290
1494060 2295
1494070 2301
1494080 2301
1494090 2306
1494100 2311
1494110 2311
1494120 2316
1494130 2320
1494140 2320
1494150 2325
1494160 2331
1494170 2337
1494180 2337
1494190 2343
1494200 2348
1494210 2348
1494220 2352
1494230 2356
1494240 2356
1494250 2360
1494260 2366
1494270 2366
1494280 2372
1494290 2376
1494300 2376
1494310 2382
1494320 2388
1494330 2388
1494340 2395
1494350 2401
1494360 2401
1494370 2408
1494380 2414
1494390 2417
1494400 2417
1494410 2420
1494420 2423
1494430 2423
1494440 2426
1494450 2429
1494460 2429
1494470 2434
1494480 2440
1494490 2440
1494500 2445
1494510 2448
1494520 2448
1494530 2451
1494540 2454
1494550 2454
1494560 2457
1494570 2461
1494580 2461
1494590 2465
1494600 2470
1494610 2475
1494620 2475
1494630 2481
1494640 2486
1494650 2486
1494660 2491
1494670 2496
1494680 2496
1494690 2501
1494700 2505
1494710 2505
1494720 2510
1494730 2514
1494740 2514
1494750 2520
1494760 2527
1494770 2527
1494780 2534
1494790 2540
1494800 2540
1494810 2546
1494820 2551
1494830 2555
1494840 2555
1494850 2561
1494860 2567
1494870 2567
1494880 2572
1494890 2577
1494900 2577
1494910 2584
1494920 2592
1494930 2592
1494940 2599
1494950 2607
1494960 2607
1494970 2615
1494980 2624
1494990 2624
1495000 2638
1495010 2655
1495020 2655
1495030 2674
1495040 2682
1495050 2692
1495060 2692
1495070 2701
1495080 2710
1495090 2710
1495100 2718
1495110 2727
1495120 2727
1495130 2737
1495140 2748
1495150 2748
1495160 2766
1495170 2786
1495180 2786
1495190 2791
1495200 2787
1495210 2787
1495220 2779
1495230 2772
1495240 2772
1495250 2764
1495260 2758
1495270 2749
1495280 2749
1495290 2740
1495300 2733
1495310 2733
1495320 2725
1495330 2717
1495340 2717
1495350 2706
1495360 2696
1495370 2696
1495380 2687
1495390 2678
1495400 2678
1495410 2667
1495420 2658
1495430 2658
1495440 2649
1495450 2640
1495460 2640
1495470 2630
1495480 2620
1495490 2612
1495500 2612
1495510 2604
1495520 2594
1495530 2594
1495540 2582
1495550 2571
1495560 2571
1495570 2564
1495580 2558
1495590 2558
1495600 2552
1495610 2547
1495620 2547
1495630 2543
1495640 2537
1495650 2537
1495660 2532
1495670 2527
1495680 2527
1495690 2521
1495700 2516
1495710 2513
1495720 2513
1495730 2508
1495740 2502
1495750 2502
1495760 2497
1495770 2492
1495780 2492
1495790 2488
1495800 2483
1495810 2483
1495820 2479
1495830 2474
1495840 2474
1495850 2468
1495860 2464
1495870 2464
1495880 2460
1495890 2455
1495900 2455
1495910 2449
1495920 2444
1495930 2441
1495940 2441
1495950 2439
1495960 2437
1495970 2437
1495980 2435
1495990 2433
1496000 2433
1496010 2429
1496020 2425
1496030 2425
1496040 2419
1496050 2414
1496060 2414
1496070 2410
1496080 2406
1496090 2406
1496100 2401
1496110 2397
1496120 2397
1496130 2392
1496140 2387
1496150 2383
1496160 2383
1496170 2379
1496180 2373
1496190 2373
1496200 2369
1496210 2364
1496220 2364
1496230 2361
1496240 2359
1496250 2359
1496260 2356
1496270 2353
1496280 2353
1496290 2350
1496300 2349
1496310 2349
1496320 2350
1496330 2349
1496340 2349
1496350 2348
1496360 2344
1496370 2339
1496380 2339
1496390 2336
1496400 2334
1496410 2334
1496420 2330
1496430 2326
1496440 2326
1496450 2323
1496460 2320
1496470 2320
1496480 2316
1496490 2313
1496500 2313
1496510 2311
1496520 2308
1496530 2308
1496540 2304
1496550 2300
1496560 2300
1496570 2296
1496580 2293
1496590 2290
1496600 2290
1496610 2287
1496620 2285
1496630 2285
1496640 2283
1496650 2280
1496660 2280
1496670 2278
1496680 2275
1496690 2275
1496700 2271
1496710 2266
1496720 2266
1496730 2262
1496740 2257
1496750 2257
1496760 2252
1496770 2247
1496780 2247
1496790 2240
1496800 2234
1496810 2228
1496820 2228
1496830 2219
1496840 2211
1496850 2211
1496860 2192
1496870 2183
1496880 2183
1496890 2176
1496900 2168
1496910 2168
1496920 2160
1496930 2151
1496940 2151
1496950 2142
1496960 2133
1496970 2133
1496980 2123
1496990 2113
1497000 2113
1497010 2104
1497020 2097
1497030 2089
1497040 2089
1497050 2082
1497060 2076
1497070 2076
1497080 2070
1497090 2063
1497100 2063
1497110 2056
1497120 2048
1497130 2048
1497140 2041
1497150 2034
1497160 2034
1497170 2028
1497180 2022
1497190 2022
1497200 2016
1497210 2009
1497220 2009
1497230 2002
1497240 1995
1497250 1988
1497260 1988
1497270 1982
1497280 1976
1497290 1976
1497300 1971
1497310 1963
1497320 1963
1497330 1956
1497340 1950
1497350 1950
1497360 1944
1497370 1939
1497380 1939
1497390 1936
1497400 1932
1497410 1932
1497420 1929
1497430 1925
1497440 1925
1497450 1920
1497460 1917
1497470 1915
1497480 1915
1497490 1913
1497500 1910
1497510 1910
1497520 1907
1497530 1902
1497540 1902
1497550 1894
1497560 1886
1497570 1886
1497580 1880
1497590 1879
1497600 1879
1497610 1881
1497620 1881
1497630 1881
1497640 1881
1497650 1880
1497660 1880
1497670 1882
1497680 1884
1497690 1877
1497700 1877
1497710 1879
1497720 1885
1497730 1885
1497740 1882
1497750 1880
1497760 1880
1497770 1876
1497780 1877
1497790 1877
1497800 1881
1497810 1884
1497820 1884
1497830 1884
1497840 1882
1497850 1882
1497860 1881
1497870 1880
1497880 1880
1497890 1879
1497900 1879
1497910 1877
1497920 1877
1497930 1870
1497940 1870
1497950 1870
1497960 1875
1497970 1874
1497980 1874
1497990 1874
1498000 1878
1498010 1878
1498020 1880
1498030 1879
1498040 1879
1498050 1878
1498060 1880
1498070 1880
1498080 1884
1498090 1887
1498100 1887
1498110 1891
1498120 1894
1498130 1898
1498140 1898
1498150 1907
1498160 1918
1498170 1918
1498180 1934
1498190 1945
1498200 1945
1498210 1951
1498220 1957
1498230 1957
1498240 1962
1498250 1965
1498260 1965
1498270 1968
1498280 1973
1498290 1973
1498300 1976
1498310 1978
1498320 1978
1498330 1979
1498340 1980
1498350 1986
1498360 1986
1498370 1991
1498380 1992
1498390 1992
1498400 1988
1498410 1984
1498420 1984
1498430 1982
1498440 1989
1498450 1989
1498460 1993
1498470 1994
1498480 1994
1498490 1994
1498500 1993
1498510 1993
1498520 1994
1498530 1995
1498540 1995
1498550 2000
1498560 1998
1498570 1997
1498580 1997
1498590 1997
1498600 1999
1498610 1999
1498620 2002
1498630 2006
1498640 2006
1498650 2017
1498660 2022
1498670 2022
1498680 2027
1498690 2035
1498700 2035
1498710 2040
1498720 2041
1498730 2041
1498740 2043
1498750 2048
1498760 2048
1498770 2055
1498780 2062
1498790 2070
1498800 2070
1498810 2075
1498820 2080
1498830 2080
1498840 2087
1498850 2093
1498860 2093
1498870 2100
1498880 2105
1498890 2105
1498900 2107
1498910 2109
1498920 2109
1498930 2109
1498940 2108
1498950 2108
1498960 2106
1498970 2104
1498980 2104
1498990 2101
1499000 2099
1499010 2095
1499020 2095
1499030 2092
1499040 2088
1499050 2088
1499060 2084
1499070 2080
1499080 2080
1499090 2077
1499100 2075
1499110 2075
1499120 2071
1499130 2068
1499140 2068
1499150 2064
1499160 2060
1499170 2060
1499180 2056
1499190 2052
1499200 2052
1499210 2048
1499220 2044
1499230 2039
1499240 2039
1499250 2033
1499260 2028
1499270 2028
1499280 2023
1499290 2017
1499300 2017
1499310 2009
1499320 2001
1499330 2001
1499340 1995
1499350 1991
1499360 1991
1499370 1985
1499380 1978
1499390 1978
1499400 1972
1499410 1967
1499420 1967
1499430 1960
1499440 1954
1499450 1950
1499460 1947
1499470 1943
1499480 1936
1499490 1936
1499500 1928
1499510 1920
1499520 1920
1499530 1913
1499540 1906
1499550 1906
1499560 1901
1499570 1897
1499580 1897
1499590 1895
1499600 1896
1499610 1896
1499620 1895
1499630 1895
1499640 1895
1499650 1895
1499660 1894
1499670 1894
1499680 1894
1499690 1894
1499700 1894
1499710 1894
1499720 1895
1499730 1896
1499740 1896
1499750 1897
1499760 1899
1499770 1899
1499780 1897
1499790 1894
1499800 1894
1499810 1893
1499820 1892
1499830 1892
1499840 1891
1499850 1889
1499860 1888
1499870 1888
1499880 1888
1499890 1887
1499900 1887
1499910 1885
1499920 1885
1499930 1885
1499940 1890
1499950 1895
1499960 1895
1499970 1900
1499980 1904
1499990 1904
