1480000 2184
1480010 2187
1480020 2191
1480030 2191
1480040 2196
1480050 2199
1480060 2201
1480070 2201
1480080 2204
1480090 2205
1480100 2205
1480110 2207
1480120 2211
1480130 2211
1480140 2215
1480150 2220
1480160 2220
1480170 2226
1480180 2231
1480190 2231
1480200 2233
1480210 2233
1480220 2233
1480230 2234
1480240 2234
1480250 2234
1480260 2236
1480270 2238
1480280 2241
1480290 2241
1480300 2245
1480310 2250
1480320 2250
1480330 2252
1480340 2256
1480350 2256
1480360 2259
1480370 2262
1480380 2262
1480390 2263
1480400 2265
1480410 2265
1480420 2264
1480430 2265
1480440 2265
1480450 2270
1480460 2272
1480470 2272
1480480 2276
1480490 2280
1480500 2282
1480510 2282
1480520 2285
1480530 2289
1480540 2289
1480550 2291
1480560 2295
1480570 2295
1480580 2299
1480590 2301
1480600 2301
1480610 2305
1480620 2308
1480630 2308
1480640 2311
1480650 2314
1480660 2314
1480670 2318
1480680 2322
1480690 2322
1480700 2327
1480710 2333
1480720 2336
1480730 2336
1480740 2338
1480750 2340
1480760 2340
1480770 2341
1480780 2342
1480790 2342
1480800 2343
1480810 2346
1480820 2346
1480830 2351
1480840 2356
1480850 2356
1480860 2362
1480870 2369
1480880 2369
1480890 2363
1480900 2351
1480910 2351
1480920 2340
1480930 2330
1480940 2330
1480950 2320
1480960 2310
1480970 2297
1480980 2297
1480990 2285
1481000 2275
1481010 2275
1481020 2265
1481030 2256
1481040 2256
1481050 2247
1481060 2237
1481070 2237
1481080 2228
1481090 2220
1481100 2220
1481110 2211
1481120 2203
1481130 2203
1481140 2195
1481150 2186
1481160 2186
1481170 2178
1481180 2170
1481190 2161
1481200 2161
1481210 2153
1481220 2145
1481230 2145
1481240 2138
1481250 2128
1481260 2128
1481270 2113
1481280 2098
1481290 2098
1481300 2083
1481310 2069
1481320 2069
1481330 2062
1481340 2053
1481350 2053
1481360 2046
1481370 2040
1481380 2040
1481390 2034
1481400 2027
1481410 2020
1481420 2020
1481430 2014
1481440 2008
1481450 2008
1481460 2003
1481470 1997
1481480 1997
1481490 1991
1481500 1985
1481510 1985
1481520 1979
1481530 1974
1481540 1974
1481550 1968
1481560 1963
1481570 1963
1481580 1958
1481590 1952
1481600 1952
1481610 1947
1481620 1941
1481630 1935
1481640 1935
1481650 1931
1481660 1927
1481670 1927
1481680 1923
1481690 1920
1481700 1920
1481710 1917
1481720 1914
1481730 1914
1481740 1911
1481750 1908
1481760 1908
1481770 1904
1481780 1901
1481790 1901
1481800 1896
1481810 1892
1481820 1892
1481830 1890
1481840 1888
1481850 1887
1481860 1887
1481870 1884
1481880 1879
1481890 1879
1481900 1874
1481910 1868
1481920 1868
1481930 1859
1481940 1841
1481950 1841
1481960 1824
1481970 1814
1481980 1814
1481990 1801
1482000 1784
1482010 1784
1482020 1768
1482030 1753
1482040 1753
1482050 1741
1482060 1729
1482070 1721
1482080 1721
1482090 1713
1482100 1705
1482110 1705
1482120 1698
1482130 1691
1482140 1691
1482150 1684
1482160 1676
1482170 1676
1482180 1669
1482190 1662
1482200 1662
1482210 1654
1482220 1647
1482230 1647
1482240 1641
1482250 1635
1482260 1635
1482270 1629
1482280 1623
1482290 1616
1482300 1616
1482310 1609
1482320 1603
1482330 1603
1482340 1597
1482350 1591
1482360 1591
1482370 1584
1482380 1577
1482390 1577
1482400 1570
1482410 1563
1482420 1563
1482430 1556
1482440 1550
1482450 1550
1482460 1543
1482470 1537
1482480 1537
1482490 1530
1482500 1524
1482510 1518
1482520 1518
1482530 1513
1482540 1507
1482550 1507
1482560 1502
1482570 1497
1482580 1497
1482590 1492
1482600 1489
1482610 1489
1482620 1488
1482630 1487
1482640 1487
1482650 1486
1482660 1484
1482670 1484
1482680 1482
1482690 1480
1482700 1480
1482710 1478
1482720 1476
1482730 1474
1482740 1474
1482750 1472
1482760 1470
1482770 1470
1482780 1468
1482790 1467
1482800 1467
1482810 1467
1482820 1468
1482830 1468
1482840 1467
1482850 1466
1482860 1466
1482870 1467
1482880 1467
1482890 1467
1482900 1467
1482910 1468
1482920 1468
1482930 1467
1482940 1466
1482950 1466
1482960 1466
1482970 1465
1482980 1465
1482990 1465
1483000 1467
1483010 1467
1483020 1467
1483030 1467
1483040 1467
1483050 1467
1483060 1469
1483070 1472
1483080 1472
1483090 1474
1483100 1476
1483110 1476
1483120 1478
1483130 1480
1483140 1480
1483150 1481
1483160 1482
1483170 1482
1483180 1483
1483190 1489
1483200 1495
1483210 1495
1483220 1500
1483230 1505
1483240 1505
1483250 1509
1483260 1510
1483270 1510
1483280 1516
1483290 1523
1483300 1523
1483310 1530
1483320 1538
1483330 1538
1483340 1547
1483350 1556
1483360 1556
1483370 1566
1483380 1573
1483390 1573
1483400 1580
1483410 1587
1483420 1592
1483430 1592
1483440 1597
1483450 1602
1483460 1602
1483470 1607
1483480 1613
1483490 1613
1483500 1617
1483510 1620
1483520 1620
1483530 1623
1483540 1626
1483550 1626
1483560 1630
1483570 1633
1483580 1633
1483590 1638
1483600 1642
1483610 1642
1483620 1647
1483630 1651
1483640 1655
1483650 1655
1483660 1660
1483670 1663
1483680 1663
1483690 1667
1483700 1670
1483710 1670
1483720 1675
1483730 1680
1483740 1680
1483750 1686
1483760 1692
1483770 1692
1483780 1697
1483790 1703
1483800 1703
1483810 1710
1483820 1716
1483830 1716
1483840 1722
1483850 1727
1483860 1732
1483870 1732
1483880 1738
1483890 1745
1483900 1745
1483910 1755
1483920 1770
1483930 1770
1483940 1782
1483950 1791
1483960 1791
1483970 1797
1483980 1802
1483990 1802
1484000 1810
1484010 1816
1484020 1816
1484030 1822
1484040 1829
1484050 1829
1484060 1837
1484070 1845
1484080 1853
1484090 1853
1484100 1862
1484110 1872
1484120 1872
1484130 1885
1484140 1897
1484150 1897
1484160 1907
1484170 1914
1484180 1914
1484190 1921
1484200 1927
1484210 1927
1484220 1932
1484230 1937
1484240 1937
1484250 1943
1484260 1949
1484270 1949
1484280 1955
1484290 1962
1484300 1969
1484310 1969
1484320 1974
1484330 1979
1484340 1979
1484350 1984
1484360 1989
1484370 1989
1484380 1994
1484390 1999
1484400 1999
1484410 2004
1484420 2010
1484430 2010
1484440 2016
1484450 2022
1484460 2022
1484470 2027
1484480 2032
1484490 2032
1484500 2038
1484510 2044
1484520 2048
1484530 2048
1484540 2053
1484550 2061
1484560 2061
1484570 2068
1484580 2076
1484590 2076
1484600 2090
1484610 2103
1484620 2103
1484630 2115
1484640 2123
1484650 2123
1484660 2128
1484670 2139
1484680 2139
1484690 2148
1484700 2152
1484710 2152
1484720 2153
1484730 2158
1484740 2167
1484750 2167
1484760 2180
1484770 2194
1484780 2194
1484790 2206
1484800 2214
1484810 2214
1484820 2221
1484830 2228
1484840 2228
1484850 2235
1484860 2241
1484870 2241
1484880 2244
1484890 2246
1484900 2246
1484910 2249
1484920 2254
1484930 2254
1484940 2261
1484950 2267
1484960 2274
1484970 2274
1484980 2281
1484990 2288
1485000 2288
1485010 2293
1485020 2296
1485030 2296
1485040 2297
1485050 2303
1485060 2303
1485070 2313
1485080 2324
1485090 2324
1485100 2335
1485110 2342
1485120 2342
1485130 2347
1485140 2350
1485150 2350
1485160 2353
1485170 2353
1485180 2353
1485190 2354
1485200 2356
1485210 2358
1485220 2358
1485230 2360
1485240 2363
1485250 2363
1485260 2367
1485270 2368
1485280 2368
1485290 2375
1485300 2377
1485310 2377
1485320 2378
1485330 2385
1485340 2385
1485350 2395
1485360 2404
1485370 2404
1485380 2409
1485390 2412
1485400 2412
1485410 2415
1485420 2418
1485430 2422
1485440 2422
1485450 2422
1485460 2423
1485470 2423
1485480 2430
1485490 2440
1485500 2440
1485510 2450
1485520 2460
1485530 2460
1485540 2468
1485550 2476
1485560 2476
1485570 2482
1485580 2490
1485590 2490
1485600 2501
1485610 2512
1485620 2512
1485630 2523
1485640 2524
1485650 2524
1485660 2524
1485670 2524
1485680 2525
1485690 2525
1485700 2528
1485710 2532
1485720 2532
1485730 2536
1485740 2539
1485750 2539
1485760 2542
1485770 2545
1485780 2545
1485790 2546
1485800 2550
1485810 2550
1485820 2561
1485830 2571
1485840 2571
1485850 2580
1485860 2584
1485870 2588
1485880 2588
1485890 2595
1485900 2603
1485910 2603
1485920 2610
1485930 2611
1485940 2611
1485950 2598
1485960 2584
1485970 2584
1485980 2571
1485990 2559
1486000 2559
1486010 2546
1486020 2532
1486030 2532
1486040 2516
1486050 2504
1486060 2504
1486070 2486
1486080 2470
1486090 2458
1486100 2458
1486110 2446
1486120 2430
1486130 2430
1486140 2420
1486150 2411
1486160 2411
1486170 2404
1486180 2398
1486190 2398
1486200 2393
1486210 2389
1486220 2389
1486230 2385
1486240 2382
1486250 2382
1486260 2379
1486270 2375
1486280 2375
1486290 2368
1486300 2355
1486310 2339
1486320 2339
1486330 2331
1486340 2325
1486350 2325
1486360 2319
1486370 2313
1486380 2313
1486390 2301
1486400 2277
1486410 2277
1486420 2260
1486430 2252
1486440 2252
1486450 2247
1486460 2241
1486470 2241
1486480 2236
1486490 2232
1486500 2232
1486510 2229
1486520 2227
1486530 2225
1486540 2225
1486550 2222
1486560 2220
1486570 2220
1486580 2220
1486590 2220
1486600 2220
1486610 2220
1486620 2220
1486630 2220
1486640 2220
1486650 2220
1486660 2220
1486670 2220
1486680 2220
1486690 2220
1486700 2220
1486710 2220
1486720 2220
1486730 2220
1486740 2220
1486750 2220
1486760 2220
1486770 2220
1486780 2220
1486790 2220
1486800 2220
1486810 2220
1486820 2220
1486830 2225
1486840 2228
1486850 2228
1486860 2227
1486870 2223
1486880 2223
1486890 2220
1486900 2220
1486910 2220
1486920 2220
1486930 2220
1486940 2220
1486950 2220
1486960 2220
1486970 2220
1486980 2220
1486990 2220
1487000 2220
1487010 2220
1487020 2220
1487030 2220
1487040 2220
1487050 2220
1487060 2220
1487070 2220
1487080 2220
1487090 2220
1487100 2220
1487110 2220
1487120 2220
1487130 2220
1487140 2221
1487150 2227
1487160 2227
1487170 2230
1487180 2234
1487190 2239
1487200 2239
1487210 2243
1487220 2245
1487230 2245
1487240 2248
1487250 2249
1487260 2249
1487270 2247
1487280 2241
1487290 2241
1487300 2233
1487310 2219
1487320 2219
1487330 2204
1487340 2192
1487350 2192
1487360 2176
1487370 2162
1487380 2162
1487390 2145
1487400 2135
1487410 2135
1487420 2123
1487430 2108
1487440 2092
1487450 2092
1487460 2085
1487470 2080
1487480 2080
1487490 2076
1487500 2072
1487510 2072
1487520 2067
1487530 2063
1487540 2063
1487550 2059
1487560 2055
1487570 2055
1487580 2052
1487590 2050
1487600 2050
1487610 2047
1487620 2044
1487630 2044
1487640 2042
1487650 2041
1487660 2040
1487670 2040
1487680 2039
1487690 2037
1487700 2037
1487710 2037
1487720 2037
1487730 2037
1487740 2036
1487750 2036
1487760 2036
1487770 2037
1487780 2038
1487790 2038
1487800 2039
1487810 2041
1487820 2041
1487830 2041
1487840 2041
1487850 2041
1487860 2041
1487870 2042
1487880 2043
1487890 2043
1487900 2044
1487910 2043
1487920 2043
1487930 2039
1487940 2035
1487950 2035
1487960 2034
1487970 2032
1487980 2032
1487990 2031
1488000 2030
1488010 2030
1488020 2028
1488030 2026
1488040 2026
1488050 2025
1488060 2023
1488070 2023
1488080 2021
1488090 2020
1488100 2019
1488110 2019
1488120 2017
1488130 2015
1488140 2015
1488150 2013
1488160 2010
1488170 2010
1488180 2007
1488190 2003
1488200 2003
1488210 1999
1488220 1993
1488230 1993
1488240 1989
1488250 1983
1488260 1983
1488270 1979
1488280 1973
1488290 1973
1488300 1967
1488310 1959
1488320 1952
1488330 1952
1488340 1946
1488350 1941
1488360 1941
1488370 1935
1488380 1930
1488390 1930
1488400 1924
1488410 1918
1488420 1918
1488430 1913
1488440 1908
1488450 1908
1488460 1903
1488470 1902
1488480 1902
1488490 1901
1488500 1900
1488510 1900
1488520 1899
1488530 1898
1488540 1898
1488550 1898
1488560 1898
1488570 1898
1488580 1898
1488590 1898
1488600 1898
1488610 1898
1488620 1898
1488630 1898
1488640 1898
1488650 1898
1488660 1897
1488670 1897
1488680 1897
1488690 1897
1488700 1897
1488710 1897
1488720 1897
1488730 1897
1488740 1896
1488750 1896
1488760 1896
1488770 1896
1488780 1896
1488790 1896
1488800 1896
1488810 1896
1488820 1896
1488830 1896
1488840 1896
1488850 1899
1488860 1899
1488870 1902
1488880 1904
1488890 1904
1488900 1905
1488910 1906
1488920 1906
1488930 1907
1488940 1906
1488950 1906
1488960 1906
1488970 1906
1488980 1906
1488990 1906
1489000 1907
1489010 1908
1489020 1908
1489030 1909
1489040 1911
1489050 1911
1489060 1914
1489070 1917
1489080 1917
1489090 1920
1489100 1923
1489110 1923
1489120 1926
1489130 1929
1489140 1929
1489150 1932
1489160 1936
1489170 1936
1489180 1940
1489190 1945
1489200 1951
1489210 1951
1489220 1955
1489230 1959
1489240 1959
1489250 1965
1489260 1972
1489270 1972
1489280 1978
1489290 1984
1489300 1984
1489310 1990
1489320 1995
1489330 1995
1489340 2001
1489350 2006
1489360 2006
1489370 2012
1489380 2017
1489390 2017
1489400 2022
1489410 2026
1489420 2030
1489430 2030
1489440 2037
1489450 2044
1489460 2044
1489470 2050
1489480 2059
1489490 2059
1489500 2070
1489510 2078
1489520 2078
1489530 2083
1489540 2088
1489550 2088
1489560 2094
1489570 2099
1489580 2099
1489590 2106
1489600 2111
1489610 2111
1489620 2115
1489630 2119
1489640 2119
1489650 2123
1489660 2128
1489670 2134
1489680 2134
1489690 2139
1489700 2144
1489710 2144
1489720 2147
1489730 2150
1489740 2150
1489750 2152
1489760 2154
1489770 2154
1489780 2156
1489790 2161
1489800 2161
1489810 2164
1489820 2166
1489830 2166
1489840 2169
1489850 2173
1489860 2173
1489870 2177
1489880 2180
1489890 2182
1489900 2182
1489910 2184
1489920 2186
1489930 2186
1489940 2190
1489950 2194
1489960 2194
1489970 2198
1489980 2200
1489990 2200
1490000 2202
1490010 2204
1490020 2204
1490030 2205
1490040 2205
1490050 2205
1490060 2206
1490070 2207
1490080 2207
1490090 2208
1490100 2207
1490110 2203
1490120 2203
1490130 2199
1490140 2197
1490150 2197
1490160 2196
1490170 2198
1490180 2198
1490190 2204
1490200 2211
1490210 2211
1490220 2218
1490230 2222
1490240 2222
1490250 2224
1490260 2226
1490270 2226
1490280 2228
1490290 2230
1490300 2230
1490310 2231
1490320 2234
1490330 2237
1490340 2237
1490350 2242
1490360 2246
1490370 2246
1490380 2250
1490390 2255
1490400 2255
1490410 2259
1490420 2261
1490430 2261
1490440 2265
1490450 2269
1490460 2269
1490470 2274
1490480 2278
1490490 2278
1490500 2281
1490510 2284
1490520 2284
1490530 2287
1490540 2290
1490550 2293
1490560 2293
1490570 2298
1490580 2303
1490590 2303
1490600 2308
1490610 2313
1490620 2313
1490630 2318
1490640 2323
1490650 2323
1490660 2328
1490670 2333
1490680 2333
1490690 2338
1490700 2344
1490710 2344
1490720 2350
1490730 2355
1490740 2355
1490750 2360
1490760 2364
1490770 2368
1490780 2368
1490790 2374
1490800 2379
1490810 2379
1490820 2384
1490830 2390
1490840 2390
1490850 2396
1490860 2402
1490870 2402
1490880 2412
1490890 2422
1490900 2422
1490910 2429
1490920 2450
1490930 2450
1490940 2468
1490950 2479
1490960 2479
1490970 2501
1490980 2512
1490990 2521
1491000 2521
1491010 2533
1491020 2547
1491030 2547
1491040 2559
1491050 2569
1491060 2569
1491070 2579
1491080 2588
1491090 2588
1491100 2599
1491110 2610
1491120 2610
1491130 2619
1491140 2627
1491150 2627
1491160 2637
1491170 2645
1491180 2645
1491190 2654
1491200 2664
1491210 2669
1491220 2669
1491230 2668
1491240 2664
1491250 2664
1491260 2657
1491270 2652
1491280 2652
1491290 2643
1491300 2639
1491310 2639
1491320 2637
1491330 2634
1491340 2634
1491350 2630
1491360 2626
1491370 2626
1491380 2624
1491390 2621
1491400 2621
1491410 2618
1491420 2614
1491430 2613
1491440 2613
1491450 2607
1491460 2600
1491470 2600
1491480 2596
1491490 2591
1491500 2591
1491510 2588
1491520 2585
1491530 2585
1491540 2580
1491550 2577
1491560 2577
1491570 2575
1491580 2574
1491590 2574
1491600 2573
1491610 2572
1491620 2572
1491630 2573
1491640 2572
1491650 2572
1491660 2572
1491670 2572
1491680 2568
1491690 2568
1491700 2565
1491710 2563
1491720 2563
1491730 2560
1491740 2559
1491750 2559
1491760 2558
1491770 2552
1491780 2552
1491790 2548
1491800 2545
1491810 2545
1491820 2542
1491830 2539
1491840 2539
1491850 2536
1491860 2534
1491870 2534
1491880 2530
1491890 2528
1491900 2528
1491910 2528
1491920 2526
1491930 2526
1491940 2526
1491950 2519
1491960 2511
1491970 2511
1491980 2504
1491990 2498
1492000 2498
1492010 2493
1492020 2487
1492030 2487
1492040 2482
1492050 2477
1492060 2477
1492070 2473
1492080 2468
1492090 2468
1492100 2465
1492110 2463
1492120 2460
1492130 2460
1492140 2459
1492150 2458
1492160 2458
1492170 2456
1492180 2450
1492190 2450
1492200 2445
1492210 2444
1492220 2444
1492230 2445
1492240 2441
1492250 2441
1492260 2442
1492270 2442
1492280 2442
1492290 2441
1492300 2439
1492310 2449
1492320 2447
1492330 2443
1492340 2438
1492350 2438
1492360 2433
1492370 2427
1492380 2427
1492390 2420
1492400 2413
1492410 2413
1492420 2406
1492430 2398
1492440 2398
1492450 2392
1492460 2385
1492470 2385
1492480 2378
1492490 2362
1492500 2362
1492510 2342
1492520 2323
1492530 2323
1492540 2311
1492550 2303
1492560 2290
1492570 2290
1492580 2277
1492590 2263
1492600 2263
1492610 2251
1492620 2237
1492630 2237
1492640 2225
1492650 2214
1492660 2214
1492670 2204
1492680 2195
1492690 2195
1492700 2186
1492710 2177
1492720 2177
1492730 2168
1492740 2159
1492750 2159
1492760 2150
1492770 2142
1492780 2134
1492790 2134
1492800 2126
1492810 2118
1492820 2118
1492830 2111
1492840 2103
1492850 2103
1492860 2097
1492870 2090
1492880 2090
1492890 2082
1492900 2075
1492910 2075
1492920 2067
1492930 2058
1492940 2058
1492950 2048
1492960 2038
1492970 2038
1492980 2029
1492990 2021
1493000 2013
1493010 2013
1493020 2005
1493030 1997
1493040 1997
1493050 1990
1493060 1983
1493070 1983
1493080 1975
1493090 1964
1493100 1964
1493110 1952
1493120 1945
1493130 1945
1493140 1940
1493150 1936
1493160 1936
1493170 1925
1493180 1909
1493190 1909
1493200 1895
1493210 1886
1493220 1880
1493230 1880
1493240 1873
1493250 1867
1493260 1867
1493270 1859
1493280 1848
1493290 1848
1493300 1824
1493310 1813
1493320 1813
1493330 1805
1493340 1797
1493350 1797
1493360 1789
1493370 1767
1493380 1767
1493390 1735
1493400 1715
1493410 1715
1493420 1700
1493430 1691
1493440 1683
1493450 1683
1493460 1677
1493470 1671
1493480 1671
1493490 1665
1493500 1658
1493510 1658
1493520 1651
1493530 1644
1493540 1644
1493550 1640
1493560 1636
1493570 1636
1493580 1632
1493590 1625
1493600 1625
1493610 1613
1493620 1603
1493630 1603
1493640 1594
1493650 1580
1493660 1571
1493670 1571
1493680 1565
1493690 1559
1493700 1559
1493710 1554
1493720 1548
1493730 1548
1493740 1542
1493750 1536
1493760 1536
1493770 1530
1493780 1526
1493790 1526
1493800 1520
1493810 1513
1493820 1513
1493830 1508
1493840 1501
1493850 1501
1493860 1494
1493870 1491
1493880 1491
1493890 1486
1493900 1480
1493910 1475
1493920 1475
1493930 1469
1493940 1464
1493950 1464
1493960 1459
1493970 1455
1493980 1455
1493990 1450
1494000 1445
1494010 1445
1494020 1440
1494030 1436
1494040 1436
1494050 1432
1494060 1427
1494070 1427
1494080 1423
1494090 1420
1494100 1420
1494110 1413
1494120 1411
1494130 1410
1494140 1410
1494150 1405
1494160 1402
1494170 1402
1494180 1399
1494190 1396
1494200 1396
1494210 1392
1494220 1390
1494230 1390
1494240 1389
1494250 1388
1494260 1388
1494270 1387
1494280 1385
1494290 1385
1494300 1384
1494310 1389
1494320 1389
1494330 1391
1494340 1394
1494350 1398
1494360 1398
1494370 1401
1494380 1405
1494390 1405
1494400 1410
1494410 1414
1494420 1414
1494430 1422
1494440 1426
1494450 1426
1494460 1431
1494470 1441
1494480 1441
1494490 1445
1494500 1454
1494510 1454
1494520 1451
1494530 1451
1494540 1451
1494550 1457
1494560 1472
1494570 1482
1494580 1482
1494590 1500
1494600 1518
1494610 1518
1494620 1522
1494630 1520
1494640 1520
1494650 1516
1494660 1517
1494670 1517
1494680 1520
1494690 1526
1494700 1526
1494710 1535
1494720 1540
1494730 1540
1494740 1543
1494750 1548
1494760 1548
1494770 1550
1494780 1550
1494790 1556
1494800 1556
1494810 1562
1494820 1565
1494830 1565
1494840 1568
1494850 1568
1494860 1568
1494870 1573
1494880 1576
1494890 1576
1494900 1576
1494910 1580
1494920 1580
1494930 1580
1494940 1574
1494950 1574
1494960 1572
1494970 1575
1494980 1575
1494990 1579
1495000 1587
1495010 1596
1495020 1596
1495030 1590
1495040 1584
1495050 1584
1495060 1579
1495070 1577
1495080 1577
1495090 1579
1495100 1582
1495110 1582
1495120 1583
1495130 1579
1495140 1579
1495150 1577
1495160 1576
1495170 1576
1495180 1577
1495190 1574
1495200 1574
1495210 1565
1495220 1553
1495230 1541
1495240 1541
1495250 1532
1495260 1523
1495270 1523
1495280 1514
1495290 1507
1495300 1507
1495310 1505
1495320 1502
1495330 1502
1495340 1496
1495350 1496
1495360 1496
1495370 1493
1495380 1490
1495390 1490
1495400 1493
1495410 1493
1495420 1493
1495430 1491
1495440 1490
1495450 1489
1495460 1489
1495470 1486
1495480 1484
1495490 1484
1495500 1481
1495510 1475
1495520 1475
1495530 1470
1495540 1466
1495550 1466
1495560 1462
1495570 1458
1495580 1458
1495590 1454
1495600 1448
1495610 1448
1495620 1443
1495630 1444
1495640 1444
1495650 1443
1495660 1443
1495670 1445
1495680 1445
1495690 1446
1495700 1448
1495710 1448
1495720 1447
1495730 1446
1495740 1446
1495750 1447
1495760 1450
1495770 1450
1495780 1454
1495790 1455
1495800 1455
1495810 1456
1495820 1459
1495830 1459
1495840 1461
1495850 1463
1495860 1463
1495870 1466
1495880 1466
1495890 1467
1495900 1467
1495910 1468
1495920 1470
1495930 1470
1495940 1471
1495950 1472
1495960 1472
1495970 1472
1495980 1472
1495990 1472
1496000 1472
1496010 1469
1496020 1469
1496030 1467
1496040 1464
1496050 1464
1496060 1460
1496070 1461
1496080 1461
1496090 1462
1496100 1461
1496110 1461
1496120 1460
1496130 1455
1496140 1451
1496150 1451
1496160 1449
1496170 1447
1496180 1447
1496190 1446
1496200 1443
1496210 1443
1496220 1441
1496230 1440
1496240 1440
1496250 1439
1496260 1439
1496270 1439
1496280 1439
1496290 1436
1496300 1436
1496310 1433
1496320 1439
1496330 1439
1496340 1442
1496350 1443
1496360 1441
1496370 1441
1496380 1439
1496390 1436
1496400 1436
1496410 1437
1496420 1437
1496430 1437
1496440 1436
1496450 1432
1496460 1432
1496470 1429
1496480 1425
1496490 1425
1496500 1421
1496510 1417
1496520 1417
1496530 1420
1496540 1430
1496550 1430
1496560 1433
1496570 1434
1496580 1438
1496590 1438
1496600 1439
1496610 1442
1496620 1442
1496630 1445
1496640 1447
1496650 1447
1496660 1449
1496670 1450
1496680 1450
1496690 1451
1496700 1451
1496710 1451
1496720 1452
1496730 1455
1496740 1455
1496750 1459
1496760 1464
1496770 1464
1496780 1466
1496790 1466
1496800 1465
1496810 1465
1496820 1463
1496830 1462
1496840 1462
1496850 1461
1496860 1462
1496870 1462
1496880 1461
1496890 1460
1496900 1460
1496910 1459
1496920 1457
1496930 1457
1496940 1456
1496950 1456
1496960 1456
1496970 1456
1496980 1455
1496990 1455
1497000 1455
1497010 1451
1497020 1448
1497030 1448
1497040 1446
1497050 1450
1497060 1450
1497070 1453
1497080 1454
1497090 1454
1497100 1456
1497110 1456
1497120 1456
1497130 1456
1497140 1458
1497150 1458
1497160 1457
1497170 1456
1497180 1456
1497190 1456
1497200 1455
1497210 1455
1497220 1452
1497230 1448
1497240 1444
1497250 1444
1497260 1439
1497270 1434
1497280 1434
1497290 1429
1497300 1425
1497310 1425
1497320 1420
1497330 1415
1497340 1415
1497350 1408
1497360 1405
1497370 1405
1497380 1401
1497390 1401
1497400 1401
1497410 1397
1497420 1393
1497430 1393
1497440 1391
1497450 1389
1497460 1387
1497470 1387
1497480 1386
1497490 1384
1497500 1384
1497510 1382
1497520 1381
1497530 1381
1497540 1380
1497550 1378
1497560 1378
1497570 1377
1497580 1375
1497590 1375
1497600 1375
1497610 1375
1497620 1375
1497630 1374
1497640 1368
1497650 1368
1497660 1365
1497670 1367
1497680 1366
1497690 1366
1497700 1366
1497710 1365
1497720 1365
1497730 1364
1497740 1362
1497750 1362
1497760 1361
1497770 1361
1497780 1361
1497790 1361
1497800 1360
1497810 1360
1497820 1364
1497830 1367
1497840 1367
1497850 1368
1497860 1367
1497870 1367
1497880 1365
1497890 1364
1497900 1365
1497910 1365
1497920 1365
1497930 1368
1497940 1368
1497950 1371
1497960 1371
1497970 1371
1497980 1370
1497990 1370
1498000 1370
1498010 1370
1498020 1371
1498030 1371
1498040 1372
1498050 1374
1498060 1374
1498070 1375
1498080 1376
1498090 1376
1498100 1376
1498110 1377
1498120 1379
1498130 1379
1498140 1383
1498150 1388
1498160 1388
1498170 1392
1498180 1391
1498190 1391
1498200 1384
1498210 1377
1498220 1377
1498230 1370
1498240 1367
1498250 1367
1498260 1366
1498270 1367
1498280 1367
1498290 1366
1498300 1365
1498310 1365
1498320 1363
1498330 1361
1498340 1361
1498350 1360
1498360 1361
1498370 1362
1498380 1362
1498390 1361
1498400 1361
1498410 1361
1498420 1358
1498430 1356
1498440 1356
1498450 1353
1498460 1351
1498470 1351
1498480 1348
1498490 1346
1498500 1346
1498510 1345
1498520 1344
1498530 1344
1498540 1342
1498550 1341
1498560 1341
1498570 1338
1498580 1335
1498590 1332
1498600 1332
1498610 1330
1498620 1327
1498630 1327
1498640 1326
1498650 1325
1498660 1325
1498670 1324
1498680 1324
1498690 1324
1498700 1323
1498710 1321
1498720 1321
1498730 1319
1498740 1315
1498750 1315
1498760 1312
1498770 1309
1498780 1309
1498790 1306
1498800 1306
1498810 1306
1498820 1306
1498830 1305
1498840 1304
1498850 1304
1498860 1301
1498870 1299
1498880 1299
1498890 1301
1498900 1302
1498910 1302
1498920 1301
1498930 1301
1498940 1301
1498950 1300
1498960 1300
1498970 1300
1498980 1300
1498990 1299
1499000 1299
1499010 1298
1499020 1293
1499030 1286
1499040 1286
1499050 1282
1499060 1283
1499070 1283
1499080 1282
1499090 1283
1499100 1283
1499110 1281
1499120 1279
1499130 1279
1499140 1279
1499150 1278
1499160 1278
1499170 1276
1499180 1274
1499190 1274
1499200 1270
1499210 1265
1499220 1265
1499230 1262
1499240 1259
1499250 1255
1499260 1255
1499270 1251
1499280 1248
1499290 1248
1499300 1246
1499310 1243
1499320 1243
1499330 1240
1499340 1235
1499350 1235
1499360 1232
1499370 1227
1499380 1227
1499390 1221
1499400 1218
1499410 1218
1499420 1216
1499430 1214
1499440 1214
1499450 1214
1499460 1215
1499470 1216
1499480 1216
1499490 1217
1499500 1217
1499510 1217
1499520 1218
1499530 1219
1499540 1219
1499550 1214
1499560 1199
1499570 1199
1499580 1191
1499590 1185
1499600 1185
1499610 1181
1499620 1176
1499630 1176
1499640 1175
1499650 1179
1499660 1179
1499670 1217
1499680 1233
1499690 1232
1499700 1232
1499710 1233
1499720 1233
1499730 1233
1499740 1233
1499750 1234
1499760 1234
1499770 1235
1499780 1235
1499790 1235
1499800 1233
1499810 1232
1499820 1232
1499830 1231
1499840 1231
1499850 1231
1499860 1231
1499870 1238
1499880 1238
1499890 1243
1499900 1242
1499910 1234
1499920 1234
1499930 1224
1499940 1222
1499950 1222
1499960 1221
1499970 1221
1499980 1221
1499990 1220
