1480000 2367
1480010 2369
1480020 2371
1480030 2371
1480040 2374
1480050 2375
1480060 2375
1480070 2377
1480080 2381
1480090 2383
1480100 2383
1480110 2384
1480120 2385
1480130 2385
1480140 2386
1480150 2387
1480160 2387
1480170 2389
1480180 2391
1480190 2391
1480200 2395
1480210 2400
1480220 2400
1480230 2406
1480240 2410
1480250 2410
1480260 2414
1480270 2418
1480280 2418
1480290 2420
1480300 2423
1480310 2426
1480320 2426
1480330 2428
1480340 2431
1480350 2431
1480360 2435
1480370 2440
1480380 2440
1480390 2444
1480400 2449
1480410 2449
1480420 2455
1480430 2461
1480440 2461
1480450 2468
1480460 2473
1480470 2473
1480480 2468
1480490 2458
1480500 2458
1480510 2450
1480520 2439
1480530 2431
1480540 2431
1480550 2424
1480560 2421
1480570 2421
1480580 2417
1480590 2414
1480600 2414
1480610 2410
1480620 2407
1480630 2407
1480640 2405
1480650 2400
1480660 2400
1480670 2396
1480680 2394
1480690 2394
1480700 2392
1480710 2392
1480720 2392
1480730 2391
1480740 2391
1480750 2392
1480760 2392
1480770 2393
1480780 2390
1480790 2390
1480800 2378
1480810 2372
1480820 2372
1480830 2353
1480840 2327
1480850 2327
1480860 2311
1480870 2299
1480880 2299
1480890 2288
1480900 2281
1480910 2281
1480920 2274
1480930 2268
1480940 2268
1480950 2260
1480960 2251
1480970 2243
1480980 2243
1480990 2235
1481000 2228
1481010 2228
1481020 2221
1481030 2215
1481040 2215
1481050 2208
1481060 2202
1481070 2202
1481080 2197
1481090 2192
1481100 2192
1481110 2188
1481120 2184
1481130 2184
1481140 2179
1481150 2171
1481160 2171
1481170 2163
1481180 2156
1481190 2149
1481200 2149
1481210 2143
1481220 2136
1481230 2136
1481240 2130
1481250 2124
1481260 2124
1481270 2118
1481280 2112
1481290 2112
1481300 2107
1481310 2102
1481320 2102
1481330 2096
1481340 2090
1481350 2090
1481360 2085
1481370 2079
1481380 2079
1481390 2074
1481400 2069
1481410 2064
1481420 2064
1481430 2059
1481440 2055
1481450 2055
1481460 2050
1481470 2043
1481480 2043
1481490 2034
1481500 2026
1481510 2026
1481520 2018
1481530 2010
1481540 2010
1481550 2000
1481560 1987
1481570 1987
1481580 1978
1481590 1969
1481600 1969
1481610 1962
1481620 1956
1481630 1952
1481640 1952
1481650 1947
1481660 1943
1481670 1943
1481680 1939
1481690 1935
1481700 1935
1481710 1931
1481720 1927
1481730 1927
1481740 1923
1481750 1920
1481760 1920
1481770 1917
1481780 1914
1481790 1914
1481800 1912
1481810 1910
1481820 1910
1481830 1908
1481840 1906
1481850 1902
1481860 1902
1481870 1897
1481880 1892
1481890 1892
1481900 1888
1481910 1884
1481920 1884
1481930 1876
1481940 1870
1481950 1870
1481960 1864
1481970 1856
1481980 1856
1481990 1851
1482000 1847
1482010 1847
1482020 1845
1482030 1845
1482040 1845
1482050 1840
1482060 1836
1482070 1834
1482080 1834
1482090 1830
1482100 1824
1482110 1824
1482120 1818
1482130 1812
1482140 1812
1482150 1808
1482160 1804
1482170 1804
1482180 1801
1482190 1795
1482200 1795
1482210 1791
1482220 1788
1482230 1788
1482240 1766
1482250 1744
1482260 1744
1482270 1735
1482280 1729
1482290 1731
1482300 1731
1482310 1740
1482320 1750
1482330 1750
1482340 1750
1482350 1749
1482360 1749
1482370 1748
1482380 1754
1482390 1754
1482400 1757
1482410 1758
1482420 1758
1482430 1764
1482440 1773
1482450 1773
1482460 1781
1482470 1790
1482480 1790
1482490 1797
1482500 1804
1482510 1804
1482520 1811
1482530 1818
1482540 1825
1482550 1825
1482560 1832
1482570 1838
1482580 1838
1482590 1845
1482600 1852
1482610 1852
1482620 1858
1482630 1865
1482640 1865
1482650 1871
1482660 1878
1482670 1878
1482680 1885
1482690 1893
1482700 1893
1482710 1899
1482720 1896
1482730 1896
1482740 1883
1482750 1873
1482760 1864
1482770 1864
1482780 1854
1482790 1845
1482800 1845
1482810 1835
1482820 1827
1482830 1827
1482840 1825
1482850 1827
1482860 1827
1482870 1824
1482880 1821
1482890 1821
1482900 1819
1482910 1820
1482920 1820
1482930 1821
1482940 1820
1482950 1820
1482960 1819
1482970 1823
1482980 1831
1482990 1831
1483000 1841
1483010 1844
1483020 1844
1483030 1849
1483040 1854
1483050 1854
1483060 1860
1483070 1861
1483080 1861
1483090 1852
1483100 1840
1483110 1840
1483120 1822
1483130 1800
1483140 1800
1483150 1800
1483160 1799
1483170 1799
1483180 1800
1483190 1805
1483200 1812
1483210 1812
1483220 1818
1483230 1825
1483240 1825
1483250 1832
1483260 1830
1483270 1830
1483280 1812
1483290 1800
1483300 1800
1483310 1792
1483320 1789
1483330 1789
1483340 1787
1483350 1788
1483360 1788
1483370 1794
1483380 1803
1483390 1803
1483400 1806
1483410 1802
1483420 1793
1483430 1793
1483440 1791
1483450 1792
1483460 1792
1483470 1790
1483480 1796
1483490 1796
1483500 1805
1483510 1806
1483520 1806
1483530 1800
1483540 1796
1483550 1796
1483560 1795
1483570 1796
1483580 1796
1483590 1799
1483600 1809
1483610 1809
1483620 1823
1483630 1825
1483640 1816
1483650 1816
1483660 1817
1483670 1815
1483680 1815
1483690 1818
1483700 1818
1483710 1818
1483720 1817
1483730 1813
1483740 1813
1483750 1812
1483760 1810
1483770 1810
1483780 1808
1483790 1809
1483800 1809
1483810 1810
1483820 1813
1483830 1813
1483840 1818
1483850 1822
1483860 1825
1483870 1825
1483880 1827
1483890 1828
1483900 1828
1483910 1829
1483920 1831
1483930 1831
1483940 1832
1483950 1833
1483960 1833
1483970 1834
1483980 1839
1483990 1839
1484000 1850
1484010 1856
1484020 1856
1484030 1853
1484040 1855
1484050 1855
1484060 1859
1484070 1863
1484080 1866
1484090 1866
1484100 1869
1484110 1871
1484120 1871
1484130 1874
1484140 1877
1484150 1877
1484160 1881
1484170 1888
1484180 1888
1484190 1893
1484200 1895
1484210 1895
1484220 1896
1484230 1900
1484240 1900
1484250 1901
1484260 1899
1484270 1899
1484280 1901
1484290 1903
1484300 1907
1484310 1907
1484320 1911
1484330 1914
1484340 1914
1484350 1917
1484360 1921
1484370 1921
1484380 1927
1484390 1937
1484400 1937
1484410 1947
1484420 1955
1484430 1955
1484440 1962
1484450 1968
1484460 1968
1484470 1974
1484480 1977
1484490 1977
1484500 1977
1484510 1978
1484520 1981
1484530 1981
1484540 1982
1484550 1982
1484560 1982
1484570 1984
1484580 1986
1484590 1986
1484600 1987
1484610 1987
1484620 1987
1484630 1986
1484640 1987
1484650 1987
1484660 1988
1484670 1990
1484680 1990
1484690 1996
1484700 2002
1484710 2002
1484720 2009
1484730 2020
1484740 2026
1484750 2026
1484760 2030
1484770 2033
1484780 2033
1484790 2036
1484800 2038
1484810 2038
1484820 2042
1484830 2047
1484840 2047
1484850 2053
1484860 2058
1484870 2058
1484880 2063
1484890 2069
1484900 2069
1484910 2074
1484920 2078
1484930 2078
1484940 2083
1484950 2088
1484960 2095
1484970 2095
1484980 2102
1484990 2106
1485000 2106
1485010 2109
1485020 2109
1485030 2109
1485040 2111
1485050 2112
1485060 2112
1485070 2115
1485080 2117
1485090 2117
1485100 2119
1485110 2121
1485120 2121
1485130 2123
1485140 2126
1485150 2126
1485160 2128
1485170 2131
1485180 2134
1485190 2134
1485200 2138
1485210 2140
1485220 2140
1485230 2142
1485240 2145
1485250 2145
1485260 2147
1485270 2151
1485280 2151
1485290 2156
1485300 2160
1485310 2160
1485320 2164
1485330 2168
1485340 2168
1485350 2174
1485360 2178
1485370 2178
1485380 2180
1485390 2181
1485400 2181
1485410 2181
1485420 2184
1485430 2188
1485440 2188
1485450 2190
1485460 2191
1485470 2191
1485480 2193
1485490 2194
1485500 2194
1485510 2193
1485520 2195
1485530 2195
1485540 2197
1485550 2199
1485560 2199
1485570 2202
1485580 2205
1485590 2205
1485600 2207
1485610 2210
1485620 2210
1485630 2214
1485640 2219
1485650 2223
1485660 2223
1485670 2227
1485680 2232
1485690 2232
1485700 2237
1485710 2243
1485720 2243
1485730 2250
1485740 2257
1485750 2257
1485760 2262
1485770 2268
1485780 2268
1485790 2271
1485800 2274
1485810 2274
1485820 2275
1485830 2275
1485840 2275
1485850 2276
1485860 2278
1485870 2283
1485880 2283
1485890 2286
1485900 2288
1485910 2288
1485920 2290
1485930 2291
1485940 2291
1485950 2293
1485960 2296
1485970 2296
1485980 2300
1485990 2306
1486000 2306
1486010 2311
1486020 2315
1486030 2315
1486040 2321
1486050 2327
1486060 2327
1486070 2334
1486080 2341
1486090 2343
1486100 2343
1486110 2347
1486120 2350
1486130 2350
1486140 2356
1486150 2361
1486160 2361
1486170 2366
1486180 2369
1486190 2369
1486200 2367
1486210 2369
1486220 2369
1486230 2372
1486240 2375
1486250 2375
1486260 2379
1486270 2382
1486280 2382
1486290 2385
1486300 2385
1486310 2385
1486320 2385
1486330 2385
1486340 2385
1486350 2385
1486360 2384
1486370 2383
1486380 2383
1486390 2380
1486400 2378
1486410 2378
1486420 2373
1486430 2369
1486440 2369
1486450 2366
1486460 2363
1486470 2363
1486480 2363
1486490 2361
1486500 2361
1486510 2359
1486520 2358
1486530 2355
1486540 2355
1486550 2352
1486560 2350
1486570 2350
1486580 2347
1486590 2342
1486600 2342
1486610 2338
1486620 2338
1486630 2338
1486640 2338
1486650 2338
1486660 2338
1486670 2338
1486680 2338
1486690 2338
1486700 2339
1486710 2340
1486720 2340
1486730 2341
1486740 2343
1486750 2344
1486760 2344
1486770 2347
1486780 2350
1486790 2350
1486800 2356
1486810 2359
1486820 2359
1486830 2364
1486840 2369
1486850 2369
1486860 2375
1486870 2379
1486880 2379
1486890 2383
1486900 2387
1486910 2387
1486920 2389
1486930 2393
1486940 2393
1486950 2396
1486960 2401
1486970 2404
1486980 2404
1486990 2408
1487000 2413
1487010 2413
1487020 2417
1487030 2421
1487040 2421
1487050 2424
1487060 2427
1487070 2427
1487080 2429
1487090 2431
1487100 2431
1487110 2434
1487120 2435
1487130 2435
1487140 2436
1487150 2437
1487160 2437
1487170 2434
1487180 2430
1487190 2425
1487200 2425
1487210 2423
1487220 2422
1487230 2422
1487240 2423
1487250 2425
1487260 2425
1487270 2428
1487280 2432
1487290 2432
1487300 2437
1487310 2444
1487320 2444
1487330 2450
1487340 2456
1487350 2456
1487360 2463
1487370 2471
1487380 2471
1487390 2478
1487400 2483
1487410 2481
1487420 2481
1487430 2476
1487440 2470
1487450 2470
1487460 2462
1487470 2451
1487480 2451
1487490 2431
1487500 2411
1487510 2411
1487520 2394
1487530 2385
1487540 2385
1487550 2370
1487560 2330
1487570 2330
1487580 2262
1487590 2233
1487600 2233
1487610 2221
1487620 2214
1487630 2204
1487640 2204
1487650 2190
1487660 2179
1487670 2179
1487680 2173
1487690 2169
1487700 2169
1487710 2164
1487720 2159
1487730 2159
1487740 2153
1487750 2147
1487760 2147
1487770 2142
1487780 2136
1487790 2136
1487800 2134
1487810 2131
1487820 2131
1487830 2126
1487840 2123
1487850 2120
1487860 2120
1487870 2117
1487880 2114
1487890 2114
1487900 2109
1487910 2104
1487920 2104
1487930 2099
1487940 2094
1487950 2094
1487960 2091
1487970 2088
1487980 2088
1487990 2085
1488000 2083
1488010 2083
1488020 2080
1488030 2079
1488040 2079
1488050 2078
1488060 2078
1488070 2077
1488080 2077
1488090 2077
1488100 2076
1488110 2076
1488120 2075
1488130 2073
1488140 2073
1488150 2072
1488160 2070
1488170 2070
1488180 2066
1488190 2061
1488200 2061
1488210 2055
1488220 2050
1488230 2050
1488240 2047
1488250 2047
1488260 2047
1488270 2048
1488280 2048
1488290 2044
1488300 2044
1488310 2042
1488320 2042
1488330 2042
1488340 2045
1488350 2047
1488360 2047
1488370 2048
1488380 2050
1488390 2050
1488400 2049
1488410 2046
1488420 2046
1488430 2047
1488440 2050
1488450 2050
1488460 2053
1488470 2053
1488480 2053
1488490 2052
1488500 2053
1488510 2053
1488520 2057
1488530 2062
1488540 2066
1488550 2066
1488560 2068
1488570 2068
1488580 2068
1488590 2069
1488600 2071
1488610 2071
1488620 2073
1488630 2085
1488640 2085
1488650 2101
1488660 2109
1488670 2109
1488680 2120
1488690 2134
1488700 2134
1488710 2147
1488720 2154
1488730 2154
1488740 2157
1488750 2160
1488760 2161
1488770 2161
1488780 2161
1488790 2161
1488800 2161
1488810 2160
1488820 2157
1488830 2157
1488840 2155
1488850 2153
1488860 2153
1488870 2151
1488880 2150
1488890 2150
1488900 2145
1488910 2149
1488920 2149
1488930 2153
1488940 2158
1488950 2158
1488960 2161
1488970 2164
1488980 2167
1488990 2167
1489000 2171
1489010 2172
1489020 2172
1489030 2172
1489040 2175
1489050 2175
1489060 2178
1489070 2178
1489080 2178
1489090 2178
1489100 2176
1489110 2176
1489120 2175
1489130 2171
1489140 2171
1489150 2169
1489160 2180
1489170 2180
1489180 2193
1489190 2195
1489200 2197
1489210 2197
1489220 2200
1489230 2201
1489240 2201
1489250 2202
1489260 2205
1489270 2205
1489280 2210
1489290 2214
1489300 2214
1489310 2217
1489320 2221
1489330 2221
1489340 2225
1489350 2229
1489360 2229
1489370 2232
1489380 2236
1489390 2236
1489400 2241
1489410 2245
1489420 2247
1489430 2247
1489440 2248
1489450 2249
1489460 2249
1489470 2250
1489480 2251
1489490 2251
1489500 2252
1489510 2253
1489520 2253
1489530 2256
1489540 2259
1489550 2259
1489560 2260
1489570 2261
1489580 2261
1489590 2264
1489600 2267
1489610 2267
1489620 2268
1489630 2269
1489640 2274
1489650 2274
1489660 2281
1489670 2285
1489680 2285
1489690 2288
1489700 2293
1489710 2293
1489720 2297
1489730 2300
1489740 2300
1489750 2303
1489760 2305
1489770 2305
1489780 2308
1489790 2311
1489800 2311
1489810 2315
1489820 2319
1489830 2319
1489840 2322
1489850 2326
1489860 2330
1489870 2330
1489880 2332
1489890 2336
1489900 2336
1489910 2340
1489920 2346
1489930 2346
1489940 2350
1489950 2354
1489960 2354
1489970 2356
1489980 2358
1489990 2358
1490000 2361
1490010 2364
1490020 2364
1490030 2369
1490040 2372
1490050 2372
1490060 2375
1490070 2378
1490080 2381
1490090 2381
1490100 2384
1490110 2388
1490120 2388
1490130 2392
1490140 2396
1490150 2396
1490160 2398
1490170 2402
1490180 2402
1490190 2404
1490200 2406
1490210 2406
1490220 2409
1490230 2411
1490240 2411
1490250 2413
1490260 2414
1490270 2414
1490280 2415
1490290 2418
1490300 2422
1490310 2422
1490320 2425
1490330 2429
1490340 2429
1490350 2432
1490360 2433
1490370 2433
1490380 2436
1490390 2438
1490400 2438
1490410 2439
1490420 2441
1490430 2441
1490440 2442
1490450 2444
1490460 2444
1490470 2446
1490480 2447
1490490 2447
1490500 2448
1490510 2449
1490520 2451
1490530 2451
1490540 2454
1490550 2456
1490560 2456
1490570 2459
1490580 2460
1490590 2460
1490600 2462
1490610 2463
1490620 2463
1490630 2465
1490640 2468
1490650 2468
1490660 2470
1490670 2475
1490680 2475
1490690 2482
1490700 2486
1490710 2486
1490720 2490
1490730 2494
1490740 2500
1490750 2500
1490760 2504
1490770 2511
1490780 2511
1490790 2519
1490800 2526
1490810 2526
1490820 2532
1490830 2537
1490840 2537
1490850 2543
1490860 2550
1490870 2550
1490880 2558
1490890 2565
1490900 2565
1490910 2572
1490920 2577
1490930 2577
1490940 2583
1490950 2587
1490960 2590
1490970 2590
1490980 2593
1490990 2596
1491000 2596
1491010 2597
1491020 2589
1491030 2589
1491040 2583
1491050 2577
1491060 2577
1491070 2569
1491080 2561
1491090 2561
1491100 2558
1491110 2557
1491120 2557
1491130 2554
1491140 2547
1491150 2547
1491160 2542
1491170 2541
1491180 2539
1491190 2539
1491200 2536
1491210 2532
1491220 2532
1491230 2527
1491240 2518
1491250 2518
1491260 2511
1491270 2505
1491280 2505
1491290 2500
1491300 2496
1491310 2496
1491320 2491
1491330 2486
1491340 2486
1491350 2481
1491360 2476
1491370 2476
1491380 2473
1491390 2468
1491400 2463
1491410 2463
1491420 2455
1491430 2452
1491440 2452
1491450 2450
1491460 2449
1491470 2449
1491480 2444
1491490 2437
1491500 2437
1491510 2433
1491520 2430
1491530 2430
1491540 2425
1491550 2421
1491560 2421
1491570 2419
1491580 2415
1491590 2415
1491600 2410
1491610 2405
1491620 2405
1491630 2400
1491640 2395
1491650 2392
1491660 2392
1491670 2387
1491680 2381
1491690 2381
1491700 2378
1491710 2374
1491720 2374
1491730 2365
1491740 2359
1491750 2359
1491760 2353
1491770 2346
1491780 2346
1491790 2340
1491800 2336
1491810 2336
1491820 2331
1491830 2326
1491840 2326
1491850 2322
1491860 2315
1491870 2308
1491880 2308
1491890 2300
1491900 2293
1491910 2293
1491920 2287
1491930 2282
1491940 2282
1491950 2279
1491960 2276
1491970 2276
1491980 2271
1491990 2265
1492000 2265
1492010 2259
1492020 2253
1492030 2253
1492040 2248
1492050 2241
1492060 2241
1492070 2235
1492080 2226
1492090 2216
1492100 2216
1492110 2209
1492120 2202
1492130 2202
1492140 2195
1492150 2187
1492160 2187
1492170 2178
1492180 2171
1492190 2171
1492200 2163
1492210 2155
1492220 2155
1492230 2148
1492240 2140
1492250 2140
1492260 2133
1492270 2126
1492280 2126
1492290 2118
1492300 2106
1492310 2095
1492320 2095
1492330 2084
1492340 2075
1492350 2075
1492360 2071
1492370 2066
1492380 2066
1492390 2059
1492400 2054
1492410 2054
1492420 2047
1492430 2040
1492440 2040
1492450 2034
1492460 2025
1492470 2025
1492480 2016
1492490 2008
1492500 2008
1492510 1999
1492520 1990
1492530 1982
1492540 1982
1492550 1976
1492560 1974
1492570 1974
1492580 1971
1492590 1968
1492600 1968
1492610 1965
1492620 1962
1492630 1962
1492640 1958
1492650 1954
1492660 1954
1492670 1950
1492680 1945
1492690 1945
1492700 1939
1492710 1938
1492720 1938
1492730 1936
1492740 1933
1492750 1930
1492760 1930
1492770 1927
1492780 1923
1492790 1923
1492800 1920
1492810 1918
1492820 1918
1492830 1917
1492840 1913
1492850 1913
1492860 1908
1492870 1904
1492880 1904
1492890 1897
1492900 1893
1492910 1893
1492920 1890
1492930 1886
1492940 1886
1492950 1880
1492960 1872
1492970 1864
1492980 1864
1492990 1855
1493000 1845
1493010 1845
1493020 1837
1493030 1831
1493040 1831
1493050 1825
1493060 1818
1493070 1818
1493080 1810
1493090 1804
1493100 1804
1493110 1796
1493120 1781
1493130 1781
1493140 1770
1493150 1760
1493160 1760
1493170 1751
1493180 1745
1493190 1744
1493200 1744
1493210 1739
1493220 1730
1493230 1730
1493240 1723
1493250 1719
1493260 1719
1493270 1713
1493280 1705
1493290 1705
1493300 1698
1493310 1692
1493320 1692
1493330 1686
1493340 1681
1493350 1681
1493360 1676
1493370 1671
1493380 1671
1493390 1664
1493400 1658
1493410 1649
1493420 1649
1493430 1637
1493440 1629
1493450 1629
1493460 1621
1493470 1614
1493480 1614
1493490 1607
1493500 1600
1493510 1600
1493520 1595
1493530 1591
1493540 1591
1493550 1590
1493560 1587
1493570 1587
1493580 1585
1493590 1583
1493600 1583
1493610 1583
1493620 1584
1493630 1584
1493640 1584
1493650 1589
1493660 1594
1493670 1594
1493680 1595
1493690 1598
1493700 1598
1493710 1601
1493720 1603
1493730 1603
1493740 1606
1493750 1610
1493760 1610
1493770 1613
1493780 1617
1493790 1617
1493800 1620
1493810 1622
1493820 1622
1493830 1625
1493840 1627
1493850 1629
1493860 1629
1493870 1631
1493880 1634
1493890 1634
1493900 1637
1493910 1642
1493920 1642
1493930 1646
1493940 1650
1493950 1650
1493960 1659
1493970 1664
1493980 1664
1493990 1671
1494000 1678
1494010 1678
1494020 1684
1494030 1690
1494040 1690
1494050 1696
1494060 1701
1494070 1705
1494080 1705
1494090 1705
1494100 1695
1494110 1695
1494120 1688
1494130 1690
1494140 1690
1494150 1706
1494160 1720
1494170 1720
1494180 1723
1494190 1725
1494200 1725
1494210 1732
1494220 1737
1494230 1737
1494240 1742
1494250 1744
1494260 1744
1494270 1747
1494280 1749
1494290 1751
1494300 1751
1494310 1755
1494320 1758
1494330 1758
1494340 1761
1494350 1763
1494360 1763
1494370 1765
1494380 1765
1494390 1765
1494400 1762
1494410 1766
1494420 1766
1494430 1776
1494440 1787
1494450 1787
1494460 1794
1494470 1800
1494480 1800
1494490 1805
1494500 1809
1494510 1813
1494520 1813
1494530 1819
1494540 1826
1494550 1826
1494560 1834
1494570 1844
1494580 1844
1494590 1849
1494600 1861
1494610 1861
1494620 1869
1494630 1874
1494640 1874
1494650 1878
1494660 1882
1494670 1882
1494680 1887
1494690 1890
1494700 1890
1494710 1889
1494720 1895
1494730 1895
1494740 1902
1494750 1906
1494760 1908
1494770 1908
1494780 1913
1494790 1920
1494800 1920
1494810 1926
1494820 1926
1494830 1926
1494840 1926
1494850 1932
1494860 1932
1494870 1935
1494880 1933
1494890 1933
1494900 1934
1494910 1938
1494920 1938
1494930 1947
1494940 1951
1494950 1951
1494960 1945
1494970 1937
1494980 1929
1494990 1929
1495000 1919
1495010 1911
1495020 1911
1495030 1905
1495040 1900
1495050 1900
1495060 1894
1495070 1887
1495080 1887
1495090 1880
1495100 1874
1495110 1874
1495120 1868
1495130 1862
1495140 1862
1495150 1857
1495160 1853
1495170 1853
1495180 1845
1495190 1838
1495200 1831
1495210 1831
1495220 1825
1495230 1819
1495240 1819
1495250 1814
1495260 1810
1495270 1810
1495280 1805
1495290 1802
1495300 1802
1495310 1798
1495320 1794
1495330 1794
1495340 1791
1495350 1787
1495360 1787
1495370 1783
1495380 1779
1495390 1779
1495400 1780
1495410 1780
1495420 1781
1495430 1781
1495440 1778
1495450 1777
1495460 1777
1495470 1778
1495480 1777
1495490 1777
1495500 1775
1495510 1775
1495520 1775
1495530 1776
1495540 1779
1495550 1779
1495560 1778
1495570 1774
1495580 1774
1495590 1773
1495600 1776
1495610 1776
1495620 1776
1495630 1777
1495640 1777
1495650 1777
1495660 1778
1495670 1782
1495680 1782
1495690 1782
1495700 1776
1495710 1776
1495720 1772
1495730 1767
1495740 1767
1495750 1764
1495760 1760
1495770 1760
1495780 1758
1495790 1757
1495800 1757
1495810 1755
1495820 1751
1495830 1751
1495840 1748
1495850 1746
1495860 1746
1495870 1746
1495880 1744
1495890 1743
1495900 1743
1495910 1742
1495920 1740
1495930 1740
1495940 1740
1495950 1742
1495960 1742
1495970 1750
1495980 1756
1495990 1756
1496000 1757
1496010 1760
1496020 1760
1496030 1762
1496040 1761
1496050 1761
1496060 1759
1496070 1756
1496080 1754
1496090 1754
1496100 1747
1496110 1738
1496120 1738
1496130 1733
1496140 1731
1496150 1731
1496160 1730
1496170 1728
1496180 1728
1496190 1724
1496200 1722
1496210 1722
1496220 1720
1496230 1717
1496240 1717
1496250 1712
1496260 1716
1496270 1716
1496280 1716
1496290 1714
1496300 1713
1496310 1713
1496320 1709
1496330 1706
1496340 1706
1496350 1709
1496360 1711
1496370 1711
1496380 1710
1496390 1705
1496400 1705
1496410 1701
1496420 1694
1496430 1694
1496440 1695
1496450 1695
1496460 1695
1496470 1696
1496480 1699
1496490 1699
1496500 1702
1496510 1705
1496520 1709
1496530 1709
1496540 1711
1496550 1711
1496560 1711
1496570 1711
1496580 1712
1496590 1712
1496600 1712
1496610 1712
1496620 1712
1496630 1712
1496640 1711
1496650 1711
1496660 1710
1496670 1709
1496680 1709
1496690 1706
1496700 1703
1496710 1703
1496720 1702
1496730 1702
1496740 1703
1496750 1703
1496760 1702
1496770 1701
1496780 1701
1496790 1700
1496800 1698
1496810 1698
1496820 1696
1496830 1694
1496840 1694
1496850 1691
1496860 1688
1496870 1688
1496880 1686
1496890 1684
1496900 1684
1496910 1681
1496920 1679
1496930 1679
1496940 1679
1496950 1677
1496960 1676
1496970 1676
1496980 1675
1496990 1674
1497000 1674
1497010 1675
1497020 1676
1497030 1676
1497040 1676
1497050 1676
1497060 1676
1497070 1676
1497080 1676
1497090 1676
1497100 1674
1497110 1674
1497120 1674
1497130 1675
1497140 1676
1497150 1676
1497160 1677
1497170 1681
1497180 1687
1497190 1687
1497200 1692
1497210 1697
1497220 1697
1497230 1701
1497240 1706
1497250 1706
1497260 1713
1497270 1719
1497280 1719
1497290 1724
1497300 1739
1497310 1739
1497320 1738
1497330 1737
1497340 1737
1497350 1737
1497360 1735
1497370 1735
1497380 1736
1497390 1738
1497400 1736
1497410 1736
1497420 1733
1497430 1730
1497440 1730
1497450 1728
1497460 1725
1497470 1725
1497480 1723
1497490 1719
1497500 1719
1497510 1716
1497520 1713
1497530 1713
1497540 1710
1497550 1706
1497560 1706
1497570 1701
1497580 1697
1497590 1697
1497600 1694
1497610 1691
1497620 1689
1497630 1689
1497640 1686
1497650 1682
1497660 1682
1497670 1679
1497680 1676
1497690 1676
1497700 1673
1497710 1669
1497720 1669
1497730 1666
1497740 1663
1497750 1663
1497760 1661
1497770 1659
1497780 1659
1497790 1655
1497800 1651
1497810 1651
1497820 1649
1497830 1647
1497840 1647
1497850 1645
1497860 1642
1497870 1640
1497880 1640
1497890 1637
1497900 1635
1497910 1635
1497920 1632
1497930 1630
1497940 1630
1497950 1629
1497960 1627
1497970 1627
1497980 1625
1497990 1623
1498000 1623
1498010 1620
1498020 1616
1498030 1616
1498040 1611
1498050 1607
1498060 1607
1498070 1602
1498080 1596
1498090 1588
1498100 1588
1498110 1583
1498120 1578
1498130 1578
1498140 1574
1498150 1570
1498160 1570
1498170 1566
1498180 1562
1498190 1562
1498200 1558
1498210 1554
1498220 1554
1498230 1549
1498240 1542
1498250 1542
1498260 1535
1498270 1531
1498280 1531
1498290 1527
1498300 1523
1498310 1519
1498320 1519
1498330 1515
1498340 1511
1498350 1511
1498360 1506
1498370 1502
1498380 1502
1498390 1498
1498400 1495
1498410 1495
1498420 1492
1498430 1488
1498440 1488
1498450 1483
1498460 1479
1498470 1479
1498480 1474
1498490 1469
1498500 1469
1498510 1464
1498520 1459
1498530 1455
1498540 1455
1498550 1449
1498560 1444
1498570 1444
1498580 1440
1498590 1435
1498600 1435
1498610 1430
1498620 1427
1498630 1427
1498640 1423
1498650 1419
1498660 1419
1498670 1415
1498680 1412
1498690 1412
1498700 1413
1498710 1413
1498720 1413
1498730 1412
1498740 1410
1498750 1406
1498760 1406
1498770 1401
1498780 1395
1498790 1395
1498800 1388
1498810 1381
1498820 1381
1498830 1375
1498840 1375
1498850 1375
1498860 1375
1498870 1373
1498880 1373
1498890 1372
1498900 1371
1498910 1371
1498920 1370
1498930 1369
1498940 1369
1498950 1368
1498960 1365
1498970 1361
1498980 1361
1498990 1358
1499000 1358
1499010 1358
1499020 1358
1499030 1355
1499040 1355
1499050 1352
1499060 1349
1499070 1349
1499080 1346
1499090 1341
1499100 1341
1499110 1337
1499120 1334
1499130 1334
1499140 1331
1499150 1326
1499160 1326
1499170 1321
1499180 1316
1499190 1312
1499200 1312
1499210 1306
1499220 1301
1499230 1301
1499240 1298
1499250 1294
1499260 1294
1499270 1288
1499280 1280
1499290 1280
1499300 1271
1499310 1261
1499320 1261
1499330 1253
1499340 1246
1499350 1246
1499360 1245
1499370 1258
1499380 1258
1499390 1261
1499400 1260
1499410 1258
1499420 1258
1499430 1256
1499440 1254
1499450 1254
1499460 1251
1499470 1249
1499480 1249
1499490 1246
1499500 1243
1499510 1243
1499520 1241
1499530 1237
1499540 1237
1499550 1233
1499560 1229
1499570 1229
1499580 1226
1499590 1224
1499600 1224
1499610 1222
1499620 1219
1499630 1219
1499640 1219
1499650 1217
1499660 1212
1499670 1212
1499680 1210
1499690 1211
1499700 1211
1499710 1209
1499720 1205
1499730 1205
1499740 1205
1499750 1204
1499760 1204
1499770 1201
1499780 1198
1499790 1198
1499800 1197
1499810 1198
1499820 1198
1499830 1198
1499840 1195
1499850 1193
1499860 1193
1499870 1179
1499880 1176
1499890 1176
1499900 1174
1499910 1175
1499920 1175
1499930 1174
1499940 1172
1499950 1172
1499960 1169
1499970 1167
1499980 1167
1499990 1163
