1480000 2367
1480010 2369
1480020 2371
1480030 2371
1480040 2374
1480050 2375
1480060 2375
1480070 2377
1480080 2381
1480090 2383
1480100 2383
1480110 2384
1480120 2385
1480130 2385
1480140 2386
1480150 2387
1480160 2387
1480170 2389
1480180 2391
1480190 2391
1480200 2395
1480210 2400
1480220 2400
1480230 2406
1480240 2410
1480250 2410
1480260 2414
1480270 2418
1480280 2418
1480290 2420
1480300 2423
1480310 2426
1480320 2426
1480330 2428
1480340 2431
1480350 2431
1480360 2435
1480370 2440
1480380 2440
1480390 2444
1480400 2449
1480410 2449
1480420 2455
1480430 2461
1480440 2461
1480450 2468
1480460 2473
1480470 2473
1480480 2468
1480490 2458
1480500 2458
1480510 2450
1480520 2439
1480530 2431
1480540 2431
1480550 2424
1480560 2421
1480570 2421
1480580 2417
1480590 2414
1480600 2414
1480610 2410
1480620 2407
1480630 2407
1480640 2405
1480650 2400
1480660 2400
1480670 2396
1480680 2394
1480690 2394
1480700 2392
1480710 2392
1480720 2392
1480730 2391
1480740 2391
1480750 2392
1480760 2392
1480770 2393
1480780 2390
1480790 2390
1480800 2378
1480810 2372
1480820 2372
1480830 2353
1480840 2327
1480850 2327
1480860 2311
1480870 2299
1480880 2299
1480890 2288
1480900 2281
1480910 2281
1480920 2274
1480930 2268
1480940 2268
1480950 2260
1480960 2251
1480970 2243
1480980 2243
1480990 2235
1481000 2228
1481010 2228
1481020 2221
1481030 2215
1481040 2215
1481050 2208
1481060 2202
1481070 2202
1481080 2197
1481090 2192
1481100 2192
1481110 2188
1481120 2184
1481130 2184
1481140 2179
1481150 2171
1481160 2171
1481170 2163
1481180 2156
1481190 2149
1481200 2149
1481210 2143
1481220 2136
1481230 2136
1481240 2130
1481250 2124
1481260 2124
1481270 2118
1481280 2112
1481290 2112
1481300 2107
1481310 2102
1481320 2102
1481330 2096
1481340 2090
1481350 2090
1481360 2085
1481370 2079
1481380 2079
1481390 2074
1481400 2069
1481410 2064
1481420 2064
1481430 2059
1481440 2055
1481450 2055
1481460 2050
1481470 2043
1481480 2043
1481490 2034
1481500 2026
1481510 2026
1481520 2018
1481530 2010
1481540 2010
1481550 2000
1481560 1987
1481570 1987
1481580 1978
1481590 1969
1481600 1969
1481610 1962
1481620 1956
1481630 1952
1481640 1952
1481650 1947
1481660 1943
1481670 1943
1481680 1939
1481690 1935
1481700 1935
1481710 1931
1481720 1927
1481730 1927
1481740 1923
1481750 1920
1481760 1920
1481770 1917
1481780 1914
1481790 1914
1481800 1912
1481810 1910
1481820 1910
1481830 1908
1481840 1906
1481850 1902
1481860 1902
1481870 1897
1481880 1892
1481890 1892
1481900 1888
1481910 1884
1481920 1884
1481930 1876
1481940 1870
1481950 1870
1481960 1864
1481970 1856
1481980 1856
1481990 1851
1482000 1847
1482010 1847
1482020 1845
1482030 1845
1482040 1845
1482050 1840
1482060 1836
1482070 1834
1482080 1834
1482090 1830
1482100 1824
1482110 1824
1482120 1818
1482130 1812
1482140 1812
1482150 1808
1482160 1804
1482170 1804
1482180 1801
1482190 1795
1482200 1795
1482210 1791
1482220 1788
1482230 1788
1482240 1766
1482250 1744
1482260 1744
1482270 1735
1482280 1729
1482290 1731
1482300 1731
1482310 1740
1482320 1750
1482330 1750
1482340 1750
1482350 1749
1482360 1749
1482370 1748
1482380 1754
1482390 1754
1482400 1757
1482410 1758
1482420 1758
1482430 1764
1482440 1773
1482450 1773
1482460 1781
1482470 1790
1482480 1790
1482490 1797
1482500 1804
1482510 1804
1482520 1811
1482530 1818
1482540 1825
1482550 1825
1482560 1832
1482570 1838
1482580 1838
1482590 1845
1482600 1852
1482610 1852
1482620 1858
1482630 1865
1482640 1865
1482650 1871
1482660 1878
1482670 1878
1482680 1885
1482690 1893
1482700 1893
1482710 1899
1482720 1896
1482730 1896
1482740 1883
1482750 1873
1482760 1864
1482770 1864
1482780 1854
1482790 1845
1482800 1845
1482810 1835
1482820 1827
1482830 1827
1482840 1825
1482850 1827
1482860 1827
1482870 1824
1482880 1821
1482890 1821
1482900 1819
1482910 1820
1482920 1820
1482930 1821
1482940 1820
1482950 1820
1482960 1819
1482970 1823
1482980 1831
1482990 1831
1483000 1841
1483010 1844
1483020 1844
1483030 1849
1483040 1854
1483050 1854
1483060 1860
1483070 1861
1483080 1861
1483090 1852
1483100 1840
1483110 1840
1483120 1822
1483130 1800
1483140 1800
1483150 1800
1483160 1799
1483170 1799
1483180 1800
1483190 1805
1483200 1812
1483210 1812
1483220 1818
1483230 1825
1483240 1825
1483250 1832
1483260 1830
1483270 1830
1483280 1812
1483290 1800
1483300 1800
1483310 1792
1483320 1789
1483330 1789
1483340 1787
1483350 1788
1483360 1788
1483370 1794
1483380 1803
1483390 1803
1483400 1806
1483410 1802
1483420 1793
1483430 1793
1483440 1791
1483450 1792
1483460 1792
1483470 1790
1483480 1796
1483490 1796
1483500 1805
1483510 1806
1483520 1806
1483530 1800
1483540 1796
1483550 1796
1483560 1795
1483570 1796
1483580 1796
1483590 1799
1483600 1809
1483610 1809
1483620 1823
1483630 1825
1483640 1816
1483650 1816
1483660 1817
1483670 1815
1483680 1815
1483690 1818
1483700 1818
1483710 1818
1483720 1817
1483730 1813
1483740 1813
1483750 1812
1483760 1810
1483770 1810
1483780 1808
1483790 1809
1483800 1809
1483810 1810
1483820 1813
1483830 1813
1483840 1818
1483850 1822
1483860 1825
1483870 1825
1483880 1827
1483890 1828
1483900 1828
1483910 1829
1483920 1831
1483930 1831
1483940 1832
1483950 1833
1483960 1833
1483970 1834
1483980 1839
1483990 1839
1484000 1850
1484010 1856
1484020 1856
1484030 1853
1484040 1855
1484050 1855
1484060 1859
1484070 1863
1484080 1866
1484090 1866
1484100 1869
1484110 1871
1484120 1871
1484130 1874
1484140 1877
1484150 1877
1484160 1881
1484170 1888
1484180 1888
1484190 1893
1484200 1895
1484210 1895
1484220 1896
1484230 1900
1484240 1900
1484250 1901
1484260 1899
1484270 1899
1484280 1901
1484290 1903
1484300 1907
1484310 1907
1484320 1911
1484330 1914
1484340 1914
1484350 1917
1484360 1921
1484370 1921
1484380 1927
1484390 1937
1484400 1937
1484410 1947
1484420 1955
1484430 1955
1484440 1962
1484450 1968
1484460 1968
1484470 1974
1484480 1977
1484490 1977
1484500 1977
1484510 1978
1484520 1981
1484530 1981
1484540 1982
1484550 1982
1484560 1982
1484570 1984
1484580 1986
1484590 1986
1484600 1987
1484610 1987
1484620 1987
1484630 1986
1484640 1987
1484650 1987
1484660 1988
1484670 1990
1484680 1990
1484690 1996
1484700 2002
1484710 2002
1484720 2009
1484730 2020
1484740 2026
1484750 2026
1484760 2030
1484770 2033
1484780 2033
1484790 2036
1484800 2038
1484810 2038
1484820 2042
1484830 2047
1484840 2047
1484850 2053
1484860 2058
1484870 2058
1484880 2063
1484890 2069
1484900 2069
1484910 2074
1484920 2078
1484930 2078
1484940 2083
1484950 2088
1484960 2095
1484970 2095
1484980 2102
1484990 2106
1485000 2106
1485010 2109
1485020 2109
1485030 2109
1485040 2111
1485050 2112
1485060 2112
1485070 2115
1485080 2117
1485090 2117
1485100 2119
1485110 2121
1485120 2121
1485130 2123
1485140 2126
1485150 2126
1485160 2128
1485170 2131
1485180 2134
1485190 2134
1485200 2138
1485210 2140
1485220 2140
1485230 2142
1485240 2145
1485250 2145
1485260 2147
1485270 2151
1485280 2151
1485290 2156
1485300 2160
1485310 2160
1485320 2164
1485330 2168
1485340 2168
1485350 2174
1485360 2178
1485370 2178
1485380 2180
1485390 2181
1485400 2181
1485410 2181
1485420 2184
1485430 2188
1485440 2188
1485450 2190
1485460 2191
1485470 2191
1485480 2193
1485490 2194
1485500 2194
1485510 2193
1485520 2195
1485530 2195
1485540 2197
1485550 2199
1485560 2199
1485570 2202
1485580 2205
1485590 2205
1485600 2207
1485610 2210
1485620 2210
1485630 2214
1485640 2219
1485650 2223
1485660 2223
1485670 2227
1485680 2232
1485690 2232
1485700 2237
1485710 2243
1485720 2243
1485730 2250
1485740 2257
1485750 2257
1485760 2262
1485770 2268
1485780 2268
1485790 2271
1485800 2274
1485810 2274
1485820 2275
1485830 2275
1485840 2275
1485850 2276
1485860 2278
1485870 2283
1485880 2283
1485890 2286
1485900 2288
1485910 2288
1485920 2290
1485930 2291
1485940 2291
1485950 2293
1485960 2296
1485970 2296
1485980 2300
1485990 2306
1486000 2306
1486010 2311
1486020 2315
1486030 2315
1486040 2321
1486050 2327
1486060 2327
1486070 2334
1486080 2341
1486090 2343
1486100 2343
1486110 2347
1486120 2350
1486130 2350
1486140 2356
1486150 2361
1486160 2361
1486170 2366
1486180 2369
1486190 2369
1486200 2367
1486210 2369
1486220 2369
1486230 2372
1486240 2375
1486250 2375
1486260 2379
1486270 2382
1486280 2382
1486290 2385
1486300 2385
1486310 2385
1486320 2385
1486330 2385
1486340 2385
1486350 2385
1486360 2384
1486370 2383
1486380 2383
1486390 2380
1486400 2378
1486410 2378
1486420 2373
1486430 2369
1486440 2369
1486450 2366
1486460 2363
1486470 2363
1486480 2363
1486490 2361
1486500 2361
1486510 2359
1486520 2358
1486530 2355
1486540 2355
1486550 2352
1486560 2350
1486570 2350
1486580 2347
1486590 2342
1486600 2342
1486610 2338
1486620 2338
1486630 2338
1486640 2338
1486650 2338
1486660 2338
1486670 2338
1486680 2338
1486690 2338
1486700 2339
1486710 2340
1486720 2340
1486730 2341
1486740 2343
1486750 2344
1486760 2344
1486770 2347
1486780 2350
1486790 2350
1486800 2356
1486810 2359
1486820 2359
1486830 2364
1486840 2369
1486850 2369
1486860 2375
1486870 2379
1486880 2379
1486890 2383
1486900 2387
1486910 2387
1486920 2389
1486930 2393
1486940 2393
1486950 2396
1486960 2401
1486970 2404
1486980 2404
1486990 2408
1487000 2413
1487010 2413
1487020 2417
1487030 2421
1487040 2421
1487050 2424
1487060 2427
1487070 2427
1487080 2429
1487090 2431
1487100 2431
1487110 2434
1487120 2435
1487130 2435
1487140 2436
1487150 2437
1487160 2437
1487170 2434
1487180 2430
1487190 2425
1487200 2425
1487210 2423
1487220 2422
1487230 2422
1487240 2423
1487250 2425
1487260 2425
1487270 2428
1487280 2432
1487290 2432
1487300 2437
1487310 2444
1487320 2444
1487330 2450
1487340 2456
1487350 2456
1487360 2463
1487370 2471
1487380 2471
1487390 2478
1487400 2483
1487410 2481
1487420 2481
1487430 2476
1487440 2470
1487450 2470
1487460 2462
1487470 2451
1487480 2451
1487490 2431
1487500 2411
1487510 2411
1487520 2394
1487530 2385
1487540 2385
1487550 2370
1487560 2330
1487570 2330
1487580 2262
1487590 2233
1487600 2233
1487610 2221
1487620 2214
1487630 2204
1487640 2204
1487650 2190
1487660 2179
1487670 2179
1487680 2173
1487690 2169
1487700 2169
1487710 2164
1487720 2159
1487730 2159
1487740 2153
1487750 2147
1487760 2147
1487770 2142
1487780 2136
1487790 2136
1487800 2134
1487810 2131
1487820 2131
1487830 2126
1487840 2123
1487850 2120
1487860 2120
1487870 2117
1487880 2114
1487890 2114
1487900 2109
1487910 2104
1487920 2104
1487930 2099
1487940 2094
1487950 2094
1487960 2091
1487970 2088
1487980 2088
1487990 2085
1488000 2083
1488010 2083
1488020 2080
1488030 2079
1488040 2079
1488050 2078
1488060 2078
1488070 2077
1488080 2077
1488090 2077
1488100 2076
1488110 2076
1488120 2075
1488130 2073
1488140 2073
1488150 2072
1488160 2070
1488170 2070
1488180 2066
1488190 2061
1488200 2061
1488210 2055
1488220 2050
1488230 2050
1488240 2047
1488250 2047
1488260 2047
1488270 2048
1488280 2048
1488290 2044
1488300 2044
1488310 2042
1488320 2042
1488330 2042
1488340 2045
1488350 2047
1488360 2047
1488370 2048
1488380 2050
1488390 2050
1488400 2049
1488410 2046
1488420 2046
1488430 2047
1488440 2050
1488450 2050
1488460 2053
1488470 2053
1488480 2053
1488490 2052
1488500 2053
1488510 2053
1488520 2057
1488530 2062
1488540 2066
1488550 2066
1488560 2068
1488570 2068
1488580 2068
1488590 2069
1488600 2071
1488610 2071
1488620 2073
1488630 2085
1488640 2085
1488650 2101
1488660 2109
1488670 2109
1488680 2120
1488690 2134
1488700 2134
1488710 2147
1488720 2154
1488730 2154
1488740 2157
1488750 2160
1488760 2161
1488770 2161
1488780 2161
1488790 2161
1488800 2161
1488810 2160
1488820 2157
1488830 2157
1488840 2155
1488850 2153
1488860 2153
1488870 2151
1488880 2150
1488890 2150
1488900 2145
1488910 2149
1488920 2149
1488930 2153
1488940 2158
1488950 2158
1488960 2161
1488970 2164
1488980 2167
1488990 2167
1489000 2171
1489010 2172
1489020 2172
1489030 2172
1489040 2175
1489050 2175
1489060 2178
1489070 2178
1489080 2178
1489090 2178
1489100 2176
1489110 2176
1489120 2175
1489130 2171
1489140 2171
1489150 2169
1489160 2180
1489170 2180
1489180 2193
1489190 2195
1489200 2197
1489210 2197
1489220 2200
1489230 2201
1489240 2201
1489250 2202
1489260 2205
1489270 2205
1489280 2210
1489290 2214
1489300 2214
1489310 2217
1489320 2221
1489330 2221
1489340 2225
1489350 2229
1489360 2229
1489370 2232
1489380 2236
1489390 2236
1489400 2241
1489410 2245
1489420 2247
1489430 2247
1489440 2248
1489450 2249
1489460 2249
1489470 2250
1489480 2251
1489490 2251
1489500 2252
1489510 2253
1489520 2253
1489530 2256
1489540 2259
1489550 2259
1489560 2260
1489570 2261
1489580 2261
1489590 2264
1489600 2267
1489610 2267
1489620 2268
1489630 2269
1489640 2274
1489650 2274
1489660 2281
1489670 2285
1489680 2285
1489690 2288
1489700 2293
1489710 2293
1489720 2297
1489730 2300
1489740 2300
1489750 2303
1489760 2305
1489770 2305
1489780 2308
1489790 2311
1489800 2311
1489810 2315
1489820 2319
1489830 2319
1489840 2322
1489850 2326
1489860 2330
1489870 2330
1489880 2332
1489890 2336
1489900 2336
1489910 2340
1489920 2346
1489930 2346
1489940 2350
1489950 2354
1489960 2354
1489970 2356
1489980 2358
1489990 2358
1490000 2361
1490010 2364
1490020 2364
1490030 2369
1490040 2372
1490050 2372
1490060 2375
1490070 2378
1490080 2381
1490090 2381
1490100 2384
1490110 2388
1490120 2388
1490130 2392
1490140 2396
1490150 2396
1490160 2398
1490170 2402
1490180 2402
1490190 2404
1490200 2406
1490210 2406
1490220 2409
1490230 2411
1490240 2411
1490250 2413
1490260 2414
1490270 2414
1490280 2415
1490290 2418
1490300 2422
1490310 2422
1490320 2425
1490330 2429
1490340 2429
1490350 2432
1490360 2433
1490370 2433
1490380 2436
1490390 2438
1490400 2438
1490410 2439
1490420 2441
1490430 2441
1490440 2442
1490450 2444
1490460 2444
1490470 2446
1490480 2447
1490490 2447
1490500 2448
1490510 2449
1490520 2451
1490530 2451
1490540 2454
1490550 2456
1490560 2456
1490570 2459
1490580 2460
1490590 2460
1490600 2462
1490610 2463
1490620 2463
1490630 2465
1490640 2468
1490650 2468
1490660 2470
1490670 2475
1490680 2475
1490690 2482
1490700 2486
1490710 2486
1490720 2490
1490730 2494
1490740 2500
1490750 2500
1490760 2504
1490770 2511
1490780 2511
1490790 2519
1490800 2526
1490810 2526
1490820 2532
1490830 2537
1490840 2537
1490850 2543
1490860 2550
1490870 2550
1490880 2558
1490890 2565
1490900 2565
1490910 2572
1490920 2577
1490930 2577
1490940 2583
1490950 2587
1490960 2590
1490970 2590
1490980 2593
1490990 2596
1491000 2596
1491010 2597
1491020 2589
1491030 2589
1491040 2583
1491050 2577
1491060 2577
1491070 2569
1491080 2561
1491090 2561
1491100 2558
1491110 2557
1491120 2557
1491130 2554
1491140 2547
1491150 2547
1491160 2542
1491170 2541
1491180 2539
1491190 2539
1491200 2536
1491210 2532
1491220 2532
1491230 2527
1491240 2518
1491250 2518
1491260 2511
1491270 2505
1491280 2505
1491290 2500
1491300 2496
1491310 2496
1491320 2491
1491330 2486
1491340 2486
1491350 2481
1491360 2476
1491370 2476
1491380 2473
1491390 2468
1491400 2463
1491410 2463
1491420 2455
1491430 2452
1491440 2452
1491450 2450
1491460 2449
1491470 2449
1491480 2444
1491490 2437
1491500 2437
1491510 2433
1491520 2430
1491530 2430
1491540 2425
1491550 2421
1491560 2421
1491570 2419
1491580 2415
1491590 2415
1491600 2410
1491610 2405
1491620 2405
1491630 2400
1491640 2395
1491650 2392
1491660 2392
1491670 2387
1491680 2381
1491690 2381
1491700 2378
1491710 2374
1491720 2374
1491730 2365
1491740 2359
1491750 2359
1491760 2353
1491770 2346
1491780 2346
1491790 2340
1491800 2336
1491810 2336
1491820 2331
1491830 2326
1491840 2326
1491850 2322
1491860 2315
1491870 2308
1491880 2308
1491890 2300
1491900 2293
1491910 2293
1491920 2287
1491930 2282
1491940 2282
1491950 2279
1491960 2276
1491970 2276
1491980 2271
1491990 2265
1492000 2265
1492010 2259
1492020 2253
1492030 2253
1492040 2248
1492050 2241
1492060 2241
1492070 2235
1492080 2226
1492090 2216
1492100 2216
1492110 2209
1492120 2202
1492130 2202
1492140 2195
1492150 2187
1492160 2187
1492170 2178
1492180 2171
1492190 2171
1492200 2163
1492210 2155
1492220 2155
1492230 2148
1492240 2140
1492250 2140
1492260 2133
1492270 2126
1492280 2126
1492290 2118
1492300 2106
1492310 2095
1492320 2095
1492330 2084
1492340 2075
1492350 2075
1492360 2071
1492370 2068
1492380 2068
1492390 2061
1492400 2055
1492410 2055
1492420 2047
1492430 2039
1492440 2039
1492450 2030
1492460 2022
1492470 2022
1492480 2013
1492490 2005
1492500 2005
1492510 1997
1492520 1991
1492530 1988
1492540 1988
1492550 1985
1492560 1982
1492570 1982
1492580 1979
1492590 1976
1492600 1976
1492610 1975
1492620 1969
1492630 1969
1492640 1965
1492650 1960
1492660 1960
1492670 1955
1492680 1950
1492690 1950
1492700 1947
1492710 1946
1492720 1946
1492730 1945
1492740 1941
1492750 1937
1492760 1937
1492770 1934
1492780 1933
1492790 1933
1492800 1931
1492810 1927
1492820 1927
1492830 1924
1492840 1921
1492850 1921
1492860 1915
1492870 1909
1492880 1909
1492890 1903
1492900 1898
1492910 1898
1492920 1894
1492930 1889
1492940 1889
1492950 1883
1492960 1875
1492970 1866
1492980 1866
1492990 1857
1493000 1848
1493010 1848
1493020 1840
1493030 1832
1493040 1832
1493050 1823
1493060 1814
1493070 1814
1493080 1807
1493090 1800
1493100 1800
1493110 1792
1493120 1784
1493130 1784
1493140 1774
1493150 1764
1493160 1764
1493170 1758
1493180 1754
1493190 1749
1493200 1749
1493210 1740
1493220 1734
1493230 1734
1493240 1731
1493250 1726
1493260 1726
1493270 1718
1493280 1711
1493290 1711
1493300 1708
1493310 1705
1493320 1705
1493330 1696
1493340 1688
1493350 1688
1493360 1683
1493370 1678
1493380 1678
1493390 1672
1493400 1661
1493410 1649
1493420 1649
1493430 1640
1493440 1633
1493450 1633
1493460 1626
1493470 1618
1493480 1618
1493490 1610
1493500 1602
1493510 1602
1493520 1596
1493530 1591
1493540 1591
1493550 1589
1493560 1586
1493570 1586
1493580 1583
1493590 1582
1493600 1582
1493610 1582
1493620 1582
1493630 1581
1493640 1581
1493650 1584
1493660 1590
1493670 1590
1493680 1592
1493690 1594
1493700 1594
1493710 1598
1493720 1601
1493730 1601
1493740 1604
1493750 1606
1493760 1606
1493770 1609
1493780 1614
1493790 1614
1493800 1615
1493810 1617
1493820 1617
1493830 1620
1493840 1621
1493850 1622
1493860 1622
1493870 1624
1493880 1627
1493890 1627
1493900 1631
1493910 1635
1493920 1635
1493930 1638
1493940 1643
1493950 1643
1493960 1652
1493970 1658
1493980 1658
1493990 1665
1494000 1671
1494010 1671
1494020 1677
1494030 1684
1494040 1684
1494050 1687
1494060 1692
1494070 1693
1494080 1693
1494090 1682
1494100 1675
1494110 1675
1494120 1679
1494130 1691
1494140 1691
1494150 1708
1494160 1715
1494170 1715
1494180 1716
1494190 1721
1494200 1721
1494210 1727
1494220 1732
1494230 1732
1494240 1735
1494250 1738
1494260 1738
1494270 1741
1494280 1744
1494290 1747
1494300 1747
1494310 1750
1494320 1752
1494330 1752
1494340 1754
1494350 1757
1494360 1757
1494370 1758
1494380 1758
1494390 1758
1494400 1755
1494410 1758
1494420 1758
1494430 1771
1494440 1783
1494450 1783
1494460 1789
1494470 1795
1494480 1795
1494490 1799
1494500 1804
1494510 1807
1494520 1807
1494530 1814
1494540 1822
1494550 1822
1494560 1830
1494570 1837
1494580 1837
1494590 1842
1494600 1854
1494610 1854
1494620 1862
1494630 1868
1494640 1868
1494650 1871
1494660 1875
1494670 1875
1494680 1879
1494690 1882
1494700 1882
1494710 1882
1494720 1887
1494730 1887
1494740 1894
1494750 1898
1494760 1900
1494770 1900
1494780 1906
1494790 1911
1494800 1911
1494810 1915
1494820 1917
1494830 1917
1494840 1918
1494850 1924
1494860 1924
1494870 1928
1494880 1926
1494890 1926
1494900 1925
1494910 1929
1494920 1929
1494930 1937
1494940 1945
1494950 1945
1494960 1941
1494970 1934
1494980 1926
1494990 1926
1495000 1918
1495010 1910
1495020 1910
1495030 1902
1495040 1895
1495050 1895
1495060 1890
1495070 1884
1495080 1884
1495090 1878
1495100 1871
1495110 1871
1495120 1864
1495130 1857
1495140 1857
1495150 1850
1495160 1846
1495170 1846
1495180 1841
1495190 1835
1495200 1828
1495210 1828
1495220 1820
1495230 1815
1495240 1815
1495250 1809
1495260 1802
1495270 1802
1495280 1798
1495290 1795
1495300 1795
1495310 1792
1495320 1788
1495330 1788
1495340 1784
1495350 1781
1495360 1781
1495370 1779
1495380 1775
1495390 1775
1495400 1775
1495410 1775
1495420 1776
1495430 1776
1495440 1773
1495450 1771
1495460 1771
1495470 1773
1495480 1772
1495490 1772
1495500 1770
1495510 1770
1495520 1770
1495530 1772
1495540 1774
1495550 1774
1495560 1772
1495570 1769
1495580 1769
1495590 1768
1495600 1770
1495610 1770
1495620 1770
1495630 1771
1495640 1772
1495650 1772
1495660 1773
1495670 1779
1495680 1779
1495690 1778
1495700 1772
1495710 1772
1495720 1768
1495730 1764
1495740 1764
1495750 1760
1495760 1756
1495770 1756
1495780 1752
1495790 1752
1495800 1752
1495810 1751
1495820 1747
1495830 1747
1495840 1745
1495850 1742
1495860 1743
1495870 1743
1495880 1741
1495890 1739
1495900 1739
1495910 1738
1495920 1735
1495930 1735
1495940 1734
1495950 1735
1495960 1735
1495970 1740
1495980 1745
1495990 1745
1496000 1747
1496010 1749
1496020 1749
1496030 1754
1496040 1753
1496050 1753
1496060 1754
1496070 1754
1496080 1750
1496090 1750
1496100 1745
1496110 1738
1496120 1738
1496130 1732
1496140 1728
1496150 1728
1496160 1726
1496170 1723
1496180 1723
1496190 1719
1496200 1717
1496210 1717
1496220 1716
1496230 1713
1496240 1713
1496250 1707
1496260 1711
1496270 1711
1496280 1711
1496290 1710
1496300 1710
1496310 1710
1496320 1705
1496330 1702
1496340 1702
1496350 1705
1496360 1706
1496370 1706
1496380 1704
1496390 1700
1496400 1700
1496410 1695
1496420 1689
1496430 1689
1496440 1690
1496450 1691
1496460 1691
1496470 1693
1496480 1696
1496490 1696
1496500 1698
1496510 1700
1496520 1702
1496530 1702
1496540 1705
1496550 1706
1496560 1706
1496570 1706
1496580 1707
1496590 1707
1496600 1708
1496610 1708
1496620 1708
1496630 1709
1496640 1707
1496650 1707
1496660 1705
1496670 1703
1496680 1703
1496690 1701
1496700 1700
1496710 1700
1496720 1698
1496730 1697
1496740 1697
1496750 1697
1496760 1698
1496770 1698
1496780 1698
1496790 1697
1496800 1695
1496810 1695
1496820 1693
1496830 1691
1496840 1691
1496850 1688
1496860 1685
1496870 1685
1496880 1683
1496890 1681
1496900 1681
1496910 1678
1496920 1676
1496930 1676
1496940 1674
1496950 1671
1496960 1669
1496970 1669
1496980 1669
1496990 1669
1497000 1669
1497010 1670
1497020 1671
1497030 1671
1497040 1670
1497050 1670
1497060 1670
1497070 1670
1497080 1669
1497090 1669
1497100 1668
1497110 1667
1497120 1667
1497130 1668
1497140 1669
1497150 1669
1497160 1670
1497170 1674
1497180 1680
1497190 1680
1497200 1685
1497210 1689
1497220 1689
1497230 1694
1497240 1700
1497250 1700
1497260 1705
1497270 1710
1497280 1710
1497290 1718
1497300 1724
1497310 1724
1497320 1733
1497330 1730
1497340 1730
1497350 1731
1497360 1731
1497370 1731
1497380 1730
1497390 1734
1497400 1733
1497410 1733
1497420 1730
1497430 1727
1497440 1727
1497450 1725
1497460 1723
1497470 1723
1497480 1720
1497490 1718
1497500 1718
1497510 1715
1497520 1712
1497530 1712
1497540 1709
1497550 1705
1497560 1705
1497570 1701
1497580 1696
1497590 1696
1497600 1692
1497610 1689
1497620 1687
1497630 1687
1497640 1684
1497650 1682
1497660 1682
1497670 1679
1497680 1676
1497690 1676
1497700 1672
1497710 1669
1497720 1669
1497730 1665
1497740 1661
1497750 1661
1497760 1657
1497770 1655
1497780 1655
1497790 1652
1497800 1648
1497810 1648
1497820 1645
1497830 1643
1497840 1643
1497850 1640
1497860 1638
1497870 1636
1497880 1636
1497890 1633
1497900 1631
1497910 1631
1497920 1628
1497930 1626
1497940 1626
1497950 1625
1497960 1623
1497970 1623
1497980 1622
1497990 1620
1498000 1620
1498010 1617
1498020 1613
1498030 1613
1498040 1609
1498050 1603
1498060 1603
1498070 1598
1498080 1594
1498090 1585
1498100 1585
1498110 1580
1498120 1575
1498130 1575
1498140 1570
1498150 1566
1498160 1566
1498170 1562
1498180 1558
1498190 1558
1498200 1554
1498210 1551
1498220 1551
1498230 1546
1498240 1540
1498250 1540
1498260 1534
1498270 1528
1498280 1528
1498290 1524
1498300 1521
1498310 1517
1498320 1517
1498330 1513
1498340 1509
1498350 1509
1498360 1505
1498370 1501
1498380 1501
1498390 1498
1498400 1494
1498410 1494
1498420 1490
1498430 1486
1498440 1486
1498450 1482
1498460 1477
1498470 1477
1498480 1472
1498490 1467
1498500 1467
1498510 1461
1498520 1458
1498530 1452
1498540 1452
1498550 1447
1498560 1442
1498570 1442
1498580 1438
1498590 1433
1498600 1433
1498610 1428
1498620 1424
1498630 1424
1498640 1421
1498650 1416
1498660 1416
1498670 1414
1498680 1414
1498690 1414
1498700 1416
1498710 1413
1498720 1413
1498730 1409
1498740 1406
1498750 1403
1498760 1403
1498770 1398
1498780 1394
1498790 1394
1498800 1388
1498810 1382
1498820 1382
1498830 1375
1498840 1370
1498850 1370
1498860 1369
1498870 1368
1498880 1368
1498890 1367
1498900 1366
1498910 1366
1498920 1366
1498930 1365
1498940 1365
1498950 1364
1498960 1362
1498970 1359
1498980 1359
1498990 1356
1499000 1353
1499010 1353
1499020 1352
1499030 1350
1499040 1350
1499050 1346
1499060 1343
1499070 1343
1499080 1340
1499090 1336
1499100 1336
1499110 1331
1499120 1328
1499130 1328
1499140 1324
1499150 1320
1499160 1320
1499170 1315
1499180 1310
1499190 1305
1499200 1305
1499210 1301
1499220 1296
1499230 1296
1499240 1292
1499250 1289
1499260 1289
1499270 1284
1499280 1277
1499290 1277
1499300 1270
1499310 1261
1499320 1261
1499330 1252
1499340 1244
1499350 1244
1499360 1240
1499370 1246
1499380 1246
1499390 1253
1499400 1253
1499410 1251
1499420 1251
1499430 1250
1499440 1248
1499450 1248
1499460 1244
1499470 1242
1499480 1242
1499490 1239
1499500 1237
1499510 1237
1499520 1235
1499530 1231
1499540 1231
1499550 1227
1499560 1223
1499570 1223
1499580 1219
1499590 1216
1499600 1216
1499610 1215
1499620 1213
1499630 1212
1499640 1212
1499650 1211
1499660 1209
1499670 1209
1499680 1205
1499690 1203
1499700 1203
1499710 1201
1499720 1199
1499730 1199
1499740 1198
1499750 1196
1499760 1196
1499770 1195
1499780 1192
1499790 1192
1499800 1190
1499810 1187
1499820 1187
1499830 1186
1499840 1184
1499850 1181
1499860 1181
1499870 1179
1499880 1176
1499890 1176
1499900 1174
1499910 1175
1499920 1175
1499930 1174
1499940 1172
1499950 1172
1499960 1169
1499970 1167
1499980 1167
1499990 1163
