1480000 1750
1480010 1753
1480020 1756
1480030 1759
1480040 1759
1480050 1762
1480060 1764
1480070 1764
1480080 1765
1480090 1767
1480100 1767
1480110 1772
1480120 1778
1480130 1778
1480140 1784
1480150 1794
1480160 1794
1480170 1808
1480180 1821
1480190 1821
1480200 1825
1480210 1830
1480220 1830
1480230 1830
1480240 1825
1480250 1817
1480260 1817
1480270 1811
1480280 1805
1480290 1805
1480300 1796
1480310 1789
1480320 1789
1480330 1782
1480340 1770
1480350 1770
1480360 1760
1480370 1756
1480380 1756
1480390 1755
1480400 1755
1480410 1755
1480420 1757
1480430 1760
1480440 1760
1480450 1761
1480460 1761
1480470 1756
1480480 1756
1480490 1747
1480500 1745
1480510 1745
1480520 1745
1480530 1745
1480540 1745
1480550 1747
1480560 1749
1480570 1749
1480580 1751
1480590 1753
1480600 1753
1480610 1754
1480620 1754
1480630 1754
1480640 1755
1480650 1755
1480660 1755
1480670 1756
1480680 1755
1480690 1754
1480700 1754
1480710 1752
1480720 1750
1480730 1750
1480740 1750
1480750 1750
1480760 1750
1480770 1752
1480780 1753
1480790 1753
1480800 1753
1480810 1754
1480820 1754
1480830 1754
1480840 1755
1480850 1755
1480860 1754
1480870 1756
1480880 1756
1480890 1757
1480900 1758
1480910 1758
1480920 1761
1480930 1763
1480940 1765
1480950 1765
1480960 1768
1480970 1770
1480980 1770
1480990 1774
1481000 1779
1481010 1779
1481020 1785
1481030 1789
1481040 1789
1481050 1794
1481060 1800
1481070 1800
1481080 1806
1481090 1815
1481100 1815
1481110 1828
1481120 1836
1481130 1836
1481140 1840
1481150 1843
1481160 1846
1481170 1846
1481180 1845
1481190 1844
1481200 1844
1481210 1843
1481220 1842
1481230 1842
1481240 1841
1481250 1839
1481260 1839
1481270 1836
1481280 1835
1481290 1835
1481300 1832
1481310 1830
1481320 1830
1481330 1828
1481340 1828
1481350 1828
1481360 1826
1481370 1822
1481380 1819
1481390 1819
1481400 1817
1481410 1813
1481420 1813
1481430 1808
1481440 1804
1481450 1804
1481460 1801
1481470 1799
1481480 1799
1481490 1795
1481500 1792
1481510 1792
1481520 1788
1481530 1784
1481540 1784
1481550 1780
1481560 1776
1481570 1776
1481580 1771
1481590 1768
1481600 1764
1481610 1764
1481620 1760
1481630 1758
1481640 1758
1481650 1756
1481660 1754
1481670 1754
1481680 1751
1481690 1747
1481700 1747
1481710 1741
1481720 1736
1481730 1736
1481740 1731
1481750 1725
1481760 1725
1481770 1716
1481780 1710
1481790 1710
1481800 1707
1481810 1702
1481820 1696
1481830 1696
1481840 1689
1481850 1682
1481860 1682
1481870 1669
1481880 1660
1481890 1660
1481900 1661
1481910 1659
1481920 1659
1481930 1655
1481940 1649
1481950 1649
1481960 1643
1481970 1637
1481980 1637
1481990 1627
1482000 1617
1482010 1617
1482020 1596
1482030 1586
1482040 1578
1482050 1578
1482060 1568
1482070 1561
1482080 1561
1482090 1554
1482100 1547
1482110 1547
1482120 1541
1482130 1534
1482140 1534
1482150 1527
1482160 1521
1482170 1521
1482180 1515
1482190 1509
1482200 1509
1482210 1502
1482220 1496
1482230 1496
1482240 1490
1482250 1485
1482260 1485
1482270 1478
1482280 1472
1482290 1466
1482300 1466
1482310 1459
1482320 1452
1482330 1452
1482340 1446
1482350 1440
1482360 1440
1482370 1433
1482380 1426
1482390 1426
1482400 1420
1482410 1414
1482420 1414
1482430 1407
1482440 1401
1482450 1401
1482460 1395
1482470 1389
1482480 1389
1482490 1385
1482500 1382
1482510 1381
1482520 1381
1482530 1382
1482540 1383
1482550 1383
1482560 1385
1482570 1387
1482580 1387
1482590 1388
1482600 1389
1482610 1389
1482620 1392
1482630 1392
1482640 1392
1482650 1392
1482660 1394
1482670 1394
1482680 1395
1482690 1399
1482700 1399
1482710 1405
1482720 1413
1482730 1420
1482740 1420
1482750 1427
1482760 1435
1482770 1435
1482780 1442
1482790 1451
1482800 1451
1482810 1465
1482820 1477
1482830 1477
1482840 1488
1482850 1506
1482860 1506
1482870 1522
1482880 1546
1482890 1546
1482900 1573
1482910 1589
1482920 1589
1482930 1599
1482940 1608
1482950 1618
1482960 1618
1482970 1631
1482980 1643
1482990 1643
1483000 1656
1483010 1666
1483020 1666
1483030 1672
1483040 1677
1483050 1677
1483060 1683
1483070 1688
1483080 1688
1483090 1696
1483100 1703
1483110 1703
1483120 1710
1483130 1712
1483140 1712
1483150 1703
1483160 1691
1483170 1678
1483180 1678
1483190 1667
1483200 1669
1483210 1669
1483220 1673
1483230 1686
1483240 1686
1483250 1704
1483260 1718
1483270 1718
1483280 1717
1483290 1714
1483300 1714
1483310 1727
1483320 1744
1483330 1744
1483340 1756
1483350 1767
1483360 1767
1483370 1779
1483380 1790
1483390 1798
1483400 1798
1483410 1806
1483420 1817
1483430 1817
1483440 1837
1483450 1861
1483460 1861
1483470 1866
1483480 1871
1483490 1871
1483500 1878
1483510 1887
1483520 1887
1483530 1894
1483540 1902
1483550 1902
1483560 1909
1483570 1917
1483580 1917
1483590 1924
1483600 1932
1483610 1941
1483620 1941
1483630 1948
1483640 1955
1483650 1955
1483660 1963
1483670 1971
1483680 1971
1483690 1979
1483700 1988
1483710 1988
1483720 1996
1483730 2004
1483740 2004
1483750 2013
1483760 2021
1483770 2021
1483780 2030
1483790 2039
1483800 2039
1483810 2049
1483820 2058
1483830 2058
1483840 2065
1483850 2070
1483860 2075
1483870 2075
1483880 2080
1483890 2084
1483900 2084
1483910 2079
1483920 2071
1483930 2071
1483940 2067
1483950 2067
1483960 2067
1483970 2071
1483980 2069
1483990 2069
1484000 2059
1484010 2046
1484020 2046
1484030 2050
1484040 2068
1484050 2068
1484060 2085
1484070 2098
1484080 2108
1484090 2108
1484100 2113
1484110 2116
1484120 2116
1484130 2120
1484140 2103
1484150 2103
1484160 2088
1484170 2091
1484180 2091
1484190 2094
1484200 2101
1484210 2101
1484220 2113
1484230 2126
1484240 2126
1484250 2136
1484260 2146
1484270 2146
1484280 2155
1484290 2164
1484300 2170
1484310 2170
1484320 2177
1484330 2185
1484340 2185
1484350 2192
1484360 2198
1484370 2198
1484380 2205
1484390 2211
1484400 2211
1484410 2218
1484420 2226
1484430 2226
1484440 2234
1484450 2245
1484460 2245
1484470 2254
1484480 2264
1484490 2264
1484500 2273
1484510 2281
1484520 2289
1484530 2289
1484540 2297
1484550 2305
1484560 2305
1484570 2313
1484580 2321
1484590 2321
1484600 2329
1484610 2337
1484620 2337
1484630 2346
1484640 2353
1484650 2353
1484660 2360
1484670 2366
1484680 2366
1484690 2374
1484700 2383
1484710 2383
1484720 2392
1484730 2399
1484740 2406
1484750 2406
1484760 2412
1484770 2412
1484780 2412
1484790 2401
1484800 2385
1484810 2385
1484820 2370
1484830 2363
1484840 2363
1484850 2357
1484860 2352
1484870 2352
1484880 2348
1484890 2343
1484900 2343
1484910 2338
1484920 2335
1484930 2335
1484940 2334
1484950 2334
1484960 2329
1484970 2329
1484980 2326
1484990 2324
1485000 2324
1485010 2323
1485020 2323
1485030 2323
1485040 2322
1485050 2322
1485060 2322
1485070 2321
1485080 2322
1485090 2322
1485100 2323
1485110 2320
1485120 2320
1485130 2317
1485140 2315
1485150 2315
1485160 2310
1485170 2308
1485180 2308
1485190 2303
1485200 2297
1485210 2292
1485220 2292
1485230 2289
1485240 2288
1485250 2288
1485260 2287
1485270 2283
1485280 2283
1485290 2277
1485300 2275
1485310 2275
1485320 2272
1485330 2268
1485340 2268
1485350 2263
1485360 2261
1485370 2261
1485380 2260
1485390 2258
1485400 2258
1485410 2254
1485420 2253
1485430 2252
1485440 2252
1485450 2251
1485460 2254
1485470 2254
1485480 2256
1485490 2258
1485500 2258
1485510 2260
1485520 2262
1485530 2262
1485540 2263
1485550 2264
1485560 2264
1485570 2262
1485580 2259
1485590 2259
1485600 2251
1485610 2245
1485620 2245
1485630 2239
1485640 2232
1485650 2223
1485660 2223
1485670 2220
1485680 2216
1485690 2216
1485700 2210
1485710 2203
1485720 2203
1485730 2196
1485740 2191
1485750 2191
1485760 2187
1485770 2184
1485780 2184
1485790 2180
1485800 2177
1485810 2177
1485820 2173
1485830 2170
1485840 2170
1485850 2168
1485860 2163
1485870 2157
1485880 2157
1485890 2155
1485900 2155
1485910 2155
1485920 2155
1485930 2156
1485940 2156
1485950 2158
1485960 2159
1485970 2159
1485980 2162
1485990 2165
1486000 2165
1486010 2169
1486020 2174
1486030 2174
1486040 2178
1486050 2184
1486060 2184
1486070 2189
1486080 2196
1486090 2202
1486100 2202
1486110 2208
1486120 2215
1486130 2215
1486140 2225
1486150 2234
1486160 2234
1486170 2243
1486180 2251
1486190 2251
1486200 2257
1486210 2262
1486220 2262
1486230 2268
1486240 2275
1486250 2275
1486260 2284
1486270 2293
1486280 2293
1486290 2300
1486300 2307
1486310 2313
1486320 2313
1486330 2319
1486340 2325
1486350 2325
1486360 2330
1486370 2336
1486380 2336
1486390 2342
1486400 2347
1486410 2347
1486420 2353
1486430 2359
1486440 2359
1486450 2365
1486460 2371
1486470 2371
1486480 2378
1486490 2384
1486500 2384
1486510 2391
1486520 2398
1486530 2398
1486540 2405
1486550 2413
1486560 2420
1486570 2420
1486580 2428
1486590 2441
1486600 2441
1486610 2456
1486620 2468
1486630 2468
1486640 2481
1486650 2490
1486660 2490
1486670 2498
1486680 2507
1486690 2507
1486700 2514
1486710 2522
1486720 2522
1486730 2530
1486740 2538
1486750 2538
1486760 2548
1486770 2557
1486780 2566
1486790 2566
1486800 2577
1486810 2584
1486820 2584
1486830 2592
1486840 2601
1486850 2601
1486860 2609
1486870 2617
1486880 2617
1486890 2625
1486900 2636
1486910 2636
1486920 2650
1486930 2663
1486940 2663
1486950 2671
1486960 2669
1486970 2669
1486980 2663
1486990 2657
1487000 2652
1487010 2652
1487020 2647
1487030 2642
1487040 2642
1487050 2637
1487060 2633
1487070 2633
1487080 2631
1487090 2628
1487100 2628
1487110 2623
1487120 2621
1487130 2621
1487140 2620
1487150 2618
1487160 2618
1487170 2616
1487180 2614
1487190 2614
1487200 2612
1487210 2608
1487220 2601
1487230 2601
1487240 2596
1487250 2588
1487260 2588
1487270 2580
1487280 2571
1487290 2571
1487300 2562
1487310 2551
1487320 2551
1487330 2540
1487340 2530
1487350 2530
1487360 2524
1487370 2516
1487380 2516
1487390 2509
1487400 2508
1487410 2508
1487420 2509
1487430 2510
1487440 2514
1487450 2514
1487460 2519
1487470 2524
1487480 2524
1487490 2527
1487500 2530
1487510 2530
1487520 2533
1487530 2534
1487540 2534
1487550 2535
1487560 2536
1487570 2536
1487580 2538
1487590 2540
1487600 2540
1487610 2542
1487620 2544
1487630 2544
1487640 2547
1487650 2549
1487660 2553
1487670 2553
1487680 2557
1487690 2559
1487700 2559
1487710 2561
1487720 2563
1487730 2563
1487740 2566
1487750 2569
1487760 2569
1487770 2569
1487780 2567
1487790 2567
1487800 2564
1487810 2559
1487820 2559
1487830 2554
1487840 2545
1487850 2545
1487860 2536
1487870 2532
1487880 2532
1487890 2521
1487900 2505
1487910 2492
1487920 2492
1487930 2479
1487940 2466
1487950 2466
1487960 2447
1487970 2423
1487980 2423
1487990 2402
1488000 2388
1488010 2388
1488020 2380
1488030 2375
1488040 2375
1488050 2370
1488060 2365
1488070 2365
1488080 2359
1488090 2353
1488100 2353
1488110 2349
1488120 2344
1488130 2339
1488140 2339
1488150 2333
1488160 2329
1488170 2329
1488180 2325
1488190 2322
1488200 2322
1488210 2319
1488220 2315
1488230 2315
1488240 2309
1488250 2303
1488260 2303
1488270 2301
1488280 2299
1488290 2299
1488300 2293
1488310 2287
1488320 2287
1488330 2283
1488340 2277
1488350 2271
1488360 2271
1488370 2266
1488380 2258
1488390 2258
1488400 2251
1488410 2241
1488420 2241
1488430 2234
1488440 2225
1488450 2225
1488460 2218
1488470 2212
1488480 2212
1488490 2206
1488500 2201
1488510 2201
1488520 2194
1488530 2187
1488540 2187
1488550 2182
1488560 2177
1488570 2173
1488580 2173
1488590 2166
1488600 2157
1488610 2157
1488620 2150
1488630 2142
1488640 2142
1488650 2132
1488660 2126
1488670 2126
1488680 2120
1488690 2117
1488700 2117
1488710 2114
1488720 2111
1488730 2111
1488740 2108
1488750 2104
1488760 2104
1488770 2099
1488780 2095
1488790 2090
1488800 2090
1488810 2084
1488820 2080
1488830 2080
1488840 2075
1488850 2071
1488860 2071
1488870 2066
1488880 2060
1488890 2060
1488900 2051
1488910 2044
1488920 2044
1488930 2038
1488940 2034
1488950 2034
1488960 2025
1488970 2018
1488980 2018
1488990 2012
1489000 2005
1489010 1999
1489020 1999
1489030 1993
1489040 1986
1489050 1986
1489060 1980
1489070 1974
1489080 1974
1489090 1968
1489100 1961
1489110 1961
1489120 1950
1489130 1941
1489140 1941
1489150 1935
1489160 1927
1489170 1927
1489180 1917
1489190 1908
1489200 1908
1489210 1901
1489220 1895
1489230 1895
1489240 1889
1489250 1883
1489260 1878
1489270 1878
1489280 1875
1489290 1873
1489300 1873
1489310 1872
1489320 1872
1489330 1872
1489340 1871
1489350 1870
1489360 1870
1489370 1868
1489380 1866
1489390 1866
1489400 1870
1489410 1873
1489420 1873
1489430 1876
1489440 1878
1489450 1878
1489460 1880
1489470 1882
1489480 1882
1489490 1882
1489500 1883
1489510 1886
1489520 1886
1489530 1887
1489540 1886
1489550 1886
1489560 1886
1489570 1887
1489580 1887
1489590 1887
1489600 1888
1489610 1888
1489620 1891
1489630 1891
1489640 1891
1489650 1892
1489660 1895
1489670 1895
1489680 1898
1489690 1901
1489700 1903
1489710 1903
1489720 1906
1489730 1910
1489740 1910
1489750 1913
1489760 1916
1489770 1916
1489780 1920
1489790 1925
1489800 1925
1489810 1931
1489820 1936
1489830 1936
1489840 1942
1489850 1948
1489860 1948
1489870 1953
1489880 1956
1489890 1956
1489900 1960
1489910 1962
1489920 1967
1489930 1967
1489940 1972
1489950 1976
1489960 1976
1489970 1980
1489980 1985
1489990 1985
1490000 1990
1490010 1995
1490020 1995
1490030 2000
1490040 2005
1490050 2005
1490060 2010
1490070 2015
1490080 2015
1490090 2021
1490100 2027
1490110 2027
1490120 2032
1490130 2036
1490140 2037
1490150 2037
1490160 2038
1490170 2041
1490180 2041
1490190 2045
1490200 2049
1490210 2049
1490220 2052
1490230 2054
1490240 2054
1490250 2055
1490260 2056
1490270 2056
1490280 2058
1490290 2061
1490300 2061
1490310 2062
1490320 2063
1490330 2063
1490340 2065
1490350 2067
1490360 2071
1490370 2071
1490380 2076
1490390 2081
1490400 2081
1490410 2083
1490420 2086
1490430 2086
1490440 2089
1490450 2092
1490460 2092
1490470 2094
1490480 2094
1490490 2094
1490500 2094
1490510 2092
1490520 2092
1490530 2093
1490540 2095
1490550 2095
1490560 2098
1490570 2100
1490580 2100
1490590 2102
1490600 2104
1490610 2107
1490620 2107
1490630 2110
1490640 2114
1490650 2114
1490660 2118
1490670 2122
1490680 2122
1490690 2126
1490700 2129
1490710 2129
1490720 2131
1490730 2133
1490740 2133
1490750 2136
1490760 2140
1490770 2140
1490780 2146
1490790 2151
1490800 2151
1490810 2156
1490820 2162
1490830 2168
1490840 2168
1490850 2173
1490860 2179
1490870 2179
1490880 2186
1490890 2192
1490900 2192
1490910 2198
1490920 2205
1490930 2205
1490940 2217
1490950 2260
1490960 2260
1490970 2266
1490980 2263
1490990 2263
1491000 2260
1491010 2257
1491020 2257
1491030 2256
1491040 2255
1491050 2257
1491060 2257
1491070 2261
1491080 2265
1491090 2265
1491100 2272
1491110 2281
1491120 2281
1491130 2293
1491140 2304
1491150 2304
1491160 2315
1491170 2325
1491180 2325
1491190 2334
1491200 2344
1491210 2344
1491220 2357
1491230 2368
1491240 2368
1491250 2385
1491260 2402
1491270 2401
1491280 2401
1491290 2391
1491300 2385
1491310 2385
1491320 2378
1491330 2373
1491340 2373
1491350 2368
1491360 2356
1491370 2356
1491380 2346
1491390 2328
1491400 2328
1491410 2322
1491420 2317
1491430 2317
1491440 2312
1491450 2306
1491460 2306
1491470 2301
1491480 2296
1491490 2294
1491500 2294
1491510 2292
1491520 2287
1491530 2287
1491540 2282
1491550 2280
1491560 2280
1491570 2278
1491580 2274
1491590 2274
1491600 2270
1491610 2265
1491620 2265
1491630 2261
1491640 2257
1491650 2257
1491660 2253
1491670 2249
1491680 2249
1491690 2245
1491700 2241
1491710 2238
1491720 2238
1491730 2234
1491740 2229
1491750 2229
1491760 2222
1491770 2214
1491780 2214
1491790 2204
1491800 2195
1491810 2195
1491820 2186
1491830 2178
1491840 2178
1491850 2171
1491860 2165
1491870 2165
1491880 2158
1491890 2152
1491900 2152
1491910 2147
1491920 2142
1491930 2142
1491940 2138
1491950 2133
1491960 2129
1491970 2129
1491980 2126
1491990 2125
1492000 2125
1492010 2122
1492020 2118
1492030 2118
1492040 2115
1492050 2115
1492060 2115
1492070 2117
1492080 2114
1492090 2114
1492100 2113
1492110 2111
1492120 2111
1492130 2109
1492140 2106
1492150 2106
1492160 2103
1492170 2098
1492180 2094
1492190 2094
1492200 2090
1492210 2085
1492220 2085
1492230 2077
1492240 2069
1492250 2069
1492260 2065
1492270 2062
1492280 2062
1492290 2059
1492300 2056
1492310 2056
1492320 2052
1492330 2047
1492340 2047
1492350 2040
1492360 2033
1492370 2033
1492380 2025
1492390 2019
1492400 2013
1492410 2013
1492420 2010
1492430 2009
1492440 2009
1492450 2005
1492460 2000
1492470 2000
1492480 1995
1492490 1990
1492500 1990
1492510 1985
1492520 1979
1492530 1979
1492540 1974
1492550 1969
1492560 1969
1492570 1966
1492580 1961
1492590 1961
1492600 1955
1492610 1950
1492620 1946
1492630 1946
1492640 1941
1492650 1938
1492660 1938
1492670 1934
1492680 1928
1492690 1928
1492700 1923
1492710 1918
1492720 1918
1492730 1914
1492740 1909
1492750 1909
1492760 1906
1492770 1903
1492780 1903
1492790 1898
1492800 1894
1492810 1894
1492820 1890
1492830 1883
1492840 1872
1492850 1872
1492860 1860
1492870 1851
1492880 1851
1492890 1844
1492900 1838
1492910 1838
1492920 1830
1492930 1821
1492940 1821
1492950 1813
1492960 1806
1492970 1806
1492980 1800
1492990 1795
1493000 1795
1493010 1790
1493020 1786
1493030 1786
1493040 1782
1493050 1778
1493060 1775
1493070 1775
1493080 1771
1493090 1768
1493100 1768
1493110 1765
1493120 1761
1493130 1761
1493140 1757
1493150 1753
1493160 1753
1493170 1748
1493180 1749
1493190 1749
1493200 1748
1493210 1746
1493220 1746
1493230 1747
1493240 1746
1493250 1746
1493260 1745
1493270 1743
1493280 1743
1493290 1743
1493300 1743
1493310 1743
1493320 1743
1493330 1744
1493340 1745
1493350 1745
1493360 1745
1493370 1746
1493380 1746
1493390 1747
1493400 1748
1493410 1748
1493420 1750
1493430 1751
1493440 1751
1493450 1752
1493460 1753
1493470 1753
1493480 1755
1493490 1757
1493500 1757
1493510 1759
1493520 1759
1493530 1755
1493540 1755
1493550 1750
1493560 1749
1493570 1749
1493580 1750
1493590 1747
1493600 1747
1493610 1744
1493620 1741
1493630 1741
1493640 1738
1493650 1735
1493660 1735
1493670 1730
1493680 1726
1493690 1726
1493700 1721
1493710 1717
1493720 1717
1493730 1712
1493740 1707
1493750 1701
1493760 1701
1493770 1698
1493780 1696
1493790 1696
1493800 1695
1493810 1696
1493820 1696
1493830 1692
1493840 1687
1493850 1687
1493860 1682
1493870 1676
1493880 1676
1493890 1670
1493900 1669
1493910 1669
1493920 1664
1493930 1657
1493940 1657
1493950 1651
1493960 1643
1493970 1639
1493980 1639
1493990 1639
1494000 1635
1494010 1635
1494020 1629
1494030 1625
1494040 1625
1494050 1623
1494060 1618
1494070 1618
1494080 1613
1494090 1609
1494100 1609
1494110 1604
1494120 1601
1494130 1601
1494140 1597
1494150 1592
1494160 1592
1494170 1587
1494180 1583
1494190 1578
1494200 1578
1494210 1575
1494220 1574
1494230 1574
1494240 1568
1494250 1560
1494260 1560
1494270 1558
1494280 1558
1494290 1558
1494300 1557
1494310 1554
1494320 1554
1494330 1550
1494340 1546
1494350 1546
1494360 1542
1494370 1538
1494380 1538
1494390 1535
1494400 1531
1494410 1527
1494420 1527
1494430 1522
1494440 1516
1494450 1516
1494460 1509
1494470 1504
1494480 1504
1494490 1498
1494500 1494
1494510 1494
1494520 1490
1494530 1484
1494540 1484
1494550 1477
1494560 1475
1494570 1475
1494580 1473
1494590 1472
1494600 1472
1494610 1470
1494620 1467
1494630 1467
1494640 1464
1494650 1460
1494660 1456
1494670 1456
1494680 1450
1494690 1446
1494700 1446
1494710 1442
1494720 1439
1494730 1439
1494740 1438
1494750 1438
1494760 1438
1494770 1436
1494780 1432
1494790 1432
1494800 1427
1494810 1422
1494820 1422
1494830 1415
1494840 1410
1494850 1410
1494860 1409
1494870 1408
1494880 1406
1494890 1406
1494900 1409
1494910 1415
1494920 1415
1494930 1420
1494940 1425
1494950 1425
1494960 1431
1494970 1434
1494980 1434
1494990 1440
1495000 1445
1495010 1445
1495020 1449
1495030 1450
1495040 1450
1495050 1456
1495060 1465
1495070 1465
1495080 1472
1495090 1479
1495100 1485
1495110 1485
1495120 1500
1495130 1514
1495140 1514
1495150 1528
1495160 1540
1495170 1540
1495180 1552
1495190 1563
1495200 1563
1495210 1572
1495220 1578
1495230 1578
1495240 1583
1495250 1584
1495260 1584
1495270 1585
1495280 1581
1495290 1581
1495300 1578
1495310 1577
1495320 1575
1495330 1575
1495340 1576
1495350 1579
1495360 1579
1495370 1576
1495380 1570
1495390 1570
1495400 1566
1495410 1561
1495420 1561
1495430 1555
1495440 1546
1495450 1546
1495460 1534
1495470 1528
1495480 1528
1495490 1538
1495500 1548
1495510 1548
1495520 1567
1495530 1565
1495540 1560
1495550 1560
1495560 1554
1495570 1549
1495580 1549
1495590 1544
1495600 1542
1495610 1542
1495620 1540
1495630 1540
1495640 1540
1495650 1542
1495660 1542
1495670 1542
1495680 1543
1495690 1540
1495700 1540
1495710 1542
1495720 1541
1495730 1541
1495740 1539
1495750 1533
1495760 1533
1495770 1533
1495780 1538
1495790 1547
1495800 1547
1495810 1558
1495820 1566
1495830 1566
1495840 1576
1495850 1583
1495860 1583
1495870 1588
1495880 1592
1495890 1592
1495900 1595
1495910 1598
1495920 1598
1495930 1598
1495940 1599
1495950 1599
1495960 1600
1495970 1604
1495980 1604
1495990 1609
1496000 1614
1496010 1616
1496020 1616
1496030 1619
1496040 1624
1496050 1624
1496060 1627
1496070 1627
1496080 1627
1496090 1629
1496100 1632
1496110 1632
1496120 1636
1496130 1638
1496140 1638
1496150 1642
1496160 1646
1496170 1646
1496180 1651
1496190 1656
1496200 1656
1496210 1659
1496220 1664
1496230 1671
1496240 1671
1496250 1678
1496260 1686
1496270 1686
1496280 1697
1496290 1703
1496300 1703
1496310 1705
1496320 1703
1496330 1703
1496340 1698
1496350 1695
1496360 1695
1496370 1692
1496380 1691
1496390 1691
1496400 1693
1496410 1695
1496420 1695
1496430 1693
1496440 1691
1496450 1687
1496460 1687
1496470 1683
1496480 1682
1496490 1682
1496500 1678
1496510 1676
1496520 1676
1496530 1677
1496540 1681
1496550 1681
1496560 1682
1496570 1699
1496580 1699
1496590 1707
1496600 1716
1496610 1716
1496620 1722
1496630 1721
1496640 1721
1496650 1717
1496660 1711
1496670 1706
1496680 1706
1496690 1702
1496700 1697
1496710 1697
1496720 1693
1496730 1688
1496740 1688
1496750 1685
1496760 1680
1496770 1680
1496780 1675
1496790 1670
1496800 1670
1496810 1666
1496820 1664
1496830 1664
1496840 1663
1496850 1666
1496860 1666
1496870 1673
1496880 1680
1496890 1686
1496900 1686
1496910 1693
1496920 1699
1496930 1699
1496940 1702
1496950 1706
1496960 1706
1496970 1708
1496980 1708
1496990 1708
1497000 1706
1497010 1703
1497020 1703
1497030 1703
1497040 1702
1497050 1702
1497060 1701
1497070 1704
1497080 1704
1497090 1706
1497100 1710
1497110 1715
1497120 1715
1497130 1720
1497140 1723
1497150 1723
1497160 1728
1497170 1732
1497180 1732
1497190 1736
1497200 1735
1497210 1735
1497220 1736
1497230 1738
1497240 1738
1497250 1737
1497260 1734
1497270 1734
1497280 1737
1497290 1743
1497300 1743
1497310 1749
1497320 1752
1497330 1752
1497340 1753
1497350 1752
1497360 1753
1497370 1753
1497380 1751
1497390 1749
1497400 1749
1497410 1746
1497420 1743
1497430 1743
1497440 1737
1497450 1728
1497460 1728
1497470 1720
1497480 1715
1497490 1715
1497500 1711
1497510 1706
1497520 1706
1497530 1699
1497540 1693
1497550 1693
1497560 1691
1497570 1695
1497580 1699
1497590 1699
1497600 1699
1497610 1698
1497620 1698
1497630 1695
1497640 1694
1497650 1694
1497660 1690
1497670 1682
1497680 1682
1497690 1676
1497700 1671
1497710 1671
1497720 1669
1497730 1667
1497740 1667
1497750 1661
1497760 1654
1497770 1654
1497780 1649
1497790 1644
1497800 1637
1497810 1637
1497820 1632
1497830 1631
1497840 1631
1497850 1629
1497860 1628
1497870 1628
1497880 1628
1497890 1628
1497900 1628
1497910 1628
1497920 1629
1497930 1629
1497940 1631
1497950 1633
1497960 1633
1497970 1637
1497980 1641
1497990 1641
1498000 1646
1498010 1650
1498020 1654
1498030 1654
1498040 1659
1498050 1663
1498060 1663
1498070 1668
1498080 1674
1498090 1674
1498100 1678
1498110 1674
1498120 1674
1498130 1669
1498140 1665
1498150 1665
1498160 1660
1498170 1656
1498180 1656
1498190 1652
1498200 1652
1498210 1652
1498220 1663
1498230 1675
1498240 1682
1498250 1682
1498260 1690
1498270 1698
1498280 1698
1498290 1707
1498300 1714
1498310 1714
1498320 1722
1498330 1729
1498340 1729
1498350 1736
1498360 1741
1498370 1741
1498380 1746
1498390 1750
1498400 1750
1498410 1755
1498420 1760
1498430 1760
1498440 1766
1498450 1772
1498460 1779
1498470 1779
1498480 1787
1498490 1796
1498500 1796
1498510 1807
1498520 1814
1498530 1814
1498540 1812
1498550 1811
1498560 1811
1498570 1811
1498580 1816
1498590 1816
1498600 1819
1498610 1816
1498620 1816
1498630 1812
1498640 1807
1498650 1807
1498660 1801
1498670 1793
1498680 1793
1498690 1786
1498700 1781
1498710 1774
1498720 1774
1498730 1769
1498740 1763
1498750 1763
1498760 1756
1498770 1752
1498780 1752
1498790 1753
1498800 1758
1498810 1758
1498820 1763
1498830 1770
1498840 1770
1498850 1774
1498860 1774
1498870 1774
1498880 1769
1498890 1763
1498900 1763
1498910 1759
1498920 1755
1498930 1759
1498940 1759
1498950 1766
1498960 1772
1498970 1772
1498980 1776
1498990 1780
1499000 1780
1499010 1785
1499020 1789
1499030 1789
1499040 1792
1499050 1796
1499060 1796
1499070 1800
1499080 1804
1499090 1804
1499100 1810
1499110 1813
1499120 1813
1499130 1809
1499140 1813
1499150 1822
1499160 1822
1499170 1829
1499180 1836
1499190 1836
1499200 1844
1499210 1852
1499220 1852
1499230 1860
1499240 1869
1499250 1869
1499260 1878
1499270 1888
1499280 1888
1499290 1897
1499300 1905
1499310 1905
1499320 1914
1499330 1923
1499340 1923
1499350 1932
1499360 1943
1499370 1954
1499380 1954
1499390 1965
1499400 1975
1499410 1975
1499420 1986
1499430 1995
1499440 1995
1499450 2004
1499460 2012
1499470 2012
1499480 2018
1499490 2025
1499500 2025
1499510 2033
1499520 2038
1499530 2038
1499540 2034
1499550 2028
1499560 2028
1499570 2024
1499580 2022
1499590 2018
1499600 2018
1499610 2009
1499620 2001
1499630 2001
1499640 1991
1499650 1982
1499660 1982
1499670 1979
1499680 1978
1499690 1978
1499700 1976
1499710 1977
1499720 1977
1499730 1981
1499740 1977
1499750 1977
1499760 1973
1499770 1970
1499780 1970
1499790 1969
1499800 1973
1499810 1977
1499820 1977
1499830 1981
1499840 1980
1499850 1980
1499860 1981
1499870 1982
1499880 1982
1499890 1982
1499900 1984
1499910 1984
1499920 1990
1499930 1998
1499940 1998
1499950 2007
1499960 2016
1499970 2016
1499980 2025
1499990 2035
