1480000 1373
1480010 1373
1480020 1378
1480030 1377
1480040 1377
1480050 1379
1480060 1377
1480070 1377
1480080 1372
1480090 1372
1480100 1372
1480110 1379
1480120 1385
1480130 1385
1480140 1386
1480150 1384
1480160 1384
1480170 1382
1480180 1381
1480190 1381
1480200 1379
1480210 1376
1480220 1375
1480230 1375
1480240 1375
1480250 1374
1480260 1374
1480270 1374
1480280 1374
1480290 1374
1480300 1374
1480310 1375
1480320 1375
1480330 1374
1480340 1373
1480350 1373
1480360 1369
1480370 1357
1480380 1357
1480390 1352
1480400 1353
1480410 1353
1480420 1347
1480430 1350
1480440 1338
1480450 1338
1480460 1321
1480470 1320
1480480 1320
1480490 1327
1480500 1323
1480510 1323
1480520 1318
1480530 1320
1480540 1320
1480550 1325
1480560 1327
1480570 1327
1480580 1325
1480590 1325
1480600 1325
1480610 1312
1480620 1304
1480630 1304
1480640 1297
1480650 1295
1480660 1295
1480670 1291
1480680 1283
1480690 1284
1480700 1284
1480710 1289
1480720 1293
1480730 1293
1480740 1291
1480750 1282
1480760 1282
1480770 1280
1480780 1280
1480790 1280
1480800 1279
1480810 1279
1480820 1279
1480830 1277
1480840 1274
1480850 1274
1480860 1270
1480870 1270
1480880 1270
1480890 1271
1480900 1271
1480910 1270
1480920 1270
1480930 1269
1480940 1266
1480950 1266
1480960 1264
1480970 1261
1480980 1261
1480990 1261
1481000 1263
1481010 1263
1481020 1264
1481030 1264
1481040 1264
1481050 1263
1481060 1263
1481070 1263
1481080 1262
1481090 1261
1481100 1261
1481110 1260
1481120 1258
1481130 1257
1481140 1257
1481150 1255
1481160 1255
1481170 1255
1481180 1256
1481190 1258
1481200 1258
1481210 1262
1481220 1267
1481230 1267
1481240 1271
1481250 1276
1481260 1276
1481270 1281
1481280 1285
1481290 1285
1481300 1290
1481310 1295
1481320 1295
1481330 1299
1481340 1304
1481350 1309
1481360 1309
1481370 1313
1481380 1320
1481390 1320
1481400 1326
1481410 1332
1481420 1332
1481430 1336
1481440 1340
1481450 1340
1481460 1345
1481470 1351
1481480 1351
1481490 1356
1481500 1360
1481510 1360
1481520 1363
1481530 1368
1481540 1368
1481550 1372
1481560 1375
1481570 1378
1481580 1378
1481590 1382
1481600 1386
1481610 1386
1481620 1389
1481630 1392
1481640 1392
1481650 1395
1481660 1398
1481670 1398
1481680 1403
1481690 1408
1481700 1408
1481710 1412
1481720 1416
1481730 1416
1481740 1421
1481750 1424
1481760 1424
1481770 1428
1481780 1431
1481790 1431
1481800 1434
1481810 1439
1481820 1444
1481830 1444
1481840 1449
1481850 1453
1481860 1453
1481870 1461
1481880 1484
1481890 1484
1481900 1494
1481910 1493
1481920 1493
1481930 1499
1481940 1504
1481950 1504
1481960 1510
1481970 1513
1481980 1513
1481990 1526
1482000 1540
1482010 1540
1482020 1546
1482030 1550
1482040 1559
1482050 1559
1482060 1566
1482070 1569
1482080 1569
1482090 1571
1482100 1570
1482110 1570
1482120 1572
1482130 1578
1482140 1578
1482150 1591
1482160 1602
1482170 1602
1482180 1615
1482190 1620
1482200 1620
1482210 1625
1482220 1630
1482230 1630
1482240 1634
1482250 1644
1482260 1654
1482270 1654
1482280 1666
1482290 1664
1482300 1664
1482310 1674
1482320 1686
1482330 1686
1482340 1696
1482350 1702
1482360 1702
1482370 1706
1482380 1712
1482390 1712
1482400 1719
1482410 1727
1482420 1727
1482430 1736
1482440 1743
1482450 1743
1482460 1749
1482470 1755
1482480 1761
1482490 1761
1482500 1769
1482510 1776
1482520 1776
1482530 1783
1482540 1788
1482550 1788
1482560 1796
1482570 1806
1482580 1806
1482590 1814
1482600 1820
1482610 1820
1482620 1823
1482630 1831
1482640 1831
1482650 1840
1482660 1847
1482670 1847
1482680 1856
1482690 1864
1482700 1870
1482710 1870
1482720 1877
1482730 1881
1482740 1881
1482750 1883
1482760 1884
1482770 1884
1482780 1885
1482790 1886
1482800 1886
1482810 1888
1482820 1892
1482830 1892
1482840 1896
1482850 1901
1482860 1901
1482870 1905
1482880 1908
1482890 1908
1482900 1914
1482910 1921
1482920 1921
1482930 1924
1482940 1932
1482950 1941
1482960 1941
1482970 1950
1482980 1958
1482990 1958
1483000 1967
1483010 1977
1483020 1977
1483030 1985
1483040 1992
1483050 1992
1483060 1997
1483070 2004
1483080 2004
1483090 2012
1483100 2020
1483110 2020
1483120 2030
1483130 2040
1483140 2040
1483150 2049
1483160 2056
1483170 2063
1483180 2063
1483190 2069
1483200 2074
1483210 2074
1483220 2078
1483230 2077
1483240 2077
1483250 2074
1483260 2072
1483270 2072
1483280 2071
1483290 2071
1483300 2071
1483310 2072
1483320 2077
1483330 2077
1483340 2086
1483350 2096
1483360 2096
1483370 2104
1483380 2113
1483390 2122
1483400 2122
1483410 2132
1483420 2140
1483430 2140
1483440 2148
1483450 2156
1483460 2156
1483470 2163
1483480 2171
1483490 2171
1483500 2180
1483510 2188
1483520 2188
1483530 2195
1483540 2201
1483550 2201
1483560 2204
1483570 2198
1483580 2198
1483590 2193
1483600 2198
1483610 2200
1483620 2200
1483630 2203
1483640 2210
1483650 2210
1483660 2220
1483670 2230
1483680 2230
1483690 2240
1483700 2249
1483710 2249
1483720 2258
1483730 2267
1483740 2267
1483750 2276
1483760 2284
1483770 2284
1483780 2292
1483790 2302
1483800 2302
1483810 2304
1483820 2302
1483830 2302
1483840 2300
1483850 2305
1483860 2313
1483870 2313
1483880 2320
1483890 2322
1483900 2322
1483910 2323
1483920 2331
1483930 2331
1483940 2340
1483950 2348
1483960 2348
1483970 2358
1483980 2366
1483990 2366
1484000 2372
1484010 2376
1484020 2376
1484030 2381
1484040 2387
1484050 2387
1484060 2395
1484070 2404
1484080 2413
1484090 2413
1484100 2423
1484110 2432
1484120 2432
1484130 2441
1484140 2458
1484150 2458
1484160 2467
1484170 2463
1484180 2463
1484190 2458
1484200 2453
1484210 2453
1484220 2450
1484230 2446
1484240 2446
1484250 2442
1484260 2438
1484270 2438
1484280 2431
1484290 2425
1484300 2419
1484310 2419
1484320 2415
1484330 2411
1484340 2411
1484350 2407
1484360 2405
1484370 2405
1484380 2404
1484390 2402
1484400 2402
1484410 2397
1484420 2390
1484430 2390
1484440 2382
1484450 2374
1484460 2374
1484470 2369
1484480 2366
1484490 2366
1484500 2364
1484510 2362
1484520 2360
1484530 2360
1484540 2359
1484550 2357
1484560 2357
1484570 2357
1484580 2358
1484590 2358
1484600 2357
1484610 2351
1484620 2351
1484630 2346
1484640 2340
1484650 2340
1484660 2335
1484670 2332
1484680 2332
1484690 2326
1484700 2319
1484710 2319
1484720 2311
1484730 2308
1484740 2304
1484750 2304
1484760 2300
1484770 2296
1484780 2296
1484790 2290
1484800 2282
1484810 2282
1484820 2276
1484830 2270
1484840 2270
1484850 2262
1484860 2253
1484870 2253
1484880 2248
1484890 2242
1484900 2242
1484910 2227
1484920 2218
1484930 2218
1484940 2212
1484950 2207
1484960 2207
1484970 2205
1484980 2207
1484990 2212
1485000 2212
1485010 2209
1485020 2207
1485030 2207
1485040 2204
1485050 2199
1485060 2199
1485070 2196
1485080 2190
1485090 2190
1485100 2183
1485110 2172
1485120 2172
1485130 2165
1485140 2158
1485150 2158
1485160 2150
1485170 2141
1485180 2141
1485190 2132
1485200 2124
1485210 2117
1485220 2117
1485230 2110
1485240 2102
1485250 2102
1485260 2096
1485270 2091
1485280 2091
1485290 2085
1485300 2078
1485310 2078
1485320 2071
1485330 2064
1485340 2064
1485350 2056
1485360 2049
1485370 2049
1485380 2042
1485390 2038
1485400 2038
1485410 2033
1485420 2030
1485430 2027
1485440 2027
1485450 2024
1485460 2020
1485470 2020
1485480 2017
1485490 2014
1485500 2014
1485510 2011
1485520 2010
1485530 2010
1485540 2008
1485550 2007
1485560 2007
1485570 2007
1485580 2006
1485590 2006
1485600 2008
1485610 2009
1485620 2009
1485630 2008
1485640 2009
1485650 2011
1485660 2011
1485670 2014
1485680 2017
1485690 2017
1485700 2020
1485710 2025
1485720 2025
1485730 2031
1485740 2036
1485750 2036
1485760 2042
1485770 2046
1485780 2046
1485790 2050
1485800 2056
1485810 2056
1485820 2062
1485830 2069
1485840 2069
1485850 2077
1485860 2085
1485870 2093
1485880 2093
1485890 2101
1485900 2108
1485910 2108
1485920 2116
1485930 2124
1485940 2124
1485950 2130
1485960 2135
1485970 2135
1485980 2139
1485990 2144
1486000 2144
1486010 2148
1486020 2153
1486030 2153
1486040 2157
1486050 2167
1486060 2167
1486070 2174
1486080 2180
1486090 2180
1486100 2184
1486110 2187
1486120 2191
1486130 2191
1486140 2197
1486150 2200
1486160 2200
1486170 2202
1486180 2206
1486190 2206
1486200 2209
1486210 2213
1486220 2213
1486230 2216
1486240 2219
1486250 2219
1486260 2221
1486270 2224
1486280 2224
1486290 2231
1486300 2236
1486310 2236
1486320 2240
1486330 2242
1486340 2246
1486350 2246
1486360 2249
1486370 2251
1486380 2251
1486390 2253
1486400 2255
1486410 2255
1486420 2256
1486430 2258
1486440 2258
1486450 2260
1486460 2262
1486470 2262
1486480 2266
1486490 2270
1486500 2270
1486510 2275
1486520 2282
1486530 2282
1486540 2290
1486550 2294
1486560 2297
1486570 2297
1486580 2301
1486590 2306
1486600 2306
1486610 2308
1486620 2310
1486630 2310
1486640 2312
1486650 2316
1486660 2316
1486670 2319
1486680 2322
1486690 2322
1486700 2325
1486710 2328
1486720 2328
1486730 2330
1486740 2332
1486750 2332
1486760 2334
1486770 2335
1486780 2338
1486790 2338
1486800 2342
1486810 2347
1486820 2347
1486830 2351
1486840 2354
1486850 2354
1486860 2359
1486870 2364
1486880 2364
1486890 2366
1486900 2366
1486910 2366
1486920 2367
1486930 2369
1486940 2369
1486950 2369
1486960 2369
1486970 2369
1486980 2370
1486990 2372
1487000 2372
1487010 2372
1487020 2374
1487030 2374
1487040 2374
1487050 2375
1487060 2375
1487070 2375
1487080 2375
1487090 2374
1487100 2374
1487110 2375
1487120 2376
1487130 2376
1487140 2376
1487150 2376
1487160 2376
1487170 2378
1487180 2379
1487190 2379
1487200 2380
1487210 2380
1487220 2380
1487230 2380
1487240 2379
1487250 2379
1487260 2379
1487270 2379
1487280 2378
1487290 2378
1487300 2378
1487310 2379
1487320 2379
1487330 2378
1487340 2378
1487350 2378
1487360 2378
1487370 2377
1487380 2377
1487390 2377
1487400 2377
1487410 2377
1487420 2376
1487430 2375
1487440 2375
1487450 2374
1487460 2373
1487470 2372
1487480 2372
1487490 2371
1487500 2370
1487510 2370
1487520 2369
1487530 2369
1487540 2369
1487550 2370
1487560 2368
1487570 2368
1487580 2366
1487590 2365
1487600 2365
1487610 2362
1487620 2360
1487630 2360
1487640 2358
1487650 2355
1487660 2355
1487670 2350
1487680 2345
1487690 2343
1487700 2343
1487710 2341
1487720 2340
1487730 2340
1487740 2342
1487750 2346
1487760 2346
1487770 2356
1487780 2364
1487790 2364
1487800 2367
1487810 2370
1487820 2370
1487830 2370
1487840 2371
1487850 2371
1487860 2372
1487870 2371
1487880 2371
1487890 2371
1487900 2370
1487910 2370
1487920 2370
1487930 2370
1487940 2369
1487950 2369
1487960 2369
1487970 2368
1487980 2368
1487990 2367
1488000 2366
1488010 2366
1488020 2367
1488030 2372
1488040 2372
1488050 2378
1488060 2382
1488070 2382
1488080 2385
1488090 2388
1488100 2388
1488110 2389
1488120 2388
1488130 2384
1488140 2384
1488150 2381
1488160 2377
1488170 2377
1488180 2372
1488190 2368
1488200 2368
1488210 2364
1488220 2361
1488230 2361
1488240 2357
1488250 2354
1488260 2354
1488270 2351
1488280 2348
1488290 2348
1488300 2345
1488310 2342
1488320 2342
1488330 2339
1488340 2337
1488350 2337
1488360 2334
1488370 2330
1488380 2325
1488390 2325
1488400 2320
1488410 2319
1488420 2319
1488430 2312
1488440 2306
1488450 2306
1488460 2303
1488470 2300
1488480 2300
1488490 2294
1488500 2288
1488510 2288
1488520 2283
1488530 2279
1488540 2279
1488550 2276
1488560 2272
1488570 2272
1488580 2268
1488590 2263
1488600 2258
1488610 2258
1488620 2254
1488630 2249
1488640 2249
1488650 2244
1488660 2239
1488670 2239
1488680 2233
1488690 2226
1488700 2226
1488710 2220
1488720 2214
1488730 2214
1488740 2207
1488750 2201
1488760 2201
1488770 2195
1488780 2189
1488790 2189
1488800 2184
1488810 2181
1488820 2177
1488830 2177
1488840 2174
1488850 2169
1488860 2169
1488870 2165
1488880 2163
1488890 2163
1488900 2159
1488910 2155
1488920 2155
1488930 2151
1488940 2147
1488950 2147
1488960 2142
1488970 2135
1488980 2135
1488990 2128
1489000 2122
1489010 2122
1489020 2115
1489030 2110
1489040 2104
1489050 2104
1489060 2098
1489070 2092
1489080 2092
1489090 2086
1489100 2082
1489110 2082
1489120 2077
1489130 2072
1489140 2072
1489150 2067
1489160 2062
1489170 2062
1489180 2056
1489190 2049
1489200 2049
1489210 2042
1489220 2037
1489230 2037
1489240 2032
1489250 2027
1489260 2016
1489270 2016
1489280 2002
1489290 1990
1489300 1990
1489310 1981
1489320 1973
1489330 1973
1489340 1966
1489350 1960
1489360 1960
1489370 1953
1489380 1946
1489390 1946
1489400 1937
1489410 1929
1489420 1929
1489430 1921
1489440 1913
1489450 1913
1489460 1906
1489470 1900
1489480 1900
1489490 1893
1489500 1886
1489510 1882
1489520 1882
1489530 1879
1489540 1872
1489550 1872
1489560 1865
1489570 1860
1489580 1860
1489590 1855
1489600 1848
1489610 1848
1489620 1842
1489630 1834
1489640 1834
1489650 1827
1489660 1821
1489670 1821
1489680 1817
1489690 1815
1489700 1815
1489710 1811
1489720 1804
1489730 1797
1489740 1797
1489750 1786
1489760 1775
1489770 1775
1489780 1768
1489790 1761
1489800 1761
1489810 1755
1489820 1748
1489830 1748
1489840 1740
1489850 1731
1489860 1731
1489870 1725
1489880 1718
1489890 1718
1489900 1711
1489910 1706
1489920 1706
1489930 1704
1489940 1702
1489950 1700
1489960 1700
1489970 1698
1489980 1697
1489990 1697
1490000 1695
1490010 1694
1490020 1694
1490030 1692
1490040 1691
1490050 1691
1490060 1689
1490070 1688
1490080 1688
1490090 1687
1490100 1685
1490110 1685
1490120 1683
1490130 1682
1490140 1682
1490150 1679
1490160 1677
1490170 1676
1490180 1676
1490190 1678
1490200 1679
1490210 1679
1490220 1682
1490230 1684
1490240 1684
1490250 1684
1490260 1684
1490270 1684
1490280 1685
1490290 1687
1490300 1687
1490310 1689
1490320 1692
1490330 1692
1490340 1694
1490350 1697
1490360 1697
1490370 1700
1490380 1703
1490390 1703
1490400 1708
1490410 1713
1490420 1716
1490430 1716
1490440 1720
1490450 1726
1490460 1726
1490470 1729
1490480 1733
1490490 1733
1490500 1741
1490510 1752
1490520 1752
1490530 1760
1490540 1763
1490550 1763
1490560 1766
1490570 1767
1490580 1767
1490590 1772
1490600 1783
1490610 1783
1490620 1791
1490630 1799
1490640 1809
1490650 1809
1490660 1815
1490670 1814
1490680 1814
1490690 1814
1490700 1818
1490710 1818
1490720 1828
1490730 1843
1490740 1843
1490750 1853
1490760 1858
1490770 1858
1490780 1862
1490790 1866
1490800 1866
1490810 1869
1490820 1873
1490830 1873
1490840 1877
1490850 1878
1490860 1881
1490870 1881
1490880 1884
1490890 1887
1490900 1887
1490910 1891
1490920 1895
1490930 1895
1490940 1900
1490950 1905
1490960 1905
1490970 1910
1490980 1913
1490990 1913
1491000 1916
1491010 1916
1491020 1916
1491030 1917
1491040 1919
1491050 1919
1491060 1923
1491070 1928
1491080 1932
1491090 1932
1491100 1936
1491110 1938
1491120 1938
1491130 1940
1491140 1942
1491150 1942
1491160 1945
1491170 1949
1491180 1949
1491190 1954
1491200 1958
1491210 1958
1491220 1963
1491230 1968
1491240 1968
1491250 1972
1491260 1976
1491270 1976
1491280 1981
1491290 1984
1491300 1988
1491310 1988
1491320 1992
1491330 1996
1491340 1996
1491350 1999
1491360 2000
1491370 2000
1491380 2002
1491390 2004
1491400 2004
1491410 2006
1491420 2010
1491430 2010
1491440 2014
1491450 2018
1491460 2018
1491470 2020
1491480 2022
1491490 2022
1491500 2023
1491510 2025
1491520 2025
1491530 2027
1491540 2028
1491550 2028
1491560 2028
1491570 2028
1491580 2027
1491590 2027
1491600 2023
1491610 2016
1491620 2016
1491630 2011
1491640 2009
1491650 2009
1491660 2007
1491670 2002
1491680 2002
1491690 1997
1491700 1988
1491710 1988
1491720 1974
1491730 1968
1491740 1968
1491750 1962
1491760 1959
1491770 1957
1491780 1957
1491790 1951
1491800 1947
1491810 1947
1491820 1944
1491830 1942
1491840 1942
1491850 1939
1491860 1934
1491870 1934
1491880 1931
1491890 1928
1491900 1928
1491910 1922
1491920 1915
1491930 1915
1491940 1909
1491950 1906
1491960 1906
1491970 1901
1491980 1894
1491990 1890
1492000 1890
1492010 1885
1492020 1882
1492030 1882
1492040 1880
1492050 1872
1492060 1872
1492070 1864
1492080 1858
1492090 1858
1492100 1854
1492110 1850
1492120 1850
1492130 1846
1492140 1843
1492150 1843
1492160 1838
1492170 1833
1492180 1833
1492190 1828
1492200 1822
1492210 1816
1492220 1816
1492230 1810
1492240 1802
1492250 1802
1492260 1798
1492270 1793
1492280 1793
1492290 1785
1492300 1783
1492310 1783
1492320 1781
1492330 1781
1492340 1781
1492350 1781
1492360 1778
1492370 1778
1492380 1777
1492390 1775
1492400 1775
1492410 1773
1492420 1769
1492430 1767
1492440 1767
1492450 1766
1492460 1763
1492470 1763
1492480 1761
1492490 1757
1492500 1757
1492510 1752
1492520 1751
1492530 1751
1492540 1746
1492550 1742
1492560 1742
1492570 1738
1492580 1737
1492590 1737
1492600 1736
1492610 1735
1492620 1735
1492630 1735
1492640 1736
1492650 1736
1492660 1735
1492670 1734
1492680 1732
1492690 1732
1492700 1731
1492710 1729
1492720 1729
1492730 1727
1492740 1725
1492750 1725
1492760 1722
1492770 1720
1492780 1720
1492790 1717
1492800 1714
1492810 1714
1492820 1709
1492830 1704
1492840 1704
1492850 1701
1492860 1698
1492870 1698
1492880 1694
1492890 1689
1492900 1687
1492910 1687
1492920 1682
1492930 1677
1492940 1677
1492950 1671
1492960 1665
1492970 1665
1492980 1659
1492990 1655
1493000 1655
1493010 1651
1493020 1647
1493030 1647
1493040 1643
1493050 1637
1493060 1637
1493070 1632
1493080 1627
1493090 1627
1493100 1620
1493110 1611
1493120 1600
1493130 1600
1493140 1592
1493150 1585
1493160 1585
1493170 1585
1493180 1582
1493190 1582
1493200 1577
1493210 1570
1493220 1570
1493230 1564
1493240 1557
1493250 1557
1493260 1552
1493270 1546
1493280 1546
1493290 1540
1493300 1535
1493310 1535
1493320 1534
1493330 1532
1493340 1528
1493350 1528
1493360 1524
1493370 1519
1493380 1519
1493390 1513
1493400 1507
1493410 1507
1493420 1501
1493430 1496
1493440 1496
1493450 1494
1493460 1491
1493470 1491
1493480 1486
1493490 1482
1493500 1482
1493510 1477
1493520 1473
1493530 1473
1493540 1469
1493550 1464
1493560 1457
1493570 1457
1493580 1450
1493590 1446
1493600 1446
1493610 1445
1493620 1446
1493630 1446
1493640 1447
1493650 1450
1493660 1450
1493670 1454
1493680 1459
1493690 1459
1493700 1462
1493710 1466
1493720 1466
1493730 1471
1493740 1476
1493750 1476
1493760 1483
1493770 1490
1493780 1490
1493790 1496
1493800 1501
1493810 1506
1493820 1506
1493830 1513
1493840 1520
1493850 1520
1493860 1525
1493870 1531
1493880 1531
1493890 1537
1493900 1541
1493910 1541
1493920 1546
1493930 1550
1493940 1550
1493950 1554
1493960 1556
1493970 1556
1493980 1558
1493990 1560
1494000 1560
1494010 1562
1494020 1565
1494030 1569
1494040 1569
1494050 1574
1494060 1579
1494070 1579
1494080 1583
1494090 1585
1494100 1585
1494110 1587
1494120 1592
1494130 1592
1494140 1596
1494150 1597
1494160 1597
1494170 1599
1494180 1603
1494190 1603
1494200 1606
1494210 1608
1494220 1608
1494230 1609
1494240 1614
1494250 1625
1494260 1625
1494270 1635
1494280 1639
1494290 1639
1494300 1638
1494310 1639
1494320 1639
1494330 1650
1494340 1659
1494350 1659
1494360 1664
1494370 1665
1494380 1665
1494390 1663
1494400 1664
1494410 1664
1494420 1672
1494430 1674
1494440 1674
1494450 1671
1494460 1677
1494470 1679
1494480 1679
1494490 1681
1494500 1685
1494510 1685
1494520 1688
1494530 1691
1494540 1691
1494550 1690
1494560 1692
1494570 1692
1494580 1694
1494590 1694
1494600 1694
1494610 1699
1494620 1703
1494630 1703
1494640 1707
1494650 1711
1494660 1711
1494670 1717
1494680 1723
1494690 1730
1494700 1730
1494710 1736
1494720 1742
1494730 1742
1494740 1744
1494750 1744
1494760 1744
1494770 1743
1494780 1744
1494790 1744
1494800 1747
1494810 1749
1494820 1749
1494830 1747
1494840 1746
1494850 1746
1494860 1751
1494870 1758
1494880 1758
1494890 1766
1494900 1775
1494910 1775
1494920 1784
1494930 1795
1494940 1807
1494950 1807
1494960 1819
1494970 1830
1494980 1830
1494990 1838
1495000 1846
1495010 1846
1495020 1855
1495030 1864
1495040 1864
1495050 1872
1495060 1879
1495070 1879
1495080 1885
1495090 1890
1495100 1890
1495110 1896
1495120 1901
1495130 1901
1495140 1906
1495150 1910
1495160 1911
1495170 1911
1495180 1914
1495190 1918
1495200 1918
1495210 1923
1495220 1923
1495230 1923
1495240 1921
1495250 1918
1495260 1918
1495270 1921
1495280 1927
1495290 1927
1495300 1931
1495310 1932
1495320 1932
1495330 1935
1495340 1939
1495350 1939
1495360 1941
1495370 1946
1495380 1953
1495390 1953
1495400 1959
1495410 1965
1495420 1965
1495430 1971
1495440 1977
1495450 1977
1495460 1984
1495470 1990
1495480 1990
1495490 1996
1495500 2002
1495510 2002
1495520 2008
1495530 2010
1495540 2010
1495550 2005
1495560 1996
1495570 1996
1495580 1989
1495590 1982
1495600 1972
1495610 1972
1495620 1960
1495630 1952
1495640 1952
1495650 1945
1495660 1938
1495670 1938
1495680 1931
1495690 1924
1495700 1924
1495710 1918
1495720 1912
1495730 1912
1495740 1907
1495750 1903
1495760 1903
1495770 1899
1495780 1895
1495790 1895
1495800 1892
1495810 1889
1495820 1885
1495830 1885
1495840 1880
1495850 1875
1495860 1875
1495870 1872
1495880 1868
1495890 1868
1495900 1864
1495910 1860
1495920 1860
1495930 1857
1495940 1853
1495950 1853
1495960 1848
1495970 1843
1495980 1843
1495990 1841
1496000 1845
1496010 1845
1496020 1851
1496030 1856
1496040 1856
1496050 1860
1496060 1865
1496070 1870
1496080 1870
1496090 1876
1496100 1884
1496110 1884
1496120 1890
1496130 1896
1496140 1896
1496150 1901
1496160 1906
1496170 1906
1496180 1911
1496190 1917
1496200 1917
1496210 1923
1496220 1930
1496230 1930
1496240 1938
1496250 1946
1496260 1946
1496270 1952
1496280 1959
1496290 1966
1496300 1966
1496310 1973
1496320 1980
1496330 1980
1496340 1986
1496350 1993
1496360 1993
1496370 2003
1496380 2012
1496390 2012
1496400 2020
1496410 2028
1496420 2028
1496430 2036
1496440 2044
1496450 2044
1496460 2051
1496470 2058
1496480 2058
1496490 2066
1496500 2073
1496510 2081
1496520 2081
1496530 2089
1496540 2097
1496550 2097
1496560 2105
1496570 2113
1496580 2113
1496590 2120
1496600 2126
1496610 2126
1496620 2132
1496630 2139
1496640 2139
1496650 2146
1496660 2154
1496670 2154
1496680 2161
1496690 2169
1496700 2169
1496710 2176
1496720 2183
1496730 2188
1496740 2188
1496750 2194
1496760 2200
1496770 2200
1496780 2206
1496790 2212
1496800 2212
1496810 2218
1496820 2224
1496830 2224
1496840 2231
1496850 2238
1496860 2238
1496870 2246
1496880 2252
1496890 2252
1496900 2258
1496910 2264
1496920 2264
1496930 2268
1496940 2271
1496950 2274
1496960 2274
1496970 2277
1496980 2279
1496990 2279
1497000 2281
1497010 2282
1497020 2282
1497030 2284
1497040 2286
1497050 2286
1497060 2287
1497070 2288
1497080 2288
1497090 2290
1497100 2292
1497110 2292
1497120 2293
1497130 2295
1497140 2295
1497150 2297
1497160 2299
1497170 2299
1497180 2300
1497190 2302
1497200 2303
1497210 2303
1497220 2304
1497230 2304
1497240 2304
1497250 2302
1497260 2299
1497270 2299
1497280 2293
1497290 2286
1497300 2286
1497310 2280
1497320 2273
1497330 2273
1497340 2266
1497350 2260
1497360 2260
1497370 2252
1497380 2246
1497390 2246
1497400 2239
1497410 2232
1497420 2225
1497430 2225
1497440 2218
1497450 2212
1497460 2212
1497470 2205
1497480 2199
1497490 2199
1497500 2192
1497510 2185
1497520 2185
1497530 2178
1497540 2170
1497550 2170
1497560 2161
1497570 2152
1497580 2152
1497590 2143
1497600 2134
1497610 2134
1497620 2126
1497630 2119
1497640 2111
1497650 2111
1497660 2102
1497670 2093
1497680 2093
1497690 2084
1497700 2076
1497710 2076
1497720 2069
1497730 2061
1497740 2061
1497750 2054
1497760 2046
1497770 2046
1497780 2039
1497790 2032
1497800 2032
1497810 2025
1497820 2017
1497830 2017
1497840 2009
1497850 2001
1497860 1995
1497870 1995
1497880 1987
1497890 1977
1497900 1977
1497910 1968
1497920 1959
1497930 1959
1497940 1950
1497950 1943
1497960 1943
1497970 1935
1497980 1928
1497990 1928
1498000 1920
1498010 1914
1498020 1914
1498030 1909
1498040 1903
1498050 1903
1498060 1895
1498070 1889
1498080 1883
1498090 1883
1498100 1877
1498110 1870
1498120 1870
1498130 1863
1498140 1856
1498150 1856
1498160 1849
1498170 1842
1498180 1842
1498190 1835
1498200 1828
1498210 1828
1498220 1830
1498230 1832
1498240 1832
1498250 1835
1498260 1839
1498270 1839
1498280 1843
1498290 1848
1498300 1848
1498310 1852
1498320 1857
1498330 1860
1498340 1860
1498350 1862
1498360 1862
1498370 1862
1498380 1862
1498390 1862
1498400 1862
1498410 1863
1498420 1865
1498430 1865
1498440 1867
1498450 1871
1498460 1871
1498470 1877
1498480 1884
1498490 1884
1498500 1891
1498510 1898
1498520 1898
1498530 1905
1498540 1912
1498550 1918
1498560 1918
1498570 1925
1498580 1933
1498590 1933
1498600 1940
1498610 1947
1498620 1947
1498630 1953
1498640 1959
1498650 1959
1498660 1966
1498670 1972
1498680 1972
1498690 1978
1498700 1986
1498710 1986
1498720 1993
1498730 2001
1498740 2001
1498750 2008
1498760 2015
1498770 2022
1498780 2022
1498790 2028
1498800 2034
1498810 2034
1498820 2040
1498830 2045
1498840 2045
1498850 2051
1498860 2059
1498870 2059
1498880 2066
1498890 2073
1498900 2073
1498910 2079
1498920 2086
1498930 2086
1498940 2092
1498950 2098
1498960 2098
1498970 2107
1498980 2116
1498990 2124
1499000 2124
1499010 2132
1499020 2139
1499030 2139
1499040 2146
1499050 2153
1499060 2153
1499070 2158
1499080 2164
1499090 2164
1499100 2170
1499110 2176
1499120 2176
1499130 2181
1499140 2188
1499150 2188
1499160 2196
1499170 2206
1499180 2206
1499190 2219
1499200 2227
1499210 2232
1499220 2232
1499230 2237
1499240 2242
1499250 2242
1499260 2246
1499270 2250
1499280 2250
1499290 2255
1499300 2259
1499310 2259
1499320 2264
1499330 2268
1499340 2268
1499350 2273
1499360 2278
1499370 2278
1499380 2282
1499390 2286
1499400 2286
1499410 2290
1499420 2294
1499430 2294
1499440 2299
1499450 2302
1499460 2305
1499470 2305
1499480 2309
1499490 2313
1499500 2313
1499510 2315
1499520 2318
1499530 2318
1499540 2322
1499550 2326
1499560 2326
1499570 2330
1499580 2335
1499590 2335
1499600 2339
1499610 2344
1499620 2344
1499630 2348
1499640 2353
1499650 2353
1499660 2358
1499670 2363
1499680 2367
1499690 2367
1499700 2370
1499710 2375
1499720 2375
1499730 2381
1499740 2387
1499750 2387
1499760 2392
1499770 2396
1499780 2396
1499790 2400
1499800 2404
1499810 2404
1499820 2407
1499830 2411
1499840 2411
1499850 2414
1499860 2418
1499870 2418
1499880 2421
1499890 2425
1499900 2429
1499910 2429
1499920 2433
1499930 2438
1499940 2438
1499950 2443
1499960 2447
1499970 2447
1499980 2452
1499990 2456
