1480000 1126
1480010 1126
1480020 1137
1480030 1144
1480040 1144
1480050 1158
1480060 1178
1480070 1178
1480080 1188
1480090 1203
1480100 1203
1480110 1230
1480120 1239
1480130 1239
1480140 1244
1480150 1249
1480160 1249
1480170 1254
1480180 1257
1480190 1257
1480200 1262
1480210 1264
1480220 1266
1480230 1266
1480240 1270
1480250 1275
1480260 1275
1480270 1280
1480280 1284
1480290 1284
1480300 1288
1480310 1292
1480320 1292
1480330 1297
1480340 1304
1480350 1304
1480360 1309
1480370 1316
1480380 1316
1480390 1323
1480400 1330
1480410 1330
1480420 1338
1480430 1348
1480440 1357
1480450 1357
1480460 1367
1480470 1376
1480480 1376
1480490 1385
1480500 1395
1480510 1395
1480520 1407
1480530 1420
1480540 1420
1480550 1430
1480560 1440
1480570 1440
1480580 1450
1480590 1459
1480600 1459
1480610 1468
1480620 1475
1480630 1475
1480640 1483
1480650 1491
1480660 1500
1480670 1500
1480680 1509
1480690 1516
1480700 1516
1480710 1524
1480720 1534
1480730 1534
1480740 1542
1480750 1549
1480760 1549
1480770 1558
1480780 1565
1480790 1565
1480800 1572
1480810 1578
1480820 1578
1480830 1583
1480840 1589
1480850 1589
1480860 1594
1480870 1600
1480880 1606
1480890 1606
1480900 1612
1480910 1620
1480920 1620
1480930 1628
1480940 1636
1480950 1636
1480960 1643
1480970 1650
1480980 1650
1480990 1655
1481000 1663
1481010 1663
1481020 1679
1481030 1690
1481040 1690
1481050 1697
1481060 1705
1481070 1705
1481080 1714
1481090 1723
1481100 1730
1481110 1730
1481120 1738
1481130 1744
1481140 1744
1481150 1749
1481160 1753
1481170 1753
1481180 1756
1481190 1757
1481200 1757
1481210 1755
1481220 1753
1481230 1753
1481240 1752
1481250 1755
1481260 1755
1481270 1762
1481280 1769
1481290 1769
1481300 1776
1481310 1781
1481320 1781
1481330 1786
1481340 1792
1481350 1797
1481360 1797
1481370 1804
1481380 1812
1481390 1812
1481400 1817
1481410 1822
1481420 1822
1481430 1827
1481440 1835
1481450 1835
1481460 1844
1481470 1850
1481480 1850
1481490 1855
1481500 1861
1481510 1861
1481520 1862
1481530 1864
1481540 1864
1481550 1862
1481560 1857
1481570 1851
1481580 1851
1481590 1846
1481600 1842
1481610 1842
1481620 1839
1481630 1837
1481640 1837
1481650 1836
1481660 1844
1481670 1844
1481680 1851
1481690 1858
1481700 1858
1481710 1864
1481720 1870
1481730 1870
1481740 1877
1481750 1883
1481760 1883
1481770 1890
1481780 1897
1481790 1905
1481800 1905
1481810 1913
1481820 1919
1481830 1919
1481840 1925
1481850 1931
1481860 1931
1481870 1937
1481880 1944
1481890 1944
1481900 1954
1481910 1965
1481920 1965
1481930 1975
1481940 1979
1481950 1979
1481960 1978
1481970 1977
1481980 1977
1481990 1976
1482000 1975
1482010 1975
1482020 1975
1482030 1976
1482040 1980
1482050 1980
1482060 1986
1482070 1992
1482080 1992
1482090 1998
1482100 2005
1482110 2005
1482120 2011
1482130 2017
1482140 2017
1482150 2025
1482160 2033
1482170 2033
1482180 2041
1482190 2049
1482200 2049
1482210 2056
1482220 2061
1482230 2061
1482240 2067
1482250 2073
1482260 2075
1482270 2075
1482280 2076
1482290 2073
1482300 2073
1482310 2071
1482320 2070
1482330 2070
1482340 2071
1482350 2069
1482360 2069
1482370 2064
1482380 2059
1482390 2059
1482400 2057
1482410 2057
1482420 2057
1482430 2055
1482440 2057
1482450 2057
1482460 2058
1482470 2060
1482480 2063
1482490 2063
1482500 2066
1482510 2070
1482520 2070
1482530 2074
1482540 2078
1482550 2078
1482560 2083
1482570 2089
1482580 2089
1482590 2096
1482600 2101
1482610 2101
1482620 2106
1482630 2108
1482640 2108
1482650 2112
1482660 2118
1482670 2118
1482680 2124
1482690 2132
1482700 2139
1482710 2139
1482720 2146
1482730 2148
1482740 2148
1482750 2140
1482760 2133
1482770 2133
1482780 2129
1482790 2122
1482800 2122
1482810 2116
1482820 2112
1482830 2112
1482840 2107
1482850 2102
1482860 2102
1482870 2098
1482880 2093
1482890 2093
1482900 2090
1482910 2086
1482920 2081
1482930 2081
1482940 2080
1482950 2080
1482960 2080
1482970 2080
1482980 2079
1482990 2079
1483000 2079
1483010 2078
1483020 2078
1483030 2078
1483040 2077
1483050 2077
1483060 2078
1483070 2079
1483080 2079
1483090 2080
1483100 2082
1483110 2082
1483120 2083
1483130 2085
1483140 2085
1483150 2087
1483160 2089
1483170 2090
1483180 2090
1483190 2091
1483200 2091
1483210 2091
1483220 2092
1483230 2092
1483240 2092
1483250 2094
1483260 2096
1483270 2096
1483280 2099
1483290 2104
1483300 2104
1483310 2111
1483320 2118
1483330 2118
1483340 2125
1483350 2134
1483360 2134
1483370 2137
1483380 2134
1483390 2132
1483400 2132
1483410 2133
1483420 2135
1483430 2135
1483440 2137
1483450 2139
1483460 2139
1483470 2139
1483480 2140
1483490 2140
1483500 2140
1483510 2142
1483520 2142
1483530 2146
1483540 2153
1483550 2153
1483560 2158
1483570 2161
1483580 2161
1483590 2165
1483600 2167
1483610 2170
1483620 2170
1483630 2173
1483640 2177
1483650 2177
1483660 2180
1483670 2182
1483680 2182
1483690 2184
1483700 2184
1483710 2184
1483720 2185
1483730 2185
1483740 2185
1483750 2186
1483760 2187
1483770 2187
1483780 2189
1483790 2190
1483800 2190
1483810 2191
1483820 2193
1483830 2194
1483840 2194
1483850 2196
1483860 2196
1483870 2196
1483880 2197
1483890 2198
1483900 2198
1483910 2199
1483920 2202
1483930 2202
1483940 2203
1483950 2206
1483960 2206
1483970 2208
1483980 2210
1483990 2210
1484000 2213
1484010 2213
1484020 2213
1484030 2212
1484040 2210
1484050 2210
1484060 2206
1484070 2205
1484080 2208
1484090 2208
1484100 2209
1484110 2209
1484120 2209
1484130 2209
1484140 2210
1484150 2210
1484160 2216
1484170 2222
1484180 2222
1484190 2228
1484200 2235
1484210 2235
1484220 2239
1484230 2240
1484240 2240
1484250 2242
1484260 2243
1484270 2243
1484280 2243
1484290 2244
1484300 2246
1484310 2246
1484320 2247
1484330 2249
1484340 2249
1484350 2250
1484360 2253
1484370 2253
1484380 2258
1484390 2264
1484400 2264
1484410 2270
1484420 2277
1484430 2277
1484440 2286
1484450 2299
1484460 2299
1484470 2316
1484480 2332
1484490 2332
1484500 2343
1484510 2351
1484520 2373
1484530 2373
1484540 2393
1484550 2394
1484560 2394
1484570 2393
1484580 2390
1484590 2390
1484600 2388
1484610 2383
1484620 2383
1484630 2380
1484640 2376
1484650 2376
1484660 2372
1484670 2369
1484680 2369
1484690 2367
1484700 2363
1484710 2363
1484720 2362
1484730 2359
1484740 2354
1484750 2354
1484760 2349
1484770 2344
1484780 2344
1484790 2334
1484800 2326
1484810 2326
1484820 2321
1484830 2316
1484840 2316
1484850 2314
1484860 2310
1484870 2310
1484880 2304
1484890 2298
1484900 2298
1484910 2292
1484920 2287
1484930 2287
1484940 2281
1484950 2272
1484960 2272
1484970 2266
1484980 2262
1484990 2257
1485000 2257
1485010 2251
1485020 2246
1485030 2246
1485040 2241
1485050 2234
1485060 2234
1485070 2226
1485080 2218
1485090 2218
1485100 2209
1485110 2202
1485120 2202
1485130 2198
1485140 2191
1485150 2191
1485160 2182
1485170 2174
1485180 2174
1485190 2167
1485200 2161
1485210 2153
1485220 2153
1485230 2148
1485240 2139
1485250 2139
1485260 2127
1485270 2115
1485280 2115
1485290 2104
1485300 2093
1485310 2093
1485320 2087
1485330 2080
1485340 2080
1485350 2074
1485360 2064
1485370 2064
1485380 2052
1485390 2039
1485400 2039
1485410 2031
1485420 2023
1485430 2010
1485440 2010
1485450 1998
1485460 1991
1485470 1991
1485480 1985
1485490 1974
1485500 1974
1485510 1965
1485520 1960
1485530 1960
1485540 1955
1485550 1949
1485560 1949
1485570 1944
1485580 1939
1485590 1939
1485600 1933
1485610 1928
1485620 1928
1485630 1922
1485640 1916
1485650 1911
1485660 1911
1485670 1906
1485680 1901
1485690 1901
1485700 1897
1485710 1893
1485720 1893
1485730 1890
1485740 1888
1485750 1888
1485760 1887
1485770 1885
1485780 1885
1485790 1879
1485800 1877
1485810 1877
1485820 1878
1485830 1877
1485840 1877
1485850 1878
1485860 1881
1485870 1881
1485880 1883
1485890 1885
1485900 1886
1485910 1886
1485920 1888
1485930 1891
1485940 1891
1485950 1894
1485960 1899
1485970 1899
1485980 1905
1485990 1911
1486000 1911
1486010 1917
1486020 1923
1486030 1923
1486040 1931
1486050 1937
1486060 1937
1486070 1942
1486080 1947
1486090 1947
1486100 1953
1486110 1959
1486120 1965
1486130 1965
1486140 1972
1486150 1978
1486160 1978
1486170 1986
1486180 1993
1486190 1993
1486200 2001
1486210 2006
1486220 2006
1486230 2010
1486240 2015
1486250 2015
1486260 2022
1486270 2030
1486280 2030
1486290 2036
1486300 2043
1486310 2043
1486320 2049
1486330 2054
1486340 2059
1486350 2059
1486360 2063
1486370 2066
1486380 2066
1486390 2071
1486400 2077
1486410 2077
1486420 2082
1486430 2087
1486440 2087
1486450 2091
1486460 2095
1486470 2095
1486480 2099
1486490 2101
1486500 2101
1486510 2104
1486520 2107
1486530 2107
1486540 2111
1486550 2114
1486560 2116
1486570 2116
1486580 2120
1486590 2123
1486600 2123
1486610 2123
1486620 2124
1486630 2124
1486640 2124
1486650 2125
1486660 2125
1486670 2125
1486680 2123
1486690 2123
1486700 2124
1486710 2128
1486720 2128
1486730 2134
1486740 2138
1486750 2138
1486760 2142
1486770 2144
1486780 2144
1486790 2144
1486800 2144
1486810 2142
1486820 2142
1486830 2143
1486840 2146
1486850 2146
1486860 2149
1486870 2153
1486880 2153
1486890 2158
1486900 2162
1486910 2162
1486920 2163
1486930 2165
1486940 2165
1486950 2166
1486960 2166
1486970 2166
1486980 2167
1486990 2168
1487000 2168
1487010 2168
1487020 2164
1487030 2161
1487040 2161
1487050 2160
1487060 2160
1487070 2160
1487080 2160
1487090 2158
1487100 2158
1487110 2156
1487120 2155
1487130 2155
1487140 2154
1487150 2155
1487160 2155
1487170 2155
1487180 2153
1487190 2153
1487200 2151
1487210 2151
1487220 2151
1487230 2152
1487240 2155
1487250 2155
1487260 2155
1487270 2156
1487280 2156
1487290 2156
1487300 2154
1487310 2153
1487320 2153
1487330 2157
1487340 2160
1487350 2160
1487360 2162
1487370 2162
1487380 2162
1487390 2160
1487400 2158
1487410 2158
1487420 2155
1487430 2153
1487440 2153
1487450 2152
1487460 2155
1487470 2160
1487480 2160
1487490 2165
1487500 2173
1487510 2173
1487520 2181
1487530 2185
1487540 2185
1487550 2188
1487560 2189
1487570 2189
1487580 2188
1487590 2188
1487600 2188
1487610 2190
1487620 2191
1487630 2191
1487640 2192
1487650 2193
1487660 2193
1487670 2196
1487680 2198
1487690 2198
1487700 2200
1487710 2204
1487720 2208
1487730 2208
1487740 2211
1487750 2215
1487760 2215
1487770 2218
1487780 2220
1487790 2220
1487800 2220
1487810 2219
1487820 2219
1487830 2217
1487840 2215
1487850 2215
1487860 2215
1487870 2216
1487880 2216
1487890 2218
1487900 2221
1487910 2221
1487920 2223
1487930 2226
1487940 2229
1487950 2229
1487960 2234
1487970 2237
1487980 2237
1487990 2239
1488000 2243
1488010 2243
1488020 2248
1488030 2255
1488040 2255
1488050 2262
1488060 2266
1488070 2266
1488080 2267
1488090 2269
1488100 2269
1488110 2272
1488120 2276
1488130 2276
1488140 2281
1488150 2284
1488160 2285
1488170 2285
1488180 2286
1488190 2289
1488200 2289
1488210 2293
1488220 2297
1488230 2297
1488240 2301
1488250 2307
1488260 2307
1488270 2314
1488280 2321
1488290 2321
1488300 2328
1488310 2336
1488320 2336
1488330 2348
1488340 2362
1488350 2362
1488360 2369
1488370 2372
1488380 2376
1488390 2376
1488400 2379
1488410 2382
1488420 2382
1488430 2384
1488440 2387
1488450 2387
1488460 2389
1488470 2393
1488480 2393
1488490 2396
1488500 2400
1488510 2400
1488520 2405
1488530 2413
1488540 2413
1488550 2421
1488560 2429
1488570 2429
1488580 2437
1488590 2444
1488600 2444
1488610 2450
1488620 2456
1488630 2458
1488640 2458
1488650 2450
1488660 2443
1488670 2443
1488680 2433
1488690 2422
1488700 2422
1488710 2411
1488720 2407
1488730 2407
1488740 2404
1488750 2399
1488760 2399
1488770 2386
1488780 2375
1488790 2375
1488800 2365
1488810 2358
1488820 2358
1488830 2354
1488840 2347
1488850 2341
1488860 2341
1488870 2335
1488880 2329
1488890 2329
1488900 2323
1488910 2318
1488920 2318
1488930 2314
1488940 2309
1488950 2309
1488960 2304
1488970 2300
1488980 2300
1488990 2296
1489000 2292
1489010 2292
1489020 2289
1489030 2286
1489040 2286
1489050 2284
1489060 2282
1489070 2283
1489080 2283
1489090 2283
1489100 2284
1489110 2284
1489120 2288
1489130 2291
1489140 2291
1489150 2284
1489160 2279
1489170 2279
1489180 2277
1489190 2277
1489200 2277
1489210 2275
1489220 2274
1489230 2274
1489240 2272
1489250 2268
1489260 2268
1489270 2260
1489280 2251
1489290 2243
1489300 2243
1489310 2235
1489320 2226
1489330 2226
1489340 2218
1489350 2210
1489360 2210
1489370 2201
1489380 2192
1489390 2192
1489400 2183
1489410 2176
1489420 2176
1489430 2170
1489440 2163
1489450 2163
1489460 2157
1489470 2151
1489480 2151
1489490 2145
1489500 2138
1489510 2132
1489520 2132
1489530 2125
1489540 2118
1489550 2118
1489560 2110
1489570 2102
1489580 2102
1489590 2095
1489600 2088
1489610 2088
1489620 2081
1489630 2075
1489640 2075
1489650 2069
1489660 2062
1489670 2062
1489680 2056
1489690 2050
1489700 2050
1489710 2044
1489720 2034
1489730 2034
1489740 2023
1489750 2018
1489760 2013
1489770 2013
1489780 2008
1489790 2006
1489800 2006
1489810 2006
1489820 2007
1489830 2007
1489840 2010
1489850 2010
1489860 2010
1489870 2007
1489880 2002
1489890 2002
1489900 1995
1489910 1988
1489920 1988
1489930 1980
1489940 1973
1489950 1973
1489960 1966
1489970 1958
1489980 1951
1489990 1951
1490000 1944
1490010 1936
1490020 1936
1490030 1930
1490040 1924
1490050 1924
1490060 1917
1490070 1910
1490080 1910
1490090 1902
1490100 1895
1490110 1895
1490120 1888
1490130 1883
1490140 1883
1490150 1876
1490160 1869
1490170 1869
1490180 1859
1490190 1850
1490200 1844
1490210 1844
1490220 1837
1490230 1829
1490240 1829
1490250 1822
1490260 1815
1490270 1815
1490280 1810
1490290 1803
1490300 1803
1490310 1798
1490320 1792
1490330 1792
1490340 1783
1490350 1775
1490360 1775
1490370 1769
1490380 1764
1490390 1764
1490400 1756
1490410 1749
1490420 1743
1490430 1743
1490440 1737
1490450 1729
1490460 1729
1490470 1722
1490480 1716
1490490 1716
1490500 1709
1490510 1702
1490520 1702
1490530 1695
1490540 1689
1490550 1689
1490560 1682
1490570 1679
1490580 1679
1490590 1676
1490600 1670
1490610 1670
1490620 1666
1490630 1663
1490640 1663
1490650 1659
1490660 1655
1490670 1652
1490680 1652
1490690 1650
1490700 1646
1490710 1646
1490720 1643
1490730 1640
1490740 1640
1490750 1637
1490760 1633
1490770 1633
1490780 1629
1490790 1625
1490800 1625
1490810 1623
1490820 1620
1490830 1620
1490840 1616
1490850 1614
1490860 1614
1490870 1611
1490880 1605
1490890 1602
1490900 1602
1490910 1600
1490920 1597
1490930 1597
1490940 1595
1490950 1595
1490960 1595
1490970 1596
1490980 1596
1490990 1596
1491000 1595
1491010 1596
1491020 1596
1491030 1598
1491040 1599
1491050 1599
1491060 1601
1491070 1601
1491080 1601
1491090 1601
1491100 1602
1491110 1605
1491120 1605
1491130 1605
1491140 1605
1491150 1605
1491160 1604
1491170 1604
1491180 1604
1491190 1604
1491200 1605
1491210 1605
1491220 1607
1491230 1606
1491240 1606
1491250 1608
1491260 1612
1491270 1612
1491280 1614
1491290 1613
1491300 1613
1491310 1612
1491320 1613
1491330 1615
1491340 1615
1491350 1615
1491360 1615
1491370 1615
1491380 1615
1491390 1614
1491400 1614
1491410 1614
1491420 1613
1491430 1613
1491440 1613
1491450 1614
1491460 1614
1491470 1615
1491480 1615
1491490 1615
1491500 1616
1491510 1618
1491520 1618
1491530 1619
1491540 1618
1491550 1618
1491560 1616
1491570 1613
1491580 1616
1491590 1616
1491600 1620
1491610 1622
1491620 1622
1491630 1623
1491640 1624
1491650 1624
1491660 1627
1491670 1630
1491680 1630
1491690 1631
1491700 1631
1491710 1631
1491720 1633
1491730 1633
1491740 1633
1491750 1631
1491760 1630
1491770 1630
1491780 1631
1491790 1632
1491800 1631
1491810 1631
1491820 1631
1491830 1631
1491840 1631
1491850 1632
1491860 1632
1491870 1632
1491880 1633
1491890 1635
1491900 1635
1491910 1638
1491920 1640
1491930 1640
1491940 1641
1491950 1640
1491960 1640
1491970 1638
1491980 1637
1491990 1637
1492000 1635
1492010 1634
1492020 1633
1492030 1633
1492040 1631
1492050 1632
1492060 1632
1492070 1632
1492080 1631
1492090 1631
1492100 1629
1492110 1623
1492120 1623
1492130 1620
1492140 1618
1492150 1618
1492160 1616
1492170 1613
1492180 1613
1492190 1611
1492200 1607
1492210 1607
1492220 1602
1492230 1598
1492240 1593
1492250 1593
1492260 1588
1492270 1582
1492280 1582
1492290 1575
1492300 1568
1492310 1568
1492320 1561
1492330 1556
1492340 1556
1492350 1553
1492360 1547
1492370 1547
1492380 1540
1492390 1535
1492400 1535
1492410 1532
1492420 1529
1492430 1529
1492440 1526
1492450 1524
1492460 1524
1492470 1523
1492480 1524
1492490 1526
1492500 1526
1492510 1528
1492520 1528
1492530 1528
1492540 1529
1492550 1533
1492560 1533
1492570 1539
1492580 1542
1492590 1542
1492600 1547
1492610 1551
1492620 1551
1492630 1556
1492640 1561
1492650 1561
1492660 1565
1492670 1569
1492680 1569
1492690 1573
1492700 1578
1492710 1583
1492720 1583
1492730 1589
1492740 1593
1492750 1593
1492760 1596
1492770 1599
1492780 1599
1492790 1604
1492800 1609
1492810 1609
1492820 1613
1492830 1618
1492840 1618
1492850 1625
1492860 1635
1492870 1635
1492880 1644
1492890 1647
1492900 1647
1492910 1647
1492920 1654
1492930 1666
1492940 1666
1492950 1679
1492960 1685
1492970 1685
1492980 1690
1492990 1692
1493000 1692
1493010 1693
1493020 1704
1493030 1704
1493040 1710
1493050 1713
1493060 1713
1493070 1716
1493080 1720
1493090 1720
1493100 1723
1493110 1728
1493120 1728
1493130 1734
1493140 1734
1493150 1734
1493160 1734
1493170 1734
1493180 1733
1493190 1733
1493200 1731
1493210 1728
1493220 1728
1493230 1724
1493240 1719
1493250 1719
1493260 1725
1493270 1735
1493280 1735
1493290 1747
1493300 1754
1493310 1754
1493320 1760
1493330 1766
1493340 1766
1493350 1772
1493360 1779
1493370 1779
1493380 1785
1493390 1792
1493400 1800
1493410 1800
1493420 1808
1493430 1816
1493440 1816
1493450 1823
1493460 1826
1493470 1826
1493480 1828
1493490 1829
1493500 1829
1493510 1828
1493520 1828
1493530 1828
1493540 1825
1493550 1818
1493560 1818
1493570 1817
1493580 1823
1493590 1823
1493600 1830
1493610 1840
1493620 1851
1493630 1851
1493640 1859
1493650 1863
1493660 1863
1493670 1868
1493680 1873
1493690 1873
1493700 1876
1493710 1882
1493720 1882
1493730 1890
1493740 1894
1493750 1894
1493760 1903
1493770 1909
1493780 1909
1493790 1914
1493800 1916
1493810 1916
1493820 1917
1493830 1915
1493840 1912
1493850 1912
1493860 1911
1493870 1915
1493880 1915
1493890 1920
1493900 1926
1493910 1926
1493920 1929
1493930 1933
1493940 1933
1493950 1935
1493960 1936
1493970 1936
1493980 1938
1493990 1937
1494000 1937
1494010 1934
1494020 1931
1494030 1931
1494040 1929
1494050 1927
1494060 1930
1494070 1930
1494080 1938
1494090 1947
1494100 1947
1494110 1955
1494120 1962
1494130 1962
1494140 1969
1494150 1977
1494160 1977
1494170 1985
1494180 1994
1494190 1994
1494200 2003
1494210 2013
1494220 2013
1494230 2021
1494240 2029
1494250 2029
1494260 2038
1494270 2048
1494280 2048
1494290 2057
1494300 2063
1494310 2068
1494320 2068
1494330 2074
1494340 2081
1494350 2081
1494360 2084
1494370 2086
1494380 2086
1494390 2088
1494400 2087
1494410 2087
1494420 2088
1494430 2091
1494440 2091
1494450 2094
1494460 2099
1494470 2099
1494480 2105
1494490 2111
1494500 2111
1494510 2118
1494520 2122
1494530 2128
1494540 2128
1494550 2133
1494560 2138
1494570 2138
1494580 2143
1494590 2147
1494600 2147
1494610 2152
1494620 2158
1494630 2158
1494640 2167
1494650 2174
1494660 2174
1494670 2180
1494680 2184
1494690 2184
1494700 2187
1494710 2188
1494720 2188
1494730 2190
1494740 2190
1494750 2191
1494760 2191
1494770 2192
1494780 2193
1494790 2193
1494800 2193
1494810 2193
1494820 2193
1494830 2194
1494840 2194
1494850 2194
1494860 2194
1494870 2195
1494880 2195
1494890 2195
1494900 2197
1494910 2197
1494920 2199
1494930 2201
1494940 2201
1494950 2203
1494960 2206
1494970 2209
1494980 2209
1494990 2211
1495000 2214
1495010 2214
1495020 2217
1495030 2219
1495040 2219
1495050 2222
1495060 2224
1495070 2224
1495080 2227
1495090 2230
1495100 2230
1495110 2232
1495120 2235
1495130 2235
1495140 2237
1495150 2239
1495160 2239
1495170 2242
1495180 2244
1495190 2246
1495200 2246
1495210 2248
1495220 2249
1495230 2249
1495240 2251
1495250 2253
1495260 2253
1495270 2254
1495280 2255
1495290 2255
1495300 2256
1495310 2257
1495320 2257
1495330 2258
1495340 2258
1495350 2258
1495360 2259
1495370 2258
1495380 2258
1495390 2258
1495400 2257
1495410 2257
1495420 2254
1495430 2246
1495440 2235
1495450 2235
1495460 2228
1495470 2223
1495480 2223
1495490 2218
1495500 2214
1495510 2214
1495520 2209
1495530 2203
1495540 2203
1495550 2198
1495560 2194
1495570 2194
1495580 2190
1495590 2186
1495600 2186
1495610 2181
1495620 2176
1495630 2176
1495640 2170
1495650 2165
1495660 2161
1495670 2161
1495680 2157
1495690 2154
1495700 2154
1495710 2152
1495720 2149
1495730 2149
1495740 2146
1495750 2142
1495760 2142
1495770 2140
1495780 2138
1495790 2138
1495800 2136
1495810 2132
1495820 2127
1495830 2125
1495840 2122
1495850 2122
1495860 2116
1495870 2108
1495880 2100
1495890 2100
1495900 2093
1495910 2087
1495920 2087
1495930 2081
1495940 2080
1495950 2080
1495960 2077
1495970 2072
1495980 2072
1495990 2068
1496000 2065
1496010 2065
1496020 2061
1496030 2056
1496040 2056
1496050 2052
1496060 2049
1496070 2049
1496080 2047
1496090 2048
1496100 2050
1496110 2050
1496120 2052
1496130 2053
1496140 2053
1496150 2053
1496160 2051
1496170 2051
1496180 2047
1496190 2044
1496200 2044
1496210 2041
1496220 2044
1496230 2044
1496240 2043
1496250 2041
1496260 2041
1496270 2040
1496280 2039
1496290 2039
1496300 2041
1496310 2045
1496320 2045
1496330 2049
1496340 2055
1496350 2061
1496360 2061
1496370 2065
1496380 2069
1496390 2069
1496400 2074
1496410 2079
1496420 2079
1496430 2084
1496440 2091
1496450 2091
1496460 2098
1496470 2104
1496480 2104
1496490 2110
1496500 2113
1496510 2113
1496520 2116
1496530 2121
1496540 2121
1496550 2127
1496560 2133
1496570 2139
1496580 2139
1496590 2145
1496600 2152
1496610 2152
1496620 2159
1496630 2167
1496640 2167
1496650 2173
1496660 2179
1496670 2179
1496680 2185
1496690 2190
1496700 2190
1496710 2196
1496720 2201
1496730 2201
1496740 2206
1496750 2212
1496760 2212
1496770 2216
1496780 2221
1496790 2226
1496800 2226
1496810 2231
1496820 2236
1496830 2236
1496840 2240
1496850 2245
1496860 2245
1496870 2250
1496880 2254
1496890 2254
1496900 2259
1496910 2263
1496920 2263
1496930 2267
1496940 2271
1496950 2271
1496960 2274
1496970 2277
1496980 2277
1496990 2280
1497000 2283
1497010 2285
1497020 2285
1497030 2287
1497040 2289
1497050 2289
1497060 2291
1497070 2293
1497080 2293
1497090 2294
1497100 2295
1497110 2295
1497120 2296
1497130 2296
1497140 2296
1497150 2297
1497160 2297
1497170 2297
1497180 2297
1497190 2297
1497200 2297
1497210 2296
1497220 2296
1497230 2296
1497240 2295
1497250 2293
1497260 2292
1497270 2292
1497280 2290
1497290 2288
1497300 2288
1497310 2285
1497320 2282
1497330 2282
1497340 2276
1497350 2266
1497360 2266
1497370 2256
1497380 2248
1497390 2248
1497400 2242
1497410 2236
1497420 2236
1497430 2229
1497440 2224
1497450 2224
1497460 2218
1497470 2212
1497480 2207
1497490 2207
1497500 2202
1497510 2196
1497520 2196
1497530 2190
1497540 2184
1497550 2184
1497560 2177
1497570 2171
1497580 2171
1497590 2167
1497600 2162
1497610 2162
1497620 2157
1497630 2153
1497640 2153
1497650 2148
1497660 2143
1497670 2143
1497680 2138
1497690 2133
1497700 2128
1497710 2128
1497720 2122
1497730 2117
1497740 2117
1497750 2113
1497760 2108
1497770 2108
1497780 2103
1497790 2099
1497800 2099
1497810 2094
1497820 2089
1497830 2089
1497840 2083
1497850 2076
1497860 2076
1497870 2067
1497880 2053
1497890 2053
1497900 2047
1497910 2043
1497920 2038
1497930 2038
1497940 2033
1497950 2028
1497960 2028
1497970 2024
1497980 2019
1497990 2019
1498000 2015
1498010 2010
1498020 2010
1498030 2006
1498040 2003
1498050 2003
1498060 2002
1498070 2008
1498080 2008
1498090 2011
1498100 2015
1498110 2015
1498120 2019
1498130 2023
1498140 2023
1498150 2025
1498160 2026
1498170 2029
1498180 2029
1498190 2031
1498200 2034
1498210 2034
1498220 2039
1498230 2043
1498240 2043
1498250 2048
1498260 2053
1498270 2053
1498280 2060
1498290 2065
1498300 2065
1498310 2073
1498320 2080
1498330 2080
1498340 2087
1498350 2092
1498360 2092
1498370 2097
1498380 2101
1498390 2106
1498400 2106
1498410 2111
1498420 2115
1498430 2115
1498440 2120
1498450 2125
1498460 2125
1498470 2130
1498480 2135
1498490 2135
1498500 2139
1498510 2144
1498520 2144
1498530 2149
1498540 2154
1498550 2154
1498560 2159
1498570 2164
1498580 2164
1498590 2169
1498600 2174
1498610 2179
1498620 2179
1498630 2184
1498640 2188
1498650 2188
1498660 2191
1498670 2196
1498680 2196
1498690 2200
1498700 2204
1498710 2204
1498720 2209
1498730 2213
1498740 2213
1498750 2218
1498760 2222
1498770 2222
1498780 2226
1498790 2230
1498800 2230
1498810 2234
1498820 2237
1498830 2241
1498840 2241
1498850 2244
1498860 2247
1498870 2247
1498880 2249
1498890 2252
1498900 2252
1498910 2254
1498920 2256
1498930 2256
1498940 2258
1498950 2260
1498960 2260
1498970 2261
1498980 2262
1498990 2262
1499000 2263
1499010 2263
1499020 2263
1499030 2263
1499040 2264
1499050 2264
1499060 2263
1499070 2262
1499080 2259
1499090 2259
1499100 2257
1499110 2255
1499120 2255
1499130 2252
1499140 2250
1499150 2250
1499160 2249
1499170 2247
1499180 2247
1499190 2244
1499200 2242
1499210 2242
1499220 2241
1499230 2239
1499240 2239
1499250 2239
1499260 2237
1499270 2237
1499280 2237
1499290 2237
1499300 2235
1499310 2235
1499320 2234
1499330 2231
1499340 2231
1499350 2232
1499360 2235
1499370 2235
1499380 2236
1499390 2238
1499400 2238
1499410 2241
1499420 2244
1499430 2244
1499440 2247
1499450 2250
1499460 2250
1499470 2254
1499480 2257
1499490 2257
1499500 2261
1499510 2265
1499520 2269
1499530 2269
1499540 2273
1499550 2277
1499560 2277
1499570 2280
1499580 2284
1499590 2284
1499600 2288
1499610 2292
1499620 2292
1499630 2295
1499640 2288
1499650 2288
1499660 2283
1499670 2278
1499680 2278
1499690 2270
1499700 2264
1499710 2264
1499720 2262
1499730 2259
1499740 2249
1499750 2249
1499760 2244
1499770 2242
1499780 2242
1499790 2239
1499800 2235
1499810 2235
1499820 2232
1499830 2229
1499840 2229
1499850 2224
1499860 2222
1499870 2222
1499880 2220
1499890 2220
1499900 2220
1499910 2221
1499920 2223
1499930 2223
1499940 2227
1499950 2230
1499960 2231
1499970 2231
1499980 2232
1499990 2232
