1480000 1763
1480010 1763
1480020 1769
1480030 1775
1480040 1775
1480050 1779
1480060 1785
1480070 1785
1480080 1792
1480090 1799
1480100 1806
1480110 1806
1480120 1814
1480130 1822
1480140 1822
1480150 1830
1480160 1837
1480170 1837
1480180 1845
1480190 1852
1480200 1852
1480210 1858
1480220 1866
1480230 1866
1480240 1875
1480250 1882
1480260 1882
1480270 1889
1480280 1897
1480290 1897
1480300 1904
1480310 1912
1480320 1912
1480330 1919
1480340 1928
1480350 1938
1480360 1938
1480370 1948
1480380 1955
1480390 1955
1480400 1963
1480410 1970
1480420 1970
1480430 1978
1480440 1983
1480450 1983
1480460 1988
1480470 1990
1480480 1990
1480490 1992
1480500 1996
1480510 1996
1480520 1999
1480530 2001
1480540 2001
1480550 2000
1480560 1998
1480570 2000
1480580 2000
1480590 2001
1480600 2003
1480610 2003
1480620 2004
1480630 2006
1480640 2006
1480650 2009
1480660 2012
1480670 2012
1480680 2016
1480690 2021
1480700 2021
1480710 2026
1480720 2031
1480730 2031
1480740 2037
1480750 2042
1480760 2042
1480770 2048
1480780 2053
1480790 2059
1480800 2059
1480810 2065
1480820 2072
1480830 2072
1480840 2079
1480850 2086
1480860 2086
1480870 2092
1480880 2096
1480890 2096
1480900 2100
1480910 2102
1480920 2102
1480930 2101
1480940 2100
1480950 2100
1480960 2098
1480970 2096
1480980 2096
1480990 2097
1481000 2095
1481010 2095
1481020 2093
1481030 2095
1481040 2095
1481050 2095
1481060 2096
1481070 2094
1481080 2094
1481090 2095
1481100 2104
1481110 2104
1481120 2109
1481130 2110
1481140 2110
1481150 2109
1481160 2107
1481170 2107
1481180 2106
1481190 2106
1481200 2106
1481210 2107
1481220 2109
1481230 2109
1481240 2114
1481250 2115
1481260 2113
1481270 2113
1481280 2112
1481290 2113
1481300 2113
1481310 2114
1481320 2116
1481330 2116
1481340 2122
1481350 2125
1481360 2125
1481370 2125
1481380 2125
1481390 2125
1481400 2127
1481410 2130
1481420 2130
1481430 2129
1481440 2129
1481450 2129
1481460 2129
1481470 2129
1481480 2129
1481490 2129
1481500 2127
1481510 2124
1481520 2124
1481530 2121
1481540 2118
1481550 2118
1481560 2115
1481570 2113
1481580 2113
1481590 2110
1481600 2108
1481610 2108
1481620 2108
1481630 2111
1481640 2111
1481650 2114
1481660 2117
1481670 2117
1481680 2121
1481690 2126
1481700 2126
1481710 2133
1481720 2139
1481730 2145
1481740 2145
1481750 2148
1481760 2150
1481770 2150
1481780 2154
1481790 2163
1481800 2163
1481810 2167
1481820 2169
1481830 2169
1481840 2173
1481850 2180
1481860 2180
1481870 2199
1481880 2214
1481890 2214
1481900 2221
1481910 2226
1481920 2226
1481930 2230
1481940 2236
1481950 2242
1481960 2242
1481970 2249
1481980 2255
1481990 2255
1482000 2261
1482010 2261
1482020 2261
1482030 2258
1482040 2255
1482050 2255
1482060 2254
1482070 2252
1482080 2252
1482090 2250
1482100 2251
1482110 2251
1482120 2252
1482130 2253
1482140 2253
1482150 2256
1482160 2261
1482170 2261
1482180 2266
1482190 2264
1482200 2255
1482210 2255
1482220 2248
1482230 2244
1482240 2244
1482250 2239
1482260 2237
1482270 2237
1482280 2235
1482290 2231
1482300 2231
1482310 2228
1482320 2227
1482330 2227
1482340 2231
1482350 2235
1482360 2235
1482370 2234
1482380 2230
1482390 2230
1482400 2226
1482410 2223
1482420 2229
1482430 2229
1482440 2234
1482450 2238
1482460 2238
1482470 2241
1482480 2243
1482490 2243
1482500 2245
1482510 2248
1482520 2248
1482530 2254
1482540 2259
1482550 2259
1482560 2265
1482570 2269
1482580 2269
1482590 2275
1482600 2283
1482610 2283
1482620 2292
1482630 2301
1482640 2301
1482650 2310
1482660 2318
1482670 2321
1482680 2321
1482690 2319
1482700 2316
1482710 2316
1482720 2319
1482730 2321
1482740 2321
1482750 2319
1482760 2317
1482770 2317
1482780 2315
1482790 2311
1482800 2311
1482810 2306
1482820 2300
1482830 2300
1482840 2294
1482850 2289
1482860 2289
1482870 2284
1482880 2279
1482890 2273
1482900 2273
1482910 2268
1482920 2262
1482930 2262
1482940 2253
1482950 2247
1482960 2247
1482970 2245
1482980 2242
1482990 2242
1483000 2237
1483010 2234
1483020 2234
1483030 2231
1483040 2228
1483050 2228
1483060 2224
1483070 2224
1483080 2224
1483090 2226
1483100 2225
1483110 2225
1483120 2223
1483130 2221
1483140 2218
1483150 2218
1483160 2216
1483170 2214
1483180 2214
1483190 2210
1483200 2207
1483210 2207
1483220 2203
1483230 2199
1483240 2199
1483250 2194
1483260 2190
1483270 2190
1483280 2185
1483290 2180
1483300 2180
1483310 2172
1483320 2162
1483330 2162
1483340 2155
1483350 2149
1483360 2145
1483370 2145
1483380 2141
1483390 2138
1483400 2138
1483410 2134
1483420 2127
1483430 2127
1483440 2121
1483450 2113
1483460 2113
1483470 2102
1483480 2091
1483490 2091
1483500 2082
1483510 2075
1483520 2075
1483530 2069
1483540 2064
1483550 2064
1483560 2060
1483570 2055
1483580 2050
1483590 2050
1483600 2045
1483610 2040
1483620 2040
1483630 2034
1483640 2028
1483650 2028
1483660 2022
1483670 2016
1483680 2016
1483690 2011
1483700 2004
1483710 2004
1483720 1998
1483730 1992
1483740 1992
1483750 1986
1483760 1981
1483770 1981
1483780 1975
1483790 1968
1483800 1968
1483810 1962
1483820 1956
1483830 1949
1483840 1949
1483850 1943
1483860 1937
1483870 1937
1483880 1933
1483890 1928
1483900 1928
1483910 1924
1483920 1918
1483930 1918
1483940 1912
1483950 1907
1483960 1907
1483970 1902
1483980 1896
1483990 1896
1484000 1891
1484010 1886
1484020 1886
1484030 1881
1484040 1876
1484050 1872
1484060 1872
1484070 1869
1484080 1867
1484090 1867
1484100 1864
1484110 1861
1484120 1861
1484130 1857
1484140 1860
1484150 1860
1484160 1863
1484170 1866
1484180 1866
1484190 1868
1484200 1871
1484210 1871
1484220 1875
1484230 1877
1484240 1877
1484250 1879
1484260 1884
1484270 1884
1484280 1888
1484290 1893
1484300 1897
1484310 1897
1484320 1901
1484330 1905
1484340 1905
1484350 1908
1484360 1911
1484370 1911
1484380 1914
1484390 1916
1484400 1916
1484410 1917
1484420 1918
1484430 1918
1484440 1919
1484450 1923
1484460 1923
1484470 1928
1484480 1933
1484490 1933
1484500 1938
1484510 1942
1484520 1946
1484530 1946
1484540 1951
1484550 1955
1484560 1955
1484570 1959
1484580 1964
1484590 1964
1484600 1969
1484610 1972
1484620 1972
1484630 1977
1484640 1980
1484650 1980
1484660 1981
1484670 1983
1484680 1983
1484690 1985
1484700 1986
1484710 1986
1484720 1988
1484730 1990
1484740 1992
1484750 1992
1484760 1994
1484770 1996
1484780 1996
1484790 1999
1484800 2001
1484810 2001
1484820 2003
1484830 2003
1484840 2003
1484850 2003
1484860 2008
1484870 2008
1484880 2012
1484890 2017
1484900 2017
1484910 2023
1484920 2028
1484930 2028
1484940 2030
1484950 2031
1484960 2031
1484970 2034
1484980 2041
1484990 2046
1485000 2046
1485010 2050
1485020 2053
1485030 2053
1485040 2056
1485050 2059
1485060 2059
1485070 2061
1485080 2063
1485090 2063
1485100 2066
1485110 2068
1485120 2068
1485130 2069
1485140 2071
1485150 2071
1485160 2075
1485170 2077
1485180 2077
1485190 2077
1485200 2080
1485210 2084
1485220 2084
1485230 2087
1485240 2089
1485250 2089
1485260 2091
1485270 2092
1485280 2092
1485290 2094
1485300 2095
1485310 2095
1485320 2095
1485330 2096
1485340 2096
1485350 2097
1485360 2096
1485370 2096
1485380 2096
1485390 2094
1485400 2094
1485410 2092
1485420 2088
1485430 2088
1485440 2088
1485450 2091
1485460 2094
1485470 2094
1485480 2095
1485490 2094
1485500 2094
1485510 2092
1485520 2093
1485530 2093
1485540 2094
1485550 2095
1485560 2095
1485570 2097
1485580 2100
1485590 2100
1485600 2103
1485610 2106
1485620 2106
1485630 2111
1485640 2112
1485650 2112
1485660 2111
1485670 2112
1485680 2112
1485690 2112
1485700 2113
1485710 2114
1485720 2114
1485730 2115
1485740 2116
1485750 2116
1485760 2117
1485770 2120
1485780 2120
1485790 2122
1485800 2122
1485810 2122
1485820 2126
1485830 2129
1485840 2129
1485850 2132
1485860 2135
1485870 2135
1485880 2137
1485890 2137
1485900 2137
1485910 2139
1485920 2141
1485930 2143
1485940 2143
1485950 2144
1485960 2147
1485970 2147
1485980 2149
1485990 2151
1486000 2151
1486010 2152
1486020 2154
1486030 2154
1486040 2154
1486050 2154
1486060 2154
1486070 2155
1486080 2155
1486090 2155
1486100 2155
1486110 2156
1486120 2156
1486130 2157
1486140 2157
1486150 2156
1486160 2156
1486170 2155
1486180 2155
1486190 2155
1486200 2154
1486210 2154
1486220 2154
1486230 2155
1486240 2155
1486250 2155
1486260 2156
1486270 2160
1486280 2160
1486290 2162
1486300 2164
1486310 2164
1486320 2165
1486330 2166
1486340 2166
1486350 2168
1486360 2169
1486370 2172
1486380 2172
1486390 2174
1486400 2176
1486410 2176
1486420 2178
1486430 2178
1486440 2178
1486450 2178
1486460 2178
1486470 2178
1486480 2177
1486490 2178
1486500 2178
1486510 2181
1486520 2183
1486530 2183
1486540 2184
1486550 2184
1486560 2184
1486570 2185
1486580 2189
1486590 2189
1486600 2195
1486610 2198
1486620 2198
1486630 2198
1486640 2198
1486650 2199
1486660 2199
1486670 2200
1486680 2201
1486690 2201
1486700 2203
1486710 2203
1486720 2203
1486730 2201
1486740 2198
1486750 2198
1486760 2194
1486770 2191
1486780 2191
1486790 2188
1486800 2185
1486810 2185
1486820 2184
1486830 2186
1486840 2187
1486850 2187
1486860 2191
1486870 2194
1486880 2194
1486890 2197
1486900 2199
1486910 2199
1486920 2200
1486930 2200
1486940 2200
1486950 2199
1486960 2199
1486970 2199
1486980 2201
1486990 2205
1487000 2205
1487010 2210
1487020 2217
1487030 2217
1487040 2223
1487050 2229
1487060 2229
1487070 2234
1487080 2239
1487090 2244
1487100 2244
1487110 2248
1487120 2251
1487130 2251
1487140 2254
1487150 2256
1487160 2256
1487170 2257
1487180 2258
1487190 2258
1487200 2260
1487210 2262
1487220 2262
1487230 2265
1487240 2267
1487250 2267
1487260 2271
1487270 2276
1487280 2276
1487290 2279
1487300 2282
1487310 2284
1487320 2284
1487330 2285
1487340 2286
1487350 2286
1487360 2288
1487370 2291
1487380 2291
1487390 2294
1487400 2297
1487410 2297
1487420 2301
1487430 2304
1487440 2304
1487450 2305
1487460 2301
1487470 2301
1487480 2297
1487490 2292
1487500 2292
1487510 2289
1487520 2286
1487530 2286
1487540 2283
1487550 2279
1487560 2276
1487570 2276
1487580 2274
1487590 2271
1487600 2271
1487610 2269
1487620 2266
1487630 2266
1487640 2265
1487650 2264
1487660 2264
1487670 2263
1487680 2262
1487690 2262
1487700 2262
1487710 2263
1487720 2263
1487730 2260
1487740 2255
1487750 2255
1487760 2250
1487770 2247
1487780 2244
1487790 2244
1487800 2240
1487810 2238
1487820 2238
1487830 2236
1487840 2235
1487850 2235
1487860 2231
1487870 2227
1487880 2227
1487890 2224
1487900 2222
1487910 2222
1487920 2221
1487930 2221
1487940 2221
1487950 2221
1487960 2223
1487970 2223
1487980 2226
1487990 2230
1488000 2229
1488010 2229
1488020 2227
1488030 2228
1488040 2228
1488050 2228
1488060 2225
1488070 2225
1488080 2224
1488090 2226
1488100 2226
1488110 2225
1488120 2222
1488130 2222
1488140 2222
1488150 2218
1488160 2218
1488170 2214
1488180 2210
1488190 2210
1488200 2207
1488210 2206
1488220 2206
1488230 2206
1488240 2207
1488250 2205
1488260 2205
1488270 2204
1488280 2204
1488290 2204
1488300 2205
1488310 2209
1488320 2209
1488330 2213
1488340 2215
1488350 2215
1488360 2215
1488370 2214
1488380 2214
1488390 2215
1488400 2216
1488410 2216
1488420 2220
1488430 2224
1488440 2224
1488450 2225
1488460 2226
1488470 2226
1488480 2226
1488490 2228
1488500 2232
1488510 2232
1488520 2235
1488530 2239
1488540 2239
1488550 2241
1488560 2240
1488570 2240
1488580 2237
1488590 2233
1488600 2233
1488610 2229
1488620 2224
1488630 2224
1488640 2219
1488650 2214
1488660 2214
1488670 2211
1488680 2208
1488690 2208
1488700 2205
1488710 2200
1488720 2193
1488730 2193
1488740 2188
1488750 2189
1488760 2189
1488770 2187
1488780 2185
1488790 2185
1488800 2185
1488810 2185
1488820 2185
1488830 2185
1488840 2184
1488850 2184
1488860 2184
1488870 2183
1488880 2183
1488890 2184
1488900 2185
1488910 2185
1488920 2186
1488930 2187
1488940 2187
1488950 2187
1488960 2188
1488970 2187
1488980 2187
1488990 2187
1489000 2188
1489010 2188
1489020 2189
1489030 2189
1489040 2189
1489050 2190
1489060 2192
1489070 2192
1489080 2194
1489090 2195
1489100 2195
1489110 2196
1489120 2197
1489130 2197
1489140 2200
1489150 2202
1489160 2204
1489170 2204
1489180 2204
1489190 2206
1489200 2206
1489210 2206
1489220 2208
1489230 2208
1489240 2209
1489250 2211
1489260 2211
1489270 2212
1489280 2213
1489290 2213
1489300 2214
1489310 2215
1489320 2215
1489330 2216
1489340 2217
1489350 2217
1489360 2218
1489370 2219
1489380 2219
1489390 2221
1489400 2222
1489410 2224
1489420 2224
1489430 2226
1489440 2228
1489450 2228
1489460 2230
1489470 2232
1489480 2232
1489490 2234
1489500 2236
1489510 2236
1489520 2238
1489530 2240
1489540 2240
1489550 2242
1489560 2244
1489570 2244
1489580 2246
1489590 2248
1489600 2248
1489610 2250
1489620 2252
1489630 2254
1489640 2254
1489650 2256
1489660 2258
1489670 2258
1489680 2260
1489690 2262
1489700 2262
1489710 2264
1489720 2266
1489730 2266
1489740 2267
1489750 2269
1489760 2269
1489770 2272
1489780 2273
1489790 2273
1489800 2275
1489810 2276
1489820 2276
1489830 2278
1489840 2280
1489850 2280
1489860 2281
1489870 2283
1489880 2285
1489890 2285
1489900 2287
1489910 2289
1489920 2289
1489930 2291
1489940 2292
1489950 2292
1489960 2295
1489970 2297
1489980 2297
1489990 2299
1490000 2301
1490010 2301
1490020 2303
1490030 2305
1490040 2305
1490050 2308
1490060 2310
1490070 2310
1490080 2312
1490090 2314
1490100 2317
1490110 2317
1490120 2319
1490130 2321
1490140 2321
1490150 2323
1490160 2325
1490170 2325
1490180 2327
1490190 2329
1490200 2329
1490210 2331
1490220 2334
1490230 2334
1490240 2336
1490250 2338
1490260 2338
1490270 2340
1490280 2341
1490290 2341
1490300 2340
1490310 2335
1490320 2335
1490330 2329
1490340 2323
1490350 2317
1490360 2317
1490370 2311
1490380 2305
1490390 2305
1490400 2300
1490410 2298
1490420 2298
1490430 2294
1490440 2291
1490450 2291
1490460 2288
1490470 2284
1490480 2284
1490490 2282
1490500 2284
1490510 2284
1490520 2286
1490530 2289
1490540 2289
1490550 2291
1490560 2294
1490570 2297
1490580 2297
1490590 2301
1490600 2304
1490610 2304
1490620 2307
1490630 2311
1490640 2311
1490650 2315
1490660 2319
1490670 2319
1490680 2324
1490690 2329
1490700 2329
1490710 2334
1490720 2339
1490730 2339
1490740 2344
1490750 2349
1490760 2349
1490770 2354
1490780 2360
1490790 2368
1490800 2368
1490810 2373
1490820 2377
1490830 2377
1490840 2380
1490850 2383
1490860 2383
1490870 2386
1490880 2390
1490890 2390
1490900 2393
1490910 2396
1490920 2396
1490930 2400
1490940 2403
1490950 2403
1490960 2406
1490970 2410
1490980 2410
1490990 2413
1491000 2416
1491010 2416
1491020 2419
1491030 2422
1491040 2425
1491050 2425
1491060 2427
1491070 2425
1491080 2425
1491090 2422
1491100 2420
1491110 2420
1491120 2414
1491130 2411
1491140 2411
1491150 2411
1491160 2410
1491170 2410
1491180 2410
1491190 2409
1491200 2409
1491210 2409
1491220 2409
1491230 2409
1491240 2409
1491250 2410
1491260 2411
1491270 2411
1491280 2412
1491290 2413
1491300 2413
1491310 2415
1491320 2417
1491330 2417
1491340 2419
1491350 2421
1491360 2421
1491370 2424
1491380 2428
1491390 2428
1491400 2433
1491410 2437
1491420 2437
1491430 2442
1491440 2447
1491450 2447
1491460 2451
1491470 2454
1491480 2454
1491490 2455
1491500 2457
1491510 2459
1491520 2459
1491530 2461
1491540 2463
1491550 2463
1491560 2465
1491570 2467
1491580 2467
1491590 2468
1491600 2469
1491610 2469
1491620 2471
1491630 2472
1491640 2472
1491650 2474
1491660 2474
1491670 2474
1491680 2470
1491690 2460
1491700 2460
1491710 2449
1491720 2436
1491730 2425
1491740 2425
1491750 2418
1491760 2412
1491770 2412
1491780 2401
1491790 2391
1491800 2391
1491810 2382
1491820 2372
1491830 2372
1491840 2358
1491850 2346
1491860 2346
1491870 2338
1491880 2333
1491890 2333
1491900 2328
1491910 2323
1491920 2323
1491930 2318
1491940 2314
1491950 2310
1491960 2310
1491970 2308
1491980 2310
1491990 2310
1492000 2308
1492010 2307
1492020 2307
1492030 2305
1492040 2304
1492050 2304
1492060 2303
1492070 2302
1492080 2302
1492090 2301
1492100 2300
1492110 2300
1492120 2300
1492130 2302
1492140 2302
1492150 2306
1492160 2309
1492170 2309
1492180 2308
1492190 2304
1492200 2301
1492210 2301
1492220 2295
1492230 2287
1492240 2287
1492250 2279
1492260 2272
1492270 2272
1492280 2265
1492290 2256
1492300 2256
1492310 2248
1492320 2240
1492330 2240
1492340 2231
1492350 2222
1492360 2222
1492370 2213
1492380 2207
1492390 2207
1492400 2202
1492410 2195
1492420 2189
1492430 2189
1492440 2182
1492450 2173
1492460 2173
1492470 2165
1492480 2157
1492490 2157
1492500 2150
1492510 2143
1492520 2143
1492530 2138
1492540 2132
1492550 2132
1492560 2128
1492570 2123
1492580 2123
1492590 2119
1492600 2115
1492610 2115
1492620 2110
1492630 2103
1492640 2103
1492650 2096
1492660 2090
1492670 2085
1492680 2085
1492690 2079
1492700 2074
1492710 2074
1492720 2068
1492730 2061
1492740 2061
1492750 2055
1492760 2048
1492770 2048
1492780 2041
1492790 2033
1492800 2033
1492810 2025
1492820 2017
1492830 2017
1492840 2010
1492850 2004
1492860 2004
1492870 1999
1492880 1994
1492890 1989
1492900 1989
1492910 1984
1492920 1979
1492930 1979
1492940 1973
1492950 1966
1492960 1966
1492970 1962
1492980 1957
1492990 1957
1493000 1953
1493010 1948
1493020 1948
1493030 1943
1493040 1936
1493050 1936
1493060 1928
1493070 1923
1493080 1923
1493090 1916
1493100 1909
1493110 1909
1493120 1903
1493130 1898
1493140 1892
1493150 1892
1493160 1887
1493170 1884
1493180 1884
1493190 1881
1493200 1879
1493210 1879
1493220 1880
1493230 1881
1493240 1881
1493250 1879
1493260 1877
1493270 1877
1493280 1875
1493290 1875
1493300 1875
1493310 1870
1493320 1865
1493330 1865
1493340 1860
1493350 1856
1493360 1851
1493370 1851
1493380 1848
1493390 1842
1493400 1842
1493410 1843
1493420 1848
1493430 1848
1493440 1852
1493450 1854
1493460 1854
1493470 1858
1493480 1861
1493490 1861
1493500 1865
1493510 1866
1493520 1866
1493530 1868
1493540 1871
1493550 1871
1493560 1872
1493570 1875
1493580 1880
1493590 1880
1493600 1883
1493610 1887
1493620 1887
1493630 1892
1493640 1896
1493650 1896
1493660 1900
1493670 1903
1493680 1903
1493690 1905
1493700 1907
1493710 1907
1493720 1908
1493730 1909
1493740 1909
1493750 1910
1493760 1910
1493770 1910
1493780 1911
1493790 1911
1493800 1911
1493810 1912
1493820 1912
1493830 1913
1493840 1913
1493850 1913
1493860 1913
1493870 1913
1493880 1913
1493890 1914
1493900 1914
1493910 1914
1493920 1914
1493930 1914
1493940 1915
1493950 1915
1493960 1915
1493970 1914
1493980 1914
1493990 1914
1494000 1913
1494010 1911
1494020 1911
1494030 1909
1494040 1905
1494050 1901
1494060 1901
1494070 1898
1494080 1896
1494090 1896
1494100 1892
1494110 1889
1494120 1889
1494130 1885
1494140 1882
1494150 1882
1494160 1879
1494170 1877
1494180 1877
1494190 1874
1494200 1872
1494210 1872
1494220 1869
1494230 1867
1494240 1867
1494250 1865
1494260 1861
1494270 1861
1494280 1858
1494290 1854
1494300 1851
1494310 1851
1494320 1844
1494330 1834
1494340 1834
1494350 1827
1494360 1821
1494370 1821
1494380 1817
1494390 1813
1494400 1813
1494410 1807
1494420 1798
1494430 1798
1494440 1791
1494450 1786
1494460 1786
1494470 1779
1494480 1771
1494490 1771
1494500 1766
1494510 1762
1494520 1760
1494530 1760
1494540 1755
1494550 1751
1494560 1751
1494570 1747
1494580 1742
1494590 1742
1494600 1737
1494610 1732
1494620 1732
1494630 1729
1494640 1726
1494650 1726
1494660 1726
1494670 1725
1494680 1725
1494690 1724
1494700 1722
1494710 1722
1494720 1720
1494730 1717
1494740 1712
1494750 1712
1494760 1709
1494770 1707
1494780 1707
1494790 1706
1494800 1704
1494810 1704
1494820 1701
1494830 1696
1494840 1696
1494850 1692
1494860 1687
1494870 1687
1494880 1682
1494890 1676
1494900 1676
1494910 1672
1494920 1669
1494930 1669
1494940 1667
1494950 1664
1494960 1664
1494970 1661
1494980 1658
1494990 1655
1495000 1655
1495010 1653
1495020 1651
1495030 1651
1495040 1648
1495050 1645
1495060 1645
1495070 1642
1495080 1639
1495090 1639
1495100 1637
1495110 1635
1495120 1635
1495130 1631
1495140 1627
1495150 1627
1495160 1623
1495170 1619
1495180 1619
1495190 1613
1495200 1610
1495210 1610
1495220 1610
1495230 1616
1495240 1622
1495250 1622
1495260 1628
1495270 1630
1495280 1630
1495290 1630
1495300 1630
1495310 1630
1495320 1631
1495330 1632
1495340 1632
1495350 1634
1495360 1636
1495370 1636
1495380 1637
1495390 1639
1495400 1639
1495410 1642
1495420 1644
1495430 1644
1495440 1646
1495450 1647
1495460 1651
1495470 1651
1495480 1653
1495490 1656
1495500 1656
1495510 1659
1495520 1662
1495530 1662
1495540 1664
1495550 1666
1495560 1666
1495570 1668
1495580 1670
1495590 1670
1495600 1673
1495610 1676
1495620 1676
1495630 1678
1495640 1680
1495650 1680
1495660 1682
1495670 1684
1495680 1686
1495690 1686
1495700 1686
1495710 1690
1495720 1690
1495730 1689
1495740 1684
1495750 1684
1495760 1686
1495770 1695
1495780 1695
1495790 1701
1495800 1704
1495810 1704
1495820 1706
1495830 1709
1495840 1709
1495850 1711
1495860 1714
1495870 1714
1495880 1718
1495890 1722
1495900 1722
1495910 1726
1495920 1729
1495930 1730
1495940 1730
1495950 1732
1495960 1735
1495970 1735
1495980 1738
1495990 1742
1496000 1742
1496010 1745
1496020 1748
1496030 1748
1496040 1752
1496050 1755
1496060 1755
1496070 1759
1496080 1762
1496090 1762
1496100 1765
1496110 1768
1496120 1768
1496130 1770
1496140 1773
1496150 1775
1496160 1775
1496170 1783
1496180 1790
1496190 1790
1496200 1799
1496210 1807
1496220 1807
1496230 1810
1496240 1811
1496250 1811
1496260 1811
1496270 1811
1496280 1811
1496290 1810
1496300 1810
1496310 1810
1496320 1809
1496330 1808
1496340 1808
1496350 1807
1496360 1806
1496370 1805
1496380 1805
1496390 1806
1496400 1807
1496410 1807
1496420 1810
1496430 1811
1496440 1811
1496450 1813
1496460 1814
1496470 1814
1496480 1817
1496490 1819
1496500 1819
1496510 1820
1496520 1822
1496530 1822
1496540 1824
1496550 1826
1496560 1826
1496570 1826
1496580 1827
1496590 1827
1496600 1828
1496610 1828
1496620 1828
1496630 1828
1496640 1828
1496650 1827
1496660 1827
1496670 1826
1496680 1826
1496690 1826
1496700 1825
1496710 1824
1496720 1824
1496730 1822
1496740 1820
1496750 1820
1496760 1818
1496770 1816
1496780 1816
1496790 1812
1496800 1807
1496810 1807
1496820 1805
1496830 1802
1496840 1797
1496850 1797
1496860 1793
1496870 1789
1496880 1789
1496890 1783
1496900 1777
1496910 1777
1496920 1772
1496930 1766
1496940 1766
1496950 1761
1496960 1758
1496970 1758
1496980 1759
1496990 1754
1497000 1754
1497010 1747
1497020 1750
1497030 1750
1497040 1756
1497050 1761
1497060 1761
1497070 1766
1497080 1772
1497090 1775
1497100 1775
1497110 1778
1497120 1782
1497130 1782
1497140 1786
1497150 1792
1497160 1792
1497170 1798
1497180 1804
1497190 1804
1497200 1809
1497210 1815
1497220 1815
1497230 1820
1497240 1825
1497250 1825
1497260 1830
1497270 1836
1497280 1836
1497290 1842
1497300 1848
1497310 1855
1497320 1855
1497330 1862
1497340 1868
1497350 1868
1497360 1874
1497370 1881
1497380 1881
1497390 1887
1497400 1894
1497410 1894
1497420 1901
1497430 1908
1497440 1908
1497450 1915
1497460 1923
1497470 1923
1497480 1930
1497490 1937
1497500 1937
1497510 1944
1497520 1950
1497530 1956
1497540 1956
1497550 1963
1497560 1967
1497570 1967
1497580 1971
1497590 1976
1497600 1976
1497610 1981
1497620 1985
1497630 1985
1497640 1986
1497650 1985
1497660 1985
1497670 1983
1497680 1980
1497690 1980
1497700 1977
1497710 1975
1497720 1975
1497730 1972
1497740 1970
1497750 1970
1497760 1966
1497770 1962
1497780 1957
1497790 1957
1497800 1953
1497810 1949
1497820 1949
1497830 1946
1497840 1943
1497850 1943
1497860 1940
1497870 1937
1497880 1937
1497890 1934
1497900 1929
1497910 1929
1497920 1924
1497930 1922
1497940 1922
1497950 1919
1497960 1916
1497970 1916
1497980 1912
1497990 1910
1498000 1907
1498010 1907
1498020 1903
1498030 1899
1498040 1899
1498050 1894
1498060 1889
1498070 1889
1498080 1882
1498090 1876
1498100 1876
1498110 1871
1498120 1866
1498130 1866
1498140 1859
1498150 1851
1498160 1851
1498170 1848
1498180 1847
1498190 1847
1498200 1845
1498210 1843
1498220 1843
1498230 1840
1498240 1837
1498250 1835
1498260 1835
1498270 1832
1498280 1829
1498290 1829
1498300 1824
1498310 1818
1498320 1818
1498330 1813
1498340 1808
1498350 1808
1498360 1804
1498370 1801
1498380 1801
1498390 1798
1498400 1795
1498410 1795
1498420 1789
1498430 1783
1498440 1783
1498450 1780
1498460 1778
1498470 1776
1498480 1776
1498490 1774
1498500 1773
1498510 1773
1498520 1773
1498530 1771
1498540 1771
1498550 1770
1498560 1768
1498570 1768
1498580 1765
1498590 1763
1498600 1763
1498610 1760
1498620 1758
1498630 1758
1498640 1757
1498650 1754
1498660 1754
1498670 1752
1498680 1749
1498690 1749
1498700 1745
1498710 1742
1498720 1738
1498730 1738
1498740 1734
1498750 1729
1498760 1729
1498770 1726
1498780 1721
1498790 1721
1498800 1715
1498810 1710
1498820 1710
1498830 1706
1498840 1704
1498850 1704
1498860 1703
1498870 1700
1498880 1700
1498890 1695
1498900 1691
1498910 1691
1498920 1689
1498930 1687
1498940 1685
1498950 1685
1498960 1683
1498970 1679
1498980 1679
1498990 1675
1499000 1670
1499010 1670
1499020 1667
1499030 1663
1499040 1663
1499050 1660
1499060 1656
1499070 1656
1499080 1652
1499090 1649
1499100 1649
1499110 1646
1499120 1643
1499130 1643
1499140 1638
1499150 1632
1499160 1627
1499170 1627
1499180 1623
1499190 1618
1499200 1618
1499210 1614
1499220 1610
1499230 1610
1499240 1607
1499250 1604
1499260 1604
1499270 1601
1499280 1598
1499290 1598
1499300 1596
1499310 1594
1499320 1594
1499330 1592
1499340 1589
1499350 1589
1499360 1585
1499370 1581
1499380 1581
1499390 1576
1499400 1571
1499410 1568
1499420 1568
1499430 1567
1499440 1567
1499450 1567
1499460 1566
1499470 1562
1499480 1562
1499490 1557
1499500 1551
1499510 1551
1499520 1544
1499530 1537
1499540 1537
1499550 1532
1499560 1528
1499570 1528
1499580 1525
1499590 1523
1499600 1523
1499610 1521
1499620 1519
1499630 1518
1499640 1518
1499650 1516
1499660 1513
1499670 1513
1499680 1509
1499690 1506
1499700 1506
1499710 1503
1499720 1500
1499730 1500
1499740 1497
1499750 1493
1499760 1493
1499770 1488
1499780 1485
1499790 1485
1499800 1482
1499810 1479
1499820 1479
1499830 1476
1499840 1473
1499850 1473
1499860 1471
1499870 1468
1499880 1465
1499890 1465
1499900 1462
1499910 1459
1499920 1459
1499930 1457
1499940 1454
1499950 1454
1499960 1450
1499970 1444
1499980 1444
1499990 1436
