1480000 1758
1480010 1758
1480020 1758
1480030 1758
1480040 1758
1480050 1756
1480060 1754
1480070 1753
1480080 1753
1480090 1753
1480100 1754
1480110 1754
1480120 1755
1480130 1756
1480140 1756
1480150 1757
1480160 1756
1480170 1756
1480180 1757
1480190 1761
1480200 1761
1480210 1764
1480220 1766
1480230 1766
1480240 1769
1480250 1773
1480260 1773
1480270 1778
1480280 1783
1480290 1783
1480300 1789
1480310 1794
1480320 1799
1480330 1799
1480340 1804
1480350 1806
1480360 1806
1480370 1810
1480380 1814
1480390 1814
1480400 1816
1480410 1817
1480420 1817
1480430 1818
1480440 1818
1480450 1818
1480460 1818
1480470 1818
1480480 1818
1480490 1815
1480500 1813
1480510 1813
1480520 1809
1480530 1806
1480540 1804
1480550 1804
1480560 1801
1480570 1799
1480580 1799
1480590 1796
1480600 1792
1480610 1792
1480620 1788
1480630 1783
1480640 1783
1480650 1781
1480660 1780
1480670 1780
1480680 1777
1480690 1777
1480700 1777
1480710 1779
1480720 1781
1480730 1781
1480740 1781
1480750 1781
1480760 1781
1480770 1781
1480780 1780
1480790 1782
1480800 1782
1480810 1785
1480820 1786
1480830 1786
1480840 1786
1480850 1785
1480860 1785
1480870 1785
1480880 1783
1480890 1783
1480900 1782
1480910 1784
1480920 1784
1480930 1790
1480940 1797
1480950 1797
1480960 1804
1480970 1809
1480980 1809
1480990 1812
1481000 1814
1481010 1817
1481020 1817
1481030 1817
1481040 1817
1481050 1817
1481060 1817
1481070 1821
1481080 1821
1481090 1826
1481100 1831
1481110 1831
1481120 1834
1481130 1836
1481140 1836
1481150 1836
1481160 1836
1481170 1836
1481180 1838
1481190 1839
1481200 1839
1481210 1841
1481220 1840
1481230 1840
1481240 1843
1481250 1845
1481260 1849
1481270 1849
1481280 1850
1481290 1853
1481300 1853
1481310 1857
1481320 1858
1481330 1858
1481340 1860
1481350 1861
1481360 1861
1481370 1863
1481380 1867
1481390 1867
1481400 1875
1481410 1881
1481420 1881
1481430 1884
1481440 1886
1481450 1886
1481460 1885
1481470 1884
1481480 1884
1481490 1884
1481500 1886
1481510 1887
1481520 1887
1481530 1887
1481540 1887
1481550 1887
1481560 1889
1481570 1897
1481580 1897
1481590 1901
1481600 1906
1481610 1906
1481620 1914
1481630 1920
1481640 1920
1481650 1926
1481660 1940
1481670 1940
1481680 1951
1481690 1958
1481700 1958
1481710 1964
1481720 1969
1481730 1970
1481740 1970
1481750 1969
1481760 1970
1481770 1970
1481780 1975
1481790 1983
1481800 1983
1481810 1991
1481820 1996
1481830 1996
1481840 2000
1481850 2004
1481860 2004
1481870 2007
1481880 2010
1481890 2010
1481900 2012
1481910 2013
1481920 2013
1481930 2014
1481940 2018
1481950 2022
1481960 2022
1481970 2027
1481980 2034
1481990 2034
1482000 2040
1482010 2046
1482020 2046
1482030 2052
1482040 2057
1482050 2057
1482060 2063
1482070 2069
1482080 2069
1482090 2074
1482100 2079
1482110 2079
1482120 2084
1482130 2089
1482140 2089
1482150 2093
1482160 2099
1482170 2107
1482180 2107
1482190 2113
1482200 2117
1482210 2117
1482220 2123
1482230 2127
1482240 2127
1482250 2132
1482260 2137
1482270 2137
1482280 2143
1482290 2152
1482300 2152
1482310 2162
1482320 2165
1482330 2165
1482340 2173
1482350 2182
1482360 2182
1482370 2190
1482380 2200
1482390 2200
1482400 2212
1482410 2224
1482420 2232
1482430 2232
1482440 2239
1482450 2252
1482460 2252
1482470 2265
1482480 2276
1482490 2276
1482500 2286
1482510 2294
1482520 2294
1482530 2302
1482540 2309
1482550 2309
1482560 2316
1482570 2318
1482580 2318
1482590 2317
1482600 2321
1482610 2321
1482620 2328
1482630 2327
1482640 2322
1482650 2322
1482660 2318
1482670 2310
1482680 2310
1482690 2303
1482700 2298
1482710 2298
1482720 2292
1482730 2287
1482740 2287
1482750 2282
1482760 2278
1482770 2278
1482780 2275
1482790 2273
1482800 2273
1482810 2271
1482820 2268
1482830 2268
1482840 2264
1482850 2259
1482860 2259
1482870 2256
1482880 2254
1482890 2254
1482900 2254
1482910 2253
1482920 2253
1482930 2253
1482940 2253
1482950 2254
1482960 2254
1482970 2256
1482980 2257
1482990 2257
1483000 2260
1483010 2262
1483020 2262
1483030 2263
1483040 2265
1483050 2265
1483060 2267
1483070 2267
1483080 2267
1483090 2264
1483100 2261
1483110 2258
1483120 2258
1483130 2256
1483140 2256
1483150 2256
1483160 2254
1483170 2251
1483180 2251
1483190 2247
1483200 2244
1483210 2244
1483220 2240
1483230 2236
1483240 2236
1483250 2231
1483260 2227
1483270 2227
1483280 2223
1483290 2220
1483300 2220
1483310 2216
1483320 2211
1483330 2211
1483340 2207
1483350 2205
1483360 2204
1483370 2204
1483380 2200
1483390 2196
1483400 2196
1483410 2191
1483420 2188
1483430 2188
1483440 2184
1483450 2180
1483460 2180
1483470 2176
1483480 2171
1483490 2171
1483500 2167
1483510 2163
1483520 2163
1483530 2158
1483540 2155
1483550 2155
1483560 2151
1483570 2147
1483580 2142
1483590 2142
1483600 2137
1483610 2133
1483620 2133
1483630 2131
1483640 2130
1483650 2130
1483660 2130
1483670 2128
1483680 2128
1483690 2127
1483700 2124
1483710 2124
1483720 2119
1483730 2113
1483740 2113
1483750 2106
1483760 2099
1483770 2099
1483780 2093
1483790 2088
1483800 2088
1483810 2085
1483820 2083
1483830 2079
1483840 2079
1483850 2077
1483860 2076
1483870 2076
1483880 2073
1483890 2068
1483900 2068
1483910 2058
1483920 2046
1483930 2046
1483940 2041
1483950 2036
1483960 2036
1483970 2030
1483980 2024
1483990 2024
1484000 2018
1484010 2013
1484020 2013
1484030 2008
1484040 2005
1484050 1998
1484060 1998
1484070 1992
1484080 1986
1484090 1986
1484100 1980
1484110 1974
1484120 1974
1484130 1968
1484140 1962
1484150 1962
1484160 1955
1484170 1948
1484180 1948
1484190 1942
1484200 1936
1484210 1936
1484220 1930
1484230 1925
1484240 1925
1484250 1920
1484260 1915
1484270 1915
1484280 1910
1484290 1905
1484300 1901
1484310 1901
1484320 1896
1484330 1886
1484340 1886
1484350 1877
1484360 1868
1484370 1868
1484380 1858
1484390 1850
1484400 1850
1484410 1844
1484420 1839
1484430 1839
1484440 1836
1484450 1833
1484460 1833
1484470 1829
1484480 1827
1484490 1827
1484500 1824
1484510 1821
1484520 1818
1484530 1818
1484540 1813
1484550 1809
1484560 1809
1484570 1807
1484580 1807
1484590 1807
1484600 1804
1484610 1800
1484620 1800
1484630 1797
1484640 1795
1484650 1795
1484660 1793
1484670 1790
1484680 1790
1484690 1787
1484700 1784
1484710 1784
1484720 1782
1484730 1780
1484740 1780
1484750 1777
1484760 1773
1484770 1771
1484780 1771
1484790 1767
1484800 1764
1484810 1764
1484820 1763
1484830 1761
1484840 1761
1484850 1762
1484860 1766
1484870 1766
1484880 1770
1484890 1771
1484900 1771
1484910 1771
1484920 1772
1484930 1772
1484940 1772
1484950 1772
1484960 1772
1484970 1773
1484980 1773
1484990 1773
1485000 1773
1485010 1773
1485020 1774
1485030 1774
1485040 1776
1485050 1778
1485060 1778
1485070 1778
1485080 1780
1485090 1780
1485100 1782
1485110 1784
1485120 1784
1485130 1786
1485140 1788
1485150 1788
1485160 1791
1485170 1791
1485180 1791
1485190 1795
1485200 1798
1485210 1800
1485220 1800
1485230 1801
1485240 1806
1485250 1806
1485260 1812
1485270 1815
1485280 1815
1485290 1818
1485300 1819
1485310 1819
1485320 1820
1485330 1818
1485340 1818
1485350 1823
1485360 1827
1485370 1827
1485380 1828
1485390 1831
1485400 1831
1485410 1834
1485420 1836
1485430 1836
1485440 1838
1485450 1842
1485460 1843
1485470 1843
1485480 1843
1485490 1845
1485500 1845
1485510 1847
1485520 1849
1485530 1849
1485540 1849
1485550 1848
1485560 1848
1485570 1850
1485580 1854
1485590 1854
1485600 1855
1485610 1855
1485620 1855
1485630 1857
1485640 1862
1485650 1862
1485660 1864
1485670 1866
1485680 1869
1485690 1869
1485700 1872
1485710 1874
1485720 1874
1485730 1877
1485740 1881
1485750 1881
1485760 1885
1485770 1890
1485780 1890
1485790 1893
1485800 1893
1485810 1893
1485820 1893
1485830 1895
1485840 1895
1485850 1897
1485860 1900
1485870 1900
1485880 1905
1485890 1911
1485900 1911
1485910 1921
1485920 1928
1485930 1932
1485940 1932
1485950 1935
1485960 1937
1485970 1937
1485980 1942
1485990 1945
1486000 1945
1486010 1948
1486020 1952
1486030 1952
1486040 1955
1486050 1958
1486060 1958
1486070 1960
1486080 1963
1486090 1963
1486100 1966
1486110 1968
1486120 1968
1486130 1972
1486140 1974
1486150 1977
1486160 1977
1486170 1980
1486180 1983
1486190 1983
1486200 1986
1486210 1987
1486220 1987
1486230 1990
1486240 1994
1486250 1994
1486260 1998
1486270 2001
1486280 2001
1486290 2004
1486300 2008
1486310 2008
1486320 2010
1486330 2011
1486340 2011
1486350 2012
1486360 2013
1486370 2013
1486380 2017
1486390 2019
1486400 2022
1486410 2022
1486420 2023
1486430 2024
1486440 2024
1486450 2028
1486460 2030
1486470 2030
1486480 2033
1486490 2035
1486500 2035
1486510 2037
1486520 2039
1486530 2039
1486540 2041
1486550 2043
1486560 2043
1486570 2044
1486580 2042
1486590 2042
1486600 2040
1486610 2038
1486620 2040
1486630 2040
1486640 2045
1486650 2053
1486660 2053
1486670 2060
1486680 2063
1486690 2063
1486700 2064
1486710 2066
1486720 2066
1486730 2066
1486740 2067
1486750 2067
1486760 2068
1486770 2069
1486780 2069
1486790 2072
1486800 2075
1486810 2075
1486820 2078
1486830 2080
1486840 2080
1486850 2081
1486860 2082
1486870 2083
1486880 2083
1486890 2084
1486900 2090
1486910 2090
1486920 2095
1486930 2100
1486940 2100
1486950 2105
1486960 2108
1486970 2108
1486980 2111
1486990 2115
1487000 2115
1487010 2117
1487020 2120
1487030 2120
1487040 2123
1487050 2126
1487060 2126
1487070 2129
1487080 2131
1487090 2133
1487100 2133
1487110 2136
1487120 2137
1487130 2137
1487140 2139
1487150 2142
1487160 2142
1487170 2146
1487180 2150
1487190 2150
1487200 2156
1487210 2162
1487220 2162
1487230 2167
1487240 2174
1487250 2174
1487260 2180
1487270 2187
1487280 2187
1487290 2195
1487300 2202
1487310 2202
1487320 2207
1487330 2211
1487340 2216
1487350 2216
1487360 2221
1487370 2228
1487380 2228
1487390 2238
1487400 2249
1487410 2249
1487420 2260
1487430 2268
1487440 2268
1487450 2273
1487460 2276
1487470 2276
1487480 2278
1487490 2279
1487500 2279
1487510 2279
1487520 2280
1487530 2280
1487540 2281
1487550 2282
1487560 2283
1487570 2283
1487580 2285
1487590 2286
1487600 2286
1487610 2288
1487620 2289
1487630 2289
1487640 2289
1487650 2290
1487660 2290
1487670 2290
1487680 2288
1487690 2288
1487700 2288
1487710 2284
1487720 2284
1487730 2280
1487740 2278
1487750 2278
1487760 2277
1487770 2274
1487780 2273
1487790 2273
1487800 2273
1487810 2274
1487820 2274
1487830 2275
1487840 2275
1487850 2275
1487860 2276
1487870 2277
1487880 2277
1487890 2280
1487900 2282
1487910 2282
1487920 2284
1487930 2284
1487940 2284
1487950 2285
1487960 2288
1487970 2288
1487980 2291
1487990 2293
1488000 2293
1488010 2296
1488020 2300
1488030 2304
1488040 2304
1488050 2308
1488060 2312
1488070 2312
1488080 2316
1488090 2319
1488100 2319
1488110 2323
1488120 2327
1488130 2327
1488140 2332
1488150 2330
1488160 2330
1488170 2325
1488180 2317
1488190 2317
1488200 2313
1488210 2311
1488220 2311
1488230 2308
1488240 2305
1488250 2301
1488260 2301
1488270 2298
1488280 2293
1488290 2293
1488300 2286
1488310 2279
1488320 2279
1488330 2274
1488340 2269
1488350 2269
1488360 2264
1488370 2262
1488380 2262
1488390 2263
1488400 2263
1488410 2263
1488420 2264
1488430 2264
1488440 2264
1488450 2262
1488460 2261
1488470 2261
1488480 2260
1488490 2259
1488500 2258
1488510 2258
1488520 2258
1488530 2257
1488540 2257
1488550 2258
1488560 2255
1488570 2255
1488580 2253
1488590 2248
1488600 2248
1488610 2242
1488620 2235
1488630 2235
1488640 2232
1488650 2228
1488660 2228
1488670 2224
1488680 2220
1488690 2220
1488700 2216
1488710 2213
1488720 2211
1488730 2211
1488740 2209
1488750 2204
1488760 2204
1488770 2200
1488780 2199
1488790 2199
1488800 2200
1488810 2203
1488820 2203
1488830 2204
1488840 2203
1488850 2203
1488860 2200
1488870 2196
1488880 2196
1488890 2191
1488900 2185
1488910 2185
1488920 2180
1488930 2172
1488940 2172
1488950 2169
1488960 2169
1488970 2169
1488980 2169
1488990 2169
1489000 2169
1489010 2169
1489020 2169
1489030 2169
1489040 2169
1489050 2168
1489060 2170
1489070 2170
1489080 2173
1489090 2172
1489100 2172
1489110 2171
1489120 2170
1489130 2170
1489140 2171
1489150 2171
1489160 2171
1489170 2169
1489180 2167
1489190 2166
1489200 2166
1489210 2166
1489220 2166
1489230 2166
1489240 2167
1489250 2168
1489260 2168
1489270 2169
1489280 2170
1489290 2170
1489300 2171
1489310 2172
1489320 2172
1489330 2174
1489340 2175
1489350 2175
1489360 2176
1489370 2178
1489380 2178
1489390 2180
1489400 2181
1489410 2181
1489420 2183
1489430 2185
1489440 2188
1489450 2188
1489460 2191
1489470 2193
1489480 2193
1489490 2196
1489500 2199
1489510 2199
1489520 2202
1489530 2205
1489540 2205
1489550 2208
1489560 2212
1489570 2212
1489580 2216
1489590 2220
1489600 2220
1489610 2225
1489620 2229
1489630 2229
1489640 2234
1489650 2240
1489660 2245
1489670 2245
1489680 2251
1489690 2257
1489700 2257
1489710 2263
1489720 2270
1489730 2270
1489740 2279
1489750 2298
1489760 2298
1489770 2313
1489780 2319
1489790 2319
1489800 2332
1489810 2339
1489820 2339
1489830 2348
1489840 2357
1489850 2357
1489860 2365
1489870 2372
1489880 2372
1489890 2380
1489900 2386
1489910 2392
1489920 2392
1489930 2398
1489940 2404
1489950 2404
1489960 2411
1489970 2419
1489980 2419
1489990 2425
1490000 2431
1490010 2431
1490020 2436
1490030 2440
1490040 2440
1490050 2443
1490060 2444
1490070 2444
1490080 2448
1490090 2450
1490100 2450
1490110 2456
1490120 2460
1490130 2463
1490140 2463
1490150 2467
1490160 2471
1490170 2471
1490180 2476
1490190 2483
1490200 2483
1490210 2490
1490220 2496
1490230 2496
1490240 2502
1490250 2508
1490260 2508
1490270 2516
1490280 2522
1490290 2522
1490300 2527
1490310 2535
1490320 2535
1490330 2543
1490340 2552
1490350 2559
1490360 2559
1490370 2566
1490380 2574
1490390 2574
1490400 2582
1490410 2589
1490420 2589
1490430 2595
1490440 2600
1490450 2600
1490460 2605
1490470 2612
1490480 2612
1490490 2619
1490500 2626
1490510 2626
1490520 2631
1490530 2636
1490540 2636
1490550 2642
1490560 2649
1490570 2649
1490580 2655
1490590 2662
1490600 2667
1490610 2667
1490620 2670
1490630 2671
1490640 2671
1490650 2674
1490660 2675
1490670 2675
1490680 2679
1490690 2682
1490700 2682
1490710 2684
1490720 2682
1490730 2682
1490740 2684
1490750 2686
1490760 2686
1490770 2686
1490780 2688
1490790 2688
1490800 2687
1490810 2685
1490820 2688
1490830 2688
1490840 2690
1490850 2687
1490860 2687
1490870 2689
1490880 2692
1490890 2692
1490900 2694
1490910 2696
1490920 2696
1490930 2698
1490940 2702
1490950 2702
1490960 2705
1490970 2708
1490980 2708
1490990 2707
1491000 2707
1491010 2707
1491020 2705
1491030 2689
1491040 2689
1491050 2658
1491060 2636
1491070 2613
1491080 2613
1491090 2599
1491100 2577
1491110 2577
1491120 2555
1491130 2545
1491140 2545
1491150 2533
1491160 2522
1491170 2522
1491180 2509
1491190 2494
1491200 2494
1491210 2479
1491220 2461
1491230 2461
1491240 2451
1491250 2440
1491260 2440
1491270 2420
1491280 2399
1491290 2386
1491300 2386
1491310 2383
1491320 2379
1491330 2379
1491340 2373
1491350 2367
1491360 2367
1491370 2360
1491380 2354
1491390 2354
1491400 2348
1491410 2345
1491420 2345
1491430 2341
1491440 2336
1491450 2336
1491460 2331
1491470 2325
1491480 2325
1491490 2320
1491500 2313
1491510 2313
1491520 2307
1491530 2302
1491540 2296
1491550 2296
1491560 2291
1491570 2287
1491580 2287
1491590 2283
1491600 2279
1491610 2279
1491620 2275
1491630 2271
1491640 2271
1491650 2267
1491660 2263
1491670 2263
1491680 2259
1491690 2256
1491700 2256
1491710 2253
1491720 2249
1491730 2249
1491740 2245
1491750 2241
1491760 2238
1491770 2238
1491780 2238
1491790 2237
1491800 2237
1491810 2235
1491820 2234
1491830 2234
1491840 2233
1491850 2233
1491860 2233
1491870 2233
1491880 2234
1491890 2234
1491900 2234
1491910 2234
1491920 2234
1491930 2234
1491940 2234
1491950 2234
1491960 2235
1491970 2236
1491980 2236
1491990 2238
1492000 2236
1492010 2233
1492020 2233
1492030 2232
1492040 2233
1492050 2233
1492060 2235
1492070 2236
1492080 2236
1492090 2233
1492100 2232
1492110 2232
1492120 2231
1492130 2232
1492140 2232
1492150 2233
1492160 2234
1492170 2234
1492180 2237
1492190 2240
1492200 2240
1492210 2242
1492220 2245
1492230 2253
1492240 2253
1492250 2264
1492260 2281
1492270 2281
1492280 2307
1492290 2316
1492300 2316
1492310 2322
1492320 2327
1492330 2327
1492340 2331
1492350 2337
1492360 2337
1492370 2347
1492380 2353
1492390 2353
1492400 2360
1492410 2365
1492420 2365
1492430 2355
1492440 2334
1492450 2334
1492460 2301
1492470 2273
1492480 2253
1492490 2253
1492500 2242
1492510 2235
1492520 2235
1492530 2228
1492540 2222
1492550 2222
1492560 2216
1492570 2210
1492580 2210
1492590 2204
1492600 2198
1492610 2198
1492620 2192
1492630 2186
1492640 2186
1492650 2181
1492660 2175
1492670 2175
1492680 2169
1492690 2163
1492700 2157
1492710 2157
1492720 2152
1492730 2147
1492740 2147
1492750 2141
1492760 2134
1492770 2134
1492780 2128
1492790 2122
1492800 2122
1492810 2119
1492820 2118
1492830 2118
1492840 2118
1492850 2117
1492860 2117
1492870 2116
1492880 2116
1492890 2116
1492900 2116
1492910 2115
1492920 2114
1492930 2114
1492940 2114
1492950 2113
1492960 2113
1492970 2113
1492980 2113
1492990 2113
1493000 2113
1493010 2113
1493020 2113
1493030 2113
1493040 2113
1493050 2113
1493060 2113
1493070 2113
1493080 2113
1493090 2114
1493100 2118
1493110 2118
1493120 2124
1493130 2129
1493140 2129
1493150 2134
1493160 2137
1493170 2136
1493180 2136
1493190 2136
1493200 2138
1493210 2138
1493220 2144
1493230 2151
1493240 2151
1493250 2158
1493260 2164
1493270 2164
1493280 2167
1493290 2170
1493300 2170
1493310 2174
1493320 2178
1493330 2178
1493340 2182
1493350 2186
1493360 2186
1493370 2191
1493380 2195
1493390 2198
1493400 2198
1493410 2201
1493420 2203
1493430 2203
1493440 2204
1493450 2205
1493460 2205
1493470 2206
1493480 2206
1493490 2206
1493500 2206
1493510 2206
1493520 2206
1493530 2205
1493540 2205
1493550 2205
1493560 2202
1493570 2199
1493580 2199
1493590 2193
1493600 2188
1493610 2188
1493620 2183
1493630 2175
1493640 2168
1493650 2168
1493660 2162
1493670 2156
1493680 2156
1493690 2152
1493700 2147
1493710 2147
1493720 2143
1493730 2139
1493740 2139
1493750 2136
1493760 2134
1493770 2134
1493780 2132
1493790 2131
1493800 2131
1493810 2129
1493820 2127
1493830 2127
1493840 2125
1493850 2125
1493860 2124
1493870 2124
1493880 2122
1493890 2120
1493900 2120
1493910 2117
1493920 2113
1493930 2113
1493940 2108
1493950 2103
1493960 2103
1493970 2098
1493980 2093
1493990 2093
1494000 2087
1494010 2081
1494020 2081
1494030 2077
1494040 2073
1494050 2073
1494060 2068
1494070 2064
1494080 2064
1494090 2060
1494100 2056
1494110 2051
1494120 2051
1494130 2047
1494140 2042
1494150 2042
1494160 2038
1494170 2032
1494180 2032
1494190 2026
1494200 2021
1494210 2021
1494220 2015
1494230 2009
1494240 2009
1494250 2004
1494260 1999
1494270 1999
1494280 1994
1494290 1990
1494300 1990
1494310 1986
1494320 1982
1494330 1977
1494340 1977
1494350 1972
1494360 1967
1494370 1967
1494380 1962
1494390 1959
1494400 1959
1494410 1955
1494420 1952
1494430 1952
1494440 1948
1494450 1944
1494460 1944
1494470 1941
1494480 1938
1494490 1938
1494500 1935
1494510 1932
1494520 1932
1494530 1927
1494540 1923
1494550 1923
1494560 1919
1494570 1915
1494580 1912
1494590 1912
1494600 1909
1494610 1906
1494620 1906
1494630 1904
1494640 1903
1494650 1903
1494660 1901
1494670 1898
1494680 1898
1494690 1897
1494700 1894
1494710 1894
1494720 1891
1494730 1889
1494740 1889
1494750 1887
1494760 1884
1494770 1884
1494780 1880
1494790 1877
1494800 1874
1494810 1874
1494820 1870
1494830 1866
1494840 1866
1494850 1862
1494860 1856
1494870 1856
1494880 1851
1494890 1846
1494900 1846
1494910 1842
1494920 1838
1494930 1838
1494940 1833
1494950 1830
1494960 1830
1494970 1827
1494980 1824
1494990 1824
1495000 1824
1495010 1821
1495020 1821
1495030 1819
1495040 1817
1495050 1813
1495060 1813
1495070 1812
1495080 1811
1495090 1811
1495100 1810
1495110 1810
1495120 1810
1495130 1810
1495140 1810
1495150 1810
1495160 1809
1495170 1807
1495180 1807
1495190 1804
1495200 1804
1495210 1804
1495220 1805
1495230 1805
1495240 1805
1495250 1801
1495260 1799
1495270 1795
1495280 1795
1495290 1791
1495300 1788
1495310 1788
1495320 1784
1495330 1781
1495340 1781
1495350 1779
1495360 1775
1495370 1775
1495380 1770
1495390 1765
1495400 1765
1495410 1759
1495420 1753
1495430 1753
1495440 1745
1495450 1740
1495460 1740
1495470 1737
1495480 1734
1495490 1732
1495500 1732
1495510 1730
1495520 1729
1495530 1729
1495540 1727
1495550 1723
1495560 1723
1495570 1719
1495580 1716
1495590 1716
1495600 1712
1495610 1709
1495620 1709
1495630 1706
1495640 1703
1495650 1703
1495660 1700
1495670 1697
1495680 1697
1495690 1693
1495700 1689
1495710 1689
1495720 1687
1495730 1685
1495740 1683
1495750 1683
1495760 1679
1495770 1676
1495780 1676
1495790 1672
1495800 1667
1495810 1667
1495820 1662
1495830 1656
1495840 1656
1495850 1652
1495860 1647
1495870 1647
1495880 1644
1495890 1641
1495900 1641
1495910 1639
1495920 1637
1495930 1637
1495940 1634
1495950 1630
1495960 1625
1495970 1625
1495980 1620
1495990 1614
1496000 1614
1496010 1609
1496020 1604
1496030 1604
1496040 1600
1496050 1597
1496060 1597
1496070 1595
1496080 1594
1496090 1594
1496100 1591
1496110 1588
1496120 1588
1496130 1585
1496140 1583
1496150 1583
1496160 1580
1496170 1577
1496180 1577
1496190 1574
1496200 1571
1496210 1569
1496220 1569
1496230 1565
1496240 1561
1496250 1561
1496260 1558
1496270 1555
1496280 1555
1496290 1553
1496300 1550
1496310 1550
1496320 1546
1496330 1542
1496340 1542
1496350 1539
1496360 1535
1496370 1535
1496380 1532
1496390 1529
1496400 1529
1496410 1525
1496420 1521
1496430 1517
1496440 1517
1496450 1513
1496460 1510
1496470 1510
1496480 1508
1496490 1504
1496500 1504
1496510 1499
1496520 1497
1496530 1497
1496540 1493
1496550 1487
1496560 1487
1496570 1484
1496580 1479
1496590 1479
1496600 1475
1496610 1478
1496620 1478
1496630 1485
1496640 1491
1496650 1491
1496660 1496
1496670 1500
1496680 1503
1496690 1503
1496700 1503
1496710 1502
1496720 1502
1496730 1500
1496740 1498
1496750 1498
1496760 1502
1496770 1509
1496780 1509
1496790 1517
1496800 1527
1496810 1527
1496820 1529
1496830 1528
1496840 1528
1496850 1526
1496860 1529
1496870 1529
1496880 1530
1496890 1532
1496900 1538
1496910 1538
1496920 1544
1496930 1549
1496940 1549
1496950 1553
1496960 1557
1496970 1557
1496980 1559
1496990 1561
1497000 1561
1497010 1564
1497020 1569
1497030 1569
1497040 1574
1497050 1576
1497060 1576
1497070 1580
1497080 1584
1497090 1584
1497100 1587
1497110 1590
1497120 1590
1497130 1596
1497140 1601
1497150 1605
1497160 1605
1497170 1610
1497180 1614
1497190 1614
1497200 1618
1497210 1622
1497220 1622
1497230 1626
1497240 1631
1497250 1631
1497260 1635
1497270 1635
1497280 1635
1497290 1636
1497300 1642
1497310 1642
1497320 1650
1497330 1659
1497340 1659
1497350 1666
1497360 1676
1497370 1685
1497380 1685
1497390 1694
1497400 1699
1497410 1699
1497420 1701
1497430 1701
1497440 1701
1497450 1702
1497460 1703
1497470 1703
1497480 1701
1497490 1700
1497500 1700
1497510 1699
1497520 1700
1497530 1700
1497540 1702
1497550 1703
1497560 1703
1497570 1703
1497580 1703
1497590 1703
1497600 1704
1497610 1705
1497620 1706
1497630 1706
1497640 1707
1497650 1710
1497660 1710
1497670 1716
1497680 1716
1497690 1716
1497700 1717
1497710 1718
1497720 1718
1497730 1717
1497740 1713
1497750 1713
1497760 1712
1497770 1709
1497780 1709
1497790 1706
1497800 1707
1497810 1707
1497820 1706
1497830 1706
1497840 1705
1497850 1705
1497860 1702
1497870 1700
1497880 1700
1497890 1700
1497900 1699
1497910 1699
1497920 1698
1497930 1695
1497940 1695
1497950 1695
1497960 1693
1497970 1693
1497980 1691
1497990 1690
1498000 1690
1498010 1690
1498020 1687
1498030 1687
1498040 1684
1498050 1681
1498060 1679
1498070 1679
1498080 1679
1498090 1678
1498100 1678
1498110 1677
1498120 1677
1498130 1677
1498140 1677
1498150 1677
1498160 1677
1498170 1676
1498180 1676
1498190 1676
1498200 1675
1498210 1674
1498220 1674
1498230 1672
1498240 1669
1498250 1669
1498260 1666
1498270 1664
1498280 1664
1498290 1662
1498300 1659
1498310 1656
1498320 1656
1498330 1652
1498340 1648
1498350 1648
1498360 1645
1498370 1642
1498380 1642
1498390 1639
1498400 1633
1498410 1633
1498420 1627
1498430 1623
1498440 1623
1498450 1618
1498460 1614
1498470 1614
1498480 1609
1498490 1603
1498500 1603
1498510 1597
1498520 1591
1498530 1585
1498540 1585
1498550 1581
1498560 1578
1498570 1578
1498580 1573
1498590 1568
1498600 1568
1498610 1563
1498620 1557
1498630 1557
1498640 1550
1498650 1542
1498660 1542
1498670 1536
1498680 1530
1498690 1530
1498700 1525
1498710 1519
1498720 1519
1498730 1514
1498740 1513
1498750 1513
1498760 1512
1498770 1508
1498780 1506
1498790 1506
1498800 1504
1498810 1503
1498820 1503
1498830 1498
1498840 1492
1498850 1492
1498860 1485
1498870 1477
1498880 1477
1498890 1470
1498900 1464
1498910 1464
1498920 1456
1498930 1450
1498940 1450
1498950 1442
1498960 1436
1498970 1436
1498980 1431
1498990 1425
1499000 1419
1499010 1419
1499020 1413
1499030 1408
1499040 1408
1499050 1403
1499060 1398
1499070 1398
1499080 1394
1499090 1391
1499100 1391
1499110 1389
1499120 1386
1499130 1386
1499140 1383
1499150 1379
1499160 1379
1499170 1375
1499180 1371
1499190 1371
1499200 1363
1499210 1352
1499220 1352
1499230 1356
1499240 1358
1499250 1356
1499260 1356
1499270 1354
1499280 1351
1499290 1351
1499300 1348
1499310 1345
1499320 1345
1499330 1342
1499340 1337
1499350 1337
1499360 1324
1499370 1320
1499380 1320
1499390 1316
1499400 1313
1499410 1313
1499420 1313
1499430 1317
1499440 1317
1499450 1317
1499460 1317
1499470 1318
1499480 1318
1499490 1316
1499500 1313
1499510 1313
1499520 1312
1499530 1311
1499540 1311
1499550 1309
1499560 1305
1499570 1305
1499580 1302
1499590 1297
1499600 1297
1499610 1294
1499620 1293
1499630 1293
1499640 1292
1499650 1291
1499660 1291
1499670 1290
1499680 1289
1499690 1289
1499700 1287
1499710 1284
1499720 1282
1499730 1282
1499740 1276
1499750 1270
1499760 1270
1499770 1266
1499780 1262
1499790 1262
1499800 1258
1499810 1255
1499820 1255
1499830 1252
1499840 1249
1499850 1249
1499860 1247
1499870 1246
1499880 1246
1499890 1244
1499900 1243
1499910 1243
1499920 1242
1499930 1242
1499940 1241
1499950 1241
1499960 1239
1499970 1238
1499980 1238
1499990 1237
