1480000 1969
1480010 1969
1480020 1974
1480030 1979
1480040 1984
1480050 1984
1480060 1988
1480070 1993
1480080 1993
1480090 1998
1480100 2002
1480110 2002
1480120 2006
1480130 2010
1480140 2010
1480150 2013
1480160 2017
1480170 2017
1480180 2020
1480190 2023
1480200 2023
1480210 2026
1480220 2028
1480230 2028
1480240 2028
1480250 2026
1480260 2026
1480270 2024
1480280 2022
1480290 2021
1480300 2021
1480310 2022
1480320 2021
1480330 2021
1480340 2022
1480350 2023
1480360 2023
1480370 2024
1480380 2025
1480390 2025
1480400 2026
1480410 2027
1480420 2027
1480430 2028
1480440 2028
1480450 2028
1480460 2029
1480470 2030
1480480 2030
1480490 2031
1480500 2032
1480510 2032
1480520 2032
1480530 2030
1480540 2028
1480550 2028
1480560 2025
1480570 2021
1480580 2021
1480590 2017
1480600 2014
1480610 2014
1480620 2010
1480630 2007
1480640 2007
1480650 2004
1480660 2000
1480670 2000
1480680 1999
1480690 1996
1480700 1996
1480710 1993
1480720 1993
1480730 1993
1480740 1994
1480750 1997
1480760 2000
1480770 2000
1480780 2002
1480790 2004
1480800 2004
1480810 2007
1480820 2009
1480830 2009
1480840 2011
1480850 2013
1480860 2013
1480870 2016
1480880 2018
1480890 2018
1480900 2020
1480910 2021
1480920 2021
1480930 2022
1480940 2022
1480950 2022
1480960 2022
1480970 2022
1480980 2022
1480990 2022
1481000 2021
1481010 2020
1481020 2020
1481030 2025
1481040 2028
1481050 2028
1481060 2033
1481070 2037
1481080 2037
1481090 2040
1481100 2044
1481110 2044
1481120 2048
1481130 2052
1481140 2052
1481150 2056
1481160 2060
1481170 2060
1481180 2064
1481190 2068
1481200 2068
1481210 2072
1481220 2077
1481230 2081
1481240 2081
1481250 2084
1481260 2088
1481270 2088
1481280 2092
1481290 2095
1481300 2095
1481310 2098
1481320 2101
1481330 2101
1481340 2103
1481350 2104
1481360 2104
1481370 2104
1481380 2103
1481390 2103
1481400 2102
1481410 2102
1481420 2102
1481430 2103
1481440 2104
1481450 2107
1481460 2107
1481470 2110
1481480 2113
1481490 2113
1481500 2117
1481510 2120
1481520 2120
1481530 2124
1481540 2128
1481550 2128
1481560 2132
1481570 2135
1481580 2135
1481590 2140
1481600 2144
1481610 2144
1481620 2148
1481630 2152
1481640 2152
1481650 2156
1481660 2160
1481670 2160
1481680 2163
1481690 2166
1481700 2169
1481710 2169
1481720 2172
1481730 2174
1481740 2174
1481750 2176
1481760 2178
1481770 2178
1481780 2179
1481790 2180
1481800 2180
1481810 2181
1481820 2181
1481830 2181
1481840 2180
1481850 2178
1481860 2178
1481870 2177
1481880 2174
1481890 2174
1481900 2169
1481910 2168
1481920 2168
1481930 2168
1481940 2166
1481950 2164
1481960 2164
1481970 2162
1481980 2159
1481990 2159
1482000 2156
1482010 2152
1482020 2152
1482030 2149
1482040 2146
1482050 2146
1482060 2143
1482070 2140
1482080 2140
1482090 2136
1482100 2133
1482110 2133
1482120 2128
1482130 2124
1482140 2124
1482150 2120
1482160 2117
1482170 2111
1482180 2111
1482190 2103
1482200 2096
1482210 2096
1482220 2091
1482230 2086
1482240 2086
1482250 2082
1482260 2079
1482270 2079
1482280 2076
1482290 2072
1482300 2072
1482310 2068
1482320 2064
1482330 2064
1482340 2060
1482350 2056
1482360 2056
1482370 2052
1482380 2048
1482390 2044
1482400 2044
1482410 2041
1482420 2040
1482430 2040
1482440 2041
1482450 2040
1482460 2040
1482470 2037
1482480 2034
1482490 2034
1482500 2032
1482510 2030
1482520 2030
1482530 2027
1482540 2025
1482550 2025
1482560 2023
1482570 2020
1482580 2020
1482590 2017
1482600 2013
1482610 2013
1482620 2011
1482630 2008
1482640 2006
1482650 2006
1482660 2004
1482670 2001
1482680 2001
1482690 1997
1482700 1994
1482710 1994
1482720 1991
1482730 1987
1482740 1987
1482750 1985
1482760 1982
1482770 1982
1482780 1979
1482790 1976
1482800 1976
1482810 1973
1482820 1970
1482830 1970
1482840 1967
1482850 1965
1482860 1963
1482870 1963
1482880 1961
1482890 1959
1482900 1959
1482910 1958
1482920 1957
1482930 1957
1482940 1956
1482950 1955
1482960 1955
1482970 1954
1482980 1954
1482990 1954
1483000 1953
1483010 1950
1483020 1950
1483030 1949
1483040 1953
1483050 1953
1483060 1960
1483070 1963
1483080 1963
1483090 1966
1483100 1968
1483110 1970
1483120 1970
1483130 1972
1483140 1973
1483150 1973
1483160 1973
1483170 1972
1483180 1972
1483190 1973
1483200 1975
1483210 1975
1483220 1977
1483230 1978
1483240 1978
1483250 1979
1483260 1981
1483270 1981
1483280 1985
1483290 1988
1483300 1988
1483310 1988
1483320 1989
1483330 1992
1483340 1992
1483350 1995
1483360 1995
1483370 1995
1483380 1995
1483390 1996
1483400 1996
1483410 1999
1483420 2002
1483430 2002
1483440 2002
1483450 2003
1483460 2003
1483470 2003
1483480 2004
1483490 2004
1483500 2006
1483510 2008
1483520 2008
1483530 2009
1483540 2009
1483550 2009
1483560 2014
1483570 2020
1483580 2025
1483590 2025
1483600 2029
1483610 2032
1483620 2032
1483630 2035
1483640 2035
1483650 2035
1483660 2034
1483670 2038
1483680 2038
1483690 2042
1483700 2047
1483710 2047
1483720 2053
1483730 2060
1483740 2060
1483750 2068
1483760 2072
1483770 2072
1483780 2072
1483790 2072
1483800 2075
1483810 2075
1483820 2076
1483830 2076
1483840 2076
1483850 2076
1483860 2078
1483870 2078
1483880 2080
1483890 2082
1483900 2082
1483910 2080
1483920 2080
1483930 2080
1483940 2082
1483950 2083
1483960 2083
1483970 2084
1483980 2087
1483990 2087
1484000 2090
1484010 2092
1484020 2092
1484030 2094
1484040 2096
1484050 2098
1484060 2098
1484070 2101
1484080 2105
1484090 2105
1484100 2109
1484110 2111
1484120 2111
1484130 2114
1484140 2117
1484150 2117
1484160 2120
1484170 2123
1484180 2123
1484190 2126
1484200 2129
1484210 2129
1484220 2132
1484230 2134
1484240 2134
1484250 2137
1484260 2139
1484270 2139
1484280 2141
1484290 2143
1484300 2145
1484310 2145
1484320 2146
1484330 2147
1484340 2147
1484350 2147
1484360 2148
1484370 2148
1484380 2149
1484390 2151
1484400 2151
1484410 2152
1484420 2154
1484430 2154
1484440 2154
1484450 2155
1484460 2155
1484470 2155
1484480 2155
1484490 2155
1484500 2154
1484510 2154
1484520 2153
1484530 2153
1484540 2152
1484550 2148
1484560 2148
1484570 2145
1484580 2143
1484590 2143
1484600 2139
1484610 2135
1484620 2135
1484630 2133
1484640 2130
1484650 2130
1484660 2127
1484670 2124
1484680 2124
1484690 2121
1484700 2118
1484710 2118
1484720 2115
1484730 2111
1484740 2111
1484750 2106
1484760 2101
1484770 2095
1484780 2095
1484790 2090
1484800 2085
1484810 2085
1484820 2080
1484830 2076
1484840 2076
1484850 2073
1484860 2070
1484870 2070
1484880 2066
1484890 2063
1484900 2063
1484910 2059
1484920 2055
1484930 2055
1484940 2050
1484950 2045
1484960 2045
1484970 2041
1484980 2038
1484990 2035
1485000 2035
1485010 2033
1485020 2031
1485030 2031
1485040 2029
1485050 2028
1485060 2028
1485070 2026
1485080 2023
1485090 2023
1485100 2020
1485110 2017
1485120 2017
1485130 2014
1485140 2011
1485150 2011
1485160 2011
1485170 2007
1485180 2007
1485190 2004
1485200 2002
1485210 2002
1485220 1999
1485230 1996
1485240 1994
1485250 1994
1485260 1993
1485270 1991
1485280 1991
1485290 1989
1485300 1984
1485310 1984
1485320 1976
1485330 1970
1485340 1970
1485350 1965
1485360 1958
1485370 1958
1485380 1945
1485390 1939
1485400 1939
1485410 1934
1485420 1929
1485430 1929
1485440 1923
1485450 1917
1485460 1911
1485470 1911
1485480 1906
1485490 1902
1485500 1902
1485510 1898
1485520 1894
1485530 1894
1485540 1890
1485550 1886
1485560 1886
1485570 1880
1485580 1875
1485590 1875
1485600 1869
1485610 1864
1485620 1864
1485630 1858
1485640 1853
1485650 1853
1485660 1847
1485670 1839
1485680 1839
1485690 1830
1485700 1820
1485710 1815
1485720 1815
1485730 1808
1485740 1803
1485750 1803
1485760 1798
1485770 1792
1485780 1792
1485790 1787
1485800 1783
1485810 1783
1485820 1777
1485830 1771
1485840 1771
1485850 1764
1485860 1759
1485870 1759
1485880 1754
1485890 1751
1485900 1751
1485910 1749
1485920 1747
1485930 1743
1485940 1743
1485950 1739
1485960 1734
1485970 1734
1485980 1729
1485990 1723
1486000 1723
1486010 1718
1486020 1713
1486030 1713
1486040 1710
1486050 1707
1486060 1707
1486070 1704
1486080 1703
1486090 1703
1486100 1702
1486110 1702
1486120 1702
1486130 1701
1486140 1702
1486150 1702
1486160 1700
1486170 1697
1486180 1698
1486190 1698
1486200 1698
1486210 1698
1486220 1698
1486230 1700
1486240 1707
1486250 1707
1486260 1712
1486270 1716
1486280 1716
1486290 1721
1486300 1728
1486310 1728
1486320 1731
1486330 1731
1486340 1731
1486350 1736
1486360 1742
1486370 1742
1486380 1748
1486390 1754
1486400 1759
1486410 1759
1486420 1764
1486430 1768
1486440 1768
1486450 1772
1486460 1776
1486470 1776
1486480 1780
1486490 1784
1486500 1784
1486510 1786
1486520 1788
1486530 1788
1486540 1791
1486550 1794
1486560 1794
1486570 1796
1486580 1797
1486590 1797
1486600 1796
1486610 1802
1486620 1802
1486630 1805
1486640 1802
1486650 1798
1486660 1798
1486670 1801
1486680 1807
1486690 1807
1486700 1814
1486710 1817
1486720 1817
1486730 1820
1486740 1824
1486750 1824
1486760 1829
1486770 1835
1486780 1835
1486790 1841
1486800 1848
1486810 1848
1486820 1858
1486830 1868
1486840 1868
1486850 1875
1486860 1883
1486870 1892
1486880 1892
1486890 1899
1486900 1904
1486910 1904
1486920 1908
1486930 1913
1486940 1913
1486950 1919
1486960 1925
1486970 1925
1486980 1930
1486990 1934
1487000 1934
1487010 1939
1487020 1944
1487030 1944
1487040 1948
1487050 1950
1487060 1950
1487070 1951
1487080 1953
1487090 1953
1487100 1954
1487110 1955
1487120 1956
1487130 1956
1487140 1956
1487150 1956
1487160 1956
1487170 1953
1487180 1947
1487190 1947
1487200 1946
1487210 1946
1487220 1946
1487230 1948
1487240 1949
1487250 1949
1487260 1950
1487270 1946
1487280 1946
1487290 1943
1487300 1948
1487310 1948
1487320 1952
1487330 1960
1487340 1969
1487350 1969
1487360 1975
1487370 1980
1487380 1980
1487390 1986
1487400 1992
1487410 1992
1487420 1997
1487430 2000
1487440 2000
1487450 2004
1487460 2008
1487470 2008
1487480 2009
1487490 2011
1487500 2011
1487510 2016
1487520 2022
1487530 2022
1487540 2025
1487550 2030
1487560 2030
1487570 2035
1487580 2039
1487590 2041
1487600 2041
1487610 2045
1487620 2050
1487630 2050
1487640 2053
1487650 2056
1487660 2056
1487670 2061
1487680 2066
1487690 2066
1487700 2070
1487710 2074
1487720 2074
1487730 2077
1487740 2082
1487750 2082
1487760 2086
1487770 2090
1487780 2090
1487790 2094
1487800 2099
1487810 2103
1487820 2103
1487830 2108
1487840 2112
1487850 2112
1487860 2117
1487870 2122
1487880 2122
1487890 2127
1487900 2132
1487910 2132
1487920 2138
1487930 2143
1487940 2143
1487950 2148
1487960 2153
1487970 2153
1487980 2158
1487990 2163
1488000 2163
1488010 2167
1488020 2171
1488030 2171
1488040 2174
1488050 2177
1488060 2177
1488070 2177
1488080 2176
1488090 2174
1488100 2174
1488110 2172
1488120 2170
1488130 2170
1488140 2169
1488150 2168
1488160 2168
1488170 2167
1488180 2167
1488190 2167
1488200 2167
1488210 2166
1488220 2166
1488230 2165
1488240 2164
1488250 2164
1488260 2163
1488270 2162
1488280 2161
1488290 2161
1488300 2160
1488310 2159
1488320 2159
1488330 2158
1488340 2156
1488350 2156
1488360 2154
1488370 2154
1488380 2154
1488390 2152
1488400 2150
1488410 2150
1488420 2148
1488430 2146
1488440 2146
1488450 2142
1488460 2138
1488470 2138
1488480 2131
1488490 2126
1488500 2126
1488510 2121
1488520 2116
1488530 2113
1488540 2113
1488550 2109
1488560 2106
1488570 2106
1488580 2102
1488590 2100
1488600 2100
1488610 2097
1488620 2094
1488630 2094
1488640 2086
1488650 2079
1488660 2079
1488670 2075
1488680 2071
1488690 2071
1488700 2065
1488710 2059
1488720 2059
1488730 2052
1488740 2046
1488750 2041
1488760 2041
1488770 2036
1488780 2031
1488790 2031
1488800 2027
1488810 2023
1488820 2023
1488830 2017
1488840 2011
1488850 2011
1488860 2006
1488870 2002
1488880 2002
1488890 1998
1488900 1994
1488910 1994
1488920 1992
1488930 1991
1488940 1991
1488950 1992
1488960 1990
1488970 1990
1488980 1986
1488990 1982
1489000 1979
1489010 1979
1489020 1978
1489030 1978
1489040 1978
1489050 1977
1489060 1975
1489070 1975
1489080 1972
1489090 1968
1489100 1968
1489110 1962
1489120 1956
1489130 1956
1489140 1950
1489150 1944
1489160 1944
1489170 1937
1489180 1930
1489190 1930
1489200 1924
1489210 1918
1489220 1912
1489230 1912
1489240 1907
1489250 1905
1489260 1905
1489270 1904
1489280 1900
1489290 1900
1489300 1893
1489310 1884
1489320 1884
1489330 1876
1489340 1872
1489350 1872
1489360 1870
1489370 1872
1489380 1872
1489390 1873
1489400 1867
1489410 1867
1489420 1865
1489430 1865
1489440 1865
1489450 1866
1489460 1867
1489470 1867
1489480 1867
1489490 1867
1489500 1867
1489510 1867
1489520 1865
1489530 1864
1489540 1864
1489550 1864
1489560 1864
1489570 1864
1489580 1863
1489590 1862
1489600 1862
1489610 1860
1489620 1858
1489630 1858
1489640 1856
1489650 1856
1489660 1856
1489670 1856
1489680 1857
1489690 1857
1489700 1859
1489710 1861
1489720 1863
1489730 1863
1489740 1864
1489750 1869
1489760 1869
1489770 1874
1489780 1879
1489790 1879
1489800 1889
1489810 1907
1489820 1907
1489830 1921
1489840 1927
1489850 1927
1489860 1926
1489870 1922
1489880 1922
1489890 1916
1489900 1920
1489910 1920
1489920 1924
1489930 1924
1489940 1924
1489950 1924
1489960 1927
1489970 1929
1489980 1929
1489990 1933
1490000 1936
1490010 1936
1490020 1940
1490030 1943
1490040 1943
1490050 1946
1490060 1948
1490070 1948
1490080 1949
1490090 1951
1490100 1951
1490110 1955
1490120 1957
1490130 1957
1490140 1960
1490150 1965
1490160 1965
1490170 1970
1490180 1975
1490190 1978
1490200 1978
1490210 1980
1490220 1982
1490230 1982
1490240 1984
1490250 1985
1490260 1985
1490270 1985
1490280 1986
1490290 1986
1490300 1993
1490310 1998
1490320 1998
1490330 2001
1490340 2004
1490350 2004
1490360 2006
1490370 2009
1490380 2009
1490390 2011
1490400 2012
1490410 2014
1490420 2014
1490430 2017
1490440 2018
1490450 2018
1490460 2017
1490470 2023
1490480 2023
1490490 2024
1490500 2026
1490510 2026
1490520 2031
1490530 2037
1490540 2037
1490550 2042
1490560 2048
1490570 2048
1490580 2058
1490590 2071
1490600 2071
1490610 2080
1490620 2083
1490630 2083
1490640 2087
1490650 2096
1490660 2102
1490670 2102
1490680 2106
1490690 2108
1490700 2108
1490710 2110
1490720 2112
1490730 2112
1490740 2115
1490750 2117
1490760 2117
1490770 2121
1490780 2125
1490790 2125
1490800 2129
1490810 2133
1490820 2133
1490830 2136
1490840 2141
1490850 2141
1490860 2147
1490870 2153
1490880 2160
1490890 2160
1490900 2168
1490910 2177
1490920 2177
1490930 2187
1490940 2196
1490950 2196
1490960 2205
1490970 2214
1490980 2214
1490990 2224
1491000 2233
1491010 2233
1491020 2242
1491030 2251
1491040 2251
1491050 2257
1491060 2261
1491070 2261
1491080 2266
1491090 2272
1491100 2272
1491110 2279
1491120 2287
1491130 2294
1491140 2294
1491150 2299
1491160 2305
1491170 2305
1491180 2312
1491190 2320
1491200 2320
1491210 2327
1491220 2332
1491230 2332
1491240 2338
1491250 2344
1491260 2344
1491270 2350
1491280 2357
1491290 2357
1491300 2366
1491310 2374
1491320 2374
1491330 2378
1491340 2374
1491350 2365
1491360 2365
1491370 2359
1491380 2356
1491390 2356
1491400 2351
1491410 2348
1491420 2348
1491430 2345
1491440 2343
1491450 2343
1491460 2342
1491470 2339
1491480 2339
1491490 2327
1491500 2312
1491510 2312
1491520 2298
1491530 2279
1491540 2279
1491550 2264
1491560 2247
1491570 2247
1491580 2239
1491590 2232
1491600 2220
1491610 2220
1491620 2203
1491630 2197
1491640 2197
1491650 2191
1491660 2188
1491670 2188
1491680 2185
1491690 2182
1491700 2182
1491710 2180
1491720 2180
1491730 2180
1491740 2179
1491750 2180
1491760 2180
1491770 2180
1491780 2182
1491790 2182
1491800 2185
1491810 2188
1491820 2191
1491830 2191
1491840 2196
1491850 2200
1491860 2200
1491870 2206
1491880 2212
1491890 2212
1491900 2218
1491910 2224
1491920 2224
1491930 2230
1491940 2236
1491950 2236
1491960 2241
1491970 2246
1491980 2246
1491990 2256
1492000 2270
1492010 2270
1492020 2292
1492030 2308
1492040 2308
1492050 2312
1492060 2299
1492070 2289
1492080 2289
1492090 2279
1492100 2272
1492110 2272
1492120 2266
1492130 2256
1492140 2256
1492150 2248
1492160 2241
1492170 2241
1492180 2230
1492190 2201
1492200 2201
1492210 2185
1492220 2176
1492230 2176
1492240 2152
1492250 2148
1492260 2148
1492270 2134
1492280 2126
1492290 2122
1492300 2122
1492310 2117
1492320 2111
1492330 2111
1492340 2105
1492350 2101
1492360 2101
1492370 2096
1492380 2092
1492390 2092
1492400 2090
1492410 2089
1492420 2089
1492430 2088
1492440 2086
1492450 2086
1492460 2084
1492470 2082
1492480 2082
1492490 2080
1492500 2079
1492510 2079
1492520 2079
1492530 2079
1492540 2083
1492550 2083
1492560 2090
1492570 2096
1492580 2096
1492590 2103
1492600 2110
1492610 2110
1492620 2116
1492630 2123
1492640 2123
1492650 2129
1492660 2135
1492670 2135
1492680 2146
1492690 2161
1492700 2161
1492710 2177
1492720 2185
1492730 2185
1492740 2195
1492750 2207
1492760 2216
1492770 2216
1492780 2226
1492790 2238
1492800 2238
1492810 2249
1492820 2263
1492830 2263
1492840 2270
1492850 2258
1492860 2258
1492870 2241
1492880 2227
1492890 2227
1492900 2218
1492910 2206
1492920 2206
1492930 2194
1492940 2183
1492950 2183
1492960 2176
1492970 2169
1492980 2169
1492990 2161
1493000 2154
1493010 2147
1493020 2147
1493030 2141
1493040 2135
1493050 2135
1493060 2130
1493070 2126
1493080 2126
1493090 2124
1493100 2120
1493110 2120
1493120 2112
1493130 2104
1493140 2104
1493150 2096
1493160 2088
1493170 2088
1493180 2084
1493190 2082
1493200 2082
1493210 2073
1493220 2069
1493230 2062
1493240 2062
1493250 2053
1493260 2040
1493270 2040
1493280 2028
1493290 2019
1493300 2019
1493310 2009
1493320 2002
1493330 2002
1493340 1996
1493350 1990
1493360 1990
1493370 1987
1493380 1985
1493390 1985
1493400 1983
1493410 1979
1493420 1979
1493430 1976
1493440 1974
1493450 1974
1493460 1970
1493470 1968
1493480 1967
1493490 1967
1493500 1965
1493510 1962
1493520 1962
1493530 1958
1493540 1953
1493550 1953
1493560 1949
1493570 1947
1493580 1947
1493590 1947
1493600 1947
1493610 1947
1493620 1945
1493630 1941
1493640 1941
1493650 1938
1493660 1937
1493670 1937
1493680 1935
1493690 1933
1493700 1931
1493710 1931
1493720 1929
1493730 1929
1493740 1929
1493750 1924
1493760 1919
1493770 1919
1493780 1916
1493790 1915
1493800 1915
1493810 1916
1493820 1921
1493830 1921
1493840 1927
1493850 1932
1493860 1932
1493870 1936
1493880 1936
1493890 1936
1493900 1940
1493910 1944
1493920 1944
1493930 1949
1493940 1954
1493950 1954
1493960 1954
1493970 1952
1493980 1952
1493990 1952
1494000 1952
1494010 1950
1494020 1950
1494030 1947
1494040 1945
1494050 1945
1494060 1942
1494070 1940
1494080 1940
1494090 1942
1494100 1940
1494110 1940
1494120 1937
1494130 1933
1494140 1933
1494150 1930
1494160 1926
1494170 1919
1494180 1919
1494190 1913
1494200 1911
1494210 1911
1494220 1910
1494230 1910
1494240 1910
1494250 1910
1494260 1911
1494270 1911
1494280 1911
1494290 1911
1494300 1911
1494310 1913
1494320 1915
1494330 1915
1494340 1916
1494350 1916
1494360 1916
1494370 1916
1494380 1916
1494390 1916
1494400 1916
1494410 1915
1494420 1914
1494430 1914
1494440 1913
1494450 1914
1494460 1914
1494470 1914
1494480 1914
1494490 1914
1494500 1913
1494510 1912
1494520 1912
1494530 1910
1494540 1908
1494550 1908
1494560 1909
1494570 1908
1494580 1908
1494590 1907
1494600 1906
1494610 1906
1494620 1905
1494630 1905
1494640 1904
1494650 1904
1494660 1903
1494670 1903
1494680 1903
1494690 1903
1494700 1904
1494710 1904
1494720 1904
1494730 1904
1494740 1904
1494750 1906
1494760 1908
1494770 1908
1494780 1909
1494790 1909
1494800 1909
1494810 1910
1494820 1910
1494830 1910
1494840 1909
1494850 1911
1494860 1911
1494870 1912
1494880 1913
1494890 1914
1494900 1914
1494910 1915
1494920 1916
1494930 1916
1494940 1916
1494950 1917
1494960 1917
1494970 1918
1494980 1919
1494990 1919
1495000 1920
1495010 1921
1495020 1921
1495030 1923
1495040 1925
1495050 1925
1495060 1926
1495070 1926
1495080 1926
1495090 1927
1495100 1929
1495110 1930
1495120 1930
1495130 1931
1495140 1932
1495150 1932
1495160 1933
1495170 1933
1495180 1933
1495190 1930
1495200 1917
1495210 1917
1495220 1888
1495230 1877
1495240 1877
1495250 1875
1495260 1865
1495270 1865
1495280 1857
1495290 1851
1495300 1851
1495310 1846
1495320 1839
1495330 1839
1495340 1832
1495350 1826
1495360 1817
1495370 1817
1495380 1805
1495390 1795
1495400 1795
1495410 1786
1495420 1777
1495430 1777
1495440 1768
1495450 1763
1495460 1763
1495470 1756
1495480 1749
1495490 1749
1495500 1743
1495510 1742
1495520 1742
1495530 1739
1495540 1738
1495550 1738
1495560 1735
1495570 1730
1495580 1727
1495590 1727
1495600 1721
1495610 1716
1495620 1716
1495630 1711
1495640 1707
1495650 1707
1495660 1705
1495670 1703
1495680 1703
1495690 1700
1495700 1698
1495710 1698
1495720 1696
1495730 1693
1495740 1693
1495750 1690
1495760 1687
1495770 1687
1495780 1685
1495790 1682
1495800 1682
1495810 1677
1495820 1674
1495830 1671
1495840 1671
1495850 1666
1495860 1661
1495870 1661
1495880 1656
1495890 1652
1495900 1652
1495910 1650
1495920 1647
1495930 1647
1495940 1643
1495950 1638
1495960 1638
1495970 1635
1495980 1631
1495990 1631
1496000 1627
1496010 1622
1496020 1622
1496030 1617
1496040 1612
1496050 1612
1496060 1608
1496070 1607
1496080 1603
1496090 1603
1496100 1600
1496110 1599
1496120 1599
1496130 1598
1496140 1597
1496150 1597
1496160 1596
1496170 1595
1496180 1595
1496190 1589
1496200 1586
1496210 1586
1496220 1586
1496230 1586
1496240 1586
1496250 1584
1496260 1582
1496270 1582
1496280 1577
1496290 1564
1496300 1552
1496310 1552
1496320 1534
1496330 1521
1496340 1521
1496350 1511
1496360 1503
1496370 1503
1496380 1494
1496390 1488
1496400 1488
1496410 1486
1496420 1483
1496430 1483
1496440 1477
1496450 1471
1496460 1471
1496470 1465
1496480 1460
1496490 1460
1496500 1455
1496510 1452
1496520 1452
1496530 1448
1496540 1443
1496550 1440
1496560 1440
1496570 1437
1496580 1433
1496590 1433
1496600 1430
1496610 1427
1496620 1427
1496630 1426
1496640 1425
1496650 1425
1496660 1423
1496670 1421
1496680 1421
1496690 1420
1496700 1418
1496710 1418
1496720 1414
1496730 1411
1496740 1411
1496750 1409
1496760 1406
1496770 1403
1496780 1403
1496790 1399
1496800 1395
1496810 1395
1496820 1390
1496830 1386
1496840 1386
1496850 1382
1496860 1380
1496870 1380
1496880 1379
1496890 1378
1496900 1378
1496910 1377
1496920 1376
1496930 1376
1496940 1375
1496950 1374
1496960 1374
1496970 1373
1496980 1372
1496990 1372
1497000 1371
1497010 1369
1497020 1367
1497030 1367
1497040 1367
1497050 1365
1497060 1365
1497070 1364
1497080 1363
1497090 1363
1497100 1361
1497110 1357
1497120 1357
1497130 1350
1497140 1344
1497150 1344
1497160 1341
1497170 1338
1497180 1338
1497190 1336
1497200 1332
1497210 1332
1497220 1327
1497230 1322
1497240 1319
1497250 1319
1497260 1316
1497270 1314
1497280 1314
1497290 1312
1497300 1310
1497310 1310
1497320 1308
1497330 1307
1497340 1307
1497350 1305
1497360 1303
1497370 1303
1497380 1300
1497390 1295
1497400 1295
1497410 1290
1497420 1287
1497430 1287
1497440 1283
1497450 1282
1497460 1282
1497470 1282
1497480 1282
1497490 1283
1497500 1283
1497510 1286
1497520 1291
1497530 1291
1497540 1298
1497550 1302
1497560 1302
1497570 1303
1497580 1304
1497590 1304
1497600 1304
1497610 1305
1497620 1305
1497630 1304
1497640 1298
1497650 1298
1497660 1288
1497670 1284
1497680 1284
1497690 1279
1497700 1271
1497710 1269
1497720 1269
1497730 1268
1497740 1267
1497750 1267
1497760 1266
1497770 1266
1497780 1266
1497790 1265
1497800 1265
1497810 1265
1497820 1265
1497830 1265
1497840 1265
1497850 1267
1497860 1282
1497870 1282
1497880 1294
1497890 1293
1497900 1293
1497910 1292
1497920 1291
1497930 1291
1497940 1289
1497950 1287
1497960 1286
1497970 1286
1497980 1285
1497990 1283
1498000 1283
1498010 1281
1498020 1280
1498030 1280
1498040 1280
1498050 1279
1498060 1279
1498070 1279
1498080 1279
1498090 1279
1498100 1278
1498110 1278
1498120 1278
1498130 1277
1498140 1275
1498150 1275
1498160 1274
1498170 1277
1498180 1281
1498190 1281
1498200 1284
1498210 1287
1498220 1287
1498230 1290
1498240 1293
1498250 1293
1498260 1296
1498270 1298
1498280 1298
1498290 1301
1498300 1305
1498310 1305
1498320 1308
1498330 1311
1498340 1311
1498350 1314
1498360 1316
1498370 1316
1498380 1321
1498390 1324
1498400 1324
1498410 1325
1498420 1328
1498430 1334
1498440 1334
1498450 1334
1498460 1336
1498470 1336
1498480 1338
1498490 1338
1498500 1338
1498510 1338
1498520 1339
1498530 1339
1498540 1341
1498550 1343
1498560 1343
1498570 1346
1498580 1348
1498590 1348
1498600 1350
1498610 1353
1498620 1353
1498630 1353
1498640 1354
1498650 1356
1498660 1356
1498670 1357
1498680 1358
1498690 1358
1498700 1358
1498710 1358
1498720 1358
1498730 1358
1498740 1357
1498750 1357
1498760 1355
1498770 1353
1498780 1353
1498790 1351
1498800 1351
1498810 1351
1498820 1351
1498830 1351
1498840 1351
1498850 1350
1498860 1349
1498870 1349
1498880 1348
1498890 1348
1498900 1347
1498910 1347
1498920 1346
1498930 1346
1498940 1346
1498950 1346
1498960 1345
1498970 1345
1498980 1343
1498990 1342
1499000 1342
1499010 1342
1499020 1343
1499030 1343
1499040 1344
1499050 1344
1499060 1344
1499070 1342
1499080 1341
1499090 1341
1499100 1340
1499110 1339
1499120 1337
1499130 1337
1499140 1335
1499150 1333
1499160 1333
1499170 1333
1499180 1333
1499190 1333
1499200 1333
1499210 1332
1499220 1332
1499230 1331
1499240 1330
1499250 1330
1499260 1329
1499270 1329
1499280 1329
1499290 1327
1499300 1327
1499310 1327
1499320 1327
1499330 1329
1499340 1329
1499350 1333
1499360 1338
1499370 1342
1499380 1342
1499390 1345
1499400 1346
1499410 1346
1499420 1351
1499430 1355
1499440 1355
1499450 1343
1499460 1347
1499470 1347
1499480 1364
1499490 1375
1499500 1375
1499510 1383
1499520 1390
1499530 1390
1499540 1396
1499550 1404
1499560 1404
1499570 1412
1499580 1416
1499590 1418
1499600 1418
1499610 1419
1499620 1420
1499630 1420
1499640 1421
1499650 1421
1499660 1421
1499670 1419
1499680 1419
1499690 1419
1499700 1421
1499710 1420
1499720 1420
1499730 1417
1499740 1418
1499750 1418
1499760 1429
1499770 1444
1499780 1444
1499790 1458
1499800 1466
1499810 1466
1499820 1476
1499830 1488
1499840 1501
1499850 1501
1499860 1509
1499870 1517
1499880 1517
1499890 1527
1499900 1541
1499910 1541
1499920 1552
1499930 1563
1499940 1563
1499950 1573
1499960 1583
1499970 1583
1499980 1592
1499990 1600
