1480000 1949
1480010 1949
1480020 1949
1480030 1948
1480040 1948
1480050 1948
1480060 1946
1480070 1945
1480080 1945
1480090 1944
1480100 1944
1480110 1944
1480120 1944
1480130 1945
1480140 1945
1480150 1945
1480160 1946
1480170 1946
1480180 1947
1480190 1948
1480200 1948
1480210 1949
1480220 1951
1480230 1951
1480240 1953
1480250 1953
1480260 1953
1480270 1953
1480280 1954
1480290 1955
1480300 1955
1480310 1955
1480320 1955
1480330 1955
1480340 1956
1480350 1957
1480360 1957
1480370 1958
1480380 1959
1480390 1959
1480400 1958
1480410 1958
1480420 1958
1480430 1960
1480440 1961
1480450 1961
1480460 1962
1480470 1963
1480480 1963
1480490 1967
1480500 1972
1480510 1977
1480520 1977
1480530 1981
1480540 1984
1480550 1984
1480560 1990
1480570 1993
1480580 1993
1480590 1997
1480600 2001
1480610 2001
1480620 2004
1480630 2007
1480640 2007
1480650 2010
1480660 2014
1480670 2014
1480680 2017
1480690 2020
1480700 2020
1480710 2023
1480720 2028
1480730 2031
1480740 2031
1480750 2036
1480760 2041
1480770 2041
1480780 2044
1480790 2046
1480800 2046
1480810 2047
1480820 2048
1480830 2048
1480840 2048
1480850 2048
1480860 2048
1480870 2048
1480880 2049
1480890 2049
1480900 2052
1480910 2055
1480920 2055
1480930 2059
1480940 2065
1480950 2065
1480960 2069
1480970 2075
1480980 2080
1480990 2080
1481000 2085
1481010 2089
1481020 2089
1481030 2092
1481040 2095
1481050 2095
1481060 2098
1481070 2100
1481080 2100
1481090 2100
1481100 2101
1481110 2101
1481120 2104
1481130 2108
1481140 2108
1481150 2110
1481160 2110
1481170 2110
1481180 2111
1481190 2114
1481200 2117
1481210 2117
1481220 2121
1481230 2126
1481240 2126
1481250 2133
1481260 2140
1481270 2140
1481280 2148
1481290 2155
1481300 2155
1481310 2164
1481320 2173
1481330 2173
1481340 2180
1481350 2179
1481360 2179
1481370 2172
1481380 2164
1481390 2164
1481400 2156
1481410 2149
1481420 2149
1481430 2144
1481440 2140
1481450 2139
1481460 2139
1481470 2138
1481480 2135
1481490 2135
1481500 2131
1481510 2127
1481520 2127
1481530 2122
1481540 2118
1481550 2118
1481560 2115
1481570 2111
1481580 2111
1481590 2108
1481600 2104
1481610 2104
1481620 2101
1481630 2096
1481640 2096
1481650 2091
1481660 2085
1481670 2080
1481680 2080
1481690 2075
1481700 2072
1481710 2072
1481720 2069
1481730 2064
1481740 2064
1481750 2060
1481760 2056
1481770 2056
1481780 2051
1481790 2047
1481800 2047
1481810 2044
1481820 2040
1481830 2040
1481840 2037
1481850 2035
1481860 2035
1481870 2034
1481880 2033
1481890 2033
1481900 2033
1481910 2031
1481920 2030
1481930 2030
1481940 2028
1481950 2027
1481960 2027
1481970 2024
1481980 2022
1481990 2022
1482000 2020
1482010 2018
1482020 2018
1482030 2016
1482040 2014
1482050 2014
1482060 2011
1482070 2007
1482080 2007
1482090 2005
1482100 2003
1482110 2003
1482120 2002
1482130 2001
1482140 1999
1482150 1999
1482160 1998
1482170 1996
1482180 1996
1482190 1993
1482200 1991
1482210 1991
1482220 1989
1482230 1988
1482240 1988
1482250 1987
1482260 1987
1482270 1987
1482280 1986
1482290 1986
1482300 1986
1482310 1987
1482320 1988
1482330 1988
1482340 1988
1482350 1987
1482360 1987
1482370 1985
1482380 1984
1482390 1980
1482400 1980
1482410 1974
1482420 1970
1482430 1970
1482440 1966
1482450 1963
1482460 1963
1482470 1959
1482480 1955
1482490 1955
1482500 1948
1482510 1942
1482520 1942
1482530 1937
1482540 1931
1482550 1931
1482560 1926
1482570 1922
1482580 1922
1482590 1915
1482600 1906
1482610 1906
1482620 1894
1482630 1884
1482640 1880
1482650 1880
1482660 1878
1482670 1876
1482680 1876
1482690 1875
1482700 1875
1482710 1875
1482720 1875
1482730 1873
1482740 1873
1482750 1870
1482760 1867
1482770 1867
1482780 1864
1482790 1862
1482800 1862
1482810 1860
1482820 1858
1482830 1858
1482840 1856
1482850 1855
1482860 1854
1482870 1854
1482880 1853
1482890 1851
1482900 1851
1482910 1853
1482920 1858
1482930 1858
1482940 1859
1482950 1861
1482960 1861
1482970 1861
1482980 1860
1482990 1860
1483000 1863
1483010 1867
1483020 1867
1483030 1871
1483040 1876
1483050 1876
1483060 1881
1483070 1885
1483080 1885
1483090 1889
1483100 1893
1483110 1896
1483120 1896
1483130 1900
1483140 1905
1483150 1905
1483160 1910
1483170 1916
1483180 1916
1483190 1921
1483200 1927
1483210 1927
1483220 1931
1483230 1936
1483240 1936
1483250 1941
1483260 1946
1483270 1946
1483280 1951
1483290 1956
1483300 1956
1483310 1962
1483320 1968
1483330 1975
1483340 1975
1483350 1982
1483360 1988
1483370 1988
1483380 1993
1483390 1996
1483400 1996
1483410 1999
1483420 2001
1483430 2001
1483440 2003
1483450 2005
1483460 2005
1483470 2009
1483480 2013
1483490 2013
1483500 2016
1483510 2019
1483520 2019
1483530 2023
1483540 2026
1483550 2026
1483560 2030
1483570 2034
1483580 2038
1483590 2038
1483600 2043
1483610 2049
1483620 2049
1483630 2055
1483640 2061
1483650 2061
1483660 2067
1483670 2074
1483680 2074
1483690 2081
1483700 2089
1483710 2089
1483720 2096
1483730 2102
1483740 2102
1483750 2108
1483760 2114
1483770 2114
1483780 2121
1483790 2128
1483800 2136
1483810 2136
1483820 2144
1483830 2152
1483840 2152
1483850 2160
1483860 2169
1483870 2169
1483880 2177
1483890 2182
1483900 2182
1483910 2185
1483920 2189
1483930 2189
1483940 2194
1483950 2201
1483960 2201
1483970 2208
1483980 2217
1483990 2217
1484000 2226
1484010 2233
1484020 2233
1484030 2239
1484040 2246
1484050 2252
1484060 2252
1484070 2258
1484080 2264
1484090 2264
1484100 2270
1484110 2276
1484120 2276
1484130 2282
1484140 2289
1484150 2289
1484160 2295
1484170 2301
1484180 2301
1484190 2307
1484200 2313
1484210 2313
1484220 2319
1484230 2324
1484240 2324
1484250 2330
1484260 2336
1484270 2342
1484280 2342
1484290 2347
1484300 2352
1484310 2352
1484320 2357
1484330 2360
1484340 2360
1484350 2358
1484360 2350
1484370 2350
1484380 2342
1484390 2335
1484400 2335
1484410 2329
1484420 2323
1484430 2323
1484440 2317
1484450 2312
1484460 2312
1484470 2308
1484480 2304
1484490 2304
1484500 2300
1484510 2297
1484520 2296
1484530 2296
1484540 2295
1484550 2294
1484560 2294
1484570 2292
1484580 2288
1484590 2288
1484600 2284
1484610 2280
1484620 2280
1484630 2277
1484640 2272
1484650 2272
1484660 2267
1484670 2262
1484680 2262
1484690 2258
1484700 2254
1484710 2254
1484720 2251
1484730 2249
1484740 2249
1484750 2246
1484760 2240
1484770 2235
1484780 2235
1484790 2229
1484800 2223
1484810 2223
1484820 2218
1484830 2216
1484840 2216
1484850 2215
1484860 2210
1484870 2210
1484880 2204
1484890 2197
1484900 2197
1484910 2191
1484920 2185
1484930 2185
1484940 2178
1484950 2171
1484960 2171
1484970 2165
1484980 2160
1484990 2153
1485000 2153
1485010 2145
1485020 2136
1485030 2136
1485040 2129
1485050 2123
1485060 2123
1485070 2117
1485080 2112
1485090 2112
1485100 2107
1485110 2101
1485120 2101
1485130 2093
1485140 2085
1485150 2085
1485160 2078
1485170 2072
1485180 2072
1485190 2065
1485200 2060
1485210 2060
1485220 2056
1485230 2052
1485240 2047
1485250 2047
1485260 2043
1485270 2040
1485280 2040
1485290 2037
1485300 2034
1485310 2034
1485320 2031
1485330 2028
1485340 2028
1485350 2024
1485360 2018
1485370 2018
1485380 2015
1485390 2013
1485400 2013
1485410 2011
1485420 2010
1485430 2010
1485440 2010
1485450 2008
1485460 2001
1485470 2001
1485480 1992
1485490 1985
1485500 1985
1485510 1977
1485520 1969
1485530 1969
1485540 1962
1485550 1956
1485560 1956
1485570 1953
1485580 1953
1485590 1953
1485600 1955
1485610 1952
1485620 1952
1485630 1941
1485640 1932
1485650 1932
1485660 1924
1485670 1915
1485680 1915
1485690 1907
1485700 1901
1485710 1895
1485720 1895
1485730 1890
1485740 1887
1485750 1887
1485760 1881
1485770 1876
1485780 1876
1485790 1870
1485800 1864
1485810 1864
1485820 1858
1485830 1854
1485840 1854
1485850 1851
1485860 1846
1485870 1846
1485880 1839
1485890 1835
1485900 1835
1485910 1832
1485920 1829
1485930 1824
1485940 1824
1485950 1818
1485960 1811
1485970 1811
1485980 1806
1485990 1802
1486000 1802
1486010 1799
1486020 1795
1486030 1795
1486040 1791
1486050 1787
1486060 1787
1486070 1784
1486080 1780
1486090 1780
1486100 1777
1486110 1775
1486120 1775
1486130 1770
1486140 1766
1486150 1766
1486160 1760
1486170 1753
1486180 1749
1486190 1749
1486200 1746
1486210 1742
1486220 1742
1486230 1737
1486240 1733
1486250 1733
1486260 1729
1486270 1727
1486280 1727
1486290 1723
1486300 1720
1486310 1720
1486320 1716
1486330 1710
1486340 1710
1486350 1706
1486360 1703
1486370 1703
1486380 1700
1486390 1696
1486400 1691
1486410 1691
1486420 1686
1486430 1682
1486440 1682
1486450 1679
1486460 1678
1486470 1678
1486480 1676
1486490 1676
1486500 1676
1486510 1675
1486520 1674
1486530 1674
1486540 1673
1486550 1670
1486560 1670
1486570 1665
1486580 1659
1486590 1659
1486600 1654
1486610 1653
1486620 1653
1486630 1658
1486640 1664
1486650 1672
1486660 1672
1486670 1681
1486680 1690
1486690 1690
1486700 1698
1486710 1706
1486720 1706
1486730 1714
1486740 1719
1486750 1719
1486760 1725
1486770 1732
1486780 1732
1486790 1737
1486800 1743
1486810 1743
1486820 1749
1486830 1755
1486840 1755
1486850 1760
1486860 1768
1486870 1768
1486880 1775
1486890 1781
1486900 1787
1486910 1787
1486920 1793
1486930 1800
1486940 1800
1486950 1807
1486960 1811
1486970 1811
1486980 1815
1486990 1819
1487000 1819
1487010 1824
1487020 1827
1487030 1827
1487040 1829
1487050 1833
1487060 1833
1487070 1839
1487080 1844
1487090 1844
1487100 1850
1487110 1855
1487120 1861
1487130 1861
1487140 1866
1487150 1871
1487160 1871
1487170 1875
1487180 1878
1487190 1878
1487200 1878
1487210 1881
1487220 1881
1487230 1885
1487240 1890
1487250 1890
1487260 1895
1487270 1900
1487280 1900
1487290 1903
1487300 1906
1487310 1906
1487320 1908
1487330 1911
1487340 1911
1487350 1915
1487360 1920
1487370 1925
1487380 1925
1487390 1929
1487400 1933
1487410 1933
1487420 1938
1487430 1943
1487440 1943
1487450 1946
1487460 1949
1487470 1949
1487480 1954
1487490 1960
1487500 1960
1487510 1966
1487520 1972
1487530 1972
1487540 1977
1487550 1982
1487560 1982
1487570 1989
1487580 1998
1487590 2011
1487600 2011
1487610 2024
1487620 2033
1487630 2033
1487640 2045
1487650 2057
1487660 2057
1487670 2069
1487680 2075
1487690 2075
1487700 2081
1487710 2085
1487720 2085
1487730 2089
1487740 2086
1487750 2086
1487760 2085
1487770 2083
1487780 2083
1487790 2086
1487800 2091
1487810 2091
1487820 2090
1487830 2090
1487840 2091
1487850 2091
1487860 2093
1487870 2095
1487880 2095
1487890 2097
1487900 2099
1487910 2099
1487920 2101
1487930 2104
1487940 2104
1487950 2105
1487960 2107
1487970 2107
1487980 2109
1487990 2112
1488000 2112
1488010 2116
1488020 2121
1488030 2121
1488040 2127
1488050 2133
1488060 2140
1488070 2140
1488080 2143
1488090 2148
1488100 2148
1488110 2153
1488120 2159
1488130 2159
1488140 2163
1488150 2167
1488160 2167
1488170 2173
1488180 2178
1488190 2178
1488200 2183
1488210 2185
1488220 2185
1488230 2185
1488240 2184
1488250 2184
1488260 2182
1488270 2176
1488280 2176
1488290 2166
1488300 2157
1488310 2148
1488320 2148
1488330 2142
1488340 2138
1488350 2138
1488360 2133
1488370 2125
1488380 2125
1488390 2120
1488400 2117
1488410 2117
1488420 2113
1488430 2107
1488440 2107
1488450 2100
1488460 2095
1488470 2095
1488480 2090
1488490 2087
1488500 2087
1488510 2083
1488520 2082
1488530 2080
1488540 2080
1488550 2077
1488560 2075
1488570 2075
1488580 2072
1488590 2065
1488600 2065
1488610 2059
1488620 2056
1488630 2056
1488640 2054
1488650 2053
1488660 2053
1488670 2053
1488680 2053
1488690 2053
1488700 2052
1488710 2050
1488720 2050
1488730 2049
1488740 2047
1488750 2047
1488760 2045
1488770 2041
1488780 2037
1488790 2037
1488800 2032
1488810 2027
1488820 2027
1488830 2019
1488840 2012
1488850 2012
1488860 2006
1488870 2000
1488880 2000
1488890 1995
1488900 1990
1488910 1990
1488920 1985
1488930 1981
1488940 1981
1488950 1977
1488960 1973
1488970 1973
1488980 1968
1488990 1967
1489000 1967
1489010 1966
1489020 1966
1489030 1965
1489040 1965
1489050 1964
1489060 1963
1489070 1963
1489080 1962
1489090 1961
1489100 1961
1489110 1959
1489120 1957
1489130 1957
1489140 1955
1489150 1953
1489160 1953
1489170 1952
1489180 1949
1489190 1949
1489200 1946
1489210 1943
1489220 1943
1489230 1939
1489240 1936
1489250 1933
1489260 1933
1489270 1930
1489280 1927
1489290 1927
1489300 1923
1489310 1919
1489320 1919
1489330 1915
1489340 1911
1489350 1911
1489360 1908
1489370 1903
1489380 1903
1489390 1897
1489400 1892
1489410 1892
1489420 1885
1489430 1877
1489440 1877
1489450 1869
1489460 1861
1489470 1861
1489480 1852
1489490 1842
1489500 1833
1489510 1833
1489520 1827
1489530 1821
1489540 1821
1489550 1816
1489560 1810
1489570 1810
1489580 1803
1489590 1797
1489600 1797
1489610 1791
1489620 1786
1489630 1786
1489640 1781
1489650 1777
1489660 1777
1489670 1772
1489680 1768
1489690 1768
1489700 1765
1489710 1762
1489720 1757
1489730 1757
1489740 1751
1489750 1746
1489760 1746
1489770 1740
1489780 1735
1489790 1735
1489800 1731
1489810 1727
1489820 1727
1489830 1723
1489840 1718
1489850 1718
1489860 1712
1489870 1707
1489880 1707
1489890 1701
1489900 1695
1489910 1695
1489920 1692
1489930 1689
1489940 1689
1489950 1689
1489960 1687
1489970 1681
1489980 1681
1489990 1678
1490000 1678
1490010 1678
1490020 1677
1490030 1675
1490040 1675
1490050 1673
1490060 1671
1490070 1671
1490080 1669
1490090 1667
1490100 1667
1490110 1667
1490120 1666
1490130 1666
1490140 1664
1490150 1663
1490160 1663
1490170 1663
1490180 1660
1490190 1654
1490200 1654
1490210 1656
1490220 1663
1490230 1663
1490240 1667
1490250 1668
1490260 1668
1490270 1672
1490280 1675
1490290 1675
1490300 1676
1490310 1678
1490320 1678
1490330 1680
1490340 1680
1490350 1680
1490360 1685
1490370 1694
1490380 1694
1490390 1703
1490400 1706
1490410 1706
1490420 1708
1490430 1710
1490440 1713
1490450 1713
1490460 1716
1490470 1717
1490480 1717
1490490 1717
1490500 1719
1490510 1719
1490520 1720
1490530 1720
1490540 1720
1490550 1716
1490560 1719
1490570 1719
1490580 1723
1490590 1726
1490600 1726
1490610 1727
1490620 1729
1490630 1729
1490640 1732
1490650 1735
1490660 1740
1490670 1740
1490680 1749
1490690 1759
1490700 1759
1490710 1768
1490720 1773
1490730 1773
1490740 1775
1490750 1770
1490760 1770
1490770 1777
1490780 1786
1490790 1786
1490800 1795
1490810 1805
1490820 1805
1490830 1811
1490840 1815
1490850 1815
1490860 1821
1490870 1826
1490880 1826
1490890 1831
1490900 1835
1490910 1842
1490920 1842
1490930 1848
1490940 1858
1490950 1858
1490960 1867
1490970 1876
1490980 1876
1490990 1884
1491000 1893
1491010 1893
1491020 1904
1491030 1914
1491040 1914
1491050 1925
1491060 1935
1491070 1935
1491080 1945
1491090 1956
1491100 1956
1491110 1965
1491120 1972
1491130 1976
1491140 1976
1491150 1980
1491160 1985
1491170 1985
1491180 1989
1491190 1992
1491200 1992
1491210 1995
1491220 1998
1491230 1998
1491240 2007
1491250 2011
1491260 2011
1491270 2014
1491280 2018
1491290 2018
1491300 2021
1491310 2023
1491320 2023
1491330 2025
1491340 2025
1491350 2025
1491360 2023
1491370 2018
1491380 2014
1491390 2014
1491400 2012
1491410 2009
1491420 2009
1491430 2002
1491440 1997
1491450 1997
1491460 1991
1491470 1984
1491480 1984
1491490 1977
1491500 1983
1491510 1983
1491520 1988
1491530 2001
1491540 2001
1491550 2007
1491560 2014
1491570 2014
1491580 2021
1491590 2031
1491600 2031
1491610 2039
1491620 2050
1491630 2070
1491640 2070
1491650 2095
1491660 2117
1491670 2117
1491680 2122
1491690 2126
1491700 2126
1491710 2131
1491720 2133
1491730 2133
1491740 2137
1491750 2141
1491760 2141
1491770 2138
1491780 2131
1491790 2131
1491800 2131
1491810 2133
1491820 2133
1491830 2135
1491840 2140
1491850 2147
1491860 2147
1491870 2156
1491880 2164
1491890 2164
1491900 2170
1491910 2174
1491920 2174
1491930 2158
1491940 2121
1491950 2121
1491960 2111
1491970 2103
1491980 2103
1491990 2096
1492000 2090
1492010 2090
1492020 2085
1492030 2081
1492040 2081
1492050 2079
1492060 2077
1492070 2077
1492080 2074
1492090 2070
1492100 2066
1492110 2066
1492120 2066
1492130 2064
1492140 2064
1492150 2066
1492160 2066
1492170 2066
1492180 2064
1492190 2061
1492200 2061
1492210 2059
1492220 2056
1492230 2056
1492240 2053
1492250 2050
1492260 2050
1492270 2052
1492280 2054
1492290 2054
1492300 2052
1492310 2050
1492320 2046
1492330 2046
1492340 2042
1492350 2037
1492360 2037
1492370 2032
1492380 2027
1492390 2027
1492400 2022
1492410 2018
1492420 2018
1492430 2015
1492440 2013
1492450 2013
1492460 2012
1492470 2012
1492480 2012
1492490 2011
1492500 2012
1492510 2012
1492520 2013
1492530 2015
1492540 2015
1492550 2018
1492560 2020
1492570 2023
1492580 2023
1492590 2027
1492600 2030
1492610 2030
1492620 2032
1492630 2033
1492640 2033
1492650 2031
1492660 2030
1492670 2030
1492680 2033
1492690 2038
1492700 2038
1492710 2043
1492720 2049
1492730 2049
1492740 2054
1492750 2060
1492760 2060
1492770 2076
1492780 2094
1492790 2107
1492800 2107
1492810 2117
1492820 2124
1492830 2124
1492840 2132
1492850 2139
1492860 2139
1492870 2147
1492880 2152
1492890 2152
1492900 2159
1492910 2166
1492920 2166
1492930 2175
1492940 2184
1492950 2184
1492960 2189
1492970 2190
1492980 2190
1492990 2193
1493000 2198
1493010 2198
1493020 2198
1493030 2194
1493040 2190
1493050 2190
1493060 2185
1493070 2180
1493080 2180
1493090 2174
1493100 2168
1493110 2168
1493120 2162
1493130 2154
1493140 2154
1493150 2145
1493160 2134
1493170 2134
1493180 2120
1493190 2104
1493200 2104
1493210 2091
1493220 2076
1493230 2076
1493240 2060
1493250 2046
1493260 2037
1493270 2037
1493280 2029
1493290 2022
1493300 2022
1493310 2015
1493320 2006
1493330 2006
1493340 1998
1493350 1990
1493360 1990
1493370 1984
1493380 1979
1493390 1979
1493400 1974
1493410 1968
1493420 1968
1493430 1961
1493440 1955
1493450 1955
1493460 1950
1493470 1946
1493480 1946
1493490 1942
1493500 1937
1493510 1933
1493520 1933
1493530 1929
1493540 1925
1493550 1925
1493560 1920
1493570 1916
1493580 1916
1493590 1914
1493600 1913
1493610 1913
1493620 1912
1493630 1912
1493640 1912
1493650 1914
1493660 1916
1493670 1916
1493680 1918
1493690 1921
1493700 1921
1493710 1921
1493720 1917
1493730 1917
1493740 1910
1493750 1904
1493760 1898
1493770 1898
1493780 1892
1493790 1886
1493800 1886
1493810 1881
1493820 1880
1493830 1880
1493840 1882
1493850 1882
1493860 1882
1493870 1881
1493880 1880
1493890 1880
1493900 1877
1493910 1872
1493920 1872
1493930 1871
1493940 1874
1493950 1874
1493960 1874
1493970 1875
1493980 1871
1493990 1871
1494000 1871
1494010 1873
1494020 1873
1494030 1873
1494040 1875
1494050 1875
1494060 1873
1494070 1867
1494080 1867
1494090 1861
1494100 1856
1494110 1856
1494120 1851
1494130 1849
1494140 1849
1494150 1844
1494160 1839
1494170 1839
1494180 1834
1494190 1828
1494200 1828
1494210 1822
1494220 1817
1494230 1813
1494240 1813
1494250 1809
1494260 1806
1494270 1806
1494280 1802
1494290 1798
1494300 1798
1494310 1793
1494320 1787
1494330 1787
1494340 1783
1494350 1778
1494360 1778
1494370 1772
1494380 1765
1494390 1765
1494400 1758
1494410 1751
1494420 1751
1494430 1745
1494440 1740
1494450 1735
1494460 1735
1494470 1730
1494480 1727
1494490 1727
1494500 1723
1494510 1719
1494520 1719
1494530 1716
1494540 1714
1494550 1714
1494560 1716
1494570 1717
1494580 1717
1494590 1718
1494600 1720
1494610 1720
1494620 1723
1494630 1726
1494640 1726
1494650 1729
1494660 1729
1494670 1729
1494680 1726
1494690 1723
1494700 1718
1494710 1718
1494720 1711
1494730 1705
1494740 1705
1494750 1698
1494760 1691
1494770 1691
1494780 1685
1494790 1680
1494800 1680
1494810 1675
1494820 1669
1494830 1669
1494840 1664
1494850 1660
1494860 1660
1494870 1663
1494880 1665
1494890 1665
1494900 1667
1494910 1668
1494920 1670
1494930 1670
1494940 1672
1494950 1674
1494960 1674
1494970 1677
1494980 1681
1494990 1681
1495000 1683
1495010 1686
1495020 1686
1495030 1688
1495040 1690
1495050 1690
1495060 1693
1495070 1695
1495080 1695
1495090 1697
1495100 1697
1495110 1697
1495120 1698
1495130 1700
1495140 1700
1495150 1701
1495160 1702
1495170 1702
1495180 1702
1495190 1703
1495200 1704
1495210 1704
1495220 1705
1495230 1706
1495240 1706
1495250 1708
1495260 1709
1495270 1709
1495280 1711
1495290 1710
1495300 1710
1495310 1709
1495320 1709
1495330 1709
1495340 1709
1495350 1709
1495360 1709
1495370 1710
1495380 1710
1495390 1711
1495400 1711
1495410 1711
1495420 1711
1495430 1711
1495440 1711
1495450 1711
1495460 1711
1495470 1710
1495480 1710
1495490 1710
1495500 1709
1495510 1708
1495520 1708
1495530 1707
1495540 1706
1495550 1706
1495560 1704
1495570 1703
1495580 1703
1495590 1702
1495600 1702
1495610 1702
1495620 1700
1495630 1698
1495640 1693
1495650 1693
1495660 1687
1495670 1662
1495680 1662
1495690 1647
1495700 1636
1495710 1636
1495720 1620
1495730 1609
1495740 1609
1495750 1601
1495760 1593
1495770 1593
1495780 1587
1495790 1582
1495800 1582
1495810 1577
1495820 1571
1495830 1571
1495840 1563
1495850 1556
1495860 1547
1495870 1547
1495880 1540
1495890 1534
1495900 1534
1495910 1529
1495920 1525
1495930 1525
1495940 1521
1495950 1518
1495960 1518
1495970 1515
1495980 1512
1495990 1512
1496000 1509
1496010 1507
1496020 1507
1496030 1504
1496040 1501
1496050 1501
1496060 1499
1496070 1496
1496080 1496
1496090 1491
1496100 1490
1496110 1489
1496120 1489
1496130 1487
1496140 1484
1496150 1484
1496160 1484
1496170 1483
1496180 1483
1496190 1480
1496200 1478
1496210 1478
1496220 1476
1496230 1475
1496240 1475
1496250 1473
1496260 1471
1496270 1471
1496280 1471
1496290 1470
1496300 1470
1496310 1464
1496320 1461
1496330 1461
1496340 1458
1496350 1454
1496360 1450
1496370 1450
1496380 1446
1496390 1444
1496400 1444
1496410 1440
1496420 1434
1496430 1434
1496440 1431
1496450 1427
1496460 1427
1496470 1423
1496480 1420
1496490 1420
1496500 1418
1496510 1414
1496520 1414
1496530 1412
1496540 1409
1496550 1409
1496560 1407
1496570 1406
1496580 1405
1496590 1405
1496600 1401
1496610 1396
1496620 1396
1496630 1390
1496640 1383
1496650 1383
1496660 1379
1496670 1375
1496680 1375
1496690 1371
1496700 1368
1496710 1368
1496720 1365
1496730 1363
1496740 1363
1496750 1362
1496760 1360
1496770 1360
1496780 1358
1496790 1356
1496800 1356
1496810 1352
1496820 1348
1496830 1342
1496840 1342
1496850 1336
1496860 1331
1496870 1331
1496880 1323
1496890 1316
1496900 1316
1496910 1316
1496920 1315
1496930 1315
1496940 1315
1496950 1314
1496960 1314
1496970 1311
1496980 1305
1496990 1305
1497000 1299
1497010 1292
1497020 1292
1497030 1291
1497040 1293
1497050 1295
1497060 1295
1497070 1299
1497080 1303
1497090 1303
1497100 1306
1497110 1310
1497120 1310
1497130 1320
1497140 1327
1497150 1327
1497160 1334
1497170 1341
1497180 1341
1497190 1348
1497200 1355
1497210 1355
1497220 1360
1497230 1366
1497240 1366
1497250 1371
1497260 1374
1497270 1374
1497280 1374
1497290 1374
1497300 1375
1497310 1375
1497320 1377
1497330 1381
1497340 1381
1497350 1383
1497360 1385
1497370 1385
1497380 1385
1497390 1386
1497400 1386
1497410 1388
1497420 1389
1497430 1389
1497440 1390
1497450 1389
1497460 1389
1497470 1391
1497480 1396
1497490 1396
1497500 1400
1497510 1406
1497520 1410
1497530 1410
1497540 1412
1497550 1414
1497560 1414
1497570 1416
1497580 1419
1497590 1419
1497600 1422
1497610 1424
1497620 1424
1497630 1427
1497640 1429
1497650 1429
1497660 1431
1497670 1434
1497680 1434
1497690 1438
1497700 1442
1497710 1442
1497720 1447
1497730 1454
1497740 1454
1497750 1460
1497760 1464
1497770 1468
1497780 1468
1497790 1472
1497800 1476
1497810 1476
1497820 1480
1497830 1484
1497840 1484
1497850 1485
1497860 1481
1497870 1481
1497880 1478
1497890 1476
1497900 1476
1497910 1466
1497920 1460
1497930 1460
1497940 1459
1497950 1459
1497960 1459
1497970 1459
1497980 1458
1497990 1458
1498000 1458
1498010 1456
1498020 1454
1498030 1454
1498040 1453
1498050 1453
1498060 1453
1498070 1451
1498080 1451
1498090 1451
1498100 1450
1498110 1450
1498120 1450
1498130 1449
1498140 1449
1498150 1449
1498160 1448
1498170 1449
1498180 1449
1498190 1451
1498200 1457
1498210 1457
1498220 1460
1498230 1465
1498240 1471
1498250 1471
1498260 1474
1498270 1475
1498280 1475
1498290 1476
1498300 1478
1498310 1478
1498320 1481
1498330 1485
1498340 1485
1498350 1490
1498360 1493
1498370 1493
1498380 1498
1498390 1502
1498400 1502
1498410 1506
1498420 1510
1498430 1510
1498440 1516
1498450 1517
1498460 1519
1498470 1519
1498480 1521
1498490 1525
1498500 1525
1498510 1527
1498520 1531
1498530 1531
1498540 1534
1498550 1540
1498560 1540
1498570 1548
1498580 1549
1498590 1549
1498600 1545
1498610 1541
1498620 1541
1498630 1540
1498640 1540
1498650 1540
1498660 1543
1498670 1547
1498680 1547
1498690 1549
1498700 1552
1498710 1556
1498720 1556
1498730 1558
1498740 1559
1498750 1559
1498760 1562
1498770 1565
1498780 1565
1498790 1568
1498800 1569
1498810 1569
1498820 1570
1498830 1571
1498840 1571
1498850 1570
1498860 1569
1498870 1569
1498880 1567
1498890 1566
1498900 1566
1498910 1565
1498920 1563
1498930 1563
1498940 1563
1498950 1563
1498960 1563
1498970 1563
1498980 1564
1498990 1564
1499000 1564
1499010 1562
1499020 1560
1499030 1560
1499040 1559
1499050 1559
1499060 1559
1499070 1559
1499080 1559
1499090 1559
1499100 1562
1499110 1564
1499120 1570
1499130 1572
1499140 1574
1499150 1574
1499160 1579
1499170 1586
1499180 1590
1499190 1590
1499200 1595
1499210 1603
1499220 1603
1499230 1609
1499240 1611
1499250 1611
1499260 1612
1499270 1614
1499280 1614
1499290 1615
1499300 1613
1499310 1613
1499320 1611
1499330 1611
1499340 1611
1499350 1610
1499360 1608
1499370 1608
1499380 1607
1499390 1605
1499400 1605
1499410 1603
1499420 1601
1499430 1599
1499440 1599
1499450 1597
1499460 1594
1499470 1594
1499480 1590
1499490 1586
1499500 1586
1499510 1583
1499520 1583
1499530 1583
1499540 1582
1499550 1582
1499560 1582
1499570 1580
1499580 1576
1499590 1576
1499600 1574
1499610 1576
1499620 1576
1499630 1571
1499640 1574
1499650 1584
1499660 1584
1499670 1595
1499680 1606
1499690 1606
1499700 1617
1499710 1629
1499720 1629
1499730 1639
1499740 1645
1499750 1645
1499760 1656
1499770 1666
1499780 1666
1499790 1676
1499800 1687
1499810 1687
1499820 1699
1499830 1711
1499840 1711
1499850 1720
1499860 1730
1499870 1730
1499880 1740
1499890 1748
1499900 1756
1499910 1756
1499920 1763
1499930 1770
1499940 1770
1499950 1778
1499960 1784
1499970 1784
1499980 1791
1499990 1798
