1480000 2158
1480010 2159
1480020 2159
1480030 2159
1480040 2164
1480050 2164
1480060 2170
1480070 2177
1480080 2177
1480090 2190
1480100 2199
1480110 2199
1480120 2210
1480130 2213
1480140 2198
1480150 2198
1480160 2188
1480170 2178
1480180 2178
1480190 2170
1480200 2163
1480210 2163
1480220 2162
1480230 2166
1480240 2166
1480250 2165
1480260 2158
1480270 2158
1480280 2156
1480290 2155
1480300 2155
1480310 2154
1480320 2154
1480330 2154
1480340 2156
1480350 2162
1480360 2162
1480370 2175
1480380 2182
1480390 2184
1480400 2184
1480410 2188
1480420 2184
1480430 2184
1480440 2181
1480450 2177
1480460 2177
1480470 2175
1480480 2168
1480490 2168
1480500 2163
1480510 2160
1480520 2160
1480530 2154
1480540 2146
1480550 2146
1480560 2137
1480570 2123
1480580 2123
1480590 2111
1480600 2105
1480610 2105
1480620 2108
1480630 2108
1480640 2102
1480650 2102
1480660 2090
1480670 2075
1480680 2075
1480690 2072
1480700 2076
1480710 2076
1480720 2079
1480730 2083
1480740 2083
1480750 2087
1480760 2087
1480770 2087
1480780 2087
1480790 2091
1480800 2091
1480810 2089
1480820 2079
1480830 2079
1480840 2077
1480850 2075
1480860 2070
1480870 2070
1480880 2063
1480890 2056
1480900 2056
1480910 2048
1480920 2040
1480930 2040
1480940 2032
1480950 2017
1480960 2017
1480970 2011
1480980 2014
1480990 2014
1481000 2016
1481010 2015
1481020 2015
1481030 2011
1481040 2006
1481050 2006
1481060 1996
1481070 1986
1481080 1986
1481090 1981
1481100 1980
1481110 1978
1481120 1978
1481130 1975
1481140 1975
1481150 1975
1481160 1976
1481170 1977
1481180 1977
1481190 1976
1481200 1976
1481210 1976
1481220 1975
1481230 1975
1481240 1975
1481250 1974
1481260 1971
1481270 1971
1481280 1971
1481290 1970
1481300 1970
1481310 1970
1481320 1970
1481330 1970
1481340 1969
1481350 1965
1481360 1962
1481370 1962
1481380 1965
1481390 1962
1481400 1962
1481410 1956
1481420 1951
1481430 1951
1481440 1948
1481450 1951
1481460 1951
1481470 1953
1481480 1956
1481490 1956
1481500 1958
1481510 1959
1481520 1959
1481530 1962
1481540 1962
1481550 1962
1481560 1960
1481570 1964
1481580 1964
1481590 1971
1481600 1979
1481610 1987
1481620 1987
1481630 1993
1481640 1999
1481650 1999
1481660 2006
1481670 2011
1481680 2011
1481690 2012
1481700 2017
1481710 2017
1481720 2026
1481730 2034
1481740 2034
1481750 2040
1481760 2046
1481770 2046
1481780 2053
1481790 2060
1481800 2060
1481810 2066
1481820 2070
1481830 2068
1481840 2068
1481850 2063
1481860 2072
1481870 2072
1481880 2086
1481890 2092
1481900 2092
1481910 2089
1481920 2071
1481930 2071
1481940 2048
1481950 2028
1481960 2028
1481970 2013
1481980 2000
1481990 2000
1482000 1990
1482010 1985
1482020 1985
1482030 1980
1482040 1975
1482050 1975
1482060 1971
1482070 1964
1482080 1956
1482090 1956
1482100 1950
1482110 1944
1482120 1944
1482130 1936
1482140 1919
1482150 1919
1482160 1898
1482170 1880
1482180 1880
1482190 1865
1482200 1862
1482210 1862
1482220 1860
1482230 1854
1482240 1854
1482250 1822
1482260 1787
1482270 1787
1482280 1776
1482290 1773
1482300 1773
1482310 1768
1482320 1761
1482330 1752
1482340 1752
1482350 1743
1482360 1735
1482370 1735
1482380 1732
1482390 1733
1482400 1733
1482410 1734
1482420 1730
1482430 1730
1482440 1722
1482450 1720
1482460 1720
1482470 1720
1482480 1721
1482490 1721
1482500 1721
1482510 1723
1482520 1723
1482530 1729
1482540 1735
1482550 1735
1482560 1741
1482570 1748
1482580 1753
1482590 1753
1482600 1757
1482610 1762
1482620 1762
1482630 1766
1482640 1769
1482650 1769
1482660 1769
1482670 1763
1482680 1763
1482690 1750
1482700 1731
1482710 1731
1482720 1715
1482730 1688
1482740 1688
1482750 1657
1482760 1650
1482770 1650
1482780 1647
1482790 1646
1482800 1646
1482810 1634
1482820 1624
1482830 1608
1482840 1608
1482850 1574
1482860 1554
1482870 1554
1482880 1541
1482890 1537
1482900 1537
1482910 1534
1482920 1525
1482930 1525
1482940 1513
1482950 1492
1482960 1492
1482970 1478
1482980 1464
1482990 1464
1483000 1454
1483010 1445
1483020 1445
1483030 1438
1483040 1433
1483050 1432
1483060 1432
1483070 1436
1483080 1430
1483090 1430
1483100 1412
1483110 1397
1483120 1397
1483130 1387
1483140 1380
1483150 1380
1483160 1374
1483170 1367
1483180 1367
1483190 1361
1483200 1355
1483210 1355
1483220 1348
1483230 1342
1483240 1342
1483250 1336
1483260 1329
1483270 1329
1483280 1323
1483290 1318
1483300 1313
1483310 1313
1483320 1309
1483330 1304
1483340 1304
1483350 1300
1483360 1296
1483370 1296
1483380 1292
1483390 1288
1483400 1288
1483410 1284
1483420 1281
1483430 1281
1483440 1278
1483450 1276
1483460 1276
1483470 1273
1483480 1270
1483490 1270
1483500 1269
1483510 1268
1483520 1268
1483530 1266
1483540 1264
1483550 1263
1483560 1263
1483570 1263
1483580 1261
1483590 1261
1483600 1261
1483610 1262
1483620 1262
1483630 1262
1483640 1263
1483650 1263
1483660 1266
1483670 1269
1483680 1269
1483690 1269
1483700 1271
1483710 1271
1483720 1273
1483730 1275
1483740 1275
1483750 1278
1483760 1280
1483770 1280
1483780 1282
1483790 1284
1483800 1286
1483810 1286
1483820 1287
1483830 1289
1483840 1289
1483850 1291
1483860 1293
1483870 1293
1483880 1295
1483890 1298
1483900 1298
1483910 1301
1483920 1303
1483930 1303
1483940 1306
1483950 1309
1483960 1309
1483970 1311
1483980 1313
1483990 1313
1484000 1317
1484010 1319
1484020 1323
1484030 1323
1484040 1327
1484050 1330
1484060 1330
1484070 1333
1484080 1336
1484090 1336
1484100 1339
1484110 1343
1484120 1343
1484130 1347
1484140 1350
1484150 1350
1484160 1354
1484170 1359
1484180 1359
1484190 1363
1484200 1367
1484210 1367
1484220 1372
1484230 1377
1484240 1377
1484250 1380
1484260 1385
1484270 1389
1484280 1389
1484290 1393
1484300 1397
1484310 1397
1484320 1401
1484330 1405
1484340 1405
1484350 1410
1484360 1413
1484370 1413
1484380 1416
1484390 1419
1484400 1419
1484410 1426
1484420 1435
1484430 1435
1484440 1446
1484450 1461
1484460 1461
1484470 1477
1484480 1485
1484490 1485
1484500 1492
1484510 1503
1484520 1514
1484530 1514
1484540 1529
1484550 1541
1484560 1541
1484570 1551
1484580 1559
1484590 1559
1484600 1571
1484610 1581
1484620 1581
1484630 1586
1484640 1596
1484650 1596
1484660 1611
1484670 1625
1484680 1625
1484690 1638
1484700 1647
1484710 1647
1484720 1660
1484730 1673
1484740 1673
1484750 1674
1484760 1673
1484770 1673
1484780 1673
1484790 1674
1484800 1673
1484810 1673
1484820 1678
1484830 1685
1484840 1685
1484850 1691
1484860 1696
1484870 1696
1484880 1700
1484890 1705
1484900 1705
1484910 1709
1484920 1714
1484930 1714
1484940 1723
1484950 1734
1484960 1734
1484970 1744
1484980 1749
1484990 1757
1485000 1757
1485010 1770
1485020 1792
1485030 1792
1485040 1815
1485050 1828
1485060 1828
1485070 1832
1485080 1836
1485090 1836
1485100 1839
1485110 1841
1485120 1841
1485130 1844
1485140 1847
1485150 1847
1485160 1850
1485170 1855
1485180 1855
1485190 1860
1485200 1865
1485210 1865
1485220 1869
1485230 1872
1485240 1875
1485250 1875
1485260 1880
1485270 1883
1485280 1883
1485290 1886
1485300 1891
1485310 1891
1485320 1897
1485330 1905
1485340 1905
1485350 1910
1485360 1920
1485370 1920
1485380 1932
1485390 1942
1485400 1942
1485410 1949
1485420 1957
1485430 1957
1485440 1968
1485450 1993
1485460 1993
1485470 2015
1485480 2040
1485490 2055
1485500 2055
1485510 2062
1485520 2067
1485530 2067
1485540 2074
1485550 2085
1485560 2085
1485570 2098
1485580 2112
1485590 2112
1485600 2118
1485610 2116
1485620 2116
1485630 2122
1485640 2127
1485650 2127
1485660 2135
1485670 2146
1485680 2146
1485690 2156
1485700 2166
1485710 2166
1485720 2176
1485730 2185
1485740 2194
1485750 2194
1485760 2202
1485770 2210
1485780 2210
1485790 2218
1485800 2227
1485810 2227
1485820 2237
1485830 2242
1485840 2242
1485850 2244
1485860 2254
1485870 2254
1485880 2273
1485890 2290
1485900 2290
1485910 2297
1485920 2303
1485930 2303
1485940 2308
1485950 2313
1485960 2313
1485970 2316
1485980 2320
1485990 2324
1486000 2324
1486010 2331
1486020 2339
1486030 2339
1486040 2347
1486050 2353
1486060 2353
1486070 2356
1486080 2359
1486090 2359
1486100 2360
1486110 2355
1486120 2355
1486130 2359
1486140 2371
1486150 2371
1486160 2372
1486170 2365
1486180 2365
1486190 2362
1486200 2361
1486210 2367
1486220 2367
1486230 2377
1486240 2382
1486250 2382
1486260 2394
1486270 2402
1486280 2402
1486290 2404
1486300 2408
1486310 2408
1486320 2411
1486330 2415
1486340 2415
1486350 2421
1486360 2426
1486370 2426
1486380 2430
1486390 2436
1486400 2436
1486410 2440
1486420 2443
1486430 2443
1486440 2448
1486450 2455
1486460 2464
1486470 2464
1486480 2472
1486490 2476
1486500 2476
1486510 2480
1486520 2481
1486530 2481
1486540 2479
1486550 2481
1486560 2481
1486570 2484
1486580 2488
1486590 2488
1486600 2494
1486610 2501
1486620 2501
1486630 2505
1486640 2497
1486650 2497
1486660 2480
1486670 2464
1486680 2464
1486690 2447
1486700 2432
1486710 2425
1486720 2425
1486730 2417
1486740 2397
1486750 2397
1486760 2376
1486770 2369
1486780 2369
1486790 2373
1486800 2376
1486810 2376
1486820 2362
1486830 2353
1486840 2353
1486850 2339
1486860 2316
1486870 2316
1486880 2302
1486890 2294
1486900 2294
1486910 2287
1486920 2280
1486930 2280
1486940 2274
1486950 2268
1486960 2261
1486970 2261
1486980 2253
1486990 2246
1487000 2246
1487010 2239
1487020 2231
1487030 2231
1487040 2224
1487050 2217
1487060 2217
1487070 2209
1487080 2201
1487090 2201
1487100 2194
1487110 2189
1487120 2189
1487130 2184
1487140 2178
1487150 2178
1487160 2172
1487170 2166
1487180 2160
1487190 2160
1487200 2155
1487210 2148
1487220 2148
1487230 2142
1487240 2136
1487250 2136
1487260 2131
1487270 2125
1487280 2125
1487290 2119
1487300 2113
1487310 2113
1487320 2108
1487330 2102
1487340 2102
1487350 2097
1487360 2091
1487370 2091
1487380 2086
1487390 2082
1487400 2082
1487410 2077
1487420 2072
1487430 2067
1487440 2067
1487450 2063
1487460 2060
1487470 2060
1487480 2058
1487490 2057
1487500 2057
1487510 2057
1487520 2057
1487530 2057
1487540 2059
1487550 2058
1487560 2058
1487570 2057
1487580 2054
1487590 2054
1487600 2050
1487610 2048
1487620 2048
1487630 2045
1487640 2043
1487650 2043
1487660 2041
1487670 2039
1487680 2037
1487690 2037
1487700 2035
1487710 2031
1487720 2031
1487730 2030
1487740 2031
1487750 2031
1487760 2031
1487770 2031
1487780 2031
1487790 2032
1487800 2033
1487810 2033
1487820 2033
1487830 2032
1487840 2032
1487850 2032
1487860 2031
1487870 2031
1487880 2031
1487890 2030
1487900 2030
1487910 2029
1487920 2028
1487930 2029
1487940 2029
1487950 2027
1487960 2028
1487970 2028
1487980 2029
1487990 2028
1488000 2028
1488010 2027
1488020 2030
1488030 2030
1488040 2034
1488050 2036
1488060 2036
1488070 2041
1488080 2041
1488090 2041
1488100 2043
1488110 2047
1488120 2047
1488130 2051
1488140 2052
1488150 2054
1488160 2054
1488170 2055
1488180 2056
1488190 2056
1488200 2058
1488210 2060
1488220 2060
1488230 2060
1488240 2061
1488250 2061
1488260 2063
1488270 2064
1488280 2064
1488290 2066
1488300 2068
1488310 2068
1488320 2070
1488330 2072
1488340 2072
1488350 2074
1488360 2076
1488370 2076
1488380 2076
1488390 2077
1488400 2078
1488410 2078
1488420 2078
1488430 2079
1488440 2079
1488450 2084
1488460 2090
1488470 2090
1488480 2096
1488490 2104
1488500 2104
1488510 2112
1488520 2120
1488530 2120
1488540 2125
1488550 2131
1488560 2131
1488570 2137
1488580 2146
1488590 2146
1488600 2156
1488610 2161
1488620 2161
1488630 2165
1488640 2171
1488650 2178
1488660 2178
1488670 2184
1488680 2190
1488690 2190
1488700 2194
1488710 2200
1488720 2200
1488730 2205
1488740 2212
1488750 2212
1488760 2222
1488770 2232
1488780 2232
1488790 2240
1488800 2246
1488810 2246
1488820 2249
1488830 2252
1488840 2252
1488850 2254
1488860 2257
1488870 2257
1488880 2256
1488890 2255
1488900 2254
1488910 2254
1488920 2254
1488930 2252
1488940 2252
1488950 2255
1488960 2257
1488970 2257
1488980 2256
1488990 2256
1489000 2256
1489010 2257
1489020 2260
1489030 2260
1489040 2263
1489050 2267
1489060 2267
1489070 2270
1489080 2271
1489090 2271
1489100 2272
1489110 2273
1489120 2274
1489130 2274
1489140 2275
1489150 2277
1489160 2277
1489170 2278
1489180 2279
1489190 2279
1489200 2278
1489210 2278
1489220 2278
1489230 2275
1489240 2275
1489250 2275
1489260 2274
1489270 2273
1489280 2273
1489290 2272
1489300 2271
1489310 2271
1489320 2270
1489330 2270
1489340 2270
1489350 2270
1489360 2271
1489370 2273
1489380 2273
1489390 2273
1489400 2273
1489410 2273
1489420 2269
1489430 2264
1489440 2264
1489450 2259
1489460 2254
1489470 2254
1489480 2250
1489490 2246
1489500 2246
1489510 2239
1489520 2234
1489530 2234
1489540 2230
1489550 2225
1489560 2225
1489570 2214
1489580 2205
1489590 2205
1489600 2194
1489610 2184
1489620 2174
1489630 2174
1489640 2165
1489650 2158
1489660 2158
1489670 2153
1489680 2151
1489690 2151
1489700 2150
1489710 2149
1489720 2149
1489730 2150
1489740 2154
1489750 2154
1489760 2157
1489770 2160
1489780 2160
1489790 2163
1489800 2167
1489810 2167
1489820 2170
1489830 2169
1489840 2169
1489850 2168
1489860 2169
1489870 2171
1489880 2171
1489890 2172
1489900 2173
1489910 2173
1489920 2175
1489930 2177
1489940 2177
1489950 2178
1489960 2179
1489970 2179
1489980 2180
1489990 2182
1490000 2182
1490010 2183
1490020 2184
1490030 2184
1490040 2185
1490050 2186
1490060 2186
1490070 2186
1490080 2188
1490090 2190
1490100 2190
1490110 2193
1490120 2195
1490130 2195
1490140 2197
1490150 2200
1490160 2200
1490170 2202
1490180 2205
1490190 2205
1490200 2207
1490210 2209
1490220 2209
1490230 2211
1490240 2213
1490250 2213
1490260 2215
1490270 2216
1490280 2216
1490290 2217
1490300 2218
1490310 2218
1490320 2218
1490330 2219
1490340 2222
1490350 2222
1490360 2226
1490370 2229
1490380 2229
1490390 2232
1490400 2234
1490410 2234
1490420 2236
1490430 2238
1490440 2238
1490450 2239
1490460 2239
1490470 2239
1490480 2241
1490490 2246
1490500 2246
1490510 2252
1490520 2265
1490530 2265
1490540 2269
1490550 2274
1490560 2274
1490570 2279
1490580 2289
1490590 2295
1490600 2295
1490610 2295
1490620 2292
1490630 2292
1490640 2290
1490650 2291
1490660 2291
1490670 2293
1490680 2300
1490690 2300
1490700 2305
1490710 2310
1490720 2310
1490730 2316
1490740 2322
1490750 2322
1490760 2325
1490770 2327
1490780 2327
1490790 2329
1490800 2331
1490810 2331
1490820 2333
1490830 2334
1490840 2336
1490850 2336
1490860 2342
1490870 2370
1490880 2370
1490890 2403
1490900 2411
1490910 2411
1490920 2412
1490930 2415
1490940 2415
1490950 2422
1490960 2431
1490970 2431
1490980 2435
1490990 2433
1491000 2433
1491010 2436
1491020 2443
1491030 2443
1491040 2457
1491050 2468
1491060 2468
1491070 2474
1491080 2477
1491090 2478
1491100 2478
1491110 2481
1491120 2487
1491130 2487
1491140 2492
1491150 2494
1491160 2494
1491170 2495
1491180 2495
1491190 2495
1491200 2495
1491210 2495
1491220 2495
1491230 2494
1491240 2493
1491250 2493
1491260 2491
1491270 2488
1491280 2488
1491290 2485
1491300 2481
1491310 2479
1491320 2479
1491330 2477
1491340 2475
1491350 2475
1491360 2468
1491370 2459
1491380 2459
1491390 2450
1491400 2442
1491410 2442
1491420 2437
1491430 2432
1491440 2432
1491450 2427
1491460 2419
1491470 2419
1491480 2402
1491490 2371
1491500 2371
1491510 2347
1491520 2314
1491530 2314
1491540 2304
1491550 2297
1491560 2289
1491570 2289
1491580 2282
1491590 2276
1491600 2276
1491610 2270
1491620 2263
1491630 2263
1491640 2256
1491650 2251
1491660 2251
1491670 2245
1491680 2239
1491690 2239
1491700 2233
1491710 2227
1491720 2227
1491730 2221
1491740 2216
1491750 2216
1491760 2210
1491770 2205
1491780 2205
1491790 2200
1491800 2195
1491810 2191
1491820 2191
1491830 2187
1491840 2184
1491850 2184
1491860 2181
1491870 2178
1491880 2178
1491890 2176
1491900 2174
1491910 2174
1491920 2172
1491930 2171
1491940 2171
1491950 2169
1491960 2166
1491970 2166
1491980 2165
1491990 2160
1492000 2160
1492010 2153
1492020 2147
1492030 2147
1492040 2142
1492050 2137
1492060 2131
1492070 2131
1492080 2126
1492090 2124
1492100 2124
1492110 2124
1492120 2122
1492130 2122
1492140 2119
1492150 2118
1492160 2118
1492170 2116
1492180 2114
1492190 2114
1492200 2113
1492210 2112
1492220 2112
1492230 2109
1492240 2107
1492250 2107
1492260 2102
1492270 2098
1492280 2094
1492290 2094
1492300 2089
1492310 2087
1492320 2087
1492330 2085
1492340 2082
1492350 2082
1492360 2079
1492370 2076
1492380 2076
1492390 2073
1492400 2071
1492410 2071
1492420 2068
1492430 2066
1492440 2066
1492450 2065
1492460 2063
1492470 2063
1492480 2061
1492490 2060
1492500 2060
1492510 2060
1492520 2061
1492530 2062
1492540 2062
1492550 2062
1492560 2062
1492570 2062
1492580 2062
1492590 2062
1492600 2062
1492610 2061
1492620 2059
1492630 2059
1492640 2060
1492650 2063
1492660 2063
1492670 2067
1492680 2071
1492690 2071
1492700 2075
1492710 2080
1492720 2080
1492730 2084
1492740 2088
1492750 2088
1492760 2092
1492770 2097
1492780 2101
1492790 2101
1492800 2104
1492810 2109
1492820 2109
1492830 2111
1492840 2113
1492850 2113
1492860 2116
1492870 2117
1492880 2117
1492890 2118
1492900 2119
1492910 2119
1492920 2121
1492930 2124
1492940 2124
1492950 2129
1492960 2133
1492970 2133
1492980 2137
1492990 2142
1493000 2142
1493010 2148
1493020 2154
1493030 2162
1493040 2162
1493050 2170
1493060 2178
1493070 2178
1493080 2185
1493090 2191
1493100 2191
1493110 2196
1493120 2200
1493130 2200
1493140 2203
1493150 2206
1493160 2206
1493170 2210
1493180 2214
1493190 2214
1493200 2219
1493210 2223
1493220 2223
1493230 2228
1493240 2234
1493250 2241
1493260 2241
1493270 2247
1493280 2251
1493290 2251
1493300 2248
1493310 2239
1493320 2239
1493330 2232
1493340 2226
1493350 2226
1493360 2221
1493370 2218
1493380 2218
1493390 2203
1493400 2184
1493410 2184
1493420 2173
1493430 2164
1493440 2164
1493450 2156
1493460 2150
1493470 2150
1493480 2145
1493490 2139
1493500 2135
1493510 2135
1493520 2131
1493530 2125
1493540 2125
1493550 2119
1493560 2114
1493570 2114
1493580 2108
1493590 2102
1493600 2102
1493610 2096
1493620 2090
1493630 2090
1493640 2084
1493650 2079
1493660 2079
1493670 2076
1493680 2072
1493690 2072
1493700 2069
1493710 2065
1493720 2065
1493730 2061
1493740 2057
1493750 2052
1493760 2052
1493770 2046
1493780 2040
1493790 2040
1493800 2036
1493810 2033
1493820 2033
1493830 2030
1493840 2026
1493850 2026
1493860 2023
1493870 2020
1493880 2020
1493890 2017
1493900 2013
1493910 2013
1493920 2010
1493930 2008
1493940 2008
1493950 2005
1493960 2003
1493970 2003
1493980 2000
1493990 1998
1494000 1996
1494010 1996
1494020 1994
1494030 1992
1494040 1992
1494050 1991
1494060 1990
1494070 1990
1494080 1989
1494090 1988
1494100 1988
1494110 1986
1494120 1985
1494130 1985
1494140 1983
1494150 1982
1494160 1982
1494170 1980
1494180 1978
1494190 1978
1494200 1977
1494210 1975
1494220 1975
1494230 1974
1494240 1972
1494250 1971
1494260 1971
1494270 1970
1494280 1969
1494290 1969
1494300 1967
1494310 1965
1494320 1965
1494330 1964
1494340 1962
1494350 1962
1494360 1961
1494370 1959
1494380 1959
1494390 1957
1494400 1956
1494410 1956
1494420 1954
1494430 1951
1494440 1951
1494450 1949
1494460 1946
1494470 1943
1494480 1943
1494490 1939
1494500 1936
1494510 1936
1494520 1932
1494530 1929
1494540 1929
1494550 1926
1494560 1923
1494570 1923
1494580 1919
1494590 1916
1494600 1916
1494610 1913
1494620 1909
1494630 1909
1494640 1906
1494650 1902
1494660 1902
1494670 1897
1494680 1892
1494690 1892
1494700 1887
1494710 1883
1494720 1879
1494730 1879
1494740 1874
1494750 1870
1494760 1870
1494770 1865
1494780 1860
1494790 1860
1494800 1859
1494810 1858
1494820 1858
1494830 1856
1494840 1852
1494850 1852
1494860 1849
1494870 1846
1494880 1846
1494890 1842
1494900 1840
1494910 1840
1494920 1838
1494930 1836
1494940 1836
1494950 1834
1494960 1833
1494970 1833
1494980 1833
1494990 1833
1495000 1833
1495010 1833
1495020 1833
1495030 1832
1495040 1832
1495050 1831
1495060 1827
1495070 1827
1495080 1819
1495090 1815
1495100 1815
1495110 1812
1495120 1811
1495130 1811
1495140 1811
1495150 1811
1495160 1811
1495170 1811
1495180 1810
1495190 1810
1495200 1808
1495210 1805
1495220 1802
1495230 1802
1495240 1797
1495250 1792
1495260 1792
1495270 1784
1495280 1776
1495290 1776
1495300 1769
1495310 1764
1495320 1764
1495330 1760
1495340 1757
1495350 1757
1495360 1754
1495370 1753
1495380 1753
1495390 1751
1495400 1749
1495410 1749
1495420 1746
1495430 1742
1495440 1737
1495450 1737
1495460 1733
1495470 1730
1495480 1730
1495490 1727
1495500 1725
1495510 1725
1495520 1721
1495530 1717
1495540 1717
1495550 1714
1495560 1710
1495570 1710
1495580 1704
1495590 1702
1495600 1702
1495610 1699
1495620 1695
1495630 1695
1495640 1690
1495650 1685
1495660 1685
1495670 1681
1495680 1675
1495690 1668
1495700 1668
1495710 1662
1495720 1657
1495730 1657
1495740 1652
1495750 1646
1495760 1646
1495770 1642
1495780 1638
1495790 1638
1495800 1633
1495810 1626
1495820 1626
1495830 1620
1495840 1613
1495850 1613
1495860 1608
1495870 1609
1495880 1609
1495890 1612
1495900 1616
1495910 1616
1495920 1618
1495930 1618
1495940 1617
1495950 1617
1495960 1616
1495970 1616
1495980 1616
1495990 1616
1496000 1614
1496010 1614
1496020 1615
1496030 1616
1496040 1616
1496050 1616
1496060 1618
1496070 1618
1496080 1624
1496090 1630
1496100 1630
1496110 1635
1496120 1642
1496130 1642
1496140 1650
1496150 1658
1496160 1658
1496170 1665
1496180 1672
1496190 1680
1496200 1680
1496210 1689
1496220 1691
1496230 1691
1496240 1696
1496250 1701
1496260 1701
1496270 1704
1496280 1711
1496290 1711
1496300 1716
1496310 1713
1496320 1713
1496330 1717
1496340 1724
1496350 1724
1496360 1733
1496370 1739
1496380 1739
1496390 1743
1496400 1746
1496410 1749
1496420 1749
1496430 1753
1496440 1757
1496450 1757
1496460 1760
1496470 1763
1496480 1763
1496490 1767
1496500 1769
1496510 1769
1496520 1773
1496530 1776
1496540 1776
1496550 1780
1496560 1784
1496570 1784
1496580 1788
1496590 1792
1496600 1792
1496610 1796
1496620 1800
1496630 1800
1496640 1805
1496650 1810
1496660 1814
1496670 1814
1496680 1818
1496690 1820
1496700 1820
1496710 1823
1496720 1826
1496730 1826
1496740 1828
1496750 1830
1496760 1830
1496770 1832
1496780 1835
1496790 1835
1496800 1838
1496810 1839
1496820 1839
1496830 1843
1496840 1847
1496850 1847
1496860 1850
1496870 1853
1496880 1853
1496890 1856
1496900 1857
1496910 1859
1496920 1859
1496930 1863
1496940 1869
1496950 1869
1496960 1874
1496970 1880
1496980 1880
1496990 1884
1497000 1887
1497010 1887
1497020 1891
1497030 1894
1497040 1894
1497050 1897
1497060 1901
1497070 1901
1497080 1904
1497090 1907
1497100 1907
1497110 1910
1497120 1913
1497130 1913
1497140 1916
1497150 1919
1497160 1922
1497170 1922
1497180 1925
1497190 1928
1497200 1928
1497210 1931
1497220 1930
1497230 1930
1497240 1934
1497250 1937
1497260 1937
1497270 1939
1497280 1943
1497290 1943
1497300 1947
1497310 1950
1497320 1950
1497330 1953
1497340 1957
1497350 1957
1497360 1961
1497370 1965
1497380 1969
1497390 1969
1497400 1974
1497410 1979
1497420 1979
1497430 1983
1497440 1987
1497450 1987
1497460 1991
1497470 1994
1497480 1994
1497490 1997
1497500 2001
1497510 2001
1497520 2004
1497530 2007
1497540 2007
1497550 2012
1497560 2016
1497570 2016
1497580 2019
1497590 2021
1497600 2021
1497610 2023
1497620 2026
1497630 2028
1497640 2028
1497650 2031
1497660 2034
1497670 2034
1497680 2037
1497690 2039
1497700 2039
1497710 2042
1497720 2044
1497730 2044
1497740 2048
1497750 2051
1497760 2051
1497770 2053
1497780 2056
1497790 2056
1497800 2058
1497810 2060
1497820 2060
1497830 2063
1497840 2066
1497850 2066
1497860 2069
1497870 2072
1497880 2076
1497890 2076
1497900 2080
1497910 2083
1497920 2083
1497930 2087
1497940 2090
1497950 2090
1497960 2094
1497970 2094
1497980 2094
1497990 2091
1498000 2086
1498010 2086
1498020 2080
1498030 2074
1498040 2074
1498050 2069
1498060 2066
1498070 2066
1498080 2062
1498090 2060
1498100 2060
1498110 2058
1498120 2056
1498130 2055
1498140 2055
1498150 2054
1498160 2053
1498170 2053
1498180 2053
1498190 2053
1498200 2053
1498210 2053
1498220 2053
1498230 2053
1498240 2052
1498250 2050
1498260 2050
1498270 2049
1498280 2048
1498290 2048
1498300 2048
1498310 2047
1498320 2047
1498330 2045
1498340 2044
1498350 2042
1498360 2042
1498370 2040
1498380 2040
1498390 2040
1498400 2040
1498410 2039
1498420 2039
1498430 2040
1498440 2040
1498450 2040
1498460 2040
1498470 2043
1498480 2043
1498490 2046
1498500 2048
1498510 2048
1498520 2050
1498530 2051
1498540 2051
1498550 2052
1498560 2055
1498570 2055
1498580 2059
1498590 2062
1498600 2063
1498610 2063
1498620 2065
1498630 2067
1498640 2067
1498650 2069
1498660 2069
1498670 2069
1498680 2069
1498690 2069
1498700 2069
1498710 2070
1498720 2072
1498730 2072
1498740 2071
1498750 2070
1498760 2070
1498770 2068
1498780 2066
1498790 2066
1498800 2064
1498810 2063
1498820 2063
1498830 2063
1498840 2063
1498850 2063
1498860 2063
1498870 2063
1498880 2063
1498890 2063
1498900 2064
1498910 2064
1498920 2064
1498930 2063
1498940 2063
1498950 2063
1498960 2064
1498970 2067
1498980 2067
1498990 2069
1499000 2072
1499010 2072
1499020 2075
1499030 2077
1499040 2077
1499050 2080
1499060 2083
1499070 2083
1499080 2084
1499090 2085
1499100 2086
1499110 2086
1499120 2088
1499130 2089
1499140 2089
1499150 2090
1499160 2090
1499170 2090
1499180 2091
1499190 2093
1499200 2093
1499210 2095
1499220 2096
1499230 2096
1499240 2098
1499250 2102
1499260 2102
1499270 2106
1499280 2110
1499290 2110
1499300 2113
1499310 2117
1499320 2121
1499330 2121
1499340 2126
1499350 2131
1499360 2131
1499370 2136
1499380 2141
1499390 2141
1499400 2144
1499410 2141
1499420 2141
1499430 2137
1499440 2133
1499450 2133
1499460 2130
1499470 2126
1499480 2126
1499490 2123
1499500 2119
1499510 2119
1499520 2114
1499530 2109
1499540 2109
1499550 2106
1499560 2104
1499570 2103
1499580 2103
1499590 2101
1499600 2098
1499610 2098
1499620 2094
1499630 2091
1499640 2091
1499650 2089
1499660 2088
1499670 2088
1499680 2086
1499690 2085
1499700 2085
1499710 2085
1499720 2085
1499730 2085
1499740 2085
1499750 2085
1499760 2085
1499770 2084
1499780 2084
1499790 2084
1499800 2084
1499810 2083
1499820 2080
1499830 2080
1499840 2077
1499850 2073
1499860 2073
1499870 2067
1499880 2062
1499890 2062
1499900 2056
1499910 2052
1499920 2052
1499930 2049
1499940 2045
1499950 2045
1499960 2040
1499970 2043
1499980 2043
1499990 2046
