1480000 2136
1480010 2136
1480020 2136
1480030 2136
1480040 2136
1480050 2136
1480060 2142
1480070 2153
1480080 2153
1480090 2155
1480100 2163
1480110 2163
1480120 2171
1480130 2182
1480140 2185
1480150 2185
1480160 2173
1480170 2154
1480180 2154
1480190 2144
1480200 2138
1480210 2138
1480220 2138
1480230 2139
1480240 2139
1480250 2138
1480260 2131
1480270 2131
1480280 2129
1480290 2128
1480300 2128
1480310 2130
1480320 2130
1480330 2130
1480340 2129
1480350 2132
1480360 2132
1480370 2134
1480380 2137
1480390 2138
1480400 2138
1480410 2137
1480420 2145
1480430 2145
1480440 2135
1480450 2126
1480460 2126
1480470 2130
1480480 2128
1480490 2128
1480500 2121
1480510 2117
1480520 2117
1480530 2112
1480540 2104
1480550 2104
1480560 2096
1480570 2094
1480580 2094
1480590 2086
1480600 2068
1480610 2068
1480620 2053
1480630 2051
1480640 2045
1480650 2045
1480660 2040
1480670 2037
1480680 2037
1480690 2039
1480700 2047
1480710 2047
1480720 2052
1480730 2053
1480740 2053
1480750 2048
1480760 2044
1480770 2044
1480780 2036
1480790 2037
1480800 2037
1480810 2037
1480820 2034
1480830 2034
1480840 2039
1480850 2048
1480860 2056
1480870 2056
1480880 2058
1480890 2054
1480900 2054
1480910 2047
1480920 2043
1480930 2043
1480940 2023
1480950 1996
1480960 1996
1480970 1983
1480980 1984
1480990 1984
1481000 1988
1481010 1994
1481020 1994
1481030 1995
1481040 1994
1481050 1994
1481060 1987
1481070 1977
1481080 1977
1481090 1969
1481100 1964
1481110 1963
1481120 1963
1481130 1962
1481140 1961
1481150 1961
1481160 1959
1481170 1958
1481180 1958
1481190 1957
1481200 1956
1481210 1956
1481220 1955
1481230 1954
1481240 1954
1481250 1953
1481260 1951
1481270 1951
1481280 1949
1481290 1948
1481300 1948
1481310 1947
1481320 1947
1481330 1947
1481340 1947
1481350 1944
1481360 1942
1481370 1942
1481380 1945
1481390 1944
1481400 1944
1481410 1940
1481420 1934
1481430 1934
1481440 1929
1481450 1929
1481460 1929
1481470 1933
1481480 1935
1481490 1935
1481500 1937
1481510 1939
1481520 1939
1481530 1939
1481540 1938
1481550 1938
1481560 1936
1481570 1940
1481580 1940
1481590 1948
1481600 1956
1481610 1965
1481620 1965
1481630 1971
1481640 1978
1481650 1978
1481660 1984
1481670 1988
1481680 1988
1481690 1990
1481700 1980
1481710 1980
1481720 1969
1481730 1966
1481740 1966
1481750 2005
1481760 2025
1481770 2025
1481780 2031
1481790 2038
1481800 2038
1481810 2045
1481820 2046
1481830 2039
1481840 2039
1481850 2029
1481860 2019
1481870 2019
1481880 2011
1481890 2013
1481900 2013
1481910 2016
1481920 2022
1481930 2022
1481940 2027
1481950 2037
1481960 2037
1481970 2042
1481980 2032
1481990 2032
1482000 2025
1482010 2010
1482020 2010
1482030 1994
1482040 1984
1482050 1984
1482060 1976
1482070 1966
1482080 1954
1482090 1954
1482100 1940
1482110 1930
1482120 1930
1482130 1917
1482140 1905
1482150 1905
1482160 1896
1482170 1889
1482180 1889
1482190 1879
1482200 1868
1482210 1868
1482220 1859
1482230 1851
1482240 1851
1482250 1841
1482260 1825
1482270 1825
1482280 1802
1482290 1783
1482300 1783
1482310 1773
1482320 1756
1482330 1739
1482340 1739
1482350 1733
1482360 1730
1482370 1730
1482380 1727
1482390 1720
1482400 1720
1482410 1712
1482420 1704
1482430 1704
1482440 1698
1482450 1690
1482460 1690
1482470 1683
1482480 1680
1482490 1680
1482500 1684
1482510 1687
1482520 1687
1482530 1690
1482540 1692
1482550 1692
1482560 1693
1482570 1697
1482580 1705
1482590 1705
1482600 1710
1482610 1715
1482620 1715
1482630 1720
1482640 1726
1482650 1726
1482660 1725
1482670 1718
1482680 1718
1482690 1716
1482700 1715
1482710 1715
1482720 1707
1482730 1690
1482740 1690
1482750 1662
1482760 1639
1482770 1639
1482780 1613
1482790 1595
1482800 1595
1482810 1588
1482820 1579
1482830 1568
1482840 1568
1482850 1551
1482860 1532
1482870 1532
1482880 1519
1482890 1509
1482900 1509
1482910 1500
1482920 1495
1482930 1495
1482940 1495
1482950 1491
1482960 1491
1482970 1481
1482980 1474
1482990 1474
1483000 1469
1483010 1464
1483020 1464
1483030 1460
1483040 1452
1483050 1442
1483060 1442
1483070 1428
1483080 1412
1483090 1412
1483100 1401
1483110 1393
1483120 1393
1483130 1386
1483140 1377
1483150 1377
1483160 1370
1483170 1364
1483180 1364
1483190 1358
1483200 1353
1483210 1353
1483220 1347
1483230 1341
1483240 1341
1483250 1335
1483260 1330
1483270 1330
1483280 1324
1483290 1319
1483300 1313
1483310 1313
1483320 1308
1483330 1303
1483340 1303
1483350 1298
1483360 1294
1483370 1294
1483380 1290
1483390 1287
1483400 1287
1483410 1284
1483420 1281
1483430 1281
1483440 1279
1483450 1276
1483460 1276
1483470 1275
1483480 1273
1483490 1273
1483500 1271
1483510 1269
1483520 1269
1483530 1267
1483540 1265
1483550 1264
1483560 1264
1483570 1262
1483580 1261
1483590 1261
1483600 1258
1483610 1256
1483620 1256
1483630 1257
1483640 1258
1483650 1258
1483660 1261
1483670 1263
1483680 1263
1483690 1264
1483700 1266
1483710 1266
1483720 1267
1483730 1269
1483740 1269
1483750 1271
1483760 1273
1483770 1273
1483780 1275
1483790 1276
1483800 1277
1483810 1277
1483820 1280
1483830 1282
1483840 1282
1483850 1283
1483860 1285
1483870 1285
1483880 1287
1483890 1289
1483900 1289
1483910 1292
1483920 1295
1483930 1295
1483940 1298
1483950 1298
1483960 1298
1483970 1300
1483980 1303
1483990 1303
1484000 1306
1484010 1309
1484020 1313
1484030 1313
1484040 1316
1484050 1318
1484060 1318
1484070 1321
1484080 1325
1484090 1325
1484100 1328
1484110 1331
1484120 1331
1484130 1335
1484140 1338
1484150 1338
1484160 1343
1484170 1347
1484180 1347
1484190 1351
1484200 1355
1484210 1355
1484220 1359
1484230 1362
1484240 1362
1484250 1366
1484260 1370
1484270 1374
1484280 1374
1484290 1378
1484300 1381
1484310 1381
1484320 1385
1484330 1389
1484340 1389
1484350 1392
1484360 1396
1484370 1396
1484380 1398
1484390 1400
1484400 1400
1484410 1408
1484420 1424
1484430 1424
1484440 1442
1484450 1448
1484460 1448
1484470 1454
1484480 1462
1484490 1462
1484500 1470
1484510 1479
1484520 1488
1484530 1488
1484540 1500
1484550 1518
1484560 1518
1484570 1529
1484580 1534
1484590 1534
1484600 1536
1484610 1541
1484620 1541
1484630 1552
1484640 1568
1484650 1568
1484660 1574
1484670 1595
1484680 1595
1484690 1612
1484700 1627
1484710 1627
1484720 1643
1484730 1650
1484740 1650
1484750 1646
1484760 1647
1484770 1648
1484780 1648
1484790 1652
1484800 1661
1484810 1661
1484820 1668
1484830 1673
1484840 1673
1484850 1678
1484860 1682
1484870 1682
1484880 1685
1484890 1687
1484900 1687
1484910 1691
1484920 1699
1484930 1699
1484940 1706
1484950 1715
1484960 1715
1484970 1721
1484980 1726
1484990 1736
1485000 1736
1485010 1750
1485020 1766
1485030 1766
1485040 1779
1485050 1793
1485060 1793
1485070 1812
1485080 1822
1485090 1822
1485100 1823
1485110 1824
1485120 1824
1485130 1826
1485140 1828
1485150 1828
1485160 1833
1485170 1839
1485180 1839
1485190 1843
1485200 1847
1485210 1847
1485220 1849
1485230 1851
1485240 1854
1485250 1854
1485260 1858
1485270 1863
1485280 1863
1485290 1869
1485300 1877
1485310 1877
1485320 1887
1485330 1896
1485340 1896
1485350 1903
1485360 1910
1485370 1910
1485380 1919
1485390 1927
1485400 1927
1485410 1936
1485420 1944
1485430 1944
1485440 1951
1485450 1958
1485460 1958
1485470 1968
1485480 1992
1485490 2016
1485500 2016
1485510 2042
1485520 2059
1485530 2059
1485540 2071
1485550 2079
1485560 2079
1485570 2094
1485580 2110
1485590 2110
1485600 2126
1485610 2145
1485620 2145
1485630 2160
1485640 2163
1485650 2163
1485660 2155
1485670 2156
1485680 2156
1485690 2161
1485700 2167
1485710 2167
1485720 2175
1485730 2183
1485740 2191
1485750 2191
1485760 2196
1485770 2198
1485780 2198
1485790 2200
1485800 2204
1485810 2204
1485820 2207
1485830 2215
1485840 2215
1485850 2224
1485860 2231
1485870 2231
1485880 2240
1485890 2256
1485900 2256
1485910 2272
1485920 2281
1485930 2281
1485940 2286
1485950 2292
1485960 2292
1485970 2296
1485980 2303
1485990 2311
1486000 2311
1486010 2317
1486020 2321
1486030 2321
1486040 2323
1486050 2323
1486060 2323
1486070 2324
1486080 2326
1486090 2326
1486100 2328
1486110 2331
1486120 2331
1486130 2332
1486140 2334
1486150 2334
1486160 2334
1486170 2333
1486180 2333
1486190 2333
1486200 2335
1486210 2342
1486220 2342
1486230 2341
1486240 2336
1486250 2336
1486260 2338
1486270 2349
1486280 2349
1486290 2364
1486300 2377
1486310 2377
1486320 2387
1486330 2390
1486340 2390
1486350 2393
1486360 2394
1486370 2394
1486380 2400
1486390 2407
1486400 2407
1486410 2415
1486420 2419
1486430 2419
1486440 2425
1486450 2434
1486460 2439
1486470 2439
1486480 2443
1486490 2442
1486500 2442
1486510 2442
1486520 2446
1486530 2446
1486540 2449
1486550 2452
1486560 2452
1486570 2458
1486580 2466
1486590 2466
1486600 2469
1486610 2475
1486620 2475
1486630 2481
1486640 2488
1486650 2488
1486660 2486
1486670 2470
1486680 2470
1486690 2459
1486700 2452
1486710 2447
1486720 2447
1486730 2442
1486740 2422
1486750 2422
1486760 2392
1486770 2379
1486780 2379
1486790 2369
1486800 2349
1486810 2349
1486820 2337
1486830 2329
1486840 2329
1486850 2323
1486860 2313
1486870 2313
1486880 2304
1486890 2296
1486900 2296
1486910 2288
1486920 2280
1486930 2280
1486940 2273
1486950 2267
1486960 2260
1486970 2260
1486980 2252
1486990 2245
1487000 2245
1487010 2239
1487020 2232
1487030 2232
1487040 2226
1487050 2219
1487060 2219
1487070 2213
1487080 2206
1487090 2206
1487100 2199
1487110 2193
1487120 2193
1487130 2186
1487140 2180
1487150 2180
1487160 2174
1487170 2168
1487180 2162
1487190 2162
1487200 2156
1487210 2150
1487220 2150
1487230 2144
1487240 2138
1487250 2138
1487260 2133
1487270 2127
1487280 2127
1487290 2121
1487300 2115
1487310 2115
1487320 2110
1487330 2104
1487340 2104
1487350 2099
1487360 2094
1487370 2094
1487380 2089
1487390 2084
1487400 2084
1487410 2079
1487420 2075
1487430 2072
1487440 2072
1487450 2068
1487460 2065
1487470 2065
1487480 2064
1487490 2064
1487500 2064
1487510 2063
1487520 2063
1487530 2063
1487540 2061
1487550 2057
1487560 2057
1487570 2055
1487580 2052
1487590 2052
1487600 2051
1487610 2049
1487620 2049
1487630 2049
1487640 2048
1487650 2048
1487660 2047
1487670 2047
1487680 2046
1487690 2046
1487700 2045
1487710 2043
1487720 2043
1487730 2039
1487740 2036
1487750 2036
1487760 2034
1487770 2034
1487780 2034
1487790 2035
1487800 2035
1487810 2035
1487820 2036
1487830 2036
1487840 2036
1487850 2036
1487860 2036
1487870 2036
1487880 2036
1487890 2036
1487900 2036
1487910 2036
1487920 2035
1487930 2035
1487940 2035
1487950 2036
1487960 2035
1487970 2035
1487980 2032
1487990 2032
1488000 2032
1488010 2032
1488020 2032
1488030 2032
1488040 2033
1488050 2035
1488060 2035
1488070 2037
1488080 2040
1488090 2040
1488100 2044
1488110 2046
1488120 2046
1488130 2046
1488140 2048
1488150 2049
1488160 2049
1488170 2050
1488180 2051
1488190 2051
1488200 2052
1488210 2053
1488220 2053
1488230 2054
1488240 2055
1488250 2055
1488260 2057
1488270 2060
1488280 2060
1488290 2064
1488300 2066
1488310 2066
1488320 2068
1488330 2070
1488340 2070
1488350 2073
1488360 2075
1488370 2075
1488380 2075
1488390 2078
1488400 2079
1488410 2079
1488420 2080
1488430 2081
1488440 2081
1488450 2082
1488460 2083
1488470 2083
1488480 2086
1488490 2090
1488500 2090
1488510 2096
1488520 2103
1488530 2103
1488540 2109
1488550 2116
1488560 2116
1488570 2126
1488580 2132
1488590 2132
1488600 2142
1488610 2151
1488620 2151
1488630 2159
1488640 2167
1488650 2179
1488660 2179
1488670 2190
1488680 2198
1488690 2198
1488700 2202
1488710 2205
1488720 2205
1488730 2210
1488740 2216
1488750 2216
1488760 2223
1488770 2232
1488780 2232
1488790 2247
1488800 2254
1488810 2254
1488820 2256
1488830 2257
1488840 2257
1488850 2256
1488860 2256
1488870 2256
1488880 2255
1488890 2254
1488900 2255
1488910 2255
1488920 2255
1488930 2254
1488940 2254
1488950 2256
1488960 2258
1488970 2258
1488980 2258
1488990 2258
1489000 2258
1489010 2259
1489020 2262
1489030 2262
1489040 2265
1489050 2267
1489060 2267
1489070 2269
1489080 2270
1489090 2270
1489100 2272
1489110 2273
1489120 2275
1489130 2275
1489140 2278
1489150 2280
1489160 2280
1489170 2281
1489180 2281
1489190 2281
1489200 2280
1489210 2281
1489220 2281
1489230 2279
1489240 2279
1489250 2279
1489260 2278
1489270 2278
1489280 2278
1489290 2277
1489300 2275
1489310 2275
1489320 2275
1489330 2274
1489340 2274
1489350 2272
1489360 2273
1489370 2276
1489380 2276
1489390 2277
1489400 2276
1489410 2276
1489420 2271
1489430 2264
1489440 2264
1489450 2258
1489460 2253
1489470 2253
1489480 2247
1489490 2243
1489500 2243
1489510 2238
1489520 2234
1489530 2234
1489540 2230
1489550 2225
1489560 2225
1489570 2216
1489580 2207
1489590 2207
1489600 2197
1489610 2186
1489620 2178
1489630 2178
1489640 2171
1489650 2167
1489660 2167
1489670 2165
1489680 2164
1489690 2164
1489700 2164
1489710 2165
1489720 2165
1489730 2168
1489740 2171
1489750 2171
1489760 2175
1489770 2179
1489780 2179
1489790 2182
1489800 2185
1489810 2185
1489820 2185
1489830 2183
1489840 2183
1489850 2183
1489860 2184
1489870 2186
1489880 2186
1489890 2189
1489900 2190
1489910 2190
1489920 2193
1489930 2194
1489940 2194
1489950 2196
1489960 2198
1489970 2198
1489980 2199
1489990 2200
1490000 2200
1490010 2201
1490020 2203
1490030 2203
1490040 2203
1490050 2203
1490060 2203
1490070 2204
1490080 2204
1490090 2204
1490100 2206
1490110 2209
1490120 2212
1490130 2212
1490140 2215
1490150 2217
1490160 2217
1490170 2219
1490180 2222
1490190 2222
1490200 2225
1490210 2227
1490220 2227
1490230 2230
1490240 2233
1490250 2233
1490260 2235
1490270 2237
1490280 2237
1490290 2239
1490300 2239
1490310 2239
1490320 2240
1490330 2241
1490340 2240
1490350 2240
1490360 2241
1490370 2245
1490380 2245
1490390 2249
1490400 2252
1490410 2252
1490420 2256
1490430 2261
1490440 2261
1490450 2263
1490460 2272
1490470 2272
1490480 2279
1490490 2286
1490500 2286
1490510 2288
1490520 2289
1490530 2289
1490540 2309
1490550 2319
1490560 2319
1490570 2320
1490580 2319
1490590 2316
1490600 2316
1490610 2314
1490620 2315
1490630 2315
1490640 2317
1490650 2319
1490660 2319
1490670 2320
1490680 2323
1490690 2323
1490700 2330
1490710 2333
1490720 2333
1490730 2343
1490740 2348
1490750 2348
1490760 2345
1490770 2347
1490780 2347
1490790 2350
1490800 2352
1490810 2352
1490820 2353
1490830 2354
1490840 2355
1490850 2355
1490860 2363
1490870 2394
1490880 2394
1490890 2422
1490900 2431
1490910 2431
1490920 2440
1490930 2445
1490940 2445
1490950 2450
1490960 2453
1490970 2453
1490980 2456
1490990 2465
1491000 2465
1491010 2468
1491020 2467
1491030 2467
1491040 2473
1491050 2472
1491060 2472
1491070 2479
1491080 2489
1491090 2500
1491100 2500
1491110 2503
1491120 2506
1491130 2506
1491140 2510
1491150 2513
1491160 2513
1491170 2514
1491180 2514
1491190 2514
1491200 2515
1491210 2515
1491220 2515
1491230 2515
1491240 2514
1491250 2514
1491260 2511
1491270 2509
1491280 2509
1491290 2505
1491300 2503
1491310 2501
1491320 2501
1491330 2498
1491340 2490
1491350 2490
1491360 2481
1491370 2472
1491380 2472
1491390 2465
1491400 2458
1491410 2458
1491420 2452
1491430 2445
1491440 2445
1491450 2438
1491460 2432
1491470 2432
1491480 2388
1491490 2364
1491500 2364
1491510 2338
1491520 2321
1491530 2321
1491540 2316
1491550 2310
1491560 2305
1491570 2305
1491580 2297
1491590 2282
1491600 2282
1491610 2271
1491620 2265
1491630 2265
1491640 2259
1491650 2252
1491660 2252
1491670 2246
1491680 2240
1491690 2240
1491700 2234
1491710 2228
1491720 2228
1491730 2224
1491740 2219
1491750 2219
1491760 2214
1491770 2210
1491780 2210
1491790 2205
1491800 2201
1491810 2196
1491820 2196
1491830 2192
1491840 2188
1491850 2188
1491860 2185
1491870 2182
1491880 2182
1491890 2181
1491900 2180
1491910 2180
1491920 2179
1491930 2177
1491940 2177
1491950 2177
1491960 2175
1491970 2175
1491980 2174
1491990 2171
1492000 2171
1492010 2166
1492020 2166
1492030 2166
1492040 2165
1492050 2162
1492060 2157
1492070 2157
1492080 2152
1492090 2146
1492100 2146
1492110 2142
1492120 2140
1492130 2140
1492140 2137
1492150 2135
1492160 2135
1492170 2135
1492180 2134
1492190 2134
1492200 2133
1492210 2131
1492220 2131
1492230 2128
1492240 2123
1492250 2123
1492260 2118
1492270 2113
1492280 2108
1492290 2108
1492300 2105
1492310 2104
1492320 2104
1492330 2101
1492340 2098
1492350 2098
1492360 2095
1492370 2092
1492380 2092
1492390 2090
1492400 2087
1492410 2087
1492420 2084
1492430 2083
1492440 2083
1492450 2081
1492460 2077
1492470 2077
1492480 2076
1492490 2075
1492500 2075
1492510 2076
1492520 2076
1492530 2077
1492540 2077
1492550 2077
1492560 2075
1492570 2075
1492580 2077
1492590 2076
1492600 2076
1492610 2074
1492620 2074
1492630 2074
1492640 2076
1492650 2080
1492660 2080
1492670 2083
1492680 2086
1492690 2086
1492700 2090
1492710 2095
1492720 2095
1492730 2099
1492740 2104
1492750 2104
1492760 2110
1492770 2115
1492780 2120
1492790 2120
1492800 2123
1492810 2127
1492820 2127
1492830 2129
1492840 2130
1492850 2130
1492860 2130
1492870 2132
1492880 2132
1492890 2133
1492900 2134
1492910 2134
1492920 2137
1492930 2140
1492940 2140
1492950 2144
1492960 2148
1492970 2148
1492980 2150
1492990 2152
1493000 2152
1493010 2156
1493020 2163
1493030 2170
1493040 2170
1493050 2178
1493060 2186
1493070 2186
1493080 2193
1493090 2200
1493100 2200
1493110 2209
1493120 2215
1493130 2215
1493140 2220
1493150 2226
1493160 2226
1493170 2231
1493180 2235
1493190 2235
1493200 2240
1493210 2245
1493220 2245
1493230 2249
1493240 2253
1493250 2258
1493260 2258
1493270 2262
1493280 2266
1493290 2266
1493300 2261
1493310 2256
1493320 2256
1493330 2250
1493340 2244
1493350 2244
1493360 2236
1493370 2229
1493380 2229
1493390 2222
1493400 2212
1493410 2212
1493420 2195
1493430 2177
1493440 2177
1493450 2169
1493460 2164
1493470 2164
1493480 2159
1493490 2154
1493500 2148
1493510 2148
1493520 2142
1493530 2136
1493540 2136
1493550 2130
1493560 2125
1493570 2125
1493580 2120
1493590 2114
1493600 2114
1493610 2109
1493620 2104
1493630 2104
1493640 2098
1493650 2093
1493660 2093
1493670 2087
1493680 2082
1493690 2082
1493700 2077
1493710 2072
1493720 2072
1493730 2066
1493740 2060
1493750 2054
1493760 2054
1493770 2049
1493780 2044
1493790 2044
1493800 2038
1493810 2033
1493820 2033
1493830 2029
1493840 2026
1493850 2026
1493860 2023
1493870 2021
1493880 2021
1493890 2018
1493900 2016
1493910 2016
1493920 2014
1493930 2010
1493940 2010
1493950 2008
1493960 2006
1493970 2006
1493980 2004
1493990 2002
1494000 2000
1494010 2000
1494020 1998
1494030 1996
1494040 1996
1494050 1994
1494060 1991
1494070 1991
1494080 1989
1494090 1987
1494100 1987
1494110 1985
1494120 1983
1494130 1983
1494140 1981
1494150 1979
1494160 1979
1494170 1978
1494180 1976
1494190 1976
1494200 1974
1494210 1973
1494220 1973
1494230 1971
1494240 1969
1494250 1967
1494260 1967
1494270 1966
1494280 1964
1494290 1964
1494300 1963
1494310 1962
1494320 1962
1494330 1960
1494340 1958
1494350 1958
1494360 1957
1494370 1955
1494380 1955
1494390 1953
1494400 1952
1494410 1952
1494420 1950
1494430 1949
1494440 1949
1494450 1948
1494460 1946
1494470 1945
1494480 1945
1494490 1943
1494500 1941
1494510 1941
1494520 1938
1494530 1935
1494540 1935
1494550 1931
1494560 1928
1494570 1928
1494580 1924
1494590 1921
1494600 1921
1494610 1917
1494620 1914
1494630 1914
1494640 1909
1494650 1904
1494660 1904
1494670 1900
1494680 1897
1494690 1897
1494700 1893
1494710 1887
1494720 1882
1494730 1882
1494740 1878
1494750 1874
1494760 1874
1494770 1870
1494780 1867
1494790 1867
1494800 1862
1494810 1858
1494820 1858
1494830 1855
1494840 1853
1494850 1853
1494860 1851
1494870 1848
1494880 1848
1494890 1842
1494900 1834
1494910 1834
1494920 1829
1494930 1827
1494940 1827
1494950 1826
1494960 1824
1494970 1823
1494980 1823
1494990 1824
1495000 1823
1495010 1823
1495020 1823
1495030 1821
1495040 1821
1495050 1822
1495060 1824
1495070 1824
1495080 1823
1495090 1817
1495100 1817
1495110 1809
1495120 1805
1495130 1805
1495140 1802
1495150 1799
1495160 1799
1495170 1796
1495180 1794
1495190 1794
1495200 1792
1495210 1792
1495220 1791
1495230 1791
1495240 1789
1495250 1787
1495260 1787
1495270 1787
1495280 1784
1495290 1784
1495300 1779
1495310 1773
1495320 1773
1495330 1767
1495340 1759
1495350 1759
1495360 1754
1495370 1748
1495380 1748
1495390 1744
1495400 1739
1495410 1739
1495420 1734
1495430 1730
1495440 1726
1495450 1726
1495460 1722
1495470 1719
1495480 1719
1495490 1713
1495500 1713
1495510 1713
1495520 1710
1495530 1707
1495540 1707
1495550 1702
1495560 1698
1495570 1698
1495580 1695
1495590 1691
1495600 1691
1495610 1688
1495620 1686
1495630 1686
1495640 1682
1495650 1676
1495660 1676
1495670 1671
1495680 1665
1495690 1660
1495700 1660
1495710 1654
1495720 1648
1495730 1648
1495740 1643
1495750 1638
1495760 1638
1495770 1634
1495780 1631
1495790 1631
1495800 1628
1495810 1625
1495820 1625
1495830 1621
1495840 1615
1495850 1615
1495860 1612
1495870 1612
1495880 1612
1495890 1615
1495900 1621
1495910 1621
1495920 1622
1495930 1620
1495940 1618
1495950 1618
1495960 1619
1495970 1619
1495980 1619
1495990 1620
1496000 1620
1496010 1620
1496020 1621
1496030 1622
1496040 1622
1496050 1624
1496060 1627
1496070 1627
1496080 1633
1496090 1640
1496100 1640
1496110 1648
1496120 1658
1496130 1658
1496140 1664
1496150 1668
1496160 1668
1496170 1671
1496180 1677
1496190 1682
1496200 1682
1496210 1688
1496220 1694
1496230 1694
1496240 1699
1496250 1705
1496260 1705
1496270 1709
1496280 1714
1496290 1714
1496300 1718
1496310 1722
1496320 1722
1496330 1725
1496340 1729
1496350 1729
1496360 1733
1496370 1734
1496380 1734
1496390 1736
1496400 1741
1496410 1745
1496420 1745
1496430 1750
1496440 1754
1496450 1754
1496460 1757
1496470 1761
1496480 1761
1496490 1764
1496500 1767
1496510 1767
1496520 1770
1496530 1774
1496540 1774
1496550 1779
1496560 1782
1496570 1782
1496580 1785
1496590 1788
1496600 1788
1496610 1792
1496620 1796
1496630 1796
1496640 1800
1496650 1806
1496660 1809
1496670 1809
1496680 1812
1496690 1814
1496700 1814
1496710 1816
1496720 1818
1496730 1818
1496740 1820
1496750 1823
1496760 1823
1496770 1826
1496780 1829
1496790 1829
1496800 1831
1496810 1833
1496820 1833
1496830 1836
1496840 1838
1496850 1838
1496860 1842
1496870 1846
1496880 1846
1496890 1850
1496900 1853
1496910 1858
1496920 1858
1496930 1863
1496940 1866
1496950 1866
1496960 1869
1496970 1872
1496980 1872
1496990 1876
1497000 1880
1497010 1880
1497020 1881
1497030 1884
1497040 1884
1497050 1889
1497060 1893
1497070 1893
1497080 1897
1497090 1899
1497100 1899
1497110 1902
1497120 1906
1497130 1906
1497140 1909
1497150 1913
1497160 1915
1497170 1915
1497180 1916
1497190 1920
1497200 1920
1497210 1922
1497220 1926
1497230 1926
1497240 1930
1497250 1933
1497260 1933
1497270 1936
1497280 1939
1497290 1939
1497300 1943
1497310 1947
1497320 1947
1497330 1951
1497340 1954
1497350 1954
1497360 1959
1497370 1962
1497380 1962
1497390 1968
1497400 1973
1497410 1977
1497420 1977
1497430 1980
1497440 1984
1497450 1984
1497460 1987
1497470 1990
1497480 1990
1497490 1993
1497500 1996
1497510 1996
1497520 1998
1497530 2001
1497540 2001
1497550 2005
1497560 2008
1497570 2008
1497580 2012
1497590 2015
1497600 2015
1497610 2017
1497620 2019
1497630 2021
1497640 2021
1497650 2024
1497660 2027
1497670 2027
1497680 2029
1497690 2032
1497700 2032
1497710 2034
1497720 2037
1497730 2037
1497740 2040
1497750 2043
1497760 2043
1497770 2046
1497780 2049
1497790 2049
1497800 2052
1497810 2055
1497820 2055
1497830 2058
1497840 2061
1497850 2061
1497860 2064
1497870 2068
1497880 2071
1497890 2071
1497900 2075
1497910 2078
1497920 2078
1497930 2080
1497940 2085
1497950 2085
1497960 2089
1497970 2092
1497980 2092
1497990 2093
1498000 2090
1498010 2090
1498020 2087
1498030 2083
1498040 2083
1498050 2078
1498060 2073
1498070 2073
1498080 2069
1498090 2066
1498100 2066
1498110 2063
1498120 2060
1498130 2059
1498140 2059
1498150 2057
1498160 2056
1498170 2056
1498180 2055
1498190 2054
1498200 2054
1498210 2054
1498220 2053
1498230 2053
1498240 2052
1498250 2050
1498260 2050
1498270 2049
1498280 2048
1498290 2048
1498300 2047
1498310 2046
1498320 2046
1498330 2046
1498340 2045
1498350 2045
1498360 2044
1498370 2044
1498380 2044
1498390 2044
1498400 2044
1498410 2043
1498420 2043
1498430 2043
1498440 2043
1498450 2043
1498460 2044
1498470 2046
1498480 2046
1498490 2049
1498500 2051
1498510 2051
1498520 2052
1498530 2054
1498540 2054
1498550 2056
1498560 2058
1498570 2058
1498580 2060
1498590 2064
1498600 2067
1498610 2067
1498620 2069
1498630 2070
1498640 2070
1498650 2071
1498660 2071
1498670 2071
1498680 2071
1498690 2072
1498700 2072
1498710 2073
1498720 2074
1498730 2074
1498740 2074
1498750 2075
1498760 2075
1498770 2074
1498780 2071
1498790 2071
1498800 2068
1498810 2066
1498820 2066
1498830 2064
1498840 2064
1498850 2065
1498860 2065
1498870 2064
1498880 2064
1498890 2064
1498900 2066
1498910 2067
1498920 2067
1498930 2066
1498940 2068
1498950 2068
1498960 2068
1498970 2071
1498980 2071
1498990 2073
1499000 2073
1499010 2073
1499020 2075
1499030 2076
1499040 2076
1499050 2078
1499060 2080
1499070 2080
1499080 2081
1499090 2083
1499100 2084
1499110 2084
1499120 2085
1499130 2087
1499140 2087
1499150 2088
1499160 2089
1499170 2089
1499180 2091
1499190 2094
1499200 2094
1499210 2097
1499220 2100
1499230 2100
1499240 2103
1499250 2106
1499260 2106
1499270 2110
1499280 2114
1499290 2114
1499300 2119
1499310 2124
1499320 2124
1499330 2128
1499340 2133
1499350 2139
1499360 2139
1499370 2144
1499380 2149
1499390 2149
1499400 2147
1499410 2142
1499420 2142
1499430 2138
1499440 2133
1499450 2133
1499460 2129
1499470 2125
1499480 2125
1499490 2121
1499500 2118
1499510 2118
1499520 2114
1499530 2110
1499540 2110
1499550 2106
1499560 2102
1499570 2100
1499580 2100
1499590 2099
1499600 2098
1499610 2098
1499620 2096
1499630 2092
1499640 2092
1499650 2089
1499660 2086
1499670 2086
1499680 2084
1499690 2082
1499700 2082
1499710 2083
1499720 2083
1499730 2083
1499740 2083
1499750 2082
1499760 2082
1499770 2083
1499780 2084
1499790 2084
1499800 2084
1499810 2085
1499820 2085
1499830 2085
1499840 2080
1499850 2073
1499860 2073
1499870 2065
1499880 2058
1499890 2058
1499900 2052
1499910 2046
1499920 2046
1499930 2041
1499940 2037
1499950 2037
1499960 2034
1499970 2034
1499980 2034
1499990 2036
