1480000 2012
1480010 2019
1480020 2019
1480030 2027
1480040 2034
1480050 2034
1480060 2047
1480070 2057
1480080 2062
1480090 2062
1480100 2065
1480110 2071
1480120 2071
1480130 2079
1480140 2084
1480150 2084
1480160 2089
1480170 2095
1480180 2095
1480190 2099
1480200 2104
1480210 2104
1480220 2108
1480230 2112
1480240 2112
1480250 2116
1480260 2119
1480270 2119
1480280 2120
1480290 2120
1480300 2120
1480310 2121
1480320 2123
1480330 2124
1480340 2124
1480350 2125
1480360 2120
1480370 2120
1480380 2114
1480390 2109
1480400 2109
1480410 2103
1480420 2099
1480430 2099
1480440 2094
1480450 2090
1480460 2090
1480470 2086
1480480 2083
1480490 2083
1480500 2080
1480510 2077
1480520 2077
1480530 2073
1480540 2071
1480550 2071
1480560 2069
1480570 2067
1480580 2064
1480590 2064
1480600 2062
1480610 2061
1480620 2061
1480630 2061
1480640 2062
1480650 2062
1480660 2063
1480670 2064
1480680 2064
1480690 2064
1480700 2063
1480710 2063
1480720 2064
1480730 2063
1480740 2063
1480750 2061
1480760 2059
1480770 2059
1480780 2057
1480790 2056
1480800 2056
1480810 2055
1480820 2053
1480830 2052
1480840 2052
1480850 2051
1480860 2050
1480870 2050
1480880 2047
1480890 2043
1480900 2043
1480910 2036
1480920 2030
1480930 2030
1480940 2025
1480950 2020
1480960 2020
1480970 2016
1480980 2011
1480990 2011
1481000 2007
1481010 2003
1481020 2003
1481030 1999
1481040 1997
1481050 1997
1481060 1997
1481070 1997
1481080 1997
1481090 1997
1481100 1996
1481110 1993
1481120 1993
1481130 1990
1481140 1986
1481150 1986
1481160 1980
1481170 1974
1481180 1974
1481190 1969
1481200 1963
1481210 1963
1481220 1958
1481230 1953
1481240 1953
1481250 1948
1481260 1945
1481270 1945
1481280 1944
1481290 1943
1481300 1943
1481310 1941
1481320 1936
1481330 1935
1481340 1935
1481350 1936
1481360 1932
1481370 1932
1481380 1923
1481390 1915
1481400 1915
1481410 1908
1481420 1903
1481430 1903
1481440 1898
1481450 1894
1481460 1894
1481470 1893
1481480 1898
1481490 1898
1481500 1900
1481510 1901
1481520 1901
1481530 1903
1481540 1906
1481550 1906
1481560 1906
1481570 1905
1481580 1905
1481590 1905
1481600 1903
1481610 1901
1481620 1901
1481630 1898
1481640 1897
1481650 1897
1481660 1897
1481670 1899
1481680 1899
1481690 1895
1481700 1896
1481710 1896
1481720 1899
1481730 1902
1481740 1902
1481750 1906
1481760 1909
1481770 1909
1481780 1912
1481790 1916
1481800 1920
1481810 1920
1481820 1921
1481830 1922
1481840 1922
1481850 1923
1481860 1923
1481870 1923
1481880 1923
1481890 1923
1481900 1923
1481910 1924
1481920 1925
1481930 1925
1481940 1926
1481950 1925
1481960 1925
1481970 1925
1481980 1924
1481990 1924
1482000 1923
1482010 1923
1482020 1923
1482030 1923
1482040 1924
1482050 1924
1482060 1924
1482070 1924
1482080 1926
1482090 1926
1482100 1928
1482110 1927
1482120 1927
1482130 1926
1482140 1923
1482150 1923
1482160 1921
1482170 1920
1482180 1920
1482190 1919
1482200 1916
1482210 1916
1482220 1915
1482230 1917
1482240 1917
1482250 1918
1482260 1918
1482270 1918
1482280 1919
1482290 1918
1482300 1918
1482310 1918
1482320 1918
1482330 1916
1482340 1916
1482350 1914
1482360 1911
1482370 1911
1482380 1908
1482390 1905
1482400 1905
1482410 1902
1482420 1901
1482430 1901
1482440 1900
1482450 1899
1482460 1899
1482470 1898
1482480 1897
1482490 1897
1482500 1897
1482510 1896
1482520 1896
1482530 1892
1482540 1887
1482550 1881
1482560 1881
1482570 1874
1482580 1868
1482590 1868
1482600 1862
1482610 1855
1482620 1855
1482630 1848
1482640 1843
1482650 1843
1482660 1839
1482670 1837
1482680 1837
1482690 1833
1482700 1829
1482710 1829
1482720 1824
1482730 1821
1482740 1821
1482750 1813
1482760 1802
1482770 1802
1482780 1788
1482790 1769
1482800 1748
1482810 1748
1482820 1728
1482830 1713
1482840 1713
1482850 1699
1482860 1686
1482870 1686
1482880 1672
1482890 1658
1482900 1658
1482910 1647
1482920 1632
1482930 1632
1482940 1619
1482950 1609
1482960 1609
1482970 1601
1482980 1591
1482990 1591
1483000 1583
1483010 1574
1483020 1574
1483030 1563
1483040 1553
1483050 1542
1483060 1542
1483070 1532
1483080 1522
1483090 1522
1483100 1513
1483110 1503
1483120 1503
1483130 1495
1483140 1486
1483150 1486
1483160 1478
1483170 1469
1483180 1469
1483190 1460
1483200 1453
1483210 1453
1483220 1448
1483230 1443
1483240 1443
1483250 1437
1483260 1431
1483270 1431
1483280 1424
1483290 1418
1483300 1412
1483310 1412
1483320 1406
1483330 1403
1483340 1403
1483350 1399
1483360 1398
1483370 1398
1483380 1395
1483390 1393
1483400 1393
1483410 1390
1483420 1386
1483430 1386
1483440 1382
1483450 1377
1483460 1377
1483470 1372
1483480 1366
1483490 1366
1483500 1360
1483510 1354
1483520 1347
1483530 1347
1483540 1341
1483550 1333
1483560 1333
1483570 1327
1483580 1320
1483590 1320
1483600 1314
1483610 1309
1483620 1309
1483630 1304
1483640 1298
1483650 1298
1483660 1292
1483670 1288
1483680 1288
1483690 1281
1483700 1274
1483710 1274
1483720 1268
1483730 1264
1483740 1264
1483750 1259
1483760 1255
1483770 1249
1483780 1249
1483790 1245
1483800 1238
1483810 1238
1483820 1231
1483830 1223
1483840 1223
1483850 1218
1483860 1215
1483870 1215
1483880 1212
1483890 1209
1483900 1209
1483910 1207
1483920 1204
1483930 1204
1483940 1203
1483950 1201
1483960 1201
1483970 1196
1483980 1191
1483990 1191
1484000 1189
1484010 1185
1484020 1184
1484030 1184
1484040 1183
1484050 1180
1484060 1180
1484070 1177
1484080 1176
1484090 1176
1484100 1177
1484110 1175
1484120 1175
1484130 1176
1484140 1178
1484150 1178
1484160 1179
1484170 1178
1484180 1178
1484190 1178
1484200 1175
1484210 1175
1484220 1172
1484230 1171
1484240 1171
1484250 1171
1484260 1170
1484270 1170
1484280 1170
1484290 1170
1484300 1170
1484310 1170
1484320 1169
1484330 1166
1484340 1166
1484350 1163
1484360 1163
1484370 1163
1484380 1165
1484390 1166
1484400 1166
1484410 1167
1484420 1169
1484430 1169
1484440 1171
1484450 1172
1484460 1172
1484470 1173
1484480 1176
1484490 1176
1484500 1177
1484510 1179
1484520 1181
1484530 1181
1484540 1182
1484550 1184
1484560 1184
1484570 1187
1484580 1188
1484590 1188
1484600 1189
1484610 1192
1484620 1192
1484630 1198
1484640 1206
1484650 1206
1484660 1214
1484670 1223
1484680 1223
1484690 1231
1484700 1239
1484710 1239
1484720 1248
1484730 1259
1484740 1259
1484750 1267
1484760 1274
1484770 1280
1484780 1280
1484790 1286
1484800 1292
1484810 1292
1484820 1299
1484830 1307
1484840 1307
1484850 1316
1484860 1324
1484870 1324
1484880 1330
1484890 1337
1484900 1337
1484910 1345
1484920 1353
1484930 1353
1484940 1362
1484950 1367
1484960 1367
1484970 1371
1484980 1375
1484990 1375
1485000 1380
1485010 1385
1485020 1391
1485030 1391
1485040 1396
1485050 1401
1485060 1401
1485070 1407
1485080 1412
1485090 1412
1485100 1417
1485110 1422
1485120 1422
1485130 1426
1485140 1429
1485150 1429
1485160 1431
1485170 1432
1485180 1432
1485190 1432
1485200 1432
1485210 1432
1485220 1436
1485230 1443
1485240 1443
1485250 1451
1485260 1458
1485270 1465
1485280 1465
1485290 1470
1485300 1474
1485310 1474
1485320 1480
1485330 1486
1485340 1486
1485350 1490
1485360 1495
1485370 1495
1485380 1501
1485390 1507
1485400 1507
1485410 1513
1485420 1517
1485430 1517
1485440 1523
1485450 1529
1485460 1529
1485470 1534
1485480 1540
1485490 1546
1485500 1546
1485510 1552
1485520 1558
1485530 1558
1485540 1564
1485550 1570
1485560 1570
1485570 1576
1485580 1582
1485590 1582
1485600 1588
1485610 1594
1485620 1594
1485630 1601
1485640 1607
1485650 1607
1485660 1614
1485670 1621
1485680 1621
1485690 1629
1485700 1637
1485710 1637
1485720 1645
1485730 1653
1485740 1662
1485750 1662
1485760 1672
1485770 1682
1485780 1682
1485790 1692
1485800 1699
1485810 1699
1485820 1706
1485830 1715
1485840 1715
1485850 1723
1485860 1730
1485870 1730
1485880 1738
1485890 1746
1485900 1746
1485910 1754
1485920 1761
1485930 1761
1485940 1768
1485950 1775
1485960 1775
1485970 1782
1485980 1789
1485990 1794
1486000 1794
1486010 1799
1486020 1803
1486030 1803
1486040 1803
1486050 1800
1486060 1800
1486070 1794
1486080 1791
1486090 1791
1486100 1789
1486110 1786
1486120 1786
1486130 1783
1486140 1782
1486150 1782
1486160 1783
1486170 1785
1486180 1785
1486190 1787
1486200 1791
1486210 1791
1486220 1796
1486230 1800
1486240 1797
1486250 1797
1486260 1793
1486270 1791
1486280 1791
1486290 1789
1486300 1788
1486310 1788
1486320 1785
1486330 1779
1486340 1779
1486350 1774
1486360 1769
1486370 1769
1486380 1766
1486390 1763
1486400 1763
1486410 1761
1486420 1762
1486430 1762
1486440 1760
1486450 1756
1486460 1756
1486470 1754
1486480 1752
1486490 1748
1486500 1748
1486510 1744
1486520 1741
1486530 1741
1486540 1738
1486550 1736
1486560 1736
1486570 1733
1486580 1730
1486590 1730
1486600 1727
1486610 1728
1486620 1728
1486630 1730
1486640 1731
1486650 1731
1486660 1732
1486670 1733
1486680 1733
1486690 1734
1486700 1736
1486710 1736
1486720 1738
1486730 1739
1486740 1740
1486750 1740
1486760 1745
1486770 1752
1486780 1752
1486790 1760
1486800 1767
1486810 1767
1486820 1774
1486830 1781
1486840 1781
1486850 1788
1486860 1793
1486870 1793
1486880 1794
1486890 1794
1486900 1794
1486910 1798
1486920 1807
1486930 1807
1486940 1821
1486950 1836
1486960 1836
1486970 1840
1486980 1843
1486990 1852
1487000 1852
1487010 1866
1487020 1873
1487030 1873
1487040 1875
1487050 1882
1487060 1882
1487070 1888
1487080 1894
1487090 1894
1487100 1899
1487110 1905
1487120 1905
1487130 1911
1487140 1917
1487150 1917
1487160 1924
1487170 1930
1487180 1930
1487190 1937
1487200 1944
1487210 1951
1487220 1951
1487230 1957
1487240 1963
1487250 1963
1487260 1969
1487270 1972
1487280 1972
1487290 1973
1487300 1976
1487310 1976
1487320 1980
1487330 1984
1487340 1984
1487350 1989
1487360 1996
1487370 1996
1487380 2004
1487390 2015
1487400 2015
1487410 2020
1487420 2026
1487430 2026
1487440 2033
1487450 2040
1487460 2043
1487470 2043
1487480 2043
1487490 2042
1487500 2042
1487510 2045
1487520 2053
1487530 2053
1487540 2060
1487550 2060
1487560 2060
1487570 2060
1487580 2061
1487590 2061
1487600 2062
1487610 2063
1487620 2063
1487630 2065
1487640 2065
1487650 2065
1487660 2065
1487670 2066
1487680 2066
1487690 2068
1487700 2072
1487710 2075
1487720 2075
1487730 2079
1487740 2084
1487750 2084
1487760 2087
1487770 2091
1487780 2091
1487790 2091
1487800 2089
1487810 2089
1487820 2086
1487830 2085
1487840 2085
1487850 2085
1487860 2085
1487870 2085
1487880 2086
1487890 2090
1487900 2090
1487910 2095
1487920 2100
1487930 2100
1487940 2106
1487950 2112
1487960 2118
1487970 2118
1487980 2125
1487990 2131
1488000 2131
1488010 2138
1488020 2146
1488030 2146
1488040 2153
1488050 2160
1488060 2160
1488070 2169
1488080 2180
1488090 2180
1488100 2190
1488110 2204
1488120 2204
1488130 2230
1488140 2254
1488150 2254
1488160 2275
1488170 2296
1488180 2296
1488190 2316
1488200 2322
1488210 2326
1488220 2326
1488230 2333
1488240 2340
1488250 2340
1488260 2344
1488270 2349
1488280 2349
1488290 2355
1488300 2363
1488310 2363
1488320 2370
1488330 2382
1488340 2382
1488350 2405
1488360 2422
1488370 2422
1488380 2435
1488390 2440
1488400 2440
1488410 2446
1488420 2462
1488430 2462
1488440 2478
1488450 2500
1488460 2511
1488470 2511
1488480 2533
1488490 2551
1488500 2551
1488510 2556
1488520 2556
1488530 2556
1488540 2565
1488550 2572
1488560 2572
1488570 2574
1488580 2573
1488590 2573
1488600 2569
1488610 2564
1488620 2564
1488630 2561
1488640 2558
1488650 2558
1488660 2554
1488670 2547
1488680 2547
1488690 2540
1488700 2531
1488710 2530
1488720 2530
1488730 2534
1488740 2539
1488750 2539
1488760 2544
1488770 2550
1488780 2550
1488790 2548
1488800 2545
1488810 2545
1488820 2505
1488830 2481
1488840 2481
1488850 2469
1488860 2474
1488870 2474
1488880 2458
1488890 2445
1488900 2445
1488910 2434
1488920 2423
1488930 2423
1488940 2416
1488950 2406
1488960 2390
1488970 2390
1488980 2376
1488990 2365
1489000 2365
1489010 2357
1489020 2349
1489030 2349
1489040 2341
1489050 2334
1489060 2334
1489070 2328
1489080 2321
1489090 2321
1489100 2314
1489110 2308
1489120 2308
1489130 2301
1489140 2293
1489150 2293
1489160 2286
1489170 2280
1489180 2273
1489190 2273
1489200 2267
1489210 2260
1489220 2260
1489230 2254
1489240 2249
1489250 2249
1489260 2244
1489270 2240
1489280 2240
1489290 2235
1489300 2232
1489310 2232
1489320 2230
1489330 2229
1489340 2229
1489350 2229
1489360 2233
1489370 2233
1489380 2235
1489390 2234
1489400 2234
1489410 2232
1489420 2228
1489430 2222
1489440 2222
1489450 2224
1489460 2226
1489470 2226
1489480 2226
1489490 2226
1489500 2226
1489510 2224
1489520 2224
1489530 2224
1489540 2221
1489550 2219
1489560 2219
1489570 2217
1489580 2215
1489590 2215
1489600 2211
1489610 2207
1489620 2207
1489630 2202
1489640 2197
1489650 2197
1489660 2199
1489670 2196
1489680 2194
1489690 2194
1489700 2190
1489710 2186
1489720 2186
1489730 2186
1489740 2188
1489750 2188
1489760 2194
1489770 2203
1489780 2203
1489790 2207
1489800 2210
1489810 2210
1489820 2212
1489830 2211
1489840 2211
1489850 2207
1489860 2202
1489870 2202
1489880 2197
1489890 2190
1489900 2190
1489910 2188
1489920 2187
1489930 2189
1489940 2189
1489950 2192
1489960 2194
1489970 2194
1489980 2196
1489990 2194
1490000 2194
1490010 2188
1490020 2183
1490030 2183
1490040 2181
1490050 2181
1490060 2181
1490070 2183
1490080 2184
1490090 2184
1490100 2185
1490110 2187
1490120 2187
1490130 2190
1490140 2190
1490150 2190
1490160 2191
1490170 2194
1490180 2199
1490190 2199
1490200 2206
1490210 2214
1490220 2214
1490230 2225
1490240 2233
1490250 2233
1490260 2241
1490270 2250
1490280 2250
1490290 2258
1490300 2271
1490310 2271
1490320 2279
1490330 2286
1490340 2286
1490350 2296
1490360 2302
1490370 2302
1490380 2303
1490390 2299
1490400 2299
1490410 2293
1490420 2290
1490430 2287
1490440 2287
1490450 2286
1490460 2290
1490470 2290
1490480 2295
1490490 2296
1490500 2296
1490510 2303
1490520 2309
1490530 2309
1490540 2313
1490550 2316
1490560 2316
1490570 2318
1490580 2317
1490590 2317
1490600 2318
1490610 2320
1490620 2320
1490630 2325
1490640 2328
1490650 2328
1490660 2330
1490670 2332
1490680 2330
1490690 2330
1490700 2326
1490710 2320
1490720 2320
1490730 2312
1490740 2304
1490750 2304
1490760 2297
1490770 2295
1490780 2295
1490790 2294
1490800 2297
1490810 2297
1490820 2300
1490830 2300
1490840 2300
1490850 2301
1490860 2302
1490870 2302
1490880 2304
1490890 2305
1490900 2307
1490910 2307
1490920 2310
1490930 2312
1490940 2312
1490950 2309
1490960 2308
1490970 2308
1490980 2309
1490990 2308
1491000 2308
1491010 2308
1491020 2307
1491030 2307
1491040 2306
1491050 2306
1491060 2306
1491070 2306
1491080 2308
1491090 2308
1491100 2311
1491110 2312
1491120 2312
1491130 2313
1491140 2316
1491150 2318
1491160 2318
1491170 2318
1491180 2318
1491190 2318
1491200 2318
1491210 2318
1491220 2318
1491230 2319
1491240 2322
1491250 2322
1491260 2325
1491270 2327
1491280 2327
1491290 2330
1491300 2333
1491310 2333
1491320 2336
1491330 2337
1491340 2337
1491350 2337
1491360 2336
1491370 2336
1491380 2336
1491390 2337
1491400 2338
1491410 2338
1491420 2340
1491430 2341
1491440 2341
1491450 2341
1491460 2340
1491470 2340
1491480 2340
1491490 2340
1491500 2340
1491510 2343
1491520 2344
1491530 2344
1491540 2342
1491550 2342
1491560 2342
1491570 2345
1491580 2348
1491590 2348
1491600 2353
1491610 2357
1491620 2357
1491630 2359
1491640 2359
1491650 2362
1491660 2362
1491670 2366
1491680 2367
1491690 2367
1491700 2369
1491710 2371
1491720 2371
1491730 2373
1491740 2376
1491750 2376
1491760 2379
1491770 2378
1491780 2378
1491790 2374
1491800 2374
1491810 2374
1491820 2371
1491830 2370
1491840 2370
1491850 2368
1491860 2365
1491870 2365
1491880 2366
1491890 2368
1491900 2367
1491910 2367
1491920 2366
1491930 2365
1491940 2365
1491950 2364
1491960 2362
1491970 2362
1491980 2360
1491990 2358
1492000 2358
1492010 2356
1492020 2353
1492030 2353
1492040 2350
1492050 2348
1492060 2348
1492070 2346
1492080 2344
1492090 2344
1492100 2344
1492110 2345
1492120 2345
1492130 2346
1492140 2346
1492150 2344
1492160 2344
1492170 2345
1492180 2344
1492190 2344
1492200 2342
1492210 2337
1492220 2337
1492230 2333
1492240 2328
1492250 2328
1492260 2327
1492270 2330
1492280 2330
1492290 2327
1492300 2324
1492310 2324
1492320 2324
1492330 2329
1492340 2329
1492350 2332
1492360 2332
1492370 2332
1492380 2333
1492390 2334
1492400 2333
1492410 2333
1492420 2331
1492430 2325
1492440 2325
1492450 2318
1492460 2313
1492470 2313
1492480 2309
1492490 2304
1492500 2304
1492510 2296
1492520 2291
1492530 2291
1492540 2287
1492550 2281
1492560 2281
1492570 2277
1492580 2274
1492590 2274
1492600 2274
1492610 2276
1492620 2276
1492630 2280
1492640 2285
1492650 2287
1492660 2287
1492670 2286
1492680 2285
1492690 2285
1492700 2287
1492710 2288
1492720 2288
1492730 2288
1492740 2287
1492750 2287
1492760 2287
1492770 2288
1492780 2288
1492790 2292
1492800 2295
1492810 2295
1492820 2300
1492830 2302
1492840 2302
1492850 2306
1492860 2313
1492870 2322
1492880 2322
1492890 2332
1492900 2343
1492910 2343
1492920 2351
1492930 2353
1492940 2353
1492950 2351
1492960 2348
1492970 2348
1492980 2344
1492990 2339
1493000 2339
1493010 2319
1493020 2294
1493030 2294
1493040 2286
1493050 2281
1493060 2281
1493070 2278
1493080 2278
1493090 2278
1493100 2275
1493110 2274
1493120 2276
1493130 2276
1493140 2273
1493150 2268
1493160 2268
1493170 2262
1493180 2255
1493190 2255
1493200 2251
1493210 2249
1493220 2249
1493230 2244
1493240 2239
1493250 2239
1493260 2235
1493270 2231
1493280 2231
1493290 2226
1493300 2220
1493310 2220
1493320 2215
1493330 2212
1493340 2212
1493350 2207
1493360 2202
1493370 2199
1493380 2199
1493390 2196
1493400 2195
1493410 2195
1493420 2195
1493430 2195
1493440 2195
1493450 2193
1493460 2189
1493470 2189
1493480 2188
1493490 2188
1493500 2188
1493510 2188
1493520 2185
1493530 2185
1493540 2185
1493550 2184
1493560 2184
1493570 2184
1493580 2185
1493590 2185
1493600 2188
1493610 2190
1493620 2191
1493630 2191
1493640 2190
1493650 2190
1493660 2190
1493670 2190
1493680 2190
1493690 2190
1493700 2190
1493710 2191
1493720 2191
1493730 2195
1493740 2201
1493750 2201
1493760 2203
1493770 2203
1493780 2203
1493790 2206
1493800 2209
1493810 2209
1493820 2211
1493830 2211
1493840 2211
1493850 2210
1493860 2207
1493870 2204
1493880 2204
1493890 2204
1493900 2207
1493910 2207
1493920 2210
1493930 2212
1493940 2212
1493950 2215
1493960 2214
1493970 2214
1493980 2216
1493990 2219
1494000 2219
1494010 2222
1494020 2227
1494030 2227
1494040 2232
1494050 2239
1494060 2239
1494070 2244
1494080 2249
1494090 2249
1494100 2253
1494110 2254
1494120 2255
1494130 2255
1494140 2257
1494150 2259
1494160 2259
1494170 2260
1494180 2260
1494190 2260
1494200 2258
1494210 2257
1494220 2257
1494230 2252
1494240 2248
1494250 2248
1494260 2241
1494270 2238
1494280 2238
1494290 2236
1494300 2235
1494310 2235
1494320 2235
1494330 2236
1494340 2236
1494350 2238
1494360 2237
1494370 2233
1494380 2233
1494390 2231
1494400 2232
1494410 2232
1494420 2232
1494430 2231
1494440 2231
1494450 2231
1494460 2232
1494470 2232
1494480 2235
1494490 2242
1494500 2242
1494510 2247
1494520 2252
1494530 2252
1494540 2257
1494550 2261
1494560 2261
1494570 2265
1494580 2269
1494590 2269
1494600 2273
1494610 2275
1494620 2272
1494630 2272
1494640 2266
1494650 2261
1494660 2261
1494670 2258
1494680 2257
1494690 2257
1494700 2253
1494710 2246
1494720 2246
1494730 2239
1494740 2233
1494750 2233
1494760 2228
1494770 2222
1494780 2222
1494790 2218
1494800 2215
1494810 2215
1494820 2211
1494830 2209
1494840 2207
1494850 2207
1494860 2205
1494870 2203
1494880 2203
1494890 2201
1494900 2199
1494910 2199
1494920 2194
1494930 2190
1494940 2190
1494950 2187
1494960 2184
1494970 2184
1494980 2181
1494990 2179
1495000 2179
1495010 2177
1495020 2176
1495030 2176
1495040 2176
1495050 2174
1495060 2174
1495070 2172
1495080 2173
1495090 2175
1495100 2175
1495110 2175
1495120 2172
1495130 2172
1495140 2165
1495150 2158
1495160 2158
1495170 2151
1495180 2144
1495190 2144
1495200 2137
1495210 2130
1495220 2130
1495230 2124
1495240 2121
1495250 2121
1495260 2117
1495270 2113
1495280 2113
1495290 2114
1495300 2109
1495310 2109
1495320 2106
1495330 2104
1495340 2100
1495350 2100
1495360 2098
1495370 2095
1495380 2095
1495390 2092
1495400 2090
1495410 2090
1495420 2090
1495430 2091
1495440 2091
1495450 2088
1495460 2083
1495470 2083
1495480 2077
1495490 2079
1495500 2079
1495510 2081
1495520 2080
1495530 2080
1495540 2077
1495550 2074
1495560 2074
1495570 2073
1495580 2072
1495590 2071
1495600 2071
1495610 2069
1495620 2070
1495630 2070
1495640 2069
1495650 2069
1495660 2069
1495670 2072
1495680 2074
1495690 2074
1495700 2074
1495710 2074
1495720 2074
1495730 2074
1495740 2071
1495750 2071
1495760 2070
1495770 2070
1495780 2070
1495790 2071
1495800 2073
1495810 2073
1495820 2075
1495830 2076
1495840 2077
1495850 2077
1495860 2078
1495870 2078
1495880 2078
1495890 2079
1495900 2079
1495910 2079
1495920 2080
1495930 2082
1495940 2082
1495950 2085
1495960 2088
1495970 2088
1495980 2088
1495990 2088
1496000 2088
1496010 2090
1496020 2090
1496030 2090
1496040 2089
1496050 2089
1496060 2089
1496070 2090
1496080 2089
1496090 2089
1496100 2089
1496110 2089
1496120 2089
1496130 2089
1496140 2090
1496150 2091
1496160 2091
1496170 2093
1496180 2096
1496190 2096
1496200 2099
1496210 2101
1496220 2101
1496230 2102
1496240 2103
1496250 2103
1496260 2103
1496270 2102
1496280 2102
1496290 2101
1496300 2100
1496310 2100
1496320 2098
1496330 2098
1496340 2098
1496350 2098
1496360 2099
1496370 2098
1496380 2098
1496390 2099
1496400 2100
1496410 2100
1496420 2099
1496430 2098
1496440 2098
1496450 2097
1496460 2096
1496470 2096
1496480 2097
1496490 2101
1496500 2101
1496510 2104
1496520 2107
1496530 2107
1496540 2108
1496550 2107
1496560 2107
1496570 2107
1496580 2107
1496590 2106
1496600 2106
1496610 2104
1496620 2104
1496630 2104
1496640 2106
1496650 2106
1496660 2106
1496670 2106
1496680 2107
1496690 2107
1496700 2110
1496710 2113
1496720 2113
1496730 2116
1496740 2120
1496750 2120
1496760 2124
1496770 2128
1496780 2128
1496790 2132
1496800 2136
1496810 2140
1496820 2140
1496830 2144
1496840 2148
1496850 2148
1496860 2152
1496870 2156
1496880 2156
1496890 2160
1496900 2165
1496910 2165
1496920 2169
1496930 2173
1496940 2173
1496950 2179
1496960 2185
1496970 2185
1496980 2190
1496990 2194
1497000 2194
1497010 2199
1497020 2204
1497030 2204
1497040 2208
1497050 2213
1497060 2217
1497070 2217
1497080 2228
1497090 2237
1497100 2237
1497110 2253
1497120 2272
1497130 2272
1497140 2273
1497150 2279
1497160 2279
1497170 2267
1497180 2261
1497190 2261
1497200 2265
1497210 2261
1497220 2261
1497230 2259
1497240 2266
1497250 2266
1497260 2273
1497270 2275
1497280 2275
1497290 2278
1497300 2286
1497310 2299
1497320 2299
1497330 2312
1497340 2329
1497350 2329
1497360 2334
1497370 2334
1497380 2334
1497390 2335
1497400 2343
1497410 2343
1497420 2346
1497430 2344
1497440 2344
1497450 2345
1497460 2351
1497470 2351
1497480 2349
1497490 2349
1497500 2349
1497510 2352
1497520 2355
1497530 2355
1497540 2363
1497550 2362
1497560 2364
1497570 2364
1497580 2366
1497590 2366
1497600 2366
1497610 2365
1497620 2365
1497630 2365
1497640 2367
1497650 2368
1497660 2368
1497670 2369
1497680 2368
1497690 2368
1497700 2367
1497710 2367
1497720 2367
1497730 2367
1497740 2368
1497750 2368
1497760 2369
1497770 2367
1497780 2367
1497790 2360
1497800 2348
1497810 2339
1497820 2339
1497830 2332
1497840 2328
1497850 2328
1497860 2323
1497870 2320
1497880 2320
1497890 2318
1497900 2316
1497910 2316
1497920 2313
1497930 2311
1497940 2311
1497950 2311
1497960 2310
1497970 2310
1497980 2307
1497990 2300
1498000 2300
1498010 2291
1498020 2282
1498030 2282
1498040 2275
1498050 2266
1498060 2255
1498070 2255
1498080 2248
1498090 2241
1498100 2241
1498110 2235
1498120 2231
1498130 2231
1498140 2227
1498150 2222
1498160 2222
1498170 2219
1498180 2218
1498190 2218
1498200 2216
1498210 2216
1498220 2216
1498230 2217
1498240 2215
1498250 2215
1498260 2215
1498270 2216
1498280 2216
1498290 2214
1498300 2214
1498310 2214
1498320 2214
1498330 2215
1498340 2216
1498350 2216
1498360 2217
1498370 2217
1498380 2217
1498390 2219
1498400 2220
1498410 2220
1498420 2221
1498430 2222
1498440 2222
1498450 2221
1498460 2219
1498470 2219
1498480 2215
1498490 2209
1498500 2209
1498510 2203
1498520 2195
1498530 2188
1498540 2188
1498550 2183
1498560 2181
1498570 2181
1498580 2178
1498590 2177
1498600 2177
1498610 2175
1498620 2173
1498630 2173
1498640 2171
1498650 2169
1498660 2169
1498670 2166
1498680 2162
1498690 2162
1498700 2160
1498710 2158
1498720 2158
1498730 2153
1498740 2145
1498750 2145
1498760 2138
1498770 2130
1498780 2124
1498790 2124
1498800 2120
1498810 2116
1498820 2116
1498830 2111
1498840 2104
1498850 2104
1498860 2097
1498870 2091
1498880 2091
1498890 2085
1498900 2077
1498910 2077
1498920 2068
1498930 2054
1498940 2054
1498950 2044
1498960 2037
1498970 2037
1498980 2032
1498990 2025
1499000 2025
1499010 2018
1499020 2012
1499030 2006
1499040 2006
1499050 1999
1499060 1996
1499070 1996
1499080 1994
1499090 1990
1499100 1990
1499110 1987
1499120 1984
1499130 1984
1499140 1982
1499150 1981
1499160 1981
1499170 1980
1499180 1978
1499190 1978
1499200 1976
1499210 1975
1499220 1975
1499230 1976
1499240 1980
1499250 1980
1499260 1985
1499270 1988
1499280 1988
1499290 1988
1499300 1985
1499310 1982
1499320 1982
1499330 1977
1499340 1971
1499350 1971
1499360 1968
1499370 1965
1499380 1965
1499390 1963
1499400 1959
1499410 1959
1499420 1954
1499430 1950
1499440 1950
1499450 1946
1499460 1942
1499470 1942
1499480 1939
1499490 1936
1499500 1936
1499510 1935
1499520 1934
1499530 1933
1499540 1933
1499550 1935
1499560 1937
1499570 1937
1499580 1937
1499590 1936
1499600 1936
1499610 1935
1499620 1932
1499630 1932
1499640 1930
1499650 1929
1499660 1929
1499670 1928
1499680 1927
1499690 1927
1499700 1925
1499710 1924
1499720 1924
1499730 1923
1499740 1923
1499750 1923
1499760 1922
1499770 1920
1499780 1919
1499790 1919
1499800 1919
1499810 1919
1499820 1919
1499830 1917
1499840 1915
1499850 1915
1499860 1914
1499870 1912
1499880 1912
1499890 1910
1499900 1907
1499910 1907
1499920 1900
1499930 1899
1499940 1899
1499950 1900
1499960 1899
1499970 1899
1499980 1898
1499990 1896
