1480000 1988
1480010 1987
1480020 1987
1480030 1986
1480040 1983
1480050 1981
1480060 1981
1480070 1976
1480080 1972
1480090 1972
1480100 1970
1480110 1966
1480120 1966
1480130 1962
1480140 1958
1480150 1958
1480160 1954
1480170 1950
1480180 1950
1480190 1946
1480200 1942
1480210 1942
1480220 1939
1480230 1938
1480240 1938
1480250 1936
1480260 1932
1480270 1932
1480280 1927
1480290 1924
1480300 1923
1480310 1923
1480320 1922
1480330 1919
1480340 1919
1480350 1916
1480360 1913
1480370 1913
1480380 1909
1480390 1902
1480400 1902
1480410 1894
1480420 1887
1480430 1887
1480440 1883
1480450 1880
1480460 1880
1480470 1879
1480480 1878
1480490 1878
1480500 1877
1480510 1876
1480520 1876
1480530 1875
1480540 1875
1480550 1875
1480560 1875
1480570 1875
1480580 1875
1480590 1875
1480600 1874
1480610 1873
1480620 1873
1480630 1872
1480640 1868
1480650 1868
1480660 1861
1480670 1855
1480680 1855
1480690 1853
1480700 1851
1480710 1851
1480720 1850
1480730 1849
1480740 1849
1480750 1848
1480760 1848
1480770 1848
1480780 1849
1480790 1849
1480800 1850
1480810 1850
1480820 1848
1480830 1846
1480840 1846
1480850 1843
1480860 1839
1480870 1839
1480880 1835
1480890 1831
1480900 1831
1480910 1828
1480920 1824
1480930 1824
1480940 1824
1480950 1825
1480960 1825
1480970 1825
1480980 1827
1480990 1827
1481000 1827
1481010 1824
1481020 1824
1481030 1823
1481040 1824
1481050 1826
1481060 1826
1481070 1828
1481080 1829
1481090 1829
1481100 1829
1481110 1830
1481120 1830
1481130 1832
1481140 1833
1481150 1833
1481160 1834
1481170 1835
1481180 1835
1481190 1836
1481200 1837
1481210 1837
1481220 1839
1481230 1840
1481240 1840
1481250 1841
1481260 1841
1481270 1841
1481280 1841
1481290 1839
1481300 1838
1481310 1838
1481320 1836
1481330 1835
1481340 1835
1481350 1835
1481360 1835
1481370 1835
1481380 1836
1481390 1837
1481400 1837
1481410 1838
1481420 1839
1481430 1839
1481440 1841
1481450 1844
1481460 1844
1481470 1846
1481480 1849
1481490 1849
1481500 1851
1481510 1854
1481520 1854
1481530 1857
1481540 1859
1481550 1861
1481560 1861
1481570 1862
1481580 1863
1481590 1863
1481600 1868
1481610 1873
1481620 1873
1481630 1878
1481640 1877
1481650 1877
1481660 1872
1481670 1868
1481680 1868
1481690 1863
1481700 1858
1481710 1858
1481720 1853
1481730 1849
1481740 1849
1481750 1849
1481760 1850
1481770 1850
1481780 1851
1481790 1852
1481800 1851
1481810 1851
1481820 1850
1481830 1849
1481840 1849
1481850 1849
1481860 1846
1481870 1846
1481880 1843
1481890 1838
1481900 1838
1481910 1830
1481920 1823
1481930 1823
1481940 1816
1481950 1811
1481960 1811
1481970 1808
1481980 1803
1481990 1803
1482000 1797
1482010 1787
1482020 1787
1482030 1778
1482040 1774
1482050 1769
1482060 1769
1482070 1763
1482080 1757
1482090 1757
1482100 1753
1482110 1750
1482120 1750
1482130 1746
1482140 1740
1482150 1740
1482160 1736
1482170 1730
1482180 1730
1482190 1721
1482200 1712
1482210 1712
1482220 1705
1482230 1699
1482240 1699
1482250 1693
1482260 1687
1482270 1687
1482280 1681
1482290 1675
1482300 1669
1482310 1669
1482320 1664
1482330 1659
1482340 1659
1482350 1654
1482360 1648
1482370 1648
1482380 1643
1482390 1639
1482400 1639
1482410 1634
1482420 1629
1482430 1629
1482440 1624
1482450 1621
1482460 1621
1482470 1619
1482480 1617
1482490 1617
1482500 1614
1482510 1610
1482520 1610
1482530 1606
1482540 1601
1482550 1598
1482560 1598
1482570 1596
1482580 1596
1482590 1596
1482600 1593
1482610 1588
1482620 1588
1482630 1581
1482640 1571
1482650 1571
1482660 1563
1482670 1557
1482680 1557
1482690 1556
1482700 1556
1482710 1556
1482720 1555
1482730 1555
1482740 1555
1482750 1553
1482760 1549
1482770 1547
1482780 1547
1482790 1545
1482800 1545
1482810 1545
1482820 1544
1482830 1542
1482840 1542
1482850 1538
1482860 1534
1482870 1534
1482880 1531
1482890 1527
1482900 1527
1482910 1521
1482920 1515
1482930 1515
1482940 1509
1482950 1503
1482960 1503
1482970 1496
1482980 1490
1482990 1490
1483000 1484
1483010 1478
1483020 1473
1483030 1473
1483040 1467
1483050 1462
1483060 1462
1483070 1457
1483080 1449
1483090 1449
1483100 1441
1483110 1434
1483120 1434
1483130 1427
1483140 1420
1483150 1420
1483160 1413
1483170 1407
1483180 1407
1483190 1400
1483200 1393
1483210 1393
1483220 1387
1483230 1380
1483240 1380
1483250 1374
1483260 1367
1483270 1362
1483280 1362
1483290 1358
1483300 1355
1483310 1355
1483320 1351
1483330 1348
1483340 1348
1483350 1345
1483360 1342
1483370 1342
1483380 1338
1483390 1334
1483400 1334
1483410 1331
1483420 1328
1483430 1328
1483440 1325
1483450 1323
1483460 1323
1483470 1320
1483480 1317
1483490 1317
1483500 1315
1483510 1313
1483520 1309
1483530 1309
1483540 1304
1483550 1299
1483560 1299
1483570 1294
1483580 1290
1483590 1290
1483600 1287
1483610 1284
1483620 1284
1483630 1279
1483640 1274
1483650 1274
1483660 1268
1483670 1263
1483680 1263
1483690 1258
1483700 1251
1483710 1251
1483720 1246
1483730 1240
1483740 1240
1483750 1234
1483760 1231
1483770 1225
1483780 1225
1483790 1220
1483800 1215
1483810 1215
1483820 1210
1483830 1205
1483840 1205
1483850 1200
1483860 1195
1483870 1195
1483880 1190
1483890 1184
1483900 1184
1483910 1181
1483920 1180
1483930 1180
1483940 1177
1483950 1173
1483960 1173
1483970 1169
1483980 1167
1483990 1167
1484000 1165
1484010 1163
1484020 1161
1484030 1161
1484040 1158
1484050 1156
1484060 1156
1484070 1154
1484080 1150
1484090 1150
1484100 1146
1484110 1142
1484120 1142
1484130 1139
1484140 1134
1484150 1134
1484160 1128
1484170 1124
1484180 1124
1484190 1124
1484200 1124
1484210 1124
1484220 1125
1484230 1125
1484240 1125
1484250 1125
1484260 1125
1484270 1124
1484280 1124
1484290 1124
1484300 1125
1484310 1125
1484320 1126
1484330 1126
1484340 1126
1484350 1127
1484360 1128
1484370 1128
1484380 1128
1484390 1129
1484400 1129
1484410 1129
1484420 1130
1484430 1130
1484440 1133
1484450 1137
1484460 1137
1484470 1141
1484480 1145
1484490 1145
1484500 1149
1484510 1154
1484520 1158
1484530 1158
1484540 1163
1484550 1168
1484560 1168
1484570 1174
1484580 1180
1484590 1180
1484600 1186
1484610 1192
1484620 1192
1484630 1198
1484640 1204
1484650 1204
1484660 1211
1484670 1217
1484680 1217
1484690 1224
1484700 1232
1484710 1232
1484720 1241
1484730 1251
1484740 1251
1484750 1265
1484760 1279
1484770 1294
1484780 1294
1484790 1317
1484800 1326
1484810 1326
1484820 1332
1484830 1342
1484840 1342
1484850 1350
1484860 1355
1484870 1355
1484880 1354
1484890 1358
1484900 1358
1484910 1365
1484920 1370
1484930 1370
1484940 1385
1484950 1406
1484960 1406
1484970 1421
1484980 1432
1484990 1432
1485000 1447
1485010 1459
1485020 1470
1485030 1470
1485040 1484
1485050 1498
1485060 1498
1485070 1514
1485080 1524
1485090 1524
1485100 1530
1485110 1536
1485120 1536
1485130 1542
1485140 1547
1485150 1547
1485160 1552
1485170 1558
1485180 1558
1485190 1564
1485200 1571
1485210 1571
1485220 1577
1485230 1582
1485240 1582
1485250 1588
1485260 1593
1485270 1599
1485280 1599
1485290 1606
1485300 1612
1485310 1612
1485320 1618
1485330 1624
1485340 1624
1485350 1629
1485360 1633
1485370 1633
1485380 1638
1485390 1643
1485400 1643
1485410 1648
1485420 1653
1485430 1653
1485440 1657
1485450 1661
1485460 1661
1485470 1666
1485480 1671
1485490 1671
1485500 1676
1485510 1680
1485520 1685
1485530 1685
1485540 1689
1485550 1693
1485560 1693
1485570 1699
1485580 1705
1485590 1705
1485600 1709
1485610 1713
1485620 1713
1485630 1718
1485640 1724
1485650 1724
1485660 1727
1485670 1730
1485680 1730
1485690 1733
1485700 1736
1485710 1736
1485720 1741
1485730 1747
1485740 1751
1485750 1751
1485760 1758
1485770 1766
1485780 1766
1485790 1770
1485800 1775
1485810 1775
1485820 1779
1485830 1782
1485840 1782
1485850 1783
1485860 1784
1485870 1784
1485880 1784
1485890 1783
1485900 1783
1485910 1782
1485920 1782
1485930 1782
1485940 1783
1485950 1786
1485960 1786
1485970 1789
1485980 1786
1485990 1780
1486000 1780
1486010 1777
1486020 1775
1486030 1775
1486040 1774
1486050 1774
1486060 1774
1486070 1773
1486080 1775
1486090 1775
1486100 1779
1486110 1783
1486120 1783
1486130 1789
1486140 1792
1486150 1792
1486160 1791
1486170 1793
1486180 1793
1486190 1794
1486200 1793
1486210 1793
1486220 1792
1486230 1792
1486240 1798
1486250 1798
1486260 1804
1486270 1807
1486280 1807
1486290 1803
1486300 1806
1486310 1806
1486320 1815
1486330 1823
1486340 1823
1486350 1829
1486360 1831
1486370 1831
1486380 1831
1486390 1839
1486400 1839
1486410 1846
1486420 1850
1486430 1850
1486440 1853
1486450 1855
1486460 1855
1486470 1858
1486480 1859
1486490 1861
1486500 1861
1486510 1864
1486520 1867
1486530 1867
1486540 1870
1486550 1874
1486560 1874
1486570 1877
1486580 1882
1486590 1882
1486600 1887
1486610 1895
1486620 1895
1486630 1901
1486640 1901
1486650 1901
1486660 1902
1486670 1900
1486680 1900
1486690 1897
1486700 1893
1486710 1893
1486720 1891
1486730 1892
1486740 1893
1486750 1893
1486760 1892
1486770 1892
1486780 1892
1486790 1890
1486800 1890
1486810 1890
1486820 1889
1486830 1888
1486840 1888
1486850 1885
1486860 1882
1486870 1882
1486880 1879
1486890 1876
1486900 1876
1486910 1874
1486920 1871
1486930 1871
1486940 1868
1486950 1864
1486960 1864
1486970 1860
1486980 1856
1486990 1853
1487000 1853
1487010 1851
1487020 1849
1487030 1849
1487040 1848
1487050 1850
1487060 1850
1487070 1852
1487080 1854
1487090 1854
1487100 1856
1487110 1858
1487120 1858
1487130 1860
1487140 1862
1487150 1862
1487160 1864
1487170 1865
1487180 1865
1487190 1866
1487200 1866
1487210 1866
1487220 1866
1487230 1867
1487240 1868
1487250 1868
1487260 1868
1487270 1869
1487280 1869
1487290 1870
1487300 1871
1487310 1871
1487320 1873
1487330 1875
1487340 1875
1487350 1877
1487360 1881
1487370 1881
1487380 1884
1487390 1888
1487400 1888
1487410 1891
1487420 1895
1487430 1895
1487440 1900
1487450 1905
1487460 1905
1487470 1909
1487480 1914
1487490 1919
1487500 1919
1487510 1923
1487520 1928
1487530 1928
1487540 1933
1487550 1945
1487560 1945
1487570 1955
1487580 1949
1487590 1949
1487600 1953
1487610 1966
1487620 1966
1487630 1979
1487640 1981
1487650 1981
1487660 1970
1487670 1959
1487680 1959
1487690 1949
1487700 1941
1487710 1941
1487720 1937
1487730 1937
1487740 1938
1487750 1938
1487760 1938
1487770 1936
1487780 1936
1487790 1932
1487800 1929
1487810 1929
1487820 1930
1487830 1936
1487840 1936
1487850 1937
1487860 1938
1487870 1938
1487880 1942
1487890 1945
1487900 1945
1487910 1950
1487920 1956
1487930 1956
1487940 1961
1487950 1967
1487960 1967
1487970 1973
1487980 1979
1487990 1986
1488000 1986
1488010 1992
1488020 1998
1488030 1998
1488040 2004
1488050 2011
1488060 2011
1488070 2018
1488080 2030
1488090 2030
1488100 2047
1488110 2090
1488120 2090
1488130 2108
1488140 2126
1488150 2126
1488160 2158
1488170 2162
1488180 2162
1488190 2166
1488200 2171
1488210 2171
1488220 2186
1488230 2201
1488240 2209
1488250 2209
1488260 2220
1488270 2226
1488280 2226
1488290 2239
1488300 2251
1488310 2251
1488320 2258
1488330 2260
1488340 2260
1488350 2262
1488360 2264
1488370 2264
1488380 2264
1488390 2263
1488400 2263
1488410 2257
1488420 2251
1488430 2251
1488440 2245
1488450 2238
1488460 2238
1488470 2232
1488480 2226
1488490 2219
1488500 2219
1488510 2213
1488520 2208
1488530 2208
1488540 2202
1488550 2196
1488560 2196
1488570 2189
1488580 2182
1488590 2182
1488600 2176
1488610 2173
1488620 2173
1488630 2170
1488640 2167
1488650 2167
1488660 2163
1488670 2161
1488680 2161
1488690 2156
1488700 2148
1488710 2148
1488720 2140
1488730 2135
1488740 2128
1488750 2128
1488760 2124
1488770 2120
1488780 2120
1488790 2116
1488800 2113
1488810 2113
1488820 2109
1488830 2102
1488840 2102
1488850 2097
1488860 2093
1488870 2093
1488880 2089
1488890 2085
1488900 2085
1488910 2082
1488920 2079
1488930 2079
1488940 2078
1488950 2075
1488960 2073
1488970 2073
1488980 2067
1488990 2049
1489000 2049
1489010 2039
1489020 2033
1489030 2033
1489040 2028
1489050 2025
1489060 2025
1489070 2025
1489080 2025
1489090 2025
1489100 2025
1489110 2025
1489120 2025
1489130 2026
1489140 2026
1489150 2026
1489160 2026
1489170 2026
1489180 2026
1489190 2027
1489200 2027
1489210 2029
1489220 2029
1489230 2034
1489240 2040
1489250 2040
1489260 2050
1489270 2057
1489280 2057
1489290 2061
1489300 2068
1489310 2068
1489320 2069
1489330 2069
1489340 2069
1489350 2070
1489360 2069
1489370 2069
1489380 2070
1489390 2071
1489400 2071
1489410 2074
1489420 2073
1489430 2073
1489440 2074
1489450 2074
1489460 2071
1489470 2071
1489480 2068
1489490 2065
1489500 2065
1489510 2063
1489520 2062
1489530 2062
1489540 2060
1489550 2059
1489560 2059
1489570 2062
1489580 2064
1489590 2064
1489600 2065
1489610 2067
1489620 2067
1489630 2071
1489640 2076
1489650 2076
1489660 2078
1489670 2080
1489680 2080
1489690 2086
1489700 2088
1489710 2088
1489720 2088
1489730 2091
1489740 2094
1489750 2094
1489760 2099
1489770 2100
1489780 2100
1489790 2102
1489800 2103
1489810 2103
1489820 2106
1489830 2112
1489840 2112
1489850 2115
1489860 2117
1489870 2117
1489880 2122
1489890 2125
1489900 2125
1489910 2130
1489920 2134
1489930 2134
1489940 2138
1489950 2141
1489960 2145
1489970 2145
1489980 2146
1489990 2149
1490000 2149
1490010 2152
1490020 2156
1490030 2156
1490040 2159
1490050 2162
1490060 2162
1490070 2165
1490080 2171
1490090 2171
1490100 2175
1490110 2176
1490120 2176
1490130 2177
1490140 2177
1490150 2177
1490160 2176
1490170 2174
1490180 2174
1490190 2170
1490200 2168
1490210 2165
1490220 2165
1490230 2165
1490240 2167
1490250 2167
1490260 2171
1490270 2176
1490280 2176
1490290 2183
1490300 2189
1490310 2189
1490320 2196
1490330 2202
1490340 2202
1490350 2208
1490360 2216
1490370 2216
1490380 2228
1490390 2235
1490400 2235
1490410 2243
1490420 2251
1490430 2251
1490440 2253
1490450 2254
1490460 2254
1490470 2254
1490480 2255
1490490 2254
1490500 2254
1490510 2252
1490520 2251
1490530 2251
1490540 2251
1490550 2253
1490560 2253
1490570 2255
1490580 2256
1490590 2256
1490600 2254
1490610 2253
1490620 2253
1490630 2254
1490640 2254
1490650 2254
1490660 2259
1490670 2265
1490680 2265
1490690 2267
1490700 2266
1490710 2264
1490720 2264
1490730 2261
1490740 2259
1490750 2259
1490760 2255
1490770 2248
1490780 2248
1490790 2239
1490800 2233
1490810 2233
1490820 2231
1490830 2228
1490840 2228
1490850 2225
1490860 2223
1490870 2223
1490880 2221
1490890 2219
1490900 2219
1490910 2217
1490920 2216
1490930 2216
1490940 2212
1490950 2208
1490960 2204
1490970 2204
1490980 2195
1490990 2185
1491000 2185
1491010 2178
1491020 2174
1491030 2174
1491040 2175
1491050 2176
1491060 2176
1491070 2177
1491080 2178
1491090 2178
1491100 2178
1491110 2183
1491120 2183
1491130 2184
1491140 2182
1491150 2182
1491160 2180
1491170 2180
1491180 2180
1491190 2181
1491200 2180
1491210 2181
1491220 2181
1491230 2180
1491240 2181
1491250 2181
1491260 2181
1491270 2182
1491280 2182
1491290 2181
1491300 2184
1491310 2184
1491320 2185
1491330 2185
1491340 2185
1491350 2187
1491360 2188
1491370 2188
1491380 2189
1491390 2189
1491400 2189
1491410 2187
1491420 2186
1491430 2186
1491440 2187
1491450 2190
1491460 2190
1491470 2190
1491480 2190
1491490 2192
1491500 2192
1491510 2195
1491520 2194
1491530 2194
1491540 2192
1491550 2195
1491560 2195
1491570 2198
1491580 2198
1491590 2198
1491600 2194
1491610 2191
1491620 2191
1491630 2189
1491640 2183
1491650 2183
1491660 2175
1491670 2169
1491680 2169
1491690 2167
1491700 2159
1491710 2156
1491720 2156
1491730 2154
1491740 2154
1491750 2154
1491760 2159
1491770 2162
1491780 2162
1491790 2162
1491800 2157
1491810 2157
1491820 2157
1491830 2155
1491840 2155
1491850 2152
1491860 2153
1491870 2153
1491880 2159
1491890 2168
1491900 2168
1491910 2176
1491920 2183
1491930 2183
1491940 2186
1491950 2190
1491960 2194
1491970 2194
1491980 2196
1491990 2194
1492000 2194
1492010 2193
1492020 2193
1492030 2193
1492040 2194
1492050 2197
1492060 2197
1492070 2201
1492080 2199
1492090 2199
1492100 2202
1492110 2203
1492120 2203
1492130 2207
1492140 2215
1492150 2215
1492160 2225
1492170 2231
1492180 2233
1492190 2233
1492200 2233
1492210 2234
1492220 2234
1492230 2235
1492240 2235
1492250 2235
1492260 2235
1492270 2236
1492280 2236
1492290 2239
1492300 2241
1492310 2241
1492320 2243
1492330 2244
1492340 2244
1492350 2244
1492360 2244
1492370 2244
1492380 2245
1492390 2244
1492400 2244
1492410 2240
1492420 2240
1492430 2238
1492440 2238
1492450 2233
1492460 2229
1492470 2229
1492480 2227
1492490 2226
1492500 2226
1492510 2224
1492520 2222
1492530 2222
1492540 2220
1492550 2216
1492560 2216
1492570 2213
1492580 2209
1492590 2209
1492600 2207
1492610 2206
1492620 2206
1492630 2201
1492640 2193
1492650 2193
1492660 2186
1492670 2182
1492680 2179
1492690 2179
1492700 2176
1492710 2173
1492720 2173
1492730 2170
1492740 2165
1492750 2165
1492760 2160
1492770 2159
1492780 2159
1492790 2160
1492800 2164
1492810 2164
1492820 2169
1492830 2174
1492840 2174
1492850 2179
1492860 2183
1492870 2183
1492880 2187
1492890 2192
1492900 2192
1492910 2197
1492920 2205
1492930 2242
1492940 2242
1492950 2301
1492960 2310
1492970 2310
1492980 2314
1492990 2315
1493000 2315
1493010 2310
1493020 2297
1493030 2297
1493040 2288
1493050 2277
1493060 2277
1493070 2271
1493080 2265
1493090 2265
1493100 2260
1493110 2255
1493120 2255
1493130 2252
1493140 2245
1493150 2245
1493160 2238
1493170 2230
1493180 2224
1493190 2224
1493200 2220
1493210 2216
1493220 2216
1493230 2212
1493240 2212
1493250 2212
1493260 2212
1493270 2215
1493280 2215
1493290 2219
1493300 2217
1493310 2217
1493320 2215
1493330 2216
1493340 2216
1493350 2219
1493360 2216
1493370 2216
1493380 2216
1493390 2215
1493400 2215
1493410 2212
1493420 2209
1493430 2207
1493440 2207
1493450 2203
1493460 2197
1493470 2197
1493480 2187
1493490 2176
1493500 2176
1493510 2170
1493520 2165
1493530 2165
1493540 2159
1493550 2154
1493560 2154
1493570 2148
1493580 2139
1493590 2139
1493600 2131
1493610 2124
1493620 2124
1493630 2120
1493640 2116
1493650 2116
1493660 2109
1493670 2107
1493680 2105
1493690 2105
1493700 2104
1493710 2102
1493720 2102
1493730 2101
1493740 2104
1493750 2104
1493760 2105
1493770 2108
1493780 2108
1493790 2109
1493800 2112
1493810 2112
1493820 2115
1493830 2115
1493840 2115
1493850 2115
1493860 2115
1493870 2115
1493880 2113
1493890 2118
1493900 2118
1493910 2122
1493920 2127
1493930 2129
1493940 2129
1493950 2126
1493960 2123
1493970 2123
1493980 2123
1493990 2123
1494000 2123
1494010 2123
1494020 2128
1494030 2128
1494040 2135
1494050 2135
1494060 2135
1494070 2131
1494080 2127
1494090 2127
1494100 2123
1494110 2117
1494120 2117
1494130 2109
1494140 2104
1494150 2104
1494160 2099
1494170 2097
1494180 2094
1494190 2094
1494200 2092
1494210 2092
1494220 2092
1494230 2092
1494240 2091
1494250 2091
1494260 2095
1494270 2098
1494280 2098
1494290 2103
1494300 2107
1494310 2107
1494320 2111
1494330 2115
1494340 2115
1494350 2119
1494360 2122
1494370 2122
1494380 2124
1494390 2124
1494400 2124
1494410 2126
1494420 2130
1494430 2132
1494440 2132
1494450 2135
1494460 2137
1494470 2137
1494480 2137
1494490 2135
1494500 2135
1494510 2137
1494520 2138
1494530 2138
1494540 2138
1494550 2142
1494560 2142
1494570 2146
1494580 2152
1494590 2152
1494600 2155
1494610 2156
1494620 2156
1494630 2156
1494640 2153
1494650 2153
1494660 2150
1494670 2148
1494680 2145
1494690 2145
1494700 2136
1494710 2130
1494720 2130
1494730 2130
1494740 2132
1494750 2132
1494760 2132
1494770 2132
1494780 2132
1494790 2135
1494800 2136
1494810 2136
1494820 2138
1494830 2136
1494840 2136
1494850 2128
1494860 2124
1494870 2124
1494880 2121
1494890 2118
1494900 2118
1494910 2117
1494920 2118
1494930 2119
1494940 2119
1494950 2119
1494960 2117
1494970 2117
1494980 2116
1494990 2119
1495000 2119
1495010 2123
1495020 2126
1495030 2126
1495040 2128
1495050 2129
1495060 2129
1495070 2131
1495080 2134
1495090 2134
1495100 2133
1495110 2132
1495120 2132
1495130 2130
1495140 2126
1495150 2127
1495160 2127
1495170 2127
1495180 2122
1495190 2122
1495200 2118
1495210 2116
1495220 2116
1495230 2111
1495240 2108
1495250 2108
1495260 2108
1495270 2108
1495280 2108
1495290 2110
1495300 2110
1495310 2110
1495320 2113
1495330 2117
1495340 2117
1495350 2121
1495360 2126
1495370 2126
1495380 2131
1495390 2136
1495400 2143
1495410 2143
1495420 2153
1495430 2167
1495440 2167
1495450 2175
1495460 2185
1495470 2185
1495480 2191
1495490 2196
1495500 2196
1495510 2203
1495520 2209
1495530 2209
1495540 2213
1495550 2217
1495560 2217
1495570 2218
1495580 2222
1495590 2222
1495600 2226
1495610 2229
1495620 2229
1495630 2233
1495640 2236
1495650 2241
1495660 2241
1495670 2244
1495680 2247
1495690 2247
1495700 2249
1495710 2252
1495720 2252
1495730 2253
1495740 2254
1495750 2254
1495760 2255
1495770 2258
1495780 2258
1495790 2263
1495800 2267
1495810 2267
1495820 2272
1495830 2275
1495840 2275
1495850 2277
1495860 2273
1495870 2273
1495880 2270
1495890 2269
1495900 2269
1495910 2269
1495920 2269
1495930 2272
1495940 2272
1495950 2275
1495960 2276
1495970 2276
1495980 2276
1495990 2277
1496000 2277
1496010 2281
1496020 2283
1496030 2283
1496040 2283
1496050 2283
1496060 2283
1496070 2284
1496080 2288
1496090 2288
1496100 2291
1496110 2298
1496120 2298
1496130 2303
1496140 2305
1496150 2309
1496160 2309
1496170 2314
1496180 2319
1496190 2319
1496200 2326
1496210 2333
1496220 2333
1496230 2340
1496240 2356
1496250 2356
1496260 2368
1496270 2374
1496280 2374
1496290 2382
1496300 2390
1496310 2390
1496320 2398
1496330 2405
1496340 2405
1496350 2410
1496360 2396
1496370 2396
1496380 2382
1496390 2368
1496400 2356
1496410 2356
1496420 2344
1496430 2336
1496440 2336
1496450 2330
1496460 2322
1496470 2322
1496480 2314
1496490 2307
1496500 2307
1496510 2300
1496520 2291
1496530 2291
1496540 2272
1496550 2258
1496560 2258
1496570 2240
1496580 2208
1496590 2208
1496600 2184
1496610 2180
1496620 2180
1496630 2167
1496640 2152
1496650 2146
1496660 2146
1496670 2141
1496680 2135
1496690 2135
1496700 2128
1496710 2122
1496720 2122
1496730 2116
1496740 2110
1496750 2110
1496760 2103
1496770 2097
1496780 2097
1496790 2091
1496800 2085
1496810 2085
1496820 2080
1496830 2076
1496840 2076
1496850 2073
1496860 2071
1496870 2071
1496880 2068
1496890 2065
1496900 2063
1496910 2063
1496920 2062
1496930 2062
1496940 2062
1496950 2062
1496960 2057
1496970 2057
1496980 2052
1496990 2049
1497000 2049
1497010 2050
1497020 2049
1497030 2049
1497040 2047
1497050 2045
1497060 2045
1497070 2042
1497080 2041
1497090 2041
1497100 2040
1497110 2042
1497120 2042
1497130 2044
1497140 2046
1497150 2048
1497160 2048
1497170 2048
1497180 2047
1497190 2047
1497200 2045
1497210 2043
1497220 2043
1497230 2040
1497240 2038
1497250 2038
1497260 2036
1497270 2034
1497280 2034
1497290 2033
1497300 2033
1497310 2033
1497320 2037
1497330 2041
1497340 2041
1497350 2041
1497360 2042
1497370 2042
1497380 2043
1497390 2044
1497400 2044
1497410 2044
1497420 2044
1497430 2044
1497440 2044
1497450 2045
1497460 2045
1497470 2045
1497480 2046
1497490 2049
1497500 2049
1497510 2054
1497520 2059
1497530 2059
1497540 2064
1497550 2070
1497560 2070
1497570 2075
1497580 2081
1497590 2081
1497600 2087
1497610 2095
1497620 2095
1497630 2106
1497640 2119
1497650 2119
1497660 2119
1497670 2111
1497680 2105
1497690 2105
1497700 2100
1497710 2096
1497720 2096
1497730 2091
1497740 2086
1497750 2086
1497760 2081
1497770 2076
1497780 2076
1497790 2071
1497800 2067
1497810 2067
1497820 2065
1497830 2066
1497840 2066
1497850 2069
1497860 2075
1497870 2075
1497880 2081
1497890 2088
1497900 2095
1497910 2095
1497920 2102
1497930 2106
1497940 2106
1497950 2107
1497960 2098
1497970 2098
1497980 2088
1497990 2078
1498000 2078
1498010 2068
1498020 2071
1498030 2071
1498040 2087
1498050 2092
1498060 2092
1498070 2091
1498080 2090
1498090 2090
1498100 2090
1498110 2092
1498120 2087
1498130 2087
1498140 2080
1498150 2075
1498160 2075
1498170 2072
1498180 2065
1498190 2065
1498200 2062
1498210 2055
1498220 2055
1498230 2047
1498240 2038
1498250 2038
1498260 2024
1498270 2014
1498280 2014
1498290 2011
1498300 2009
1498310 2009
1498320 2008
1498330 2008
1498340 2008
1498350 2008
1498360 2009
1498370 2009
1498380 2009
1498390 2010
1498400 2012
1498410 2012
1498420 2016
1498430 2020
1498440 2020
1498450 2019
1498460 2019
1498470 2019
1498480 2019
1498490 2020
1498500 2020
1498510 2021
1498520 2022
1498530 2022
1498540 2023
1498550 2023
1498560 2023
1498570 2023
1498580 2023
1498590 2023
1498600 2024
1498610 2024
1498620 2026
1498630 2026
1498640 2027
1498650 2029
1498660 2029
1498670 2031
1498680 2033
1498690 2033
1498700 2035
1498710 2037
1498720 2037
1498730 2039
1498740 2039
1498750 2039
1498760 2039
1498770 2039
1498780 2039
1498790 2039
1498800 2041
1498810 2041
1498820 2041
1498830 2042
1498840 2042
1498850 2042
1498860 2043
1498870 2042
1498880 2042
1498890 2046
1498900 2051
1498910 2051
1498920 2056
1498930 2057
1498940 2057
1498950 2059
1498960 2061
1498970 2061
1498980 2064
1498990 2069
1499000 2069
1499010 2071
1499020 2071
1499030 2071
1499040 2073
1499050 2074
1499060 2074
1499070 2074
1499080 2075
1499090 2075
1499100 2076
1499110 2077
1499120 2077
1499130 2077
1499140 2080
1499150 2084
1499160 2084
1499170 2087
1499180 2089
1499190 2089
1499200 2090
1499210 2091
1499220 2091
1499230 2092
1499240 2092
1499250 2092
1499260 2093
1499270 2094
1499280 2094
1499290 2095
1499300 2096
1499310 2096
1499320 2095
1499330 2097
1499340 2097
1499350 2101
1499360 2102
1499370 2100
1499380 2100
1499390 2098
1499400 2096
1499410 2096
1499420 2097
1499430 2099
1499440 2099
1499450 2102
1499460 2103
1499470 2103
1499480 2105
1499490 2105
1499500 2105
1499510 2105
1499520 2107
1499530 2107
1499540 2110
1499550 2114
1499560 2114
1499570 2116
1499580 2118
1499590 2118
1499600 2119
1499610 2121
1499620 2123
1499630 2123
1499640 2127
1499650 2129
1499660 2129
1499670 2131
1499680 2132
1499690 2132
1499700 2134
1499710 2139
1499720 2139
1499730 2141
1499740 2143
1499750 2143
1499760 2146
1499770 2149
1499780 2149
1499790 2149
1499800 2151
1499810 2151
1499820 2153
1499830 2154
1499840 2154
1499850 2156
1499860 2157
1499870 2159
1499880 2159
1499890 2161
1499900 2164
1499910 2164
1499920 2168
1499930 2174
1499940 2174
1499950 2176
1499960 2180
1499970 2180
1499980 2182
1499990 2187
