1480000 1953
1480010 1954
1480020 1954
1480030 1955
1480040 1955
1480050 1958
1480060 1958
1480070 1962
1480080 1967
1480090 1967
1480100 1972
1480110 1978
1480120 1978
1480130 1984
1480140 1990
1480150 1990
1480160 1997
1480170 2003
1480180 2003
1480190 2007
1480200 2009
1480210 2009
1480220 2010
1480230 2010
1480240 2010
1480250 2010
1480260 2009
1480270 2009
1480280 2008
1480290 2005
1480300 2000
1480310 2000
1480320 1996
1480330 1991
1480340 1991
1480350 1987
1480360 1984
1480370 1984
1480380 1980
1480390 1976
1480400 1976
1480410 1973
1480420 1971
1480430 1971
1480440 1969
1480450 1967
1480460 1967
1480470 1965
1480480 1961
1480490 1961
1480500 1956
1480510 1952
1480520 1952
1480530 1947
1480540 1942
1480550 1937
1480560 1937
1480570 1931
1480580 1924
1480590 1924
1480600 1919
1480610 1914
1480620 1914
1480630 1911
1480640 1908
1480650 1908
1480660 1905
1480670 1900
1480680 1900
1480690 1895
1480700 1890
1480710 1890
1480720 1888
1480730 1887
1480740 1887
1480750 1885
1480760 1882
1480770 1882
1480780 1879
1480790 1875
1480800 1870
1480810 1870
1480820 1863
1480830 1857
1480840 1857
1480850 1852
1480860 1848
1480870 1848
1480880 1844
1480890 1839
1480900 1839
1480910 1832
1480920 1826
1480930 1826
1480940 1821
1480950 1814
1480960 1814
1480970 1808
1480980 1804
1480990 1804
1481000 1801
1481010 1797
1481020 1797
1481030 1793
1481040 1791
1481050 1789
1481060 1789
1481070 1789
1481080 1789
1481090 1789
1481100 1787
1481110 1784
1481120 1784
1481130 1780
1481140 1775
1481150 1775
1481160 1769
1481170 1764
1481180 1764
1481190 1758
1481200 1754
1481210 1754
1481220 1751
1481230 1751
1481240 1751
1481250 1750
1481260 1749
1481270 1749
1481280 1748
1481290 1748
1481300 1746
1481310 1746
1481320 1744
1481330 1742
1481340 1742
1481350 1740
1481360 1738
1481370 1738
1481380 1735
1481390 1732
1481400 1732
1481410 1730
1481420 1727
1481430 1727
1481440 1723
1481450 1720
1481460 1720
1481470 1717
1481480 1713
1481490 1713
1481500 1708
1481510 1703
1481520 1703
1481530 1700
1481540 1702
1481550 1705
1481560 1705
1481570 1706
1481580 1706
1481590 1706
1481600 1706
1481610 1705
1481620 1705
1481630 1705
1481640 1706
1481650 1706
1481660 1709
1481670 1712
1481680 1712
1481690 1715
1481700 1718
1481710 1718
1481720 1720
1481730 1723
1481740 1723
1481750 1726
1481760 1729
1481770 1734
1481780 1734
1481790 1739
1481800 1746
1481810 1746
1481820 1752
1481830 1747
1481840 1747
1481850 1739
1481860 1736
1481870 1736
1481880 1739
1481890 1745
1481900 1745
1481910 1748
1481920 1749
1481930 1749
1481940 1746
1481950 1741
1481960 1741
1481970 1739
1481980 1741
1481990 1741
1482000 1743
1482010 1745
1482020 1744
1482030 1744
1482040 1744
1482050 1744
1482060 1744
1482070 1743
1482080 1742
1482090 1742
1482100 1740
1482110 1737
1482120 1737
1482130 1733
1482140 1733
1482150 1733
1482160 1733
1482170 1733
1482180 1733
1482190 1732
1482200 1730
1482210 1730
1482220 1727
1482230 1725
1482240 1725
1482250 1724
1482260 1723
1482270 1719
1482280 1719
1482290 1715
1482300 1713
1482310 1713
1482320 1710
1482330 1708
1482340 1708
1482350 1704
1482360 1700
1482370 1700
1482380 1696
1482390 1693
1482400 1693
1482410 1688
1482420 1684
1482430 1684
1482440 1680
1482450 1675
1482460 1675
1482470 1669
1482480 1663
1482490 1663
1482500 1658
1482510 1651
1482520 1644
1482530 1644
1482540 1639
1482550 1634
1482560 1634
1482570 1628
1482580 1621
1482590 1621
1482600 1614
1482610 1607
1482620 1607
1482630 1599
1482640 1593
1482650 1593
1482660 1588
1482670 1580
1482680 1580
1482690 1568
1482700 1557
1482710 1557
1482720 1549
1482730 1541
1482740 1541
1482750 1535
1482760 1530
1482770 1525
1482780 1525
1482790 1520
1482800 1515
1482810 1515
1482820 1509
1482830 1503
1482840 1503
1482850 1497
1482860 1491
1482870 1491
1482880 1486
1482890 1482
1482900 1482
1482910 1479
1482920 1482
1482930 1482
1482940 1481
1482950 1479
1482960 1479
1482970 1477
1482980 1473
1482990 1473
1483000 1470
1483010 1463
1483020 1449
1483030 1449
1483040 1440
1483050 1432
1483060 1432
1483070 1424
1483080 1419
1483090 1419
1483100 1415
1483110 1411
1483120 1411
1483130 1408
1483140 1403
1483150 1403
1483160 1397
1483170 1391
1483180 1391
1483190 1387
1483200 1384
1483210 1384
1483220 1381
1483230 1379
1483240 1379
1483250 1377
1483260 1374
1483270 1371
1483280 1371
1483290 1367
1483300 1362
1483310 1362
1483320 1356
1483330 1349
1483340 1349
1483350 1344
1483360 1341
1483370 1341
1483380 1338
1483390 1336
1483400 1336
1483410 1331
1483420 1325
1483430 1325
1483440 1320
1483450 1315
1483460 1315
1483470 1310
1483480 1307
1483490 1307
1483500 1304
1483510 1298
1483520 1292
1483530 1292
1483540 1286
1483550 1281
1483560 1281
1483570 1275
1483580 1269
1483590 1269
1483600 1264
1483610 1260
1483620 1260
1483630 1255
1483640 1249
1483650 1249
1483660 1243
1483670 1238
1483680 1238
1483690 1233
1483700 1229
1483710 1229
1483720 1224
1483730 1218
1483740 1218
1483750 1214
1483760 1209
1483770 1204
1483780 1204
1483790 1198
1483800 1194
1483810 1194
1483820 1189
1483830 1184
1483840 1184
1483850 1180
1483860 1175
1483870 1175
1483880 1170
1483890 1166
1483900 1166
1483910 1163
1483920 1158
1483930 1158
1483940 1154
1483950 1150
1483960 1150
1483970 1144
1483980 1137
1483990 1137
1484000 1130
1484010 1124
1484020 1118
1484030 1118
1484040 1114
1484050 1116
1484060 1116
1484070 1119
1484080 1121
1484090 1121
1484100 1123
1484110 1124
1484120 1124
1484130 1126
1484140 1128
1484150 1128
1484160 1129
1484170 1131
1484180 1131
1484190 1132
1484200 1134
1484210 1134
1484220 1136
1484230 1138
1484240 1138
1484250 1140
1484260 1141
1484270 1144
1484280 1144
1484290 1146
1484300 1148
1484310 1148
1484320 1150
1484330 1151
1484340 1151
1484350 1154
1484360 1157
1484370 1157
1484380 1159
1484390 1162
1484400 1162
1484410 1165
1484420 1168
1484430 1168
1484440 1170
1484450 1172
1484460 1172
1484470 1175
1484480 1177
1484490 1177
1484500 1178
1484510 1180
1484520 1182
1484530 1182
1484540 1184
1484550 1186
1484560 1186
1484570 1189
1484580 1191
1484590 1191
1484600 1192
1484610 1195
1484620 1195
1484630 1199
1484640 1203
1484650 1203
1484660 1206
1484670 1208
1484680 1208
1484690 1211
1484700 1215
1484710 1215
1484720 1219
1484730 1224
1484740 1224
1484750 1229
1484760 1234
1484770 1238
1484780 1238
1484790 1243
1484800 1246
1484810 1246
1484820 1245
1484830 1244
1484840 1244
1484850 1248
1484860 1254
1484870 1254
1484880 1261
1484890 1269
1484900 1269
1484910 1277
1484920 1285
1484930 1285
1484940 1294
1484950 1303
1484960 1303
1484970 1311
1484980 1319
1484990 1319
1485000 1326
1485010 1332
1485020 1339
1485030 1339
1485040 1346
1485050 1352
1485060 1352
1485070 1356
1485080 1360
1485090 1360
1485100 1366
1485110 1373
1485120 1373
1485130 1380
1485140 1384
1485150 1384
1485160 1389
1485170 1394
1485180 1394
1485190 1400
1485200 1406
1485210 1406
1485220 1414
1485230 1424
1485240 1424
1485250 1433
1485260 1441
1485270 1449
1485280 1449
1485290 1458
1485300 1465
1485310 1465
1485320 1475
1485330 1494
1485340 1494
1485350 1522
1485360 1552
1485370 1552
1485380 1577
1485390 1586
1485400 1586
1485410 1593
1485420 1599
1485430 1599
1485440 1605
1485450 1611
1485460 1611
1485470 1617
1485480 1623
1485490 1623
1485500 1630
1485510 1636
1485520 1642
1485530 1642
1485540 1648
1485550 1654
1485560 1654
1485570 1662
1485580 1670
1485590 1670
1485600 1678
1485610 1685
1485620 1685
1485630 1691
1485640 1696
1485650 1696
1485660 1703
1485670 1706
1485680 1706
1485690 1709
1485700 1712
1485710 1712
1485720 1713
1485730 1715
1485740 1715
1485750 1718
1485760 1724
1485770 1730
1485780 1730
1485790 1733
1485800 1732
1485810 1732
1485820 1729
1485830 1731
1485840 1731
1485850 1739
1485860 1743
1485870 1743
1485880 1745
1485890 1751
1485900 1751
1485910 1757
1485920 1762
1485930 1762
1485940 1770
1485950 1779
1485960 1779
1485970 1787
1485980 1796
1485990 1796
1486000 1805
1486010 1814
1486020 1821
1486030 1821
1486040 1828
1486050 1834
1486060 1834
1486070 1842
1486080 1849
1486090 1849
1486100 1855
1486110 1860
1486120 1860
1486130 1857
1486140 1852
1486150 1852
1486160 1848
1486170 1844
1486180 1844
1486190 1840
1486200 1836
1486210 1836
1486220 1831
1486230 1828
1486240 1825
1486250 1825
1486260 1822
1486270 1818
1486280 1818
1486290 1814
1486300 1811
1486310 1811
1486320 1808
1486330 1806
1486340 1806
1486350 1804
1486360 1804
1486370 1804
1486380 1803
1486390 1800
1486400 1800
1486410 1798
1486420 1794
1486430 1794
1486440 1792
1486450 1789
1486460 1789
1486470 1785
1486480 1783
1486490 1781
1486500 1781
1486510 1782
1486520 1781
1486530 1781
1486540 1781
1486550 1778
1486560 1778
1486570 1771
1486580 1762
1486590 1762
1486600 1759
1486610 1758
1486620 1758
1486630 1755
1486640 1749
1486650 1749
1486660 1743
1486670 1741
1486680 1741
1486690 1745
1486700 1745
1486710 1745
1486720 1741
1486730 1737
1486740 1735
1486750 1735
1486760 1733
1486770 1731
1486780 1731
1486790 1729
1486800 1728
1486810 1728
1486820 1723
1486830 1724
1486840 1724
1486850 1726
1486860 1726
1486870 1726
1486880 1725
1486890 1726
1486900 1726
1486910 1726
1486920 1725
1486930 1725
1486940 1720
1486950 1720
1486960 1720
1486970 1725
1486980 1728
1486990 1730
1487000 1730
1487010 1732
1487020 1733
1487030 1733
1487040 1734
1487050 1735
1487060 1735
1487070 1735
1487080 1735
1487090 1735
1487100 1736
1487110 1737
1487120 1737
1487130 1739
1487140 1740
1487150 1740
1487160 1740
1487170 1738
1487180 1738
1487190 1733
1487200 1736
1487210 1736
1487220 1746
1487230 1751
1487240 1753
1487250 1753
1487260 1754
1487270 1754
1487280 1754
1487290 1753
1487300 1750
1487310 1750
1487320 1746
1487330 1743
1487340 1743
1487350 1743
1487360 1750
1487370 1750
1487380 1758
1487390 1766
1487400 1766
1487410 1776
1487420 1787
1487430 1787
1487440 1794
1487450 1795
1487460 1795
1487470 1797
1487480 1800
1487490 1803
1487500 1803
1487510 1806
1487520 1807
1487530 1807
1487540 1807
1487550 1806
1487560 1806
1487570 1806
1487580 1807
1487590 1807
1487600 1808
1487610 1809
1487620 1809
1487630 1810
1487640 1810
1487650 1810
1487660 1811
1487670 1812
1487680 1812
1487690 1812
1487700 1813
1487710 1813
1487720 1813
1487730 1814
1487740 1814
1487750 1814
1487760 1817
1487770 1821
1487780 1821
1487790 1825
1487800 1830
1487810 1830
1487820 1835
1487830 1840
1487840 1840
1487850 1844
1487860 1848
1487870 1848
1487880 1853
1487890 1858
1487900 1858
1487910 1864
1487920 1870
1487930 1870
1487940 1875
1487950 1881
1487960 1881
1487970 1887
1487980 1893
1487990 1900
1488000 1900
1488010 1906
1488020 1913
1488030 1913
1488040 1920
1488050 1927
1488060 1927
1488070 1934
1488080 1941
1488090 1941
1488100 1948
1488110 1956
1488120 1956
1488130 1977
1488140 1999
1488150 1999
1488160 2012
1488170 2013
1488180 2013
1488190 2014
1488200 2019
1488210 2019
1488220 2029
1488230 2059
1488240 2076
1488250 2076
1488260 2093
1488270 2099
1488280 2099
1488290 2107
1488300 2121
1488310 2121
1488320 2138
1488330 2155
1488340 2155
1488350 2177
1488360 2181
1488370 2181
1488380 2185
1488390 2192
1488400 2192
1488410 2200
1488420 2209
1488430 2209
1488440 2216
1488450 2224
1488460 2224
1488470 2230
1488480 2233
1488490 2227
1488500 2227
1488510 2217
1488520 2208
1488530 2208
1488540 2201
1488550 2191
1488560 2191
1488570 2179
1488580 2168
1488590 2168
1488600 2153
1488610 2141
1488620 2141
1488630 2134
1488640 2128
1488650 2128
1488660 2123
1488670 2119
1488680 2119
1488690 2114
1488700 2110
1488710 2110
1488720 2107
1488730 2104
1488740 2103
1488750 2103
1488760 2100
1488770 2096
1488780 2096
1488790 2093
1488800 2091
1488810 2091
1488820 2090
1488830 2087
1488840 2087
1488850 2085
1488860 2080
1488870 2080
1488880 2071
1488890 2063
1488900 2063
1488910 2055
1488920 2049
1488930 2049
1488940 2045
1488950 2042
1488960 2042
1488970 2033
1488980 2020
1488990 2004
1489000 2004
1489010 1987
1489020 1976
1489030 1976
1489040 1968
1489050 1960
1489060 1960
1489070 1956
1489080 1955
1489090 1955
1489100 1954
1489110 1949
1489120 1949
1489130 1940
1489140 1917
1489150 1917
1489160 1901
1489170 1897
1489180 1897
1489190 1884
1489200 1871
1489210 1871
1489220 1864
1489230 1858
1489240 1851
1489250 1851
1489260 1846
1489270 1841
1489280 1841
1489290 1836
1489300 1832
1489310 1832
1489320 1827
1489330 1825
1489340 1825
1489350 1826
1489360 1828
1489370 1828
1489380 1830
1489390 1830
1489400 1830
1489410 1831
1489420 1830
1489430 1830
1489440 1831
1489450 1836
1489460 1836
1489470 1840
1489480 1845
1489490 1847
1489500 1847
1489510 1853
1489520 1856
1489530 1856
1489540 1856
1489550 1855
1489560 1855
1489570 1853
1489580 1854
1489590 1854
1489600 1854
1489610 1855
1489620 1855
1489630 1868
1489640 1874
1489650 1874
1489660 1866
1489670 1860
1489680 1860
1489690 1860
1489700 1903
1489710 1903
1489720 1929
1489730 1921
1489740 1909
1489750 1909
1489760 1902
1489770 1909
1489780 1909
1489790 1925
1489800 1929
1489810 1929
1489820 1926
1489830 1931
1489840 1931
1489850 1937
1489860 1941
1489870 1941
1489880 1947
1489890 1954
1489900 1954
1489910 1954
1489920 1953
1489930 1953
1489940 1953
1489950 1945
1489960 1945
1489970 1939
1489980 1935
1489990 1933
1490000 1933
1490010 1930
1490020 1930
1490030 1930
1490040 1928
1490050 1929
1490060 1929
1490070 1930
1490080 1931
1490090 1931
1490100 1935
1490110 1938
1490120 1938
1490130 1925
1490140 1916
1490150 1916
1490160 1923
1490170 1926
1490180 1926
1490190 1928
1490200 1924
1490210 1924
1490220 1925
1490230 1954
1490240 1980
1490250 1980
1490260 2000
1490270 2015
1490280 2015
1490290 2021
1490300 2026
1490310 2026
1490320 2026
1490330 2025
1490340 2025
1490350 2025
1490360 2026
1490370 2026
1490380 2034
1490390 2044
1490400 2044
1490410 2049
1490420 2057
1490430 2057
1490440 2064
1490450 2071
1490460 2071
1490470 2081
1490480 2099
1490490 2110
1490500 2110
1490510 2124
1490520 2140
1490530 2140
1490540 2159
1490550 2162
1490560 2162
1490570 2163
1490580 2171
1490590 2171
1490600 2170
1490610 2170
1490620 2170
1490630 2176
1490640 2177
1490650 2177
1490660 2182
1490670 2190
1490680 2190
1490690 2198
1490700 2210
1490710 2215
1490720 2215
1490730 2220
1490740 2218
1490750 2218
1490760 2233
1490770 2234
1490780 2234
1490790 2231
1490800 2227
1490810 2227
1490820 2224
1490830 2220
1490840 2220
1490850 2218
1490860 2218
1490870 2218
1490880 2216
1490890 2214
1490900 2214
1490910 2213
1490920 2213
1490930 2213
1490940 2211
1490950 2211
1490960 2210
1490970 2210
1490980 2206
1490990 2204
1491000 2204
1491010 2202
1491020 2201
1491030 2201
1491040 2198
1491050 2192
1491060 2192
1491070 2188
1491080 2185
1491090 2185
1491100 2178
1491110 2174
1491120 2174
1491130 2171
1491140 2168
1491150 2168
1491160 2165
1491170 2166
1491180 2166
1491190 2166
1491200 2162
1491210 2159
1491220 2159
1491230 2158
1491240 2155
1491250 2155
1491260 2154
1491270 2155
1491280 2155
1491290 2154
1491300 2152
1491310 2152
1491320 2150
1491330 2146
1491340 2146
1491350 2144
1491360 2137
1491370 2137
1491380 2132
1491390 2133
1491400 2133
1491410 2133
1491420 2131
1491430 2131
1491440 2129
1491450 2129
1491460 2131
1491470 2131
1491480 2135
1491490 2137
1491500 2137
1491510 2136
1491520 2139
1491530 2139
1491540 2139
1491550 2140
1491560 2140
1491570 2142
1491580 2148
1491590 2148
1491600 2150
1491610 2148
1491620 2148
1491630 2148
1491640 2149
1491650 2149
1491660 2148
1491670 2147
1491680 2147
1491690 2143
1491700 2139
1491710 2136
1491720 2136
1491730 2133
1491740 2131
1491750 2131
1491760 2130
1491770 2128
1491780 2128
1491790 2124
1491800 2121
1491810 2121
1491820 2117
1491830 2113
1491840 2113
1491850 2108
1491860 2103
1491870 2103
1491880 2099
1491890 2091
1491900 2091
1491910 2084
1491920 2081
1491930 2081
1491940 2078
1491950 2076
1491960 2076
1491970 2076
1491980 2075
1491990 2072
1492000 2072
1492010 2071
1492020 2070
1492030 2070
1492040 2074
1492050 2072
1492060 2072
1492070 2069
1492080 2068
1492090 2068
1492100 2069
1492110 2069
1492120 2069
1492130 2072
1492140 2076
1492150 2076
1492160 2079
1492170 2081
1492180 2081
1492190 2082
1492200 2082
1492210 2086
1492220 2086
1492230 2091
1492240 2093
1492250 2093
1492260 2094
1492270 2094
1492280 2094
1492290 2095
1492300 2098
1492310 2098
1492320 2100
1492330 2105
1492340 2105
1492350 2110
1492360 2112
1492370 2112
1492380 2111
1492390 2111
1492400 2111
1492410 2113
1492420 2113
1492430 2113
1492440 2113
1492450 2113
1492460 2113
1492470 2113
1492480 2113
1492490 2116
1492500 2116
1492510 2121
1492520 2121
1492530 2121
1492540 2122
1492550 2123
1492560 2123
1492570 2125
1492580 2126
1492590 2126
1492600 2126
1492610 2126
1492620 2126
1492630 2126
1492640 2125
1492650 2125
1492660 2122
1492670 2122
1492680 2122
1492690 2117
1492700 2112
1492710 2110
1492720 2110
1492730 2107
1492740 2106
1492750 2106
1492760 2107
1492770 2109
1492780 2109
1492790 2110
1492800 2110
1492810 2110
1492820 2109
1492830 2108
1492840 2108
1492850 2106
1492860 2105
1492870 2105
1492880 2106
1492890 2107
1492900 2107
1492910 2105
1492920 2103
1492930 2103
1492940 2101
1492950 2101
1492960 2102
1492970 2102
1492980 2104
1492990 2105
1493000 2105
1493010 2108
1493020 2109
1493030 2109
1493040 2111
1493050 2113
1493060 2113
1493070 2117
1493080 2120
1493090 2120
1493100 2122
1493110 2125
1493120 2125
1493130 2130
1493140 2136
1493150 2136
1493160 2169
1493170 2179
1493180 2179
1493190 2177
1493200 2173
1493210 2166
1493220 2166
1493230 2186
1493240 2214
1493250 2214
1493260 2220
1493270 2223
1493280 2223
1493290 2219
1493300 2214
1493310 2214
1493320 2208
1493330 2195
1493340 2195
1493350 2171
1493360 2157
1493370 2157
1493380 2153
1493390 2144
1493400 2144
1493410 2135
1493420 2099
1493430 2099
1493440 2072
1493450 2062
1493460 2051
1493470 2051
1493480 2030
1493490 2011
1493500 2011
1493510 1999
1493520 1987
1493530 1987
1493540 1975
1493550 1969
1493560 1969
1493570 1961
1493580 1964
1493590 1964
1493600 1979
1493610 1985
1493620 1985
1493630 1984
1493640 1960
1493650 1960
1493660 1934
1493670 1922
1493680 1922
1493690 1924
1493700 1926
1493710 1928
1493720 1928
1493730 1928
1493740 1923
1493750 1923
1493760 1912
1493770 1907
1493780 1907
1493790 1902
1493800 1898
1493810 1898
1493820 1898
1493830 1895
1493840 1895
1493850 1892
1493860 1886
1493870 1886
1493880 1883
1493890 1884
1493900 1884
1493910 1889
1493920 1896
1493930 1896
1493940 1885
1493950 1874
1493960 1879
1493970 1879
1493980 1883
1493990 1884
1494000 1884
1494010 1884
1494020 1894
1494030 1894
1494040 1903
1494050 1906
1494060 1906
1494070 1914
1494080 1922
1494090 1922
1494100 1911
1494110 1892
1494120 1892
1494130 1894
1494140 1902
1494150 1902
1494160 1912
1494170 1919
1494180 1919
1494190 1925
1494200 1932
1494210 1944
1494220 1944
1494230 1953
1494240 1956
1494250 1956
1494260 1955
1494270 1955
1494280 1955
1494290 1963
1494300 1971
1494310 1971
1494320 1980
1494330 1986
1494340 1986
1494350 1992
1494360 1994
1494370 1994
1494380 1993
1494390 1991
1494400 1991
1494410 1986
1494420 1981
1494430 1981
1494440 1979
1494450 1979
1494460 1980
1494470 1980
1494480 1980
1494490 1982
1494500 1982
1494510 1986
1494520 1990
1494530 1990
1494540 1996
1494550 2000
1494560 2000
1494570 2001
1494580 2001
1494590 2001
1494600 2001
1494610 2000
1494620 2000
1494630 2004
1494640 2006
1494650 2006
1494660 2008
1494670 2011
1494680 2011
1494690 2013
1494700 2013
1494710 2010
1494720 2010
1494730 2006
1494740 1998
1494750 1998
1494760 1991
1494770 1989
1494780 1989
1494790 1987
1494800 1986
1494810 1986
1494820 1985
1494830 1984
1494840 1984
1494850 1982
1494860 1980
1494870 1980
1494880 1979
1494890 1981
1494900 1981
1494910 1982
1494920 1983
1494930 1985
1494940 1985
1494950 1986
1494960 1989
1494970 1989
1494980 1994
1494990 2001
1495000 2001
1495010 2008
1495020 2015
1495030 2015
1495040 2022
1495050 2026
1495060 2026
1495070 2028
1495080 2032
1495090 2032
1495100 2038
1495110 2041
1495120 2041
1495130 2042
1495140 2044
1495150 2044
1495160 2045
1495170 2046
1495180 2047
1495190 2047
1495200 2049
1495210 2048
1495220 2048
1495230 2047
1495240 2047
1495250 2047
1495260 2053
1495270 2062
1495280 2062
1495290 2068
1495300 2075
1495310 2075
1495320 2083
1495330 2092
1495340 2092
1495350 2099
1495360 2103
1495370 2103
1495380 2107
1495390 2110
1495400 2110
1495410 2116
1495420 2124
1495430 2129
1495440 2129
1495450 2133
1495460 2137
1495470 2137
1495480 2139
1495490 2143
1495500 2143
1495510 2146
1495520 2150
1495530 2150
1495540 2153
1495550 2155
1495560 2155
1495570 2156
1495580 2158
1495590 2158
1495600 2161
1495610 2165
1495620 2165
1495630 2166
1495640 2168
1495650 2168
1495660 2172
1495670 2173
1495680 2175
1495690 2175
1495700 2175
1495710 2179
1495720 2179
1495730 2181
1495740 2176
1495750 2176
1495760 2175
1495770 2178
1495780 2178
1495790 2177
1495800 2174
1495810 2174
1495820 2173
1495830 2173
1495840 2173
1495850 2175
1495860 2176
1495870 2176
1495880 2180
1495890 2183
1495900 2183
1495910 2185
1495920 2188
1495930 2187
1495940 2187
1495950 2183
1495960 2182
1495970 2182
1495980 2184
1495990 2186
1496000 2186
1496010 2188
1496020 2191
1496030 2191
1496040 2188
1496050 2187
1496060 2187
1496070 2184
1496080 2180
1496090 2180
1496100 2178
1496110 2180
1496120 2180
1496130 2180
1496140 2185
1496150 2185
1496160 2189
1496170 2191
1496180 2196
1496190 2196
1496200 2201
1496210 2207
1496220 2207
1496230 2214
1496240 2222
1496250 2222
1496260 2233
1496270 2243
1496280 2243
1496290 2246
1496300 2251
1496310 2251
1496320 2259
1496330 2269
1496340 2269
1496350 2275
1496360 2282
1496370 2282
1496380 2288
1496390 2293
1496400 2293
1496410 2296
1496420 2291
1496430 2289
1496440 2289
1496450 2288
1496460 2285
1496470 2285
1496480 2290
1496490 2287
1496500 2287
1496510 2282
1496520 2276
1496530 2276
1496540 2269
1496550 2261
1496560 2261
1496570 2256
1496580 2244
1496590 2244
1496600 2224
1496610 2196
1496620 2196
1496630 2162
1496640 2133
1496650 2133
1496660 2114
1496670 2101
1496680 2070
1496690 2070
1496700 2015
1496710 1994
1496720 1994
1496730 1987
1496740 1981
1496750 1981
1496760 1975
1496770 1967
1496780 1967
1496790 1964
1496800 1962
1496810 1962
1496820 1957
1496830 1953
1496840 1953
1496850 1949
1496860 1944
1496870 1944
1496880 1939
1496890 1935
1496900 1935
1496910 1930
1496920 1926
1496930 1921
1496940 1921
1496950 1919
1496960 1916
1496970 1916
1496980 1913
1496990 1910
1497000 1910
1497010 1907
1497020 1905
1497030 1905
1497040 1904
1497050 1905
1497060 1905
1497070 1907
1497080 1910
1497090 1910
1497100 1915
1497110 1917
1497120 1917
1497130 1912
1497140 1910
1497150 1910
1497160 1909
1497170 1906
1497180 1906
1497190 1906
1497200 1905
1497210 1904
1497220 1904
1497230 1902
1497240 1902
1497250 1902
1497260 1903
1497270 1902
1497280 1902
1497290 1905
1497300 1908
1497310 1908
1497320 1914
1497330 1920
1497340 1920
1497350 1927
1497360 1934
1497370 1934
1497380 1941
1497390 1945
1497400 1945
1497410 1946
1497420 1947
1497430 1947
1497440 1947
1497450 1945
1497460 1943
1497470 1943
1497480 1942
1497490 1939
1497500 1939
1497510 1933
1497520 1927
1497530 1927
1497540 1919
1497550 1912
1497560 1912
1497570 1912
1497580 1912
1497590 1912
1497600 1912
1497610 1913
1497620 1913
1497630 1913
1497640 1912
1497650 1912
1497660 1911
1497670 1908
1497680 1901
1497690 1901
1497700 1894
1497710 1889
1497720 1889
1497730 1886
1497740 1885
1497750 1885
1497760 1884
1497770 1883
1497780 1883
1497790 1880
1497800 1868
1497810 1868
1497820 1858
1497830 1853
1497840 1853
1497850 1849
1497860 1846
1497870 1846
1497880 1843
1497890 1840
1497900 1840
1497910 1838
1497920 1835
1497930 1834
1497940 1834
1497950 1832
1497960 1831
1497970 1831
1497980 1829
1497990 1827
1498000 1827
1498010 1824
1498020 1822
1498030 1822
1498040 1820
1498050 1819
1498060 1819
1498070 1819
1498080 1820
1498090 1820
1498100 1819
1498110 1819
1498120 1819
1498130 1820
1498140 1820
1498150 1820
1498160 1824
1498170 1827
1498180 1827
1498190 1827
1498200 1828
1498210 1830
1498220 1830
1498230 1832
1498240 1835
1498250 1835
1498260 1838
1498270 1841
1498280 1841
1498290 1844
1498300 1848
1498310 1848
1498320 1852
1498330 1853
1498340 1853
1498350 1853
1498360 1852
1498370 1852
1498380 1853
1498390 1859
1498400 1859
1498410 1865
1498420 1868
1498430 1872
1498440 1872
1498450 1872
1498460 1875
1498470 1875
1498480 1879
1498490 1885
1498500 1885
1498510 1893
1498520 1900
1498530 1900
1498540 1908
1498550 1916
1498560 1916
1498570 1923
1498580 1930
1498590 1930
1498600 1937
1498610 1944
1498620 1944
1498630 1950
1498640 1957
1498650 1962
1498660 1962
1498670 1968
1498680 1974
1498690 1974
1498700 1981
1498710 1989
1498720 1989
1498730 1995
1498740 2001
1498750 2001
1498760 2005
1498770 2010
1498780 2010
1498790 2015
1498800 2020
1498810 2020
1498820 2025
1498830 2031
1498840 2031
1498850 2037
1498860 2042
1498870 2042
1498880 2044
1498890 2046
1498900 2050
1498910 2050
1498920 2054
1498930 2056
1498940 2056
1498950 2056
1498960 2057
1498970 2057
1498980 2058
1498990 2059
1499000 2059
1499010 2060
1499020 2061
1499030 2061
1499040 2062
1499050 2063
1499060 2063
1499070 2064
1499080 2066
1499090 2066
1499100 2067
1499110 2068
1499120 2068
1499130 2070
1499140 2071
1499150 2069
1499160 2069
1499170 2070
1499180 2071
1499190 2071
1499200 2072
1499210 2069
1499220 2069
1499230 2067
1499240 2068
1499250 2068
1499260 2071
1499270 2073
1499280 2073
1499290 2075
1499300 2078
1499310 2078
1499320 2082
1499330 2086
1499340 2086
1499350 2089
1499360 2093
1499370 2093
1499380 2098
1499390 2103
1499400 2108
1499410 2108
1499420 2113
1499430 2118
1499440 2118
1499450 2123
1499460 2128
1499470 2128
1499480 2136
1499490 2143
1499500 2143
1499510 2150
1499520 2157
1499530 2157
1499540 2163
1499550 2169
1499560 2169
1499570 2175
1499580 2182
1499590 2182
1499600 2190
1499610 2197
1499620 2197
1499630 2204
1499640 2206
1499650 2197
1499660 2197
1499670 2191
1499680 2184
1499690 2184
1499700 2179
1499710 2175
1499720 2175
1499730 2171
1499740 2168
1499750 2168
1499760 2164
1499770 2158
1499780 2158
1499790 2153
1499800 2150
1499810 2150
1499820 2148
1499830 2146
1499840 2146
1499850 2144
1499860 2143
1499870 2143
1499880 2144
1499890 2144
1499900 2145
1499910 2145
1499920 2145
1499930 2144
1499940 2144
1499950 2145
1499960 2146
1499970 2146
1499980 2145
1499990 2145
