1480000 1782
1480010 1780
1480020 1778
1480030 1778
1480040 1774
1480050 1768
1480060 1768
1480070 1764
1480080 1760
1480090 1760
1480100 1755
1480110 1750
1480120 1750
1480130 1747
1480140 1743
1480150 1743
1480160 1742
1480170 1741
1480180 1741
1480190 1737
1480200 1736
1480210 1736
1480220 1735
1480230 1733
1480240 1733
1480250 1732
1480260 1730
1480270 1728
1480280 1728
1480290 1725
1480300 1721
1480310 1721
1480320 1717
1480330 1713
1480340 1713
1480350 1709
1480360 1705
1480370 1705
1480380 1701
1480390 1698
1480400 1698
1480410 1694
1480420 1691
1480430 1691
1480440 1687
1480450 1682
1480460 1682
1480470 1675
1480480 1665
1480490 1665
1480500 1656
1480510 1652
1480520 1652
1480530 1652
1480540 1654
1480550 1652
1480560 1652
1480570 1650
1480580 1648
1480590 1648
1480600 1647
1480610 1644
1480620 1644
1480630 1641
1480640 1637
1480650 1637
1480660 1634
1480670 1630
1480680 1630
1480690 1627
1480700 1624
1480710 1624
1480720 1622
1480730 1620
1480740 1620
1480750 1617
1480760 1614
1480770 1612
1480780 1612
1480790 1609
1480800 1605
1480810 1605
1480820 1602
1480830 1598
1480840 1598
1480850 1594
1480860 1590
1480870 1590
1480880 1587
1480890 1582
1480900 1582
1480910 1577
1480920 1579
1480930 1579
1480940 1583
1480950 1589
1480960 1589
1480970 1594
1480980 1596
1480990 1596
1481000 1595
1481010 1595
1481020 1594
1481030 1594
1481040 1594
1481050 1591
1481060 1591
1481070 1589
1481080 1587
1481090 1587
1481100 1586
1481110 1585
1481120 1585
1481130 1583
1481140 1582
1481150 1582
1481160 1581
1481170 1581
1481180 1581
1481190 1580
1481200 1580
1481210 1580
1481220 1580
1481230 1580
1481240 1580
1481250 1579
1481260 1579
1481270 1579
1481280 1579
1481290 1578
1481300 1576
1481310 1576
1481320 1576
1481330 1577
1481340 1577
1481350 1578
1481360 1579
1481370 1579
1481380 1579
1481390 1579
1481400 1579
1481410 1579
1481420 1578
1481430 1578
1481440 1576
1481450 1573
1481460 1573
1481470 1571
1481480 1569
1481490 1569
1481500 1567
1481510 1566
1481520 1564
1481530 1564
1481540 1562
1481550 1559
1481560 1559
1481570 1557
1481580 1555
1481590 1555
1481600 1554
1481610 1553
1481620 1553
1481630 1551
1481640 1548
1481650 1548
1481660 1545
1481670 1542
1481680 1542
1481690 1538
1481700 1534
1481710 1534
1481720 1531
1481730 1528
1481740 1528
1481750 1526
1481760 1524
1481770 1521
1481780 1521
1481790 1518
1481800 1516
1481810 1516
1481820 1513
1481830 1511
1481840 1511
1481850 1508
1481860 1507
1481870 1507
1481880 1506
1481890 1505
1481900 1505
1481910 1503
1481920 1501
1481930 1501
1481940 1498
1481950 1496
1481960 1496
1481970 1494
1481980 1493
1481990 1493
1482000 1492
1482010 1490
1482020 1488
1482030 1488
1482040 1485
1482050 1484
1482060 1484
1482070 1482
1482080 1479
1482090 1479
1482100 1475
1482110 1468
1482120 1468
1482130 1461
1482140 1457
1482150 1457
1482160 1454
1482170 1447
1482180 1447
1482190 1439
1482200 1433
1482210 1433
1482220 1428
1482230 1421
1482240 1421
1482250 1417
1482260 1418
1482270 1418
1482280 1418
1482290 1417
1482300 1415
1482310 1415
1482320 1414
1482330 1415
1482340 1415
1482350 1415
1482360 1417
1482370 1417
1482380 1417
1482390 1413
1482400 1413
1482410 1409
1482420 1405
1482430 1405
1482440 1400
1482450 1395
1482460 1395
1482470 1389
1482480 1383
1482490 1383
1482500 1378
1482510 1373
1482520 1369
1482530 1369
1482540 1365
1482550 1359
1482560 1359
1482570 1353
1482580 1346
1482590 1346
1482600 1338
1482610 1332
1482620 1332
1482630 1326
1482640 1321
1482650 1321
1482660 1319
1482670 1320
1482680 1320
1482690 1319
1482700 1314
1482710 1314
1482720 1308
1482730 1302
1482740 1302
1482750 1296
1482760 1292
1482770 1290
1482780 1290
1482790 1289
1482800 1289
1482810 1289
1482820 1289
1482830 1286
1482840 1286
1482850 1283
1482860 1281
1482870 1281
1482880 1281
1482890 1284
1482900 1284
1482910 1286
1482920 1285
1482930 1285
1482940 1286
1482950 1286
1482960 1286
1482970 1285
1482980 1282
1482990 1282
1483000 1278
1483010 1274
1483020 1269
1483030 1269
1483040 1264
1483050 1260
1483060 1260
1483070 1257
1483080 1253
1483090 1253
1483100 1248
1483110 1244
1483120 1244
1483130 1239
1483140 1235
1483150 1235
1483160 1230
1483170 1226
1483180 1226
1483190 1222
1483200 1219
1483210 1219
1483220 1215
1483230 1212
1483240 1212
1483250 1208
1483260 1204
1483270 1201
1483280 1201
1483290 1197
1483300 1192
1483310 1192
1483320 1188
1483330 1185
1483340 1185
1483350 1182
1483360 1180
1483370 1180
1483380 1178
1483390 1174
1483400 1174
1483410 1170
1483420 1163
1483430 1163
1483440 1157
1483450 1155
1483460 1155
1483470 1156
1483480 1155
1483490 1155
1483500 1152
1483510 1149
1483520 1146
1483530 1146
1483540 1142
1483550 1138
1483560 1138
1483570 1135
1483580 1132
1483590 1132
1483600 1128
1483610 1123
1483620 1123
1483630 1116
1483640 1110
1483650 1110
1483660 1106
1483670 1102
1483680 1102
1483690 1099
1483700 1098
1483710 1098
1483720 1097
1483730 1097
1483740 1097
1483750 1097
1483760 1097
1483770 1097
1483780 1097
1483790 1097
1483800 1097
1483810 1097
1483820 1097
1483830 1097
1483840 1097
1483850 1097
1483860 1097
1483870 1097
1483880 1097
1483890 1097
1483900 1097
1483910 1097
1483920 1097
1483930 1097
1483940 1097
1483950 1097
1483960 1097
1483970 1097
1483980 1097
1483990 1097
1484000 1097
1484010 1097
1484020 1097
1484030 1097
1484040 1097
1484050 1097
1484060 1097
1484070 1097
1484080 1097
1484090 1097
1484100 1097
1484110 1097
1484120 1097
1484130 1097
1484140 1097
1484150 1097
1484160 1097
1484170 1099
1484180 1099
1484190 1101
1484200 1105
1484210 1105
1484220 1109
1484230 1114
1484240 1114
1484250 1120
1484260 1125
1484270 1131
1484280 1131
1484290 1137
1484300 1143
1484310 1143
1484320 1150
1484330 1156
1484340 1156
1484350 1162
1484360 1169
1484370 1169
1484380 1175
1484390 1181
1484400 1181
1484410 1187
1484420 1194
1484430 1194
1484440 1200
1484450 1206
1484460 1206
1484470 1212
1484480 1219
1484490 1219
1484500 1225
1484510 1231
1484520 1234
1484530 1234
1484540 1238
1484550 1243
1484560 1243
1484570 1247
1484580 1251
1484590 1251
1484600 1256
1484610 1261
1484620 1261
1484630 1267
1484640 1273
1484650 1273
1484660 1280
1484670 1287
1484680 1287
1484690 1294
1484700 1301
1484710 1301
1484720 1308
1484730 1314
1484740 1314
1484750 1322
1484760 1330
1484770 1337
1484780 1337
1484790 1345
1484800 1353
1484810 1353
1484820 1361
1484830 1370
1484840 1370
1484850 1376
1484860 1380
1484870 1380
1484880 1384
1484890 1389
1484900 1389
1484910 1392
1484920 1394
1484930 1394
1484940 1396
1484950 1395
1484960 1395
1484970 1394
1484980 1392
1484990 1392
1485000 1389
1485010 1387
1485020 1385
1485030 1385
1485040 1384
1485050 1382
1485060 1382
1485070 1382
1485080 1383
1485090 1383
1485100 1384
1485110 1386
1485120 1386
1485130 1387
1485140 1388
1485150 1388
1485160 1389
1485170 1390
1485180 1390
1485190 1391
1485200 1392
1485210 1392
1485220 1395
1485230 1399
1485240 1399
1485250 1403
1485260 1409
1485270 1415
1485280 1415
1485290 1422
1485300 1425
1485310 1425
1485320 1425
1485330 1423
1485340 1423
1485350 1420
1485360 1417
1485370 1417
1485380 1415
1485390 1414
1485400 1414
1485410 1413
1485420 1411
1485430 1411
1485440 1408
1485450 1404
1485460 1404
1485470 1401
1485480 1400
1485490 1400
1485500 1398
1485510 1398
1485520 1397
1485530 1397
1485540 1397
1485550 1396
1485560 1396
1485570 1393
1485580 1391
1485590 1391
1485600 1390
1485610 1392
1485620 1392
1485630 1394
1485640 1396
1485650 1396
1485660 1397
1485670 1398
1485680 1398
1485690 1399
1485700 1401
1485710 1401
1485720 1403
1485730 1403
1485740 1403
1485750 1401
1485760 1397
1485770 1394
1485780 1394
1485790 1390
1485800 1386
1485810 1386
1485820 1385
1485830 1385
1485840 1385
1485850 1385
1485860 1388
1485870 1388
1485880 1391
1485890 1394
1485900 1394
1485910 1396
1485920 1398
1485930 1398
1485940 1400
1485950 1401
1485960 1401
1485970 1404
1485980 1406
1485990 1406
1486000 1408
1486010 1411
1486020 1413
1486030 1413
1486040 1416
1486050 1419
1486060 1419
1486070 1421
1486080 1424
1486090 1424
1486100 1427
1486110 1430
1486120 1430
1486130 1435
1486140 1440
1486150 1440
1486160 1445
1486170 1449
1486180 1449
1486190 1453
1486200 1457
1486210 1457
1486220 1460
1486230 1464
1486240 1464
1486250 1469
1486260 1474
1486270 1479
1486280 1479
1486290 1483
1486300 1487
1486310 1487
1486320 1491
1486330 1495
1486340 1495
1486350 1499
1486360 1502
1486370 1502
1486380 1505
1486390 1503
1486400 1503
1486410 1501
1486420 1503
1486430 1503
1486440 1507
1486450 1510
1486460 1510
1486470 1513
1486480 1515
1486490 1515
1486500 1518
1486510 1521
1486520 1522
1486530 1522
1486540 1527
1486550 1533
1486560 1533
1486570 1540
1486580 1546
1486590 1546
1486600 1553
1486610 1560
1486620 1560
1486630 1566
1486640 1573
1486650 1573
1486660 1580
1486670 1588
1486680 1588
1486690 1596
1486700 1604
1486710 1604
1486720 1609
1486730 1613
1486740 1613
1486750 1617
1486760 1623
1486770 1629
1486780 1629
1486790 1631
1486800 1636
1486810 1636
1486820 1649
1486830 1658
1486840 1658
1486850 1663
1486860 1673
1486870 1673
1486880 1688
1486890 1697
1486900 1697
1486910 1703
1486920 1703
1486930 1703
1486940 1705
1486950 1690
1486960 1690
1486970 1663
1486980 1641
1486990 1641
1487000 1632
1487010 1633
1487020 1633
1487030 1633
1487040 1636
1487050 1639
1487060 1639
1487070 1643
1487080 1649
1487090 1649
1487100 1655
1487110 1661
1487120 1661
1487130 1668
1487140 1675
1487150 1675
1487160 1681
1487170 1687
1487180 1687
1487190 1692
1487200 1698
1487210 1698
1487220 1705
1487230 1711
1487240 1711
1487250 1717
1487260 1723
1487270 1730
1487280 1730
1487290 1736
1487300 1744
1487310 1744
1487320 1750
1487330 1757
1487340 1757
1487350 1762
1487360 1768
1487370 1768
1487380 1774
1487390 1780
1487400 1780
1487410 1786
1487420 1793
1487430 1793
1487440 1803
1487450 1821
1487460 1821
1487470 1831
1487480 1836
1487490 1836
1487500 1840
1487510 1846
1487520 1859
1487530 1859
1487540 1874
1487550 1882
1487560 1882
1487570 1889
1487580 1900
1487590 1900
1487600 1914
1487610 1927
1487620 1927
1487630 1946
1487640 1967
1487650 1967
1487660 1985
1487670 2002
1487680 2002
1487690 2011
1487700 2012
1487710 2012
1487720 2023
1487730 2042
1487740 2042
1487750 2053
1487760 2063
1487770 2072
1487780 2072
1487790 2080
1487800 2087
1487810 2087
1487820 2095
1487830 2104
1487840 2104
1487850 2114
1487860 2128
1487870 2128
1487880 2136
1487890 2145
1487900 2145
1487910 2155
1487920 2170
1487930 2170
1487940 2184
1487950 2185
1487960 2185
1487970 2185
1487980 2188
1487990 2188
1488000 2192
1488010 2196
1488020 2200
1488030 2200
1488040 2204
1488050 2209
1488060 2209
1488070 2213
1488080 2217
1488090 2217
1488100 2221
1488110 2224
1488120 2224
1488130 2224
1488140 2217
1488150 2217
1488160 2207
1488170 2193
1488180 2193
1488190 2182
1488200 2170
1488210 2170
1488220 2161
1488230 2153
1488240 2153
1488250 2146
1488260 2139
1488270 2133
1488280 2133
1488290 2126
1488300 2120
1488310 2120
1488320 2114
1488330 2108
1488340 2108
1488350 2102
1488360 2097
1488370 2097
1488380 2092
1488390 2087
1488400 2087
1488410 2082
1488420 2079
1488430 2079
1488440 2075
1488450 2072
1488460 2072
1488470 2068
1488480 2064
1488490 2064
1488500 2060
1488510 2057
1488520 2054
1488530 2054
1488540 2051
1488550 2049
1488560 2049
1488570 2046
1488580 2043
1488590 2043
1488600 2041
1488610 2039
1488620 2039
1488630 2038
1488640 2037
1488650 2037
1488660 2037
1488670 2033
1488680 2033
1488690 2027
1488700 2021
1488710 2021
1488720 2016
1488730 1998
1488740 1998
1488750 1986
1488760 1979
1488770 1972
1488780 1972
1488790 1966
1488800 1958
1488810 1958
1488820 1950
1488830 1944
1488840 1944
1488850 1938
1488860 1931
1488870 1931
1488880 1924
1488890 1919
1488900 1919
1488910 1914
1488920 1909
1488930 1909
1488940 1904
1488950 1899
1488960 1899
1488970 1894
1488980 1889
1488990 1889
1489000 1884
1489010 1879
1489020 1876
1489030 1876
1489040 1872
1489050 1872
1489060 1872
1489070 1869
1489080 1866
1489090 1866
1489100 1864
1489110 1863
1489120 1863
1489130 1861
1489140 1860
1489150 1860
1489160 1858
1489170 1855
1489180 1855
1489190 1850
1489200 1844
1489210 1844
1489220 1839
1489230 1830
1489240 1830
1489250 1820
1489260 1811
1489270 1804
1489280 1804
1489290 1799
1489300 1792
1489310 1792
1489320 1785
1489330 1777
1489340 1777
1489350 1771
1489360 1765
1489370 1765
1489380 1759
1489390 1754
1489400 1754
1489410 1749
1489420 1744
1489430 1744
1489440 1739
1489450 1733
1489460 1733
1489470 1728
1489480 1724
1489490 1724
1489500 1720
1489510 1716
1489520 1712
1489530 1712
1489540 1709
1489550 1705
1489560 1705
1489570 1702
1489580 1698
1489590 1698
1489600 1693
1489610 1689
1489620 1689
1489630 1685
1489640 1681
1489650 1681
1489660 1677
1489670 1672
1489680 1672
1489690 1669
1489700 1664
1489710 1664
1489720 1658
1489730 1652
1489740 1652
1489750 1646
1489760 1641
1489770 1636
1489780 1636
1489790 1632
1489800 1628
1489810 1628
1489820 1625
1489830 1622
1489840 1622
1489850 1618
1489860 1615
1489870 1615
1489880 1612
1489890 1608
1489900 1608
1489910 1603
1489920 1596
1489930 1596
1489940 1590
1489950 1585
1489960 1585
1489970 1580
1489980 1576
1489990 1576
1490000 1572
1490010 1568
1490020 1563
1490030 1563
1490040 1558
1490050 1554
1490060 1554
1490070 1549
1490080 1545
1490090 1545
1490100 1543
1490110 1542
1490120 1542
1490130 1541
1490140 1536
1490150 1536
1490160 1532
1490170 1531
1490180 1531
1490190 1531
1490200 1530
1490210 1530
1490220 1529
1490230 1522
1490240 1522
1490250 1514
1490260 1507
1490270 1505
1490280 1505
1490290 1503
1490300 1501
1490310 1501
1490320 1500
1490330 1496
1490340 1496
1490350 1494
1490360 1494
1490370 1494
1490380 1496
1490390 1497
1490400 1497
1490410 1497
1490420 1491
1490430 1491
1490440 1487
1490450 1485
1490460 1485
1490470 1483
1490480 1482
1490490 1482
1490500 1480
1490510 1476
1490520 1471
1490530 1471
1490540 1466
1490550 1458
1490560 1458
1490570 1447
1490580 1434
1490590 1434
1490600 1424
1490610 1413
1490620 1413
1490630 1404
1490640 1398
1490650 1398
1490660 1397
1490670 1399
1490680 1399
1490690 1402
1490700 1403
1490710 1403
1490720 1399
1490730 1396
1490740 1396
1490750 1393
1490760 1395
1490770 1397
1490780 1397
1490790 1399
1490800 1399
1490810 1399
1490820 1400
1490830 1400
1490840 1400
1490850 1399
1490860 1392
1490870 1392
1490880 1383
1490890 1376
1490900 1376
1490910 1375
1490920 1375
1490930 1375
1490940 1373
1490950 1372
1490960 1372
1490970 1371
1490980 1368
1490990 1368
1491000 1366
1491010 1365
1491020 1365
1491030 1365
1491040 1364
1491050 1364
1491060 1364
1491070 1364
1491080 1365
1491090 1365
1491100 1366
1491110 1367
1491120 1367
1491130 1367
1491140 1368
1491150 1368
1491160 1370
1491170 1372
1491180 1372
1491190 1373
1491200 1374
1491210 1374
1491220 1375
1491230 1376
1491240 1376
1491250 1377
1491260 1381
1491270 1386
1491280 1386
1491290 1389
1491300 1388
1491310 1388
1491320 1394
1491330 1402
1491340 1402
1491350 1413
1491360 1419
1491370 1419
1491380 1425
1491390 1432
1491400 1432
1491410 1440
1491420 1448
1491430 1448
1491440 1455
1491450 1462
1491460 1462
1491470 1469
1491480 1475
1491490 1475
1491500 1482
1491510 1487
1491520 1491
1491530 1491
1491540 1493
1491550 1497
1491560 1497
1491570 1507
1491580 1519
1491590 1519
1491600 1528
1491610 1552
1491620 1552
1491630 1569
1491640 1597
1491650 1597
1491660 1647
1491670 1656
1491680 1656
1491690 1658
1491700 1661
1491710 1661
1491720 1666
1491730 1672
1491740 1672
1491750 1680
1491760 1692
1491770 1697
1491780 1697
1491790 1702
1491800 1707
1491810 1707
1491820 1714
1491830 1718
1491840 1718
1491850 1717
1491860 1720
1491870 1720
1491880 1719
1491890 1718
1491900 1718
1491910 1713
1491920 1712
1491930 1712
1491940 1717
1491950 1724
1491960 1724
1491970 1735
1491980 1747
1491990 1747
1492000 1769
1492010 1783
1492020 1789
1492030 1789
1492040 1798
1492050 1816
1492060 1816
1492070 1830
1492080 1836
1492090 1836
1492100 1836
1492110 1838
1492120 1838
1492130 1845
1492140 1855
1492150 1855
1492160 1861
1492170 1868
1492180 1868
1492190 1878
1492200 1888
1492210 1888
1492220 1896
1492230 1906
1492240 1906
1492250 1916
1492260 1925
1492270 1932
1492280 1932
1492290 1938
1492300 1946
1492310 1946
1492320 1954
1492330 1961
1492340 1961
1492350 1968
1492360 1973
1492370 1973
1492380 1977
1492390 1982
1492400 1982
1492410 1980
1492420 1974
1492430 1974
1492440 1969
1492450 1964
1492460 1964
1492470 1961
1492480 1960
1492490 1960
1492500 1959
1492510 1958
1492520 1955
1492530 1955
1492540 1954
1492550 1951
1492560 1951
1492570 1947
1492580 1944
1492590 1944
1492600 1943
1492610 1943
1492620 1943
1492630 1943
1492640 1943
1492650 1943
1492660 1943
1492670 1943
1492680 1943
1492690 1940
1492700 1939
1492710 1939
1492720 1939
1492730 1940
1492740 1940
1492750 1939
1492760 1937
1492770 1936
1492780 1936
1492790 1935
1492800 1933
1492810 1933
1492820 1932
1492830 1927
1492840 1927
1492850 1922
1492860 1916
1492870 1916
1492880 1911
1492890 1904
1492900 1904
1492910 1895
1492920 1886
1492930 1886
1492940 1876
1492950 1867
1492960 1867
1492970 1855
1492980 1842
1492990 1842
1493000 1828
1493010 1813
1493020 1784
1493030 1784
1493040 1756
1493050 1753
1493060 1753
1493070 1752
1493080 1748
1493090 1748
1493100 1748
1493110 1740
1493120 1740
1493130 1727
1493140 1715
1493150 1715
1493160 1692
1493170 1628
1493180 1628
1493190 1561
1493200 1536
1493210 1536
1493220 1528
1493230 1521
1493240 1521
1493250 1515
1493260 1508
1493270 1500
1493280 1500
1493290 1492
1493300 1485
1493310 1485
1493320 1478
1493330 1471
1493340 1471
1493350 1464
1493360 1457
1493370 1457
1493380 1450
1493390 1444
1493400 1444
1493410 1438
1493420 1432
1493430 1432
1493440 1425
1493450 1419
1493460 1419
1493470 1413
1493480 1408
1493490 1408
1493500 1403
1493510 1397
1493520 1393
1493530 1393
1493540 1388
1493550 1383
1493560 1383
1493570 1378
1493580 1373
1493590 1373
1493600 1369
1493610 1365
1493620 1365
1493630 1361
1493640 1357
1493650 1357
1493660 1353
1493670 1349
1493680 1349
1493690 1346
1493700 1344
1493710 1344
1493720 1342
1493730 1338
1493740 1338
1493750 1335
1493760 1333
1493770 1330
1493780 1330
1493790 1327
1493800 1323
1493810 1323
1493820 1320
1493830 1317
1493840 1317
1493850 1314
1493860 1314
1493870 1314
1493880 1315
1493890 1317
1493900 1317
1493910 1320
1493920 1322
1493930 1322
1493940 1322
1493950 1321
1493960 1321
1493970 1321
1493980 1319
1493990 1319
1494000 1319
1494010 1319
1494020 1319
1494030 1319
1494040 1319
1494050 1318
1494060 1318
1494070 1311
1494080 1303
1494090 1303
1494100 1295
1494110 1288
1494120 1288
1494130 1282
1494140 1280
1494150 1280
1494160 1280
1494170 1279
1494180 1279
1494190 1278
1494200 1277
1494210 1277
1494220 1276
1494230 1276
1494240 1276
1494250 1276
1494260 1276
1494270 1278
1494280 1278
1494290 1280
1494300 1279
1494310 1279
1494320 1275
1494330 1275
1494340 1275
1494350 1276
1494360 1278
1494370 1278
1494380 1285
1494390 1293
1494400 1293
1494410 1302
1494420 1312
1494430 1312
1494440 1318
1494450 1321
1494460 1321
1494470 1323
1494480 1327
1494490 1327
1494500 1330
1494510 1332
1494520 1335
1494530 1335
1494540 1340
1494550 1345
1494560 1345
1494570 1350
1494580 1355
1494590 1355
1494600 1360
1494610 1365
1494620 1365
1494630 1371
1494640 1376
1494650 1376
1494660 1381
1494670 1386
1494680 1386
1494690 1392
1494700 1397
1494710 1397
1494720 1403
1494730 1407
1494740 1407
1494750 1412
1494760 1418
1494770 1423
1494780 1423
1494790 1423
1494800 1437
1494810 1437
1494820 1451
1494830 1459
1494840 1459
1494850 1466
1494860 1474
1494870 1474
1494880 1481
1494890 1489
1494900 1489
1494910 1495
1494920 1502
1494930 1502
1494940 1509
1494950 1516
1494960 1516
1494970 1524
1494980 1532
1494990 1532
1495000 1541
1495010 1550
1495020 1559
1495030 1559
1495040 1568
1495050 1577
1495060 1577
1495070 1584
1495080 1589
1495090 1589
1495100 1591
1495110 1595
1495120 1595
1495130 1594
1495140 1593
1495150 1593
1495160 1595
1495170 1603
1495180 1603
1495190 1603
1495200 1600
1495210 1600
1495220 1598
1495230 1602
1495240 1602
1495250 1611
1495260 1621
1495270 1632
1495280 1632
1495290 1649
1495300 1658
1495310 1658
1495320 1663
1495330 1658
1495340 1658
1495350 1658
1495360 1662
1495370 1662
1495380 1667
1495390 1686
1495400 1686
1495410 1714
1495420 1739
1495430 1739
1495440 1757
1495450 1776
1495460 1776
1495470 1788
1495480 1808
1495490 1808
1495500 1823
1495510 1832
1495520 1839
1495530 1839
1495540 1846
1495550 1851
1495560 1851
1495570 1849
1495580 1845
1495590 1845
1495600 1839
1495610 1836
1495620 1836
1495630 1832
1495640 1824
1495650 1824
1495660 1817
1495670 1830
1495680 1830
1495690 1850
1495700 1866
1495710 1866
1495720 1879
1495730 1889
1495740 1889
1495750 1893
1495760 1891
1495770 1886
1495780 1886
1495790 1876
1495800 1868
1495810 1868
1495820 1864
1495830 1862
1495840 1862
1495850 1856
1495860 1852
1495870 1852
1495880 1838
1495890 1823
1495900 1823
1495910 1815
1495920 1803
1495930 1803
1495940 1783
1495950 1779
1495960 1779
1495970 1782
1495980 1784
1495990 1784
1496000 1785
1496010 1786
1496020 1786
1496030 1786
1496040 1778
1496050 1767
1496060 1767
1496070 1755
1496080 1745
1496090 1745
1496100 1738
1496110 1733
1496120 1733
1496130 1726
1496140 1720
1496150 1720
1496160 1702
1496170 1675
1496180 1675
1496190 1664
1496200 1658
1496210 1658
1496220 1652
1496230 1648
1496240 1648
1496250 1642
1496260 1637
1496270 1634
1496280 1634
1496290 1627
1496300 1619
1496310 1619
1496320 1625
1496330 1628
1496340 1628
1496350 1629
1496360 1630
1496370 1630
1496380 1628
1496390 1624
1496400 1624
1496410 1624
1496420 1622
1496430 1622
1496440 1620
1496450 1619
1496460 1619
1496470 1617
1496480 1615
1496490 1615
1496500 1615
1496510 1615
1496520 1614
1496530 1614
1496540 1614
1496550 1612
1496560 1612
1496570 1611
1496580 1610
1496590 1610
1496600 1612
1496610 1613
1496620 1613
1496630 1613
1496640 1612
1496650 1612
1496660 1611
1496670 1610
1496680 1610
1496690 1608
1496700 1606
1496710 1606
1496720 1603
1496730 1599
1496740 1599
1496750 1595
1496760 1590
1496770 1586
1496780 1586
1496790 1582
1496800 1576
1496810 1576
1496820 1571
1496830 1566
1496840 1566
1496850 1561
1496860 1555
1496870 1555
1496880 1551
1496890 1546
1496900 1546
1496910 1541
1496920 1538
1496930 1538
1496940 1534
1496950 1533
1496960 1533
1496970 1533
1496980 1534
1496990 1534
1497000 1534
1497010 1533
1497020 1533
1497030 1533
1497040 1531
1497050 1530
1497060 1530
1497070 1529
1497080 1527
1497090 1527
1497100 1526
1497110 1525
1497120 1525
1497130 1524
1497140 1524
1497150 1524
1497160 1524
1497170 1524
1497180 1524
1497190 1526
1497200 1527
1497210 1527
1497220 1529
1497230 1531
1497240 1531
1497250 1532
1497260 1533
1497270 1534
1497280 1534
1497290 1536
1497300 1536
1497310 1536
1497320 1540
1497330 1542
1497340 1542
1497350 1544
1497360 1546
1497370 1546
1497380 1547
1497390 1550
1497400 1550
1497410 1551
1497420 1553
1497430 1553
1497440 1555
1497450 1557
1497460 1557
1497470 1559
1497480 1560
1497490 1560
1497500 1562
1497510 1563
1497520 1565
1497530 1565
1497540 1567
1497550 1568
1497560 1568
1497570 1568
1497580 1569
1497590 1569
1497600 1571
1497610 1576
1497620 1576
1497630 1581
1497640 1587
1497650 1587
1497660 1592
1497670 1597
1497680 1597
1497690 1602
1497700 1606
1497710 1606
1497720 1609
1497730 1612
1497740 1612
1497750 1616
1497760 1618
1497770 1619
1497780 1619
1497790 1621
1497800 1622
1497810 1622
1497820 1622
1497830 1621
1497840 1621
1497850 1620
1497860 1621
1497870 1621
1497880 1623
1497890 1625
1497900 1625
1497910 1627
1497920 1629
1497930 1629
1497940 1631
1497950 1635
1497960 1635
1497970 1638
1497980 1640
1497990 1640
1498000 1642
1498010 1646
1498020 1649
1498030 1649
1498040 1653
1498050 1655
1498060 1655
1498070 1659
1498080 1664
1498090 1664
1498100 1670
1498110 1676
1498120 1676
1498130 1679
1498140 1682
1498150 1682
1498160 1685
1498170 1690
1498180 1690
1498190 1693
1498200 1696
1498210 1696
1498220 1699
1498230 1703
1498240 1703
1498250 1708
1498260 1713
1498270 1717
1498280 1717
1498290 1720
1498300 1723
1498310 1723
1498320 1724
1498330 1727
1498340 1727
1498350 1728
1498360 1730
1498370 1730
1498380 1734
1498390 1736
1498400 1736
1498410 1738
1498420 1740
1498430 1740
1498440 1742
1498450 1746
1498460 1746
1498470 1750
1498480 1754
1498490 1754
1498500 1757
1498510 1760
1498520 1764
1498530 1764
1498540 1767
1498550 1770
1498560 1770
1498570 1774
1498580 1779
1498590 1779
1498600 1784
1498610 1789
1498620 1789
1498630 1794
1498640 1800
1498650 1800
1498660 1805
1498670 1810
1498680 1810
1498690 1815
1498700 1822
1498710 1822
1498720 1829
1498730 1836
1498740 1836
1498750 1845
1498760 1863
1498770 1871
1498780 1871
1498790 1876
1498800 1879
1498810 1879
1498820 1882
1498830 1886
1498840 1886
1498850 1891
1498860 1895
1498870 1895
1498880 1899
1498890 1902
1498900 1902
1498910 1904
1498920 1905
1498930 1905
1498940 1907
1498950 1907
1498960 1907
1498970 1909
1498980 1913
1498990 1913
1499000 1918
1499010 1920
1499020 1922
1499030 1922
1499040 1923
1499050 1923
1499060 1923
1499070 1923
1499080 1925
1499090 1925
1499100 1928
1499110 1929
1499120 1929
1499130 1931
1499140 1932
1499150 1932
1499160 1932
1499170 1935
1499180 1935
1499190 1938
1499200 1941
1499210 1941
1499220 1942
1499230 1942
1499240 1942
1499250 1943
1499260 1943
1499270 1943
1499280 1943
1499290 1942
1499300 1941
1499310 1941
1499320 1941
1499330 1940
1499340 1940
1499350 1941
1499360 1943
1499370 1943
1499380 1945
1499390 1947
1499400 1947
1499410 1949
1499420 1951
1499430 1951
1499440 1954
1499450 1956
1499460 1956
1499470 1959
1499480 1961
1499490 1961
1499500 1964
1499510 1966
1499520 1969
1499530 1969
1499540 1972
1499550 1976
1499560 1976
1499570 1981
1499580 1987
1499590 1987
1499600 1992
1499610 1992
1499620 1992
1499630 1992
1499640 1990
1499650 1990
1499660 1984
1499670 1984
1499680 1984
1499690 1986
1499700 1990
1499710 1990
1499720 1992
1499730 1993
1499740 1993
1499750 1994
1499760 1996
1499770 2001
1499780 2001
1499790 2008
1499800 2016
1499810 2016
1499820 2020
1499830 2018
1499840 2018
1499850 2016
1499860 2018
1499870 2018
1499880 2018
1499890 2016
1499900 2016
1499910 2013
1499920 2012
1499930 2012
1499940 2012
1499950 2016
1499960 2016
1499970 2023
1499980 2031
1499990 2031
