1480000 1947
1480010 1945
1480020 1944
1480030 1944
1480040 1939
1480050 1934
1480060 1934
1480070 1930
1480080 1925
1480090 1925
1480100 1920
1480110 1916
1480120 1916
1480130 1912
1480140 1907
1480150 1903
1480160 1903
1480170 1899
1480180 1894
1480190 1894
1480200 1890
1480210 1885
1480220 1885
1480230 1879
1480240 1876
1480250 1876
1480260 1873
1480270 1870
1480280 1870
1480290 1868
1480300 1864
1480310 1864
1480320 1856
1480330 1847
1480340 1847
1480350 1841
1480360 1836
1480370 1836
1480380 1833
1480390 1830
1480400 1830
1480410 1827
1480420 1823
1480430 1818
1480440 1818
1480450 1812
1480460 1806
1480470 1806
1480480 1802
1480490 1799
1480500 1799
1480510 1793
1480520 1787
1480530 1787
1480540 1781
1480550 1775
1480560 1775
1480570 1769
1480580 1763
1480590 1763
1480600 1755
1480610 1749
1480620 1749
1480630 1746
1480640 1744
1480650 1744
1480660 1741
1480670 1737
1480680 1732
1480690 1732
1480700 1726
1480710 1720
1480720 1720
1480730 1715
1480740 1712
1480750 1712
1480760 1710
1480770 1708
1480780 1708
1480790 1706
1480800 1704
1480810 1704
1480820 1701
1480830 1697
1480840 1697
1480850 1693
1480860 1689
1480870 1689
1480880 1685
1480890 1680
1480900 1680
1480910 1676
1480920 1671
1480930 1665
1480940 1665
1480950 1661
1480960 1656
1480970 1656
1480980 1651
1480990 1646
1481000 1646
1481010 1641
1481020 1635
1481030 1635
1481040 1630
1481050 1626
1481060 1626
1481070 1622
1481080 1618
1481090 1618
1481100 1614
1481110 1610
1481120 1610
1481130 1606
1481140 1602
1481150 1602
1481160 1597
1481170 1593
1481180 1589
1481190 1589
1481200 1585
1481210 1579
1481220 1579
1481230 1575
1481240 1571
1481250 1571
1481260 1567
1481270 1562
1481280 1562
1481290 1556
1481300 1550
1481310 1550
1481320 1546
1481330 1542
1481340 1542
1481350 1536
1481360 1530
1481370 1530
1481380 1526
1481390 1522
1481400 1522
1481410 1515
1481420 1507
1481430 1499
1481440 1499
1481450 1490
1481460 1483
1481470 1483
1481480 1478
1481490 1471
1481500 1471
1481510 1468
1481520 1464
1481530 1464
1481540 1460
1481550 1455
1481560 1455
1481570 1450
1481580 1445
1481590 1445
1481600 1442
1481610 1440
1481620 1440
1481630 1438
1481640 1435
1481650 1435
1481660 1431
1481670 1430
1481680 1430
1481690 1429
1481700 1427
1481710 1426
1481720 1426
1481730 1423
1481740 1422
1481750 1422
1481760 1419
1481770 1416
1481780 1416
1481790 1413
1481800 1411
1481810 1411
1481820 1407
1481830 1400
1481840 1400
1481850 1391
1481860 1385
1481870 1385
1481880 1378
1481890 1370
1481900 1370
1481910 1364
1481920 1359
1481930 1359
1481940 1354
1481950 1349
1481960 1344
1481970 1344
1481980 1339
1481990 1334
1482000 1334
1482010 1330
1482020 1325
1482030 1325
1482040 1321
1482050 1317
1482060 1317
1482070 1314
1482080 1309
1482090 1309
1482100 1305
1482110 1299
1482120 1299
1482130 1292
1482140 1286
1482150 1286
1482160 1279
1482170 1272
1482180 1272
1482190 1268
1482200 1265
1482210 1262
1482220 1262
1482230 1260
1482240 1259
1482250 1259
1482260 1256
1482270 1252
1482280 1252
1482290 1249
1482300 1245
1482310 1245
1482320 1241
1482330 1237
1482340 1237
1482350 1233
1482360 1229
1482370 1229
1482380 1226
1482390 1222
1482400 1222
1482410 1218
1482420 1214
1482430 1214
1482440 1211
1482450 1207
1482460 1204
1482470 1204
1482480 1200
1482490 1196
1482500 1196
1482510 1193
1482520 1189
1482530 1189
1482540 1186
1482550 1181
1482560 1181
1482570 1176
1482580 1172
1482590 1172
1482600 1167
1482610 1161
1482620 1161
1482630 1154
1482640 1148
1482650 1148
1482660 1142
1482670 1136
1482680 1136
1482690 1131
1482700 1125
1482710 1119
1482720 1119
1482730 1114
1482740 1109
1482750 1109
1482760 1103
1482770 1097
1482780 1097
1482790 1091
1482800 1086
1482810 1086
1482820 1082
1482830 1079
1482840 1079
1482850 1075
1482860 1071
1482870 1071
1482880 1069
1482890 1068
1482900 1068
1482910 1067
1482920 1066
1482930 1066
1482940 1066
1482950 1065
1482960 1065
1482970 1064
1482980 1063
1482990 1062
1483000 1062
1483010 1061
1483020 1060
1483030 1060
1483040 1059
1483050 1058
1483060 1058
1483070 1055
1483080 1055
1483090 1055
1483100 1056
1483110 1055
1483120 1055
1483130 1054
1483140 1053
1483150 1053
1483160 1052
1483170 1051
1483180 1051
1483190 1051
1483200 1050
1483210 1050
1483220 1049
1483230 1048
1483240 1047
1483250 1047
1483260 1046
1483270 1045
1483280 1045
1483290 1045
1483300 1044
1483310 1044
1483320 1043
1483330 1042
1483340 1042
1483350 1042
1483360 1041
1483370 1041
1483380 1040
1483390 1039
1483400 1039
1483410 1039
1483420 1038
1483430 1038
1483440 1038
1483450 1039
1483460 1039
1483470 1038
1483480 1038
1483490 1038
1483500 1038
1483510 1038
1483520 1039
1483530 1039
1483540 1039
1483550 1039
1483560 1039
1483570 1040
1483580 1041
1483590 1041
1483600 1040
1483610 1040
1483620 1040
1483630 1041
1483640 1041
1483650 1041
1483660 1041
1483670 1042
1483680 1042
1483690 1046
1483700 1048
1483710 1048
1483720 1050
1483730 1054
1483740 1058
1483750 1058
1483760 1062
1483770 1067
1483780 1067
1483790 1072
1483800 1078
1483810 1078
1483820 1084
1483830 1090
1483840 1090
1483850 1095
1483860 1100
1483870 1100
1483880 1106
1483890 1111
1483900 1111
1483910 1116
1483920 1124
1483930 1124
1483940 1132
1483950 1142
1483960 1142
1483970 1156
1483980 1165
1483990 1172
1484000 1172
1484010 1177
1484020 1186
1484030 1186
1484040 1197
1484050 1204
1484060 1204
1484070 1212
1484080 1219
1484090 1219
1484100 1225
1484110 1230
1484120 1230
1484130 1235
1484140 1242
1484150 1242
1484160 1249
1484170 1258
1484180 1258
1484190 1270
1484200 1280
1484210 1280
1484220 1286
1484230 1292
1484240 1292
1484250 1295
1484260 1302
1484270 1308
1484280 1308
1484290 1314
1484300 1322
1484310 1322
1484320 1331
1484330 1339
1484340 1339
1484350 1345
1484360 1349
1484370 1349
1484380 1353
1484390 1357
1484400 1357
1484410 1362
1484420 1366
1484430 1366
1484440 1370
1484450 1375
1484460 1375
1484470 1379
1484480 1383
1484490 1383
1484500 1388
1484510 1393
1484520 1397
1484530 1397
1484540 1401
1484550 1404
1484560 1404
1484570 1405
1484580 1407
1484590 1407
1484600 1411
1484610 1416
1484620 1416
1484630 1421
1484640 1426
1484650 1426
1484660 1431
1484670 1435
1484680 1435
1484690 1439
1484700 1446
1484710 1446
1484720 1453
1484730 1460
1484740 1460
1484750 1466
1484760 1471
1484770 1476
1484780 1476
1484790 1482
1484800 1487
1484810 1487
1484820 1494
1484830 1499
1484840 1499
1484850 1503
1484860 1508
1484870 1508
1484880 1513
1484890 1517
1484900 1517
1484910 1520
1484920 1523
1484930 1523
1484940 1526
1484950 1528
1484960 1528
1484970 1530
1484980 1533
1484990 1533
1485000 1536
1485010 1541
1485020 1544
1485030 1544
1485040 1547
1485050 1551
1485060 1551
1485070 1555
1485080 1558
1485090 1558
1485100 1561
1485110 1565
1485120 1565
1485130 1570
1485140 1575
1485150 1575
1485160 1579
1485170 1585
1485180 1585
1485190 1589
1485200 1593
1485210 1593
1485220 1598
1485230 1602
1485240 1602
1485250 1605
1485260 1609
1485270 1612
1485280 1612
1485290 1616
1485300 1618
1485310 1618
1485320 1621
1485330 1623
1485340 1623
1485350 1626
1485360 1629
1485370 1629
1485380 1633
1485390 1639
1485400 1639
1485410 1645
1485420 1650
1485430 1650
1485440 1655
1485450 1660
1485460 1660
1485470 1666
1485480 1674
1485490 1674
1485500 1680
1485510 1687
1485520 1687
1485530 1693
1485540 1700
1485550 1708
1485560 1708
1485570 1715
1485580 1722
1485590 1722
1485600 1729
1485610 1737
1485620 1737
1485630 1743
1485640 1749
1485650 1749
1485660 1755
1485670 1761
1485680 1761
1485690 1767
1485700 1774
1485710 1774
1485720 1781
1485730 1789
1485740 1789
1485750 1797
1485760 1804
1485770 1804
1485780 1811
1485790 1819
1485800 1827
1485810 1827
1485820 1837
1485830 1846
1485840 1846
1485850 1853
1485860 1861
1485870 1861
1485880 1871
1485890 1883
1485900 1883
1485910 1892
1485920 1904
1485930 1904
1485940 1911
1485950 1918
1485960 1918
1485970 1928
1485980 1937
1485990 1937
1486000 1946
1486010 1958
1486020 1958
1486030 1967
1486040 1973
1486050 1978
1486060 1978
1486070 1984
1486080 1989
1486090 1989
1486100 1994
1486110 2000
1486120 2000
1486130 2005
1486140 2012
1486150 2012
1486160 2018
1486170 2024
1486180 2024
1486190 2031
1486200 2039
1486210 2039
1486220 2048
1486230 2053
1486240 2053
1486250 2057
1486260 2059
1486270 2059
1486280 2064
1486290 2069
1486300 2076
1486310 2076
1486320 2085
1486330 2095
1486340 2095
1486350 2103
1486360 2111
1486370 2111
1486380 2120
1486390 2132
1486400 2132
1486410 2142
1486420 2166
1486430 2166
1486440 2196
1486450 2207
1486460 2207
1486470 2213
1486480 2219
1486490 2219
1486500 2225
1486510 2234
1486520 2234
1486530 2249
1486540 2262
1486550 2271
1486560 2271
1486570 2279
1486580 2286
1486590 2286
1486600 2293
1486610 2306
1486620 2306
1486630 2315
1486640 2322
1486650 2322
1486660 2325
1486670 2327
1486680 2327
1486690 2328
1486700 2331
1486710 2331
1486720 2338
1486730 2344
1486740 2344
1486750 2350
1486760 2356
1486770 2356
1486780 2362
1486790 2368
1486800 2368
1486810 2374
1486820 2381
1486830 2385
1486840 2385
1486850 2390
1486860 2385
1486870 2385
1486880 2368
1486890 2347
1486900 2347
1486910 2313
1486920 2298
1486930 2298
1486940 2291
1486950 2279
1486960 2279
1486970 2248
1486980 2239
1486990 2239
1487000 2232
1487010 2224
1487020 2224
1487030 2215
1487040 2207
1487050 2207
1487060 2199
1487070 2191
1487080 2184
1487090 2184
1487100 2177
1487110 2169
1487120 2169
1487130 2162
1487140 2152
1487150 2152
1487160 2143
1487170 2135
1487180 2135
1487190 2127
1487200 2118
1487210 2118
1487220 2110
1487230 2101
1487240 2101
1487250 2091
1487260 2084
1487270 2084
1487280 2079
1487290 2080
1487300 2080
1487310 2083
1487320 2086
1487330 2087
1487340 2087
1487350 2087
1487360 2085
1487370 2085
1487380 2081
1487390 2075
1487400 2075
1487410 2068
1487420 2060
1487430 2060
1487440 2052
1487450 2042
1487460 2042
1487470 2032
1487480 2007
1487490 2007
1487500 2010
1487510 2021
1487520 2021
1487530 2015
1487540 2005
1487550 2005
1487560 1999
1487570 1990
1487580 1978
1487590 1978
1487600 1971
1487610 1962
1487620 1962
1487630 1948
1487640 1934
1487650 1934
1487660 1926
1487670 1923
1487680 1923
1487690 1918
1487700 1908
1487710 1908
1487720 1895
1487730 1883
1487740 1883
1487750 1875
1487760 1865
1487770 1865
1487780 1855
1487790 1847
1487800 1847
1487810 1839
1487820 1832
1487830 1824
1487840 1824
1487850 1808
1487860 1790
1487870 1790
1487880 1780
1487890 1773
1487900 1773
1487910 1765
1487920 1758
1487930 1758
1487940 1751
1487950 1744
1487960 1744
1487970 1738
1487980 1731
1487990 1731
1488000 1725
1488010 1720
1488020 1720
1488030 1714
1488040 1709
1488050 1709
1488060 1703
1488070 1697
1488080 1697
1488090 1691
1488100 1685
1488110 1679
1488120 1679
1488130 1674
1488140 1668
1488150 1668
1488160 1663
1488170 1658
1488180 1658
1488190 1653
1488200 1649
1488210 1649
1488220 1644
1488230 1638
1488240 1638
1488250 1632
1488260 1627
1488270 1627
1488280 1622
1488290 1617
1488300 1617
1488310 1611
1488320 1605
1488330 1605
1488340 1600
1488350 1594
1488360 1589
1488370 1589
1488380 1584
1488390 1579
1488400 1579
1488410 1574
1488420 1570
1488430 1570
1488440 1565
1488450 1560
1488460 1560
1488470 1555
1488480 1549
1488490 1549
1488500 1544
1488510 1540
1488520 1540
1488530 1535
1488540 1532
1488550 1532
1488560 1528
1488570 1524
1488580 1524
1488590 1521
1488600 1516
1488610 1512
1488620 1512
1488630 1509
1488640 1506
1488650 1506
1488660 1502
1488670 1499
1488680 1499
1488690 1496
1488700 1493
1488710 1493
1488720 1491
1488730 1488
1488740 1488
1488750 1486
1488760 1484
1488770 1484
1488780 1482
1488790 1480
1488800 1480
1488810 1479
1488820 1479
1488830 1479
1488840 1478
1488850 1478
1488860 1478
1488870 1478
1488880 1477
1488890 1475
1488900 1475
1488910 1475
1488920 1474
1488930 1474
1488940 1471
1488950 1470
1488960 1470
1488970 1473
1488980 1475
1488990 1475
1489000 1476
1489010 1477
1489020 1477
1489030 1478
1489040 1479
1489050 1479
1489060 1481
1489070 1482
1489080 1482
1489090 1482
1489100 1483
1489110 1485
1489120 1485
1489130 1488
1489140 1491
1489150 1491
1489160 1496
1489170 1501
1489180 1501
1489190 1506
1489200 1511
1489210 1511
1489220 1516
1489230 1521
1489240 1521
1489250 1526
1489260 1530
1489270 1530
1489280 1535
1489290 1540
1489300 1540
1489310 1539
1489320 1544
1489330 1544
1489340 1552
1489350 1556
1489360 1563
1489370 1563
1489380 1569
1489390 1574
1489400 1574
1489410 1579
1489420 1584
1489430 1584
1489440 1587
1489450 1592
1489460 1592
1489470 1596
1489480 1600
1489490 1600
1489500 1605
1489510 1609
1489520 1609
1489530 1614
1489540 1616
1489550 1616
1489560 1620
1489570 1624
1489580 1624
1489590 1630
1489600 1634
1489610 1634
1489620 1638
1489630 1644
1489640 1650
1489650 1650
1489660 1659
1489670 1668
1489680 1668
1489690 1677
1489700 1684
1489710 1684
1489720 1691
1489730 1700
1489740 1700
1489750 1708
1489760 1716
1489770 1716
1489780 1728
1489790 1736
1489800 1736
1489810 1740
1489820 1747
1489830 1747
1489840 1757
1489850 1767
1489860 1767
1489870 1774
1489880 1781
1489890 1787
1489900 1787
1489910 1792
1489920 1798
1489930 1798
1489940 1805
1489950 1811
1489960 1811
1489970 1817
1489980 1823
1489990 1823
1490000 1829
1490010 1835
1490020 1835
1490030 1841
1490040 1848
1490050 1848
1490060 1854
1490070 1860
1490080 1860
1490090 1867
1490100 1875
1490110 1875
1490120 1880
1490130 1884
1490140 1889
1490150 1889
1490160 1897
1490170 1904
1490180 1904
1490190 1911
1490200 1913
1490210 1913
1490220 1915
1490230 1918
1490240 1918
1490250 1922
1490260 1925
1490270 1925
1490280 1926
1490290 1924
1490300 1924
1490310 1918
1490320 1914
1490330 1914
1490340 1909
1490350 1905
1490360 1905
1490370 1900
1490380 1895
1490390 1890
1490400 1890
1490410 1884
1490420 1878
1490430 1878
1490440 1873
1490450 1868
1490460 1868
1490470 1862
1490480 1857
1490490 1857
1490500 1852
1490510 1847
1490520 1847
1490530 1842
1490540 1837
1490550 1837
1490560 1832
1490570 1829
1490580 1829
1490590 1825
1490600 1819
1490610 1819
1490620 1814
1490630 1811
1490640 1806
1490650 1806
1490660 1801
1490670 1797
1490680 1797
1490690 1794
1490700 1791
1490710 1791
1490720 1789
1490730 1787
1490740 1787
1490750 1785
1490760 1783
1490770 1783
1490780 1782
1490790 1780
1490800 1780
1490810 1778
1490820 1776
1490830 1776
1490840 1773
1490850 1769
1490860 1769
1490870 1766
1490880 1763
1490890 1763
1490900 1759
1490910 1755
1490920 1753
1490930 1753
1490940 1749
1490950 1747
1490960 1747
1490970 1743
1490980 1740
1490990 1740
1491000 1736
1491010 1734
1491020 1734
1491030 1732
1491040 1732
1491050 1732
1491060 1729
1491070 1726
1491080 1726
1491090 1724
1491100 1721
1491110 1721
1491120 1719
1491130 1717
1491140 1717
1491150 1715
1491160 1712
1491170 1709
1491180 1709
1491190 1706
1491200 1701
1491210 1701
1491220 1697
1491230 1694
1491240 1694
1491250 1693
1491260 1691
1491270 1691
1491280 1691
1491290 1692
1491300 1692
1491310 1694
1491320 1694
1491330 1694
1491340 1695
1491350 1695
1491360 1695
1491370 1695
1491380 1695
1491390 1695
1491400 1695
1491410 1695
1491420 1695
1491430 1695
1491440 1694
1491450 1693
1491460 1693
1491470 1691
1491480 1688
1491490 1688
1491500 1684
1491510 1680
1491520 1680
1491530 1675
1491540 1669
1491550 1669
1491560 1662
1491570 1654
1491580 1654
1491590 1646
1491600 1638
1491610 1638
1491620 1630
1491630 1623
1491640 1623
1491650 1619
1491660 1615
1491670 1612
1491680 1612
1491690 1609
1491700 1606
1491710 1606
1491720 1602
1491730 1598
1491740 1598
1491750 1594
1491760 1590
1491770 1590
1491780 1586
1491790 1582
1491800 1582
1491810 1578
1491820 1573
1491830 1573
1491840 1569
1491850 1565
1491860 1565
1491870 1561
1491880 1558
1491890 1558
1491900 1555
1491910 1551
1491920 1547
1491930 1547
1491940 1543
1491950 1539
1491960 1539
1491970 1534
1491980 1529
1491990 1529
1492000 1525
1492010 1520
1492020 1520
1492030 1516
1492040 1511
1492050 1511
1492060 1506
1492070 1502
1492080 1502
1492090 1498
1492100 1493
1492110 1493
1492120 1489
1492130 1485
1492140 1485
1492150 1481
1492160 1477
1492170 1477
1492180 1473
1492190 1469
1492200 1465
1492210 1465
1492220 1461
1492230 1457
1492240 1457
1492250 1454
1492260 1451
1492270 1451
1492280 1449
1492290 1447
1492300 1447
1492310 1444
1492320 1429
1492330 1429
1492340 1403
1492350 1393
1492360 1393
1492370 1385
1492380 1376
1492390 1376
1492400 1368
1492410 1359
1492420 1359
1492430 1350
1492440 1342
1492450 1334
1492460 1334
1492470 1327
1492480 1323
1492490 1323
1492500 1319
1492510 1315
1492520 1315
1492530 1309
1492540 1302
1492550 1302
1492560 1292
1492570 1279
1492580 1279
1492590 1259
1492600 1246
1492610 1246
1492620 1237
1492630 1229
1492640 1229
1492650 1220
1492660 1211
1492670 1211
1492680 1204
1492690 1197
1492700 1190
1492710 1190
1492720 1184
1492730 1177
1492740 1177
1492750 1171
1492760 1165
1492770 1165
1492780 1159
1492790 1153
1492800 1153
1492810 1147
1492820 1141
1492830 1141
1492840 1135
1492850 1129
1492860 1129
1492870 1124
1492880 1120
1492890 1120
1492900 1118
1492910 1116
1492920 1116
1492930 1113
1492940 1111
1492950 1110
1492960 1110
1492970 1109
1492980 1108
1492990 1108
1493000 1106
1493010 1105
1493020 1105
1493030 1105
1493040 1105
1493050 1105
1493060 1105
1493070 1104
1493080 1104
1493090 1105
1493100 1105
1493110 1105
1493120 1106
1493130 1106
1493140 1106
1493150 1106
1493160 1106
1493170 1106
1493180 1106
1493190 1106
1493200 1106
1493210 1106
1493220 1107
1493230 1106
1493240 1106
1493250 1106
1493260 1106
1493270 1106
1493280 1107
1493290 1107
1493300 1107
1493310 1106
1493320 1106
1493330 1106
1493340 1106
1493350 1107
1493360 1107
1493370 1109
1493380 1110
1493390 1110
1493400 1111
1493410 1112
1493420 1112
1493430 1113
1493440 1114
1493450 1114
1493460 1115
1493470 1118
1493480 1119
1493490 1119
1493500 1121
1493510 1122
1493520 1122
1493530 1123
1493540 1124
1493550 1124
1493560 1126
1493570 1127
1493580 1127
1493590 1128
1493600 1129
1493610 1129
1493620 1131
1493630 1130
1493640 1130
1493650 1131
1493660 1133
1493670 1133
1493680 1135
1493690 1135
1493700 1135
1493710 1136
1493720 1138
1493730 1139
1493740 1139
1493750 1140
1493760 1145
1493770 1145
1493780 1149
1493790 1150
1493800 1150
1493810 1150
1493820 1151
1493830 1151
1493840 1151
1493850 1155
1493860 1155
1493870 1154
1493880 1152
1493890 1152
1493900 1153
1493910 1154
1493920 1154
1493930 1155
1493940 1157
1493950 1157
1493960 1162
1493970 1167
1493980 1173
1493990 1173
1494000 1178
1494010 1183
1494020 1183
1494030 1188
1494040 1193
1494050 1193
1494060 1196
1494070 1198
1494080 1198
1494090 1200
1494100 1203
1494110 1203
1494120 1206
1494130 1210
1494140 1210
1494150 1214
1494160 1217
1494170 1217
1494180 1222
1494190 1227
1494200 1227
1494210 1233
1494220 1239
1494230 1245
1494240 1245
1494250 1252
1494260 1259
1494270 1259
1494280 1267
1494290 1274
1494300 1274
1494310 1282
1494320 1297
1494330 1297
1494340 1304
1494350 1305
1494360 1305
1494370 1305
1494380 1306
1494390 1306
1494400 1306
1494410 1307
1494420 1307
1494430 1310
1494440 1313
1494450 1313
1494460 1317
1494470 1322
1494480 1327
1494490 1327
1494500 1333
1494510 1338
1494520 1338
1494530 1345
1494540 1351
1494550 1351
1494560 1357
1494570 1363
1494580 1363
1494590 1370
1494600 1376
1494610 1376
1494620 1383
1494630 1391
1494640 1391
1494650 1398
1494660 1406
1494670 1406
1494680 1413
1494690 1420
1494700 1420
1494710 1427
1494720 1435
1494730 1435
1494740 1442
1494750 1450
1494760 1458
1494770 1458
1494780 1466
1494790 1473
1494800 1473
1494810 1481
1494820 1491
1494830 1491
1494840 1499
1494850 1507
1494860 1507
1494870 1513
1494880 1519
1494890 1519
1494900 1525
1494910 1531
1494920 1531
1494930 1537
1494940 1544
1494950 1544
1494960 1550
1494970 1555
1494980 1555
1494990 1561
1495000 1565
1495010 1571
1495020 1571
1495030 1576
1495040 1581
1495050 1581
1495060 1587
1495070 1593
1495080 1593
1495090 1599
1495100 1606
1495110 1606
1495120 1611
1495130 1615
1495140 1615
1495150 1620
1495160 1625
1495170 1625
1495180 1631
1495190 1638
1495200 1638
1495210 1645
1495220 1652
1495230 1652
1495240 1660
1495250 1669
1495260 1678
1495270 1678
1495280 1685
1495290 1689
1495300 1689
1495310 1695
1495320 1704
1495330 1704
1495340 1713
1495350 1719
1495360 1719
1495370 1725
1495380 1729
1495390 1729
1495400 1733
1495410 1742
1495420 1742
1495430 1749
1495440 1755
1495450 1755
1495460 1760
1495470 1763
1495480 1763
1495490 1767
1495500 1772
1495510 1778
1495520 1778
1495530 1785
1495540 1790
1495550 1790
1495560 1794
1495570 1795
1495580 1795
1495590 1798
1495600 1803
1495610 1803
1495620 1808
1495630 1812
1495640 1812
1495650 1818
1495660 1825
1495670 1825
1495680 1834
1495690 1847
1495700 1847
1495710 1857
1495720 1865
1495730 1865
1495740 1873
1495750 1878
1495760 1883
1495770 1883
1495780 1885
1495790 1890
1495800 1890
1495810 1895
1495820 1900
1495830 1900
1495840 1907
1495850 1913
1495860 1913
1495870 1920
1495880 1927
1495890 1927
1495900 1934
1495910 1943
1495920 1943
1495930 1950
1495940 1957
1495950 1957
1495960 1961
1495970 1967
1495980 1967
1495990 1974
1496000 1982
1496010 1990
1496020 1990
1496030 1996
1496040 2002
1496050 2002
1496060 2010
1496070 2018
1496080 2018
1496090 2026
1496100 2025
1496110 2025
1496120 2031
1496130 2035
1496140 2035
1496150 2037
1496160 2042
1496170 2042
1496180 2046
1496190 2054
1496200 2054
1496210 2064
1496220 2073
1496230 2073
1496240 2078
1496250 2083
1496260 2083
1496270 2088
1496280 2091
1496290 2094
1496300 2094
1496310 2095
1496320 2097
1496330 2097
1496340 2100
1496350 2102
1496360 2102
1496370 2104
1496380 2102
1496390 2102
1496400 2099
1496410 2096
1496420 2096
1496430 2093
1496440 2091
1496450 2091
1496460 2089
1496470 2088
1496480 2088
1496490 2086
1496500 2085
1496510 2085
1496520 2084
1496530 2086
1496540 2088
1496550 2088
1496560 2085
1496570 2082
1496580 2082
1496590 2080
1496600 2080
1496610 2080
1496620 2079
1496630 2080
1496640 2080
1496650 2081
1496660 2083
1496670 2083
1496680 2085
1496690 2090
1496700 2090
1496710 2096
1496720 2100
1496730 2100
1496740 2105
1496750 2109
1496760 2109
1496770 2112
1496780 2110
1496790 2105
1496800 2105
1496810 2099
1496820 2094
1496830 2094
1496840 2088
1496850 2082
1496860 2082
1496870 2075
1496880 2067
1496890 2067
1496900 2057
1496910 2047
1496920 2047
1496930 2038
1496940 2029
1496950 2029
1496960 2021
1496970 2012
1496980 2012
1496990 2004
1497000 1998
1497010 1998
1497020 1992
1497030 1988
1497040 1984
1497050 1984
1497060 1979
1497070 1975
1497080 1975
1497090 1969
1497100 1963
1497110 1963
1497120 1958
1497130 1954
1497140 1954
1497150 1949
1497160 1947
1497170 1947
1497180 1943
1497190 1937
1497200 1937
1497210 1932
1497220 1927
1497230 1927
1497240 1918
1497250 1906
1497260 1906
1497270 1897
1497280 1889
1497290 1882
1497300 1882
1497310 1876
1497320 1870
1497330 1870
1497340 1865
1497350 1858
1497360 1858
1497370 1852
1497380 1846
1497390 1846
1497400 1841
1497410 1838
1497420 1838
1497430 1835
1497440 1831
1497450 1831
1497460 1826
1497470 1820
1497480 1820
1497490 1815
1497500 1811
1497510 1811
1497520 1806
1497530 1802
1497540 1798
1497550 1798
1497560 1793
1497570 1791
1497580 1791
1497590 1790
1497600 1789
1497610 1789
1497620 1790
1497630 1789
1497640 1789
1497650 1787
1497660 1787
1497670 1787
1497680 1786
1497690 1786
1497700 1786
1497710 1787
1497720 1787
1497730 1787
1497740 1789
1497750 1792
1497760 1792
1497770 1792
1497780 1792
1497790 1792
1497800 1792
1497810 1791
1497820 1791
1497830 1791
1497840 1792
1497850 1793
1497860 1793
1497870 1794
1497880 1795
1497890 1795
1497900 1796
1497910 1798
1497920 1798
1497930 1800
1497940 1803
1497950 1803
1497960 1805
1497970 1803
1497980 1803
1497990 1802
1498000 1803
1498010 1803
1498020 1804
1498030 1807
1498040 1807
1498050 1809
1498060 1812
1498070 1815
1498080 1815
1498090 1818
1498100 1822
1498110 1822
1498120 1824
1498130 1827
1498140 1827
1498150 1828
1498160 1827
1498170 1827
1498180 1827
1498190 1828
1498200 1828
1498210 1827
1498220 1827
1498230 1827
1498240 1827
1498250 1825
1498260 1825
1498270 1823
1498280 1823
1498290 1823
1498300 1824
1498310 1824
1498320 1824
1498330 1824
1498340 1825
1498350 1825
1498360 1825
1498370 1825
1498380 1826
1498390 1826
1498400 1829
1498410 1831
1498420 1831
1498430 1835
1498440 1838
1498450 1838
1498460 1841
1498470 1843
1498480 1843
1498490 1845
1498500 1847
1498510 1847
1498520 1850
1498530 1850
1498540 1850
1498550 1850
1498560 1849
1498570 1847
1498580 1847
1498590 1844
1498600 1841
1498610 1841
1498620 1838
1498630 1835
1498640 1835
1498650 1832
1498660 1829
1498670 1829
1498680 1827
1498690 1824
1498700 1824
1498710 1822
1498720 1819
1498730 1819
1498740 1816
1498750 1811
1498760 1811
1498770 1807
1498780 1802
1498790 1802
1498800 1799
1498810 1795
1498820 1790
1498830 1790
1498840 1786
1498850 1784
1498860 1784
1498870 1783
1498880 1782
1498890 1782
1498900 1778
1498910 1775
1498920 1775
1498930 1771
1498940 1767
1498950 1767
1498960 1766
1498970 1767
1498980 1767
1498990 1765
1499000 1764
1499010 1764
1499020 1763
1499030 1763
1499040 1763
1499050 1762
1499060 1760
1499070 1760
1499080 1758
1499090 1760
1499100 1762
1499110 1762
1499120 1766
1499130 1768
1499140 1768
1499150 1769
1499160 1769
1499170 1769
1499180 1769
1499190 1768
1499200 1768
1499210 1770
1499220 1771
1499230 1771
1499240 1770
1499250 1768
1499260 1768
1499270 1766
1499280 1766
1499290 1766
1499300 1764
1499310 1763
1499320 1763
1499330 1761
1499340 1760
1499350 1765
1499360 1765
1499370 1769
1499380 1770
1499390 1770
1499400 1769
1499410 1764
1499420 1764
1499430 1759
1499440 1758
1499450 1758
1499460 1758
1499470 1757
1499480 1757
1499490 1752
1499500 1749
1499510 1749
1499520 1748
1499530 1746
1499540 1746
1499550 1745
1499560 1743
1499570 1743
1499580 1742
1499590 1741
1499600 1740
1499610 1740
1499620 1740
1499630 1738
1499640 1738
1499650 1737
1499660 1737
1499670 1737
1499680 1736
1499690 1735
1499700 1735
1499710 1734
1499720 1734
1499730 1734
1499740 1734
1499750 1733
1499760 1733
1499770 1731
1499780 1729
1499790 1729
1499800 1729
1499810 1728
1499820 1728
1499830 1728
1499840 1728
1499850 1727
1499860 1727
1499870 1726
1499880 1724
1499890 1724
1499900 1723
1499910 1722
1499920 1722
1499930 1721
1499940 1719
1499950 1719
1499960 1718
1499970 1715
1499980 1715
1499990 1714
