1480000 1697
1480010 1699
1480020 1700
1480030 1700
1480040 1703
1480050 1705
1480060 1705
1480070 1707
1480080 1710
1480090 1710
1480100 1714
1480110 1717
1480120 1717
1480130 1720
1480140 1722
1480150 1725
1480160 1725
1480170 1728
1480180 1730
1480190 1730
1480200 1734
1480210 1737
1480220 1737
1480230 1739
1480240 1741
1480250 1741
1480260 1744
1480270 1747
1480280 1747
1480290 1749
1480300 1752
1480310 1752
1480320 1755
1480330 1758
1480340 1758
1480350 1759
1480360 1756
1480370 1756
1480380 1756
1480390 1760
1480400 1763
1480410 1763
1480420 1767
1480430 1771
1480440 1771
1480450 1771
1480460 1774
1480470 1774
1480480 1779
1480490 1783
1480500 1783
1480510 1785
1480520 1786
1480530 1786
1480540 1786
1480550 1787
1480560 1787
1480570 1787
1480580 1787
1480590 1787
1480600 1788
1480610 1787
1480620 1787
1480630 1786
1480640 1784
1480650 1779
1480660 1779
1480670 1774
1480680 1765
1480690 1765
1480700 1747
1480710 1729
1480720 1729
1480730 1708
1480740 1690
1480750 1690
1480760 1684
1480770 1679
1480780 1679
1480790 1673
1480800 1671
1480810 1671
1480820 1672
1480830 1665
1480840 1665
1480850 1654
1480860 1648
1480870 1648
1480880 1650
1480890 1654
1480900 1654
1480910 1651
1480920 1644
1480930 1639
1480940 1639
1480950 1634
1480960 1631
1480970 1631
1480980 1627
1480990 1625
1481000 1625
1481010 1620
1481020 1614
1481030 1614
1481040 1608
1481050 1602
1481060 1602
1481070 1596
1481080 1589
1481090 1589
1481100 1582
1481110 1576
1481120 1576
1481130 1571
1481140 1568
1481150 1568
1481160 1565
1481170 1562
1481180 1563
1481190 1563
1481200 1563
1481210 1563
1481220 1563
1481230 1561
1481240 1558
1481250 1558
1481260 1554
1481270 1551
1481280 1551
1481290 1547
1481300 1543
1481310 1543
1481320 1541
1481330 1538
1481340 1538
1481350 1530
1481360 1523
1481370 1523
1481380 1514
1481390 1507
1481400 1507
1481410 1498
1481420 1490
1481430 1483
1481440 1483
1481450 1477
1481460 1472
1481470 1472
1481480 1467
1481490 1462
1481500 1462
1481510 1457
1481520 1452
1481530 1452
1481540 1446
1481550 1439
1481560 1439
1481570 1430
1481580 1422
1481590 1422
1481600 1415
1481610 1408
1481620 1408
1481630 1402
1481640 1398
1481650 1398
1481660 1394
1481670 1390
1481680 1388
1481690 1388
1481700 1386
1481710 1381
1481720 1381
1481730 1378
1481740 1376
1481750 1376
1481760 1374
1481770 1372
1481780 1372
1481790 1369
1481800 1365
1481810 1365
1481820 1362
1481830 1359
1481840 1359
1481850 1355
1481860 1351
1481870 1351
1481880 1346
1481890 1342
1481900 1342
1481910 1340
1481920 1337
1481930 1335
1481940 1335
1481950 1334
1481960 1333
1481970 1333
1481980 1332
1481990 1331
1482000 1331
1482010 1328
1482020 1325
1482030 1325
1482040 1321
1482050 1318
1482060 1318
1482070 1315
1482080 1308
1482090 1308
1482100 1300
1482110 1291
1482120 1291
1482130 1282
1482140 1274
1482150 1274
1482160 1267
1482170 1259
1482180 1259
1482190 1253
1482200 1247
1482210 1241
1482220 1241
1482230 1237
1482240 1234
1482250 1234
1482260 1231
1482270 1229
1482280 1229
1482290 1226
1482300 1223
1482310 1223
1482320 1221
1482330 1217
1482340 1217
1482350 1214
1482360 1210
1482370 1210
1482380 1205
1482390 1200
1482400 1200
1482410 1195
1482420 1189
1482430 1189
1482440 1184
1482450 1179
1482460 1174
1482470 1174
1482480 1170
1482490 1166
1482500 1166
1482510 1163
1482520 1159
1482530 1159
1482540 1153
1482550 1148
1482560 1148
1482570 1143
1482580 1138
1482590 1138
1482600 1134
1482610 1128
1482620 1128
1482630 1128
1482640 1126
1482650 1126
1482660 1123
1482670 1118
1482680 1118
1482690 1116
1482700 1112
1482710 1111
1482720 1111
1482730 1110
1482740 1109
1482750 1109
1482760 1108
1482770 1105
1482780 1105
1482790 1100
1482800 1097
1482810 1097
1482820 1093
1482830 1087
1482840 1087
1482850 1080
1482860 1074
1482870 1074
1482880 1067
1482890 1060
1482900 1060
1482910 1054
1482920 1049
1482930 1049
1482940 1044
1482950 1040
1482960 1036
1482970 1036
1482980 1033
1482990 1031
1483000 1031
1483010 1029
1483020 1028
1483030 1028
1483040 1027
1483050 1027
1483060 1027
1483070 1026
1483080 1026
1483090 1026
1483100 1027
1483110 1027
1483120 1027
1483130 1027
1483140 1027
1483150 1027
1483160 1027
1483170 1027
1483180 1027
1483190 1026
1483200 1027
1483210 1027
1483220 1028
1483230 1028
1483240 1028
1483250 1028
1483260 1028
1483270 1027
1483280 1027
1483290 1027
1483300 1028
1483310 1028
1483320 1031
1483330 1033
1483340 1033
1483350 1034
1483360 1035
1483370 1035
1483380 1037
1483390 1038
1483400 1038
1483410 1039
1483420 1040
1483430 1040
1483440 1041
1483450 1042
1483460 1042
1483470 1043
1483480 1044
1483490 1045
1483500 1045
1483510 1046
1483520 1046
1483530 1046
1483540 1047
1483550 1048
1483560 1048
1483570 1049
1483580 1050
1483590 1050
1483600 1053
1483610 1057
1483620 1057
1483630 1063
1483640 1068
1483650 1068
1483660 1074
1483670 1080
1483680 1080
1483690 1086
1483700 1092
1483710 1092
1483720 1098
1483730 1104
1483740 1110
1483750 1110
1483760 1117
1483770 1124
1483780 1124
1483790 1130
1483800 1138
1483810 1138
1483820 1144
1483830 1149
1483840 1149
1483850 1155
1483860 1161
1483870 1161
1483880 1166
1483890 1171
1483900 1171
1483910 1175
1483920 1180
1483930 1180
1483940 1184
1483950 1188
1483960 1188
1483970 1191
1483980 1194
1483990 1199
1484000 1199
1484010 1204
1484020 1210
1484030 1210
1484040 1215
1484050 1218
1484060 1218
1484070 1224
1484080 1230
1484090 1230
1484100 1236
1484110 1242
1484120 1242
1484130 1248
1484140 1254
1484150 1254
1484160 1259
1484170 1263
1484180 1263
1484190 1267
1484200 1273
1484210 1273
1484220 1278
1484230 1284
1484240 1284
1484250 1289
1484260 1295
1484270 1296
1484280 1296
1484290 1297
1484300 1300
1484310 1300
1484320 1303
1484330 1306
1484340 1306
1484350 1308
1484360 1313
1484370 1313
1484380 1318
1484390 1324
1484400 1324
1484410 1328
1484420 1332
1484430 1332
1484440 1335
1484450 1338
1484460 1338
1484470 1341
1484480 1345
1484490 1345
1484500 1348
1484510 1352
1484520 1358
1484530 1358
1484540 1365
1484550 1371
1484560 1371
1484570 1376
1484580 1380
1484590 1380
1484600 1381
1484610 1384
1484620 1384
1484630 1390
1484640 1397
1484650 1397
1484660 1403
1484670 1407
1484680 1407
1484690 1410
1484700 1412
1484710 1412
1484720 1416
1484730 1421
1484740 1421
1484750 1425
1484760 1429
1484770 1432
1484780 1432
1484790 1435
1484800 1440
1484810 1440
1484820 1445
1484830 1450
1484840 1450
1484850 1456
1484860 1461
1484870 1461
1484880 1467
1484890 1472
1484900 1472
1484910 1477
1484920 1483
1484930 1483
1484940 1488
1484950 1493
1484960 1493
1484970 1496
1484980 1497
1484990 1497
1485000 1499
1485010 1501
1485020 1504
1485030 1504
1485040 1508
1485050 1512
1485060 1512
1485070 1516
1485080 1520
1485090 1520
1485100 1524
1485110 1528
1485120 1528
1485130 1533
1485140 1537
1485150 1537
1485160 1542
1485170 1546
1485180 1546
1485190 1551
1485200 1556
1485210 1556
1485220 1561
1485230 1566
1485240 1566
1485250 1571
1485260 1576
1485270 1580
1485280 1580
1485290 1585
1485300 1590
1485310 1590
1485320 1594
1485330 1599
1485340 1599
1485350 1603
1485360 1608
1485370 1608
1485380 1614
1485390 1620
1485400 1620
1485410 1625
1485420 1631
1485430 1631
1485440 1637
1485450 1644
1485460 1644
1485470 1650
1485480 1657
1485490 1657
1485500 1664
1485510 1670
1485520 1670
1485530 1677
1485540 1684
1485550 1691
1485560 1691
1485570 1699
1485580 1706
1485590 1706
1485600 1714
1485610 1721
1485620 1721
1485630 1728
1485640 1734
1485650 1734
1485660 1740
1485670 1746
1485680 1746
1485690 1752
1485700 1759
1485710 1759
1485720 1765
1485730 1772
1485740 1772
1485750 1778
1485760 1782
1485770 1782
1485780 1789
1485790 1795
1485800 1802
1485810 1802
1485820 1808
1485830 1815
1485840 1815
1485850 1820
1485860 1826
1485870 1826
1485880 1833
1485890 1839
1485900 1839
1485910 1848
1485920 1855
1485930 1855
1485940 1862
1485950 1868
1485960 1868
1485970 1873
1485980 1880
1485990 1880
1486000 1887
1486010 1893
1486020 1893
1486030 1896
1486040 1898
1486050 1902
1486060 1902
1486070 1906
1486080 1910
1486090 1910
1486100 1915
1486110 1919
1486120 1919
1486130 1922
1486140 1924
1486150 1924
1486160 1926
1486170 1928
1486180 1928
1486190 1931
1486200 1934
1486210 1934
1486220 1937
1486230 1939
1486240 1939
1486250 1941
1486260 1943
1486270 1943
1486280 1945
1486290 1946
1486300 1946
1486310 1946
1486320 1947
1486330 1948
1486340 1948
1486350 1950
1486360 1952
1486370 1952
1486380 1954
1486390 1954
1486400 1954
1486410 1956
1486420 1957
1486430 1957
1486440 1957
1486450 1957
1486460 1957
1486470 1958
1486480 1959
1486490 1959
1486500 1959
1486510 1959
1486520 1959
1486530 1959
1486540 1959
1486550 1959
1486560 1959
1486570 1960
1486580 1962
1486590 1962
1486600 1964
1486610 1967
1486620 1967
1486630 1969
1486640 1970
1486650 1970
1486660 1963
1486670 1953
1486680 1953
1486690 1944
1486700 1937
1486710 1937
1486720 1935
1486730 1938
1486740 1938
1486750 1932
1486760 1927
1486770 1927
1486780 1924
1486790 1923
1486800 1923
1486810 1926
1486820 1927
1486830 1925
1486840 1925
1486850 1924
1486860 1925
1486870 1925
1486880 1927
1486890 1930
1486900 1930
1486910 1933
1486920 1932
1486930 1932
1486940 1927
1486950 1926
1486960 1926
1486970 1928
1486980 1929
1486990 1929
1487000 1930
1487010 1930
1487020 1930
1487030 1928
1487040 1925
1487050 1925
1487060 1922
1487070 1920
1487080 1920
1487090 1920
1487100 1919
1487110 1918
1487120 1918
1487130 1918
1487140 1918
1487150 1918
1487160 1917
1487170 1916
1487180 1916
1487190 1914
1487200 1913
1487210 1913
1487220 1914
1487230 1915
1487240 1915
1487250 1915
1487260 1917
1487270 1917
1487280 1918
1487290 1918
1487300 1918
1487310 1920
1487320 1926
1487330 1931
1487340 1931
1487350 1936
1487360 1942
1487370 1942
1487380 1951
1487390 1957
1487400 1957
1487410 1964
1487420 1970
1487430 1970
1487440 1974
1487450 1974
1487460 1974
1487470 1970
1487480 1964
1487490 1964
1487500 1959
1487510 1956
1487520 1956
1487530 1954
1487540 1949
1487550 1949
1487560 1939
1487570 1925
1487580 1925
1487590 1918
1487600 1914
1487610 1902
1487620 1902
1487630 1896
1487640 1883
1487650 1883
1487660 1868
1487670 1858
1487680 1858
1487690 1851
1487700 1845
1487710 1845
1487720 1838
1487730 1827
1487740 1827
1487750 1824
1487760 1818
1487770 1818
1487780 1814
1487790 1807
1487800 1807
1487810 1801
1487820 1796
1487830 1796
1487840 1791
1487850 1785
1487860 1779
1487870 1779
1487880 1773
1487890 1765
1487900 1765
1487910 1760
1487920 1756
1487930 1756
1487940 1752
1487950 1746
1487960 1746
1487970 1740
1487980 1735
1487990 1735
1488000 1730
1488010 1725
1488020 1725
1488030 1719
1488040 1712
1488050 1712
1488060 1705
1488070 1699
1488080 1699
1488090 1694
1488100 1691
1488110 1690
1488120 1690
1488130 1690
1488140 1688
1488150 1688
1488160 1687
1488170 1684
1488180 1684
1488190 1680
1488200 1677
1488210 1677
1488220 1673
1488230 1668
1488240 1668
1488250 1663
1488260 1660
1488270 1660
1488280 1656
1488290 1651
1488300 1651
1488310 1645
1488320 1640
1488330 1640
1488340 1635
1488350 1630
1488360 1624
1488370 1624
1488380 1620
1488390 1617
1488400 1617
1488410 1615
1488420 1612
1488430 1612
1488440 1610
1488450 1608
1488460 1608
1488470 1604
1488480 1600
1488490 1600
1488500 1596
1488510 1590
1488520 1590
1488530 1585
1488540 1578
1488550 1578
1488560 1573
1488570 1568
1488580 1568
1488590 1565
1488600 1562
1488610 1560
1488620 1560
1488630 1556
1488640 1551
1488650 1551
1488660 1548
1488670 1544
1488680 1544
1488690 1539
1488700 1534
1488710 1534
1488720 1529
1488730 1525
1488740 1525
1488750 1521
1488760 1517
1488770 1517
1488780 1514
1488790 1509
1488800 1509
1488810 1505
1488820 1500
1488830 1500
1488840 1495
1488850 1489
1488860 1489
1488870 1486
1488880 1485
1488890 1486
1488900 1486
1488910 1488
1488920 1486
1488930 1486
1488940 1484
1488950 1482
1488960 1482
1488970 1480
1488980 1477
1488990 1477
1489000 1473
1489010 1468
1489020 1468
1489030 1463
1489040 1459
1489050 1459
1489060 1454
1489070 1449
1489080 1449
1489090 1443
1489100 1438
1489110 1438
1489120 1434
1489130 1431
1489140 1429
1489150 1429
1489160 1426
1489170 1423
1489180 1423
1489190 1419
1489200 1416
1489210 1416
1489220 1412
1489230 1408
1489240 1408
1489250 1402
1489260 1401
1489270 1401
1489280 1401
1489290 1400
1489300 1400
1489310 1399
1489320 1399
1489330 1399
1489340 1400
1489350 1401
1489360 1401
1489370 1403
1489380 1405
1489390 1406
1489400 1406
1489410 1408
1489420 1410
1489430 1410
1489440 1413
1489450 1415
1489460 1415
1489470 1419
1489480 1423
1489490 1423
1489500 1426
1489510 1430
1489520 1430
1489530 1433
1489540 1436
1489550 1436
1489560 1439
1489570 1443
1489580 1443
1489590 1448
1489600 1453
1489610 1453
1489620 1457
1489630 1460
1489640 1463
1489650 1463
1489660 1465
1489670 1467
1489680 1467
1489690 1469
1489700 1471
1489710 1471
1489720 1473
1489730 1477
1489740 1477
1489750 1484
1489760 1491
1489770 1491
1489780 1498
1489790 1502
1489800 1502
1489810 1502
1489820 1501
1489830 1501
1489840 1505
1489850 1510
1489860 1510
1489870 1516
1489880 1523
1489890 1523
1489900 1530
1489910 1537
1489920 1544
1489930 1544
1489940 1550
1489950 1556
1489960 1556
1489970 1562
1489980 1568
1489990 1568
1490000 1574
1490010 1580
1490020 1580
1490030 1586
1490040 1592
1490050 1592
1490060 1599
1490070 1605
1490080 1605
1490090 1611
1490100 1619
1490110 1619
1490120 1629
1490130 1638
1490140 1638
1490150 1645
1490160 1651
1490170 1657
1490180 1657
1490190 1664
1490200 1670
1490210 1670
1490220 1677
1490230 1684
1490240 1684
1490250 1693
1490260 1701
1490270 1701
1490280 1706
1490290 1713
1490300 1713
1490310 1720
1490320 1728
1490330 1728
1490340 1736
1490350 1742
1490360 1742
1490370 1748
1490380 1753
1490390 1753
1490400 1759
1490410 1765
1490420 1772
1490430 1772
1490440 1780
1490450 1786
1490460 1786
1490470 1793
1490480 1799
1490490 1799
1490500 1804
1490510 1808
1490520 1808
1490530 1813
1490540 1817
1490550 1817
1490560 1821
1490570 1826
1490580 1826
1490590 1827
1490600 1825
1490610 1825
1490620 1820
1490630 1817
1490640 1817
1490650 1811
1490660 1796
1490670 1796
1490680 1796
1490690 1796
1490700 1797
1490710 1797
1490720 1810
1490730 1830
1490740 1830
1490750 1837
1490760 1844
1490770 1844
1490780 1855
1490790 1870
1490800 1870
1490810 1898
1490820 1919
1490830 1919
1490840 1928
1490850 1936
1490860 1936
1490870 1944
1490880 1950
1490890 1950
1490900 1957
1490910 1963
1490920 1963
1490930 1969
1490940 1976
1490950 1982
1490960 1982
1490970 1987
1490980 1990
1490990 1990
1491000 1992
1491010 1994
1491020 1994
1491030 1996
1491040 1997
1491050 1997
1491060 1997
1491070 1998
1491080 1998
1491090 1999
1491100 1999
1491110 1999
1491120 1997
1491130 1994
1491140 1994
1491150 1990
1491160 1985
1491170 1985
1491180 1980
1491190 1974
1491200 1969
1491210 1969
1491220 1966
1491230 1963
1491240 1963
1491250 1958
1491260 1953
1491270 1953
1491280 1949
1491290 1946
1491300 1946
1491310 1944
1491320 1943
1491330 1943
1491340 1941
1491350 1935
1491360 1935
1491370 1928
1491380 1923
1491390 1923
1491400 1915
1491410 1905
1491420 1905
1491430 1897
1491440 1890
1491450 1884
1491460 1884
1491470 1880
1491480 1875
1491490 1875
1491500 1869
1491510 1863
1491520 1863
1491530 1849
1491540 1835
1491550 1835
1491560 1823
1491570 1812
1491580 1812
1491590 1801
1491600 1783
1491610 1783
1491620 1769
1491630 1759
1491640 1759
1491650 1751
1491660 1742
1491670 1742
1491680 1735
1491690 1729
1491700 1718
1491710 1718
1491720 1709
1491730 1700
1491740 1700
1491750 1693
1491760 1685
1491770 1685
1491780 1679
1491790 1670
1491800 1670
1491810 1658
1491820 1648
1491830 1648
1491840 1639
1491850 1632
1491860 1632
1491870 1625
1491880 1618
1491890 1618
1491900 1612
1491910 1602
1491920 1602
1491930 1595
1491940 1586
1491950 1575
1491960 1575
1491970 1567
1491980 1563
1491990 1563
1492000 1557
1492010 1548
1492020 1548
1492030 1538
1492040 1529
1492050 1529
1492060 1522
1492070 1506
1492080 1506
1492090 1495
1492100 1485
1492110 1485
1492120 1476
1492130 1469
1492140 1469
1492150 1463
1492160 1457
1492170 1457
1492180 1448
1492190 1439
1492200 1439
1492210 1433
1492220 1428
1492230 1421
1492240 1421
1492250 1414
1492260 1408
1492270 1408
1492280 1402
1492290 1397
1492300 1397
1492310 1394
1492320 1390
1492330 1390
1492340 1385
1492350 1380
1492360 1380
1492370 1375
1492380 1371
1492390 1371
1492400 1365
1492410 1359
1492420 1359
1492430 1349
1492440 1334
1492450 1334
1492460 1321
1492470 1312
1492480 1304
1492490 1304
1492500 1295
1492510 1287
1492520 1287
1492530 1279
1492540 1273
1492550 1273
1492560 1266
1492570 1260
1492580 1260
1492590 1253
1492600 1246
1492610 1246
1492620 1241
1492630 1237
1492640 1237
1492650 1230
1492660 1224
1492670 1224
1492680 1219
1492690 1216
1492700 1216
1492710 1214
1492720 1210
1492730 1206
1492740 1206
1492750 1202
1492760 1197
1492770 1197
1492780 1193
1492790 1188
1492800 1188
1492810 1184
1492820 1179
1492830 1179
1492840 1175
1492850 1170
1492860 1170
1492870 1166
1492880 1162
1492890 1162
1492900 1158
1492910 1154
1492920 1154
1492930 1149
1492940 1145
1492950 1145
1492960 1141
1492970 1138
1492980 1136
1492990 1136
1493000 1132
1493010 1129
1493020 1129
1493030 1126
1493040 1121
1493050 1121
1493060 1117
1493070 1114
1493080 1114
1493090 1111
1493100 1108
1493110 1108
1493120 1104
1493130 1102
1493140 1102
1493150 1101
1493160 1099
1493170 1099
1493180 1097
1493190 1096
1493200 1096
1493210 1095
1493220 1096
1493230 1096
1493240 1101
1493250 1104
1493260 1106
1493270 1106
1493280 1106
1493290 1108
1493300 1108
1493310 1110
1493320 1111
1493330 1111
1493340 1113
1493350 1115
1493360 1115
1493370 1117
1493380 1121
1493390 1121
1493400 1125
1493410 1125
1493420 1125
1493430 1125
1493440 1124
1493450 1124
1493460 1125
1493470 1126
1493480 1126
1493490 1128
1493500 1130
1493510 1133
1493520 1133
1493530 1134
1493540 1136
1493550 1136
1493560 1138
1493570 1139
1493580 1139
1493590 1141
1493600 1143
1493610 1143
1493620 1145
1493630 1147
1493640 1147
1493650 1150
1493660 1152
1493670 1152
1493680 1154
1493690 1156
1493700 1156
1493710 1158
1493720 1160
1493730 1160
1493740 1163
1493750 1165
1493760 1167
1493770 1167
1493780 1169
1493790 1171
1493800 1171
1493810 1174
1493820 1176
1493830 1176
1493840 1179
1493850 1181
1493860 1181
1493870 1183
1493880 1185
1493890 1185
1493900 1187
1493910 1190
1493920 1190
1493930 1193
1493940 1196
1493950 1196
1493960 1199
1493970 1201
1493980 1201
1493990 1203
1494000 1206
1494010 1206
1494020 1206
1494030 1208
1494040 1212
1494050 1212
1494060 1212
1494070 1212
1494080 1212
1494090 1213
1494100 1214
1494110 1214
1494120 1218
1494130 1223
1494140 1223
1494150 1230
1494160 1236
1494170 1236
1494180 1242
1494190 1248
1494200 1248
1494210 1254
1494220 1260
1494230 1260
1494240 1266
1494250 1272
1494260 1272
1494270 1279
1494280 1287
1494290 1296
1494300 1296
1494310 1304
1494320 1312
1494330 1312
1494340 1319
1494350 1327
1494360 1327
1494370 1335
1494380 1342
1494390 1342
1494400 1349
1494410 1356
1494420 1356
1494430 1363
1494440 1370
1494450 1370
1494460 1377
1494470 1383
1494480 1383
1494490 1389
1494500 1395
1494510 1395
1494520 1400
1494530 1406
1494540 1412
1494550 1412
1494560 1418
1494570 1425
1494580 1425
1494590 1431
1494600 1436
1494610 1436
1494620 1442
1494630 1445
1494640 1445
1494650 1444
1494660 1443
1494670 1443
1494680 1439
1494690 1446
1494700 1446
1494710 1454
1494720 1460
1494730 1460
1494740 1465
1494750 1468
1494760 1468
1494770 1471
1494780 1469
1494790 1464
1494800 1464
1494810 1465
1494820 1468
1494830 1468
1494840 1472
1494850 1470
1494860 1470
1494870 1471
1494880 1473
1494890 1473
1494900 1475
1494910 1477
1494920 1477
1494930 1477
1494940 1479
1494950 1479
1494960 1484
1494970 1488
1494980 1488
1494990 1490
1495000 1492
1495010 1492
1495020 1495
1495030 1497
1495040 1499
1495050 1499
1495060 1497
1495070 1497
1495080 1497
1495090 1499
1495100 1501
1495110 1501
1495120 1503
1495130 1505
1495140 1505
1495150 1504
1495160 1501
1495170 1501
1495180 1497
1495190 1496
1495200 1496
1495210 1501
1495220 1499
1495230 1499
1495240 1503
1495250 1503
1495260 1503
1495270 1508
1495280 1509
1495290 1509
1495300 1509
1495310 1502
1495320 1504
1495330 1504
1495340 1511
1495350 1513
1495360 1513
1495370 1514
1495380 1517
1495390 1517
1495400 1518
1495410 1521
1495420 1521
1495430 1522
1495440 1522
1495450 1522
1495460 1527
1495470 1536
1495480 1536
1495490 1544
1495500 1551
1495510 1551
1495520 1561
1495530 1568
1495540 1568
1495550 1586
1495560 1602
1495570 1611
1495580 1611
1495590 1617
1495600 1624
1495610 1624
1495620 1633
1495630 1644
1495640 1644
1495650 1656
1495660 1666
1495670 1666
1495680 1673
1495690 1673
1495700 1673
1495710 1673
1495720 1682
1495730 1682
1495740 1688
1495750 1692
1495760 1692
1495770 1697
1495780 1702
1495790 1702
1495800 1707
1495810 1714
1495820 1723
1495830 1723
1495840 1733
1495850 1739
1495860 1739
1495870 1746
1495880 1752
1495890 1752
1495900 1759
1495910 1764
1495920 1764
1495930 1765
1495940 1769
1495950 1769
1495960 1776
1495970 1780
1495980 1780
1495990 1782
1496000 1784
1496010 1784
1496020 1796
1496030 1806
1496040 1806
1496050 1814
1496060 1821
1496070 1827
1496080 1827
1496090 1835
1496100 1841
1496110 1841
1496120 1848
1496130 1855
1496140 1855
1496150 1862
1496160 1867
1496170 1867
1496180 1872
1496190 1879
1496200 1879
1496210 1887
1496220 1893
1496230 1893
1496240 1901
1496250 1909
1496260 1905
1496270 1911
1496280 1918
1496290 1918
1496300 1925
1496310 1933
1496320 1941
1496330 1941
1496340 1948
1496350 1953
1496360 1953
1496370 1960
1496380 1965
1496390 1965
1496400 1971
1496410 1977
1496420 1977
1496430 1983
1496440 1991
1496450 1991
1496460 1998
1496470 2005
1496480 2005
1496490 2012
1496500 2020
1496510 2020
1496520 2027
1496530 2034
1496540 2034
1496550 2040
1496560 2047
1496570 2055
1496580 2055
1496590 2061
1496600 2070
1496610 2070
1496620 2077
1496630 2085
1496640 2085
1496650 2093
1496660 2100
1496670 2100
1496680 2108
1496690 2118
1496700 2118
1496710 2126
1496720 2133
1496730 2133
1496740 2141
1496750 2149
1496760 2149
1496770 2158
1496780 2165
1496790 2165
1496800 2172
1496810 2179
1496820 2179
1496830 2186
1496840 2195
1496850 2204
1496860 2204
1496870 2193
1496880 2177
1496890 2177
1496900 2169
1496910 2156
1496920 2156
1496930 2141
1496940 2133
1496950 2133
1496960 2126
1496970 2119
1496980 2119
1496990 2112
1497000 2106
1497010 2106
1497020 2101
1497030 2094
1497040 2094
1497050 2088
1497060 2083
1497070 2083
1497080 2077
1497090 2065
1497100 2054
1497110 2054
1497120 2046
1497130 2038
1497140 2038
1497150 2031
1497160 2025
1497170 2025
1497180 2019
1497190 2016
1497200 2016
1497210 2016
1497220 2019
1497230 2019
1497240 2020
1497250 2021
1497260 2021
1497270 2021
1497280 2022
1497290 2022
1497300 2022
1497310 2025
1497320 2025
1497330 2030
1497340 2033
1497350 2035
1497360 2035
1497370 2035
1497380 2033
1497390 2033
1497400 2031
1497410 2029
1497420 2029
1497430 2030
1497440 2031
1497450 2031
1497460 2033
1497470 2034
1497480 2034
1497490 2036
1497500 2037
1497510 2037
1497520 2037
1497530 2036
1497540 2036
1497550 2034
1497560 2034
1497570 2034
1497580 2032
1497590 2031
1497600 2035
1497610 2035
1497620 2042
1497630 2051
1497640 2051
1497650 2041
1497660 2031
1497670 2031
1497680 2041
1497690 2037
1497700 2037
1497710 2038
1497720 2039
1497730 2039
1497740 2038
1497750 2042
1497760 2042
1497770 2052
1497780 2060
1497790 2060
1497800 2066
1497810 2067
1497820 2067
1497830 2069
1497840 2070
1497850 2070
1497860 2071
1497870 2072
1497880 2074
1497890 2074
1497900 2071
1497910 2072
1497920 2072
1497930 2075
1497940 2075
1497950 2075
1497960 2077
1497970 2083
1497980 2083
1497990 2087
1498000 2084
1498010 2084
1498020 2073
1498030 2062
1498040 2062
1498050 2052
1498060 2044
1498070 2044
1498080 2035
1498090 2026
1498100 2026
1498110 2017
1498120 2010
1498130 2005
1498140 2005
1498150 2000
1498160 1996
1498170 1996
1498180 1993
1498190 1991
1498200 1991
1498210 1988
1498220 1984
1498230 1984
1498240 1981
1498250 1977
1498260 1977
1498270 1973
1498280 1968
1498290 1968
1498300 1963
1498310 1960
1498320 1960
1498330 1959
1498340 1958
1498350 1958
1498360 1958
1498370 1958
1498380 1958
1498390 1958
1498400 1957
1498410 1956
1498420 1956
1498430 1956
1498440 1956
1498450 1956
1498460 1956
1498470 1955
1498480 1955
1498490 1955
1498500 1955
1498510 1955
1498520 1954
1498530 1953
1498540 1953
1498550 1954
1498560 1954
1498570 1954
1498580 1954
1498590 1953
1498600 1953
1498610 1953
1498620 1952
1498630 1952
1498640 1952
1498650 1952
1498660 1955
1498670 1955
1498680 1956
1498690 1957
1498700 1957
1498710 1957
1498720 1954
1498730 1954
1498740 1951
1498750 1950
1498760 1950
1498770 1949
1498780 1948
1498790 1948
1498800 1946
1498810 1947
1498820 1947
1498830 1946
1498840 1947
1498850 1947
1498860 1948
1498870 1950
1498880 1950
1498890 1953
1498900 1959
1498910 1964
1498920 1964
1498930 1968
1498940 1974
1498950 1974
1498960 1978
1498970 1978
1498980 1978
1498990 1978
1499000 1975
1499010 1975
1499020 1974
1499030 1973
1499040 1973
1499050 1971
1499060 1969
1499070 1969
1499080 1966
1499090 1962
1499100 1962
1499110 1957
1499120 1953
1499130 1953
1499140 1949
1499150 1946
1499160 1943
1499170 1943
1499180 1939
1499190 1935
1499200 1935
1499210 1931
1499220 1928
1499230 1928
1499240 1921
1499250 1913
1499260 1913
1499270 1906
1499280 1897
1499290 1897
1499300 1890
1499310 1884
1499320 1884
1499330 1877
1499340 1872
1499350 1872
1499360 1866
1499370 1861
1499380 1861
1499390 1855
1499400 1850
1499410 1847
1499420 1847
1499430 1843
1499440 1838
1499450 1838
1499460 1834
1499470 1829
1499480 1829
1499490 1826
1499500 1826
1499510 1826
1499520 1827
1499530 1830
1499540 1830
1499550 1832
1499560 1836
1499570 1836
1499580 1840
1499590 1843
1499600 1843
1499610 1844
1499620 1844
1499630 1844
1499640 1844
1499650 1843
1499660 1841
1499670 1841
1499680 1839
1499690 1836
1499700 1836
1499710 1833
1499720 1831
1499730 1831
1499740 1829
1499750 1827
1499760 1827
1499770 1824
1499780 1824
1499790 1824
1499800 1824
1499810 1822
1499820 1822
1499830 1821
1499840 1820
1499850 1820
1499860 1819
1499870 1816
1499880 1816
1499890 1812
1499900 1810
1499910 1809
1499920 1809
1499930 1808
1499940 1807
1499950 1807
1499960 1806
1499970 1803
1499980 1803
1499990 1802
