1480000 1274
1480010 1274
1480020 1271
1480030 1268
1480040 1268
1480050 1264
1480060 1259
1480070 1259
1480080 1256
1480090 1254
1480100 1254
1480110 1251
1480120 1248
1480130 1248
1480140 1245
1480150 1240
1480160 1240
1480170 1236
1480180 1233
1480190 1233
1480200 1230
1480210 1228
1480220 1228
1480230 1225
1480240 1221
1480250 1218
1480260 1218
1480270 1215
1480280 1213
1480290 1213
1480300 1211
1480310 1209
1480320 1209
1480330 1206
1480340 1203
1480350 1203
1480360 1199
1480370 1194
1480380 1194
1480390 1188
1480400 1182
1480410 1182
1480420 1175
1480430 1167
1480440 1167
1480450 1160
1480460 1152
1480470 1152
1480480 1145
1480490 1141
1480500 1141
1480510 1137
1480520 1135
1480530 1130
1480540 1130
1480550 1124
1480560 1118
1480570 1118
1480580 1115
1480590 1111
1480600 1111
1480610 1106
1480620 1105
1480630 1105
1480640 1102
1480650 1097
1480660 1097
1480670 1090
1480680 1085
1480690 1085
1480700 1082
1480710 1077
1480720 1077
1480730 1072
1480740 1068
1480750 1068
1480760 1063
1480770 1058
1480780 1053
1480790 1053
1480800 1047
1480810 1041
1480820 1041
1480830 1036
1480840 1031
1480850 1031
1480860 1024
1480870 1018
1480880 1018
1480890 1015
1480900 1011
1480910 1011
1480920 1007
1480930 1003
1480940 1003
1480950 999
1480960 993
1480970 993
1480980 987
1480990 981
1481000 981
1481010 973
1481020 967
1481030 967
1481040 962
1481050 958
1481060 957
1481070 957
1481080 956
1481090 957
1481100 957
1481110 957
1481120 957
1481130 957
1481140 958
1481150 958
1481160 958
1481170 959
1481180 960
1481190 960
1481200 960
1481210 961
1481220 961
1481230 961
1481240 962
1481250 962
1481260 963
1481270 964
1481280 964
1481290 965
1481300 966
1481310 967
1481320 967
1481330 968
1481340 969
1481350 969
1481360 970
1481370 971
1481380 971
1481390 972
1481400 973
1481410 973
1481420 976
1481430 978
1481440 978
1481450 981
1481460 982
1481470 982
1481480 984
1481490 987
1481500 987
1481510 991
1481520 995
1481530 995
1481540 1001
1481550 1007
1481560 1007
1481570 1013
1481580 1016
1481590 1018
1481600 1018
1481610 1019
1481620 1022
1481630 1022
1481640 1026
1481650 1030
1481660 1030
1481670 1033
1481680 1037
1481690 1037
1481700 1042
1481710 1047
1481720 1047
1481730 1054
1481740 1060
1481750 1060
1481760 1064
1481770 1069
1481780 1069
1481790 1073
1481800 1077
1481810 1077
1481820 1081
1481830 1088
1481840 1094
1481850 1094
1481860 1099
1481870 1103
1481880 1103
1481890 1107
1481900 1111
1481910 1111
1481920 1116
1481930 1121
1481940 1121
1481950 1127
1481960 1133
1481970 1133
1481980 1138
1481990 1142
1482000 1142
1482010 1147
1482020 1152
1482030 1152
1482040 1160
1482050 1166
1482060 1166
1482070 1171
1482080 1174
1482090 1174
1482100 1175
1482110 1178
1482120 1182
1482130 1182
1482140 1189
1482150 1195
1482160 1195
1482170 1197
1482180 1198
1482190 1198
1482200 1201
1482210 1203
1482220 1203
1482230 1203
1482240 1206
1482250 1206
1482260 1209
1482270 1214
1482280 1214
1482290 1221
1482300 1229
1482310 1229
1482320 1236
1482330 1244
1482340 1244
1482350 1249
1482360 1252
1482370 1258
1482380 1258
1482390 1263
1482400 1263
1482410 1263
1482420 1264
1482430 1269
1482440 1269
1482450 1274
1482460 1279
1482470 1279
1482480 1285
1482490 1289
1482500 1289
1482510 1290
1482520 1291
1482530 1291
1482540 1292
1482550 1297
1482560 1297
1482570 1301
1482580 1306
1482590 1306
1482600 1311
1482610 1313
1482620 1313
1482630 1314
1482640 1315
1482650 1318
1482660 1318
1482670 1323
1482680 1329
1482690 1329
1482700 1332
1482710 1338
1482720 1338
1482730 1345
1482740 1349
1482750 1349
1482760 1353
1482770 1355
1482780 1355
1482790 1358
1482800 1361
1482810 1361
1482820 1364
1482830 1366
1482840 1366
1482850 1367
1482860 1368
1482870 1368
1482880 1370
1482890 1372
1482900 1376
1482910 1376
1482920 1381
1482930 1386
1482940 1386
1482950 1388
1482960 1389
1482970 1389
1482980 1390
1482990 1391
1483000 1391
1483010 1393
1483020 1395
1483030 1395
1483040 1397
1483050 1400
1483060 1400
1483070 1402
1483080 1404
1483090 1404
1483100 1406
1483110 1407
1483120 1407
1483130 1410
1483140 1412
1483150 1412
1483160 1415
1483170 1419
1483180 1422
1483190 1422
1483200 1425
1483210 1427
1483220 1427
1483230 1431
1483240 1434
1483250 1434
1483260 1438
1483270 1441
1483280 1441
1483290 1445
1483300 1447
1483310 1447
1483320 1450
1483330 1452
1483340 1452
1483350 1454
1483360 1457
1483370 1457
1483380 1459
1483390 1461
1483400 1461
1483410 1464
1483420 1466
1483430 1466
1483440 1467
1483450 1469
1483460 1471
1483470 1471
1483480 1474
1483490 1477
1483500 1477
1483510 1480
1483520 1482
1483530 1482
1483540 1485
1483550 1488
1483560 1488
1483570 1491
1483580 1494
1483590 1494
1483600 1496
1483610 1497
1483620 1497
1483630 1500
1483640 1502
1483650 1502
1483660 1505
1483670 1508
1483680 1508
1483690 1511
1483700 1514
1483710 1516
1483720 1516
1483730 1519
1483740 1523
1483750 1523
1483760 1526
1483770 1530
1483780 1530
1483790 1533
1483800 1536
1483810 1536
1483820 1538
1483830 1540
1483840 1540
1483850 1542
1483860 1545
1483870 1545
1483880 1547
1483890 1549
1483900 1549
1483910 1552
1483920 1555
1483930 1555
1483940 1557
1483950 1559
1483960 1559
1483970 1563
1483980 1567
1483990 1572
1484000 1572
1484010 1577
1484020 1581
1484030 1581
1484040 1583
1484050 1585
1484060 1585
1484070 1587
1484080 1590
1484090 1590
1484100 1593
1484110 1595
1484120 1595
1484130 1598
1484140 1602
1484150 1602
1484160 1606
1484170 1609
1484180 1609
1484190 1612
1484200 1613
1484210 1613
1484220 1615
1484230 1618
1484240 1620
1484250 1620
1484260 1622
1484270 1623
1484280 1623
1484290 1627
1484300 1629
1484310 1629
1484320 1632
1484330 1636
1484340 1636
1484350 1637
1484360 1639
1484370 1639
1484380 1641
1484390 1644
1484400 1644
1484410 1645
1484420 1647
1484430 1647
1484440 1649
1484450 1652
1484460 1652
1484470 1653
1484480 1655
1484490 1655
1484500 1657
1484510 1660
1484520 1663
1484530 1663
1484540 1667
1484550 1669
1484560 1669
1484570 1671
1484580 1674
1484590 1674
1484600 1677
1484610 1681
1484620 1681
1484630 1683
1484640 1685
1484650 1685
1484660 1688
1484670 1690
1484680 1690
1484690 1692
1484700 1694
1484710 1694
1484720 1696
1484730 1699
1484740 1699
1484750 1700
1484760 1701
1484770 1701
1484780 1701
1484790 1701
1484800 1701
1484810 1701
1484820 1701
1484830 1701
1484840 1701
1484850 1703
1484860 1705
1484870 1705
1484880 1709
1484890 1714
1484900 1714
1484910 1719
1484920 1725
1484930 1725
1484940 1728
1484950 1730
1484960 1730
1484970 1733
1484980 1737
1484990 1737
1485000 1739
1485010 1742
1485020 1742
1485030 1744
1485040 1747
1485050 1750
1485060 1750
1485070 1752
1485080 1755
1485090 1755
1485100 1758
1485110 1760
1485120 1760
1485130 1763
1485140 1765
1485150 1765
1485160 1767
1485170 1770
1485180 1770
1485190 1772
1485200 1774
1485210 1774
1485220 1776
1485230 1780
1485240 1780
1485250 1783
1485260 1786
1485270 1786
1485280 1789
1485290 1791
1485300 1792
1485310 1792
1485320 1795
1485330 1797
1485340 1797
1485350 1800
1485360 1804
1485370 1804
1485380 1810
1485390 1817
1485400 1817
1485410 1824
1485420 1831
1485430 1831
1485440 1833
1485450 1836
1485460 1836
1485470 1838
1485480 1840
1485490 1840
1485500 1843
1485510 1848
1485520 1848
1485530 1853
1485540 1858
1485550 1858
1485560 1863
1485570 1867
1485580 1869
1485590 1869
1485600 1872
1485610 1875
1485620 1875
1485630 1878
1485640 1881
1485650 1881
1485660 1883
1485670 1884
1485680 1884
1485690 1884
1485700 1885
1485710 1885
1485720 1886
1485730 1886
1485740 1886
1485750 1886
1485760 1887
1485770 1887
1485780 1887
1485790 1887
1485800 1887
1485810 1888
1485820 1888
1485830 1888
1485840 1888
1485850 1889
1485860 1889
1485870 1889
1485880 1888
1485890 1886
1485900 1886
1485910 1883
1485920 1882
1485930 1882
1485940 1880
1485950 1879
1485960 1879
1485970 1880
1485980 1880
1485990 1880
1486000 1879
1486010 1880
1486020 1880
1486030 1881
1486040 1881
1486050 1881
1486060 1881
1486070 1881
1486080 1881
1486090 1883
1486100 1883
1486110 1883
1486120 1883
1486130 1884
1486140 1881
1486150 1881
1486160 1873
1486170 1866
1486180 1866
1486190 1859
1486200 1851
1486210 1851
1486220 1844
1486230 1838
1486240 1838
1486250 1832
1486260 1827
1486270 1827
1486280 1824
1486290 1825
1486300 1825
1486310 1825
1486320 1823
1486330 1823
1486340 1820
1486350 1817
1486360 1814
1486370 1814
1486380 1814
1486390 1813
1486400 1813
1486410 1810
1486420 1805
1486430 1805
1486440 1795
1486450 1786
1486460 1786
1486470 1779
1486480 1774
1486490 1774
1486500 1771
1486510 1770
1486520 1770
1486530 1768
1486540 1767
1486550 1767
1486560 1766
1486570 1764
1486580 1764
1486590 1763
1486600 1761
1486610 1761
1486620 1759
1486630 1757
1486640 1751
1486650 1751
1486660 1735
1486670 1724
1486680 1724
1486690 1716
1486700 1711
1486710 1711
1486720 1708
1486730 1705
1486740 1705
1486750 1701
1486760 1696
1486770 1696
1486780 1692
1486790 1684
1486800 1684
1486810 1675
1486820 1668
1486830 1668
1486840 1662
1486850 1656
1486860 1656
1486870 1650
1486880 1646
1486890 1641
1486900 1641
1486910 1637
1486920 1632
1486930 1632
1486940 1627
1486950 1621
1486960 1621
1486970 1614
1486980 1609
1486990 1609
1487000 1605
1487010 1600
1487020 1600
1487030 1595
1487040 1593
1487050 1593
1487060 1591
1487070 1589
1487080 1589
1487090 1586
1487100 1582
1487110 1582
1487120 1577
1487130 1571
1487140 1571
1487150 1563
1487160 1555
1487170 1548
1487180 1548
1487190 1540
1487200 1534
1487210 1534
1487220 1529
1487230 1525
1487240 1525
1487250 1525
1487260 1527
1487270 1527
1487280 1527
1487290 1528
1487300 1528
1487310 1525
1487320 1521
1487330 1521
1487340 1515
1487350 1506
1487360 1506
1487370 1497
1487380 1490
1487390 1490
1487400 1488
1487410 1487
1487420 1486
1487430 1486
1487440 1483
1487450 1482
1487460 1482
1487470 1481
1487480 1480
1487490 1480
1487500 1481
1487510 1481
1487520 1481
1487530 1480
1487540 1480
1487550 1480
1487560 1483
1487570 1482
1487580 1482
1487590 1480
1487600 1479
1487610 1479
1487620 1475
1487630 1467
1487640 1467
1487650 1460
1487660 1466
1487670 1466
1487680 1465
1487690 1456
1487700 1447
1487710 1447
1487720 1445
1487730 1446
1487740 1446
1487750 1446
1487760 1441
1487770 1441
1487780 1439
1487790 1439
1487800 1439
1487810 1438
1487820 1435
1487830 1435
1487840 1430
1487850 1427
1487860 1427
1487870 1424
1487880 1420
1487890 1420
1487900 1414
1487910 1407
1487920 1407
1487930 1400
1487940 1399
1487950 1398
1487960 1398
1487970 1394
1487980 1392
1487990 1392
1488000 1387
1488010 1382
1488020 1382
1488030 1380
1488040 1376
1488050 1376
1488060 1374
1488070 1371
1488080 1371
1488090 1370
1488100 1369
1488110 1369
1488120 1366
1488130 1364
1488140 1364
1488150 1363
1488160 1361
1488170 1361
1488180 1360
1488190 1358
1488200 1358
1488210 1356
1488220 1355
1488230 1354
1488240 1354
1488250 1354
1488260 1355
1488270 1355
1488280 1354
1488290 1352
1488300 1352
1488310 1350
1488320 1349
1488330 1349
1488340 1347
1488350 1344
1488360 1344
1488370 1341
1488380 1340
1488390 1340
1488400 1338
1488410 1335
1488420 1335
1488430 1333
1488440 1331
1488450 1331
1488460 1328
1488470 1325
1488480 1322
1488490 1322
1488500 1318
1488510 1316
1488520 1316
1488530 1314
1488540 1312
1488550 1312
1488560 1309
1488570 1307
1488580 1307
1488590 1304
1488600 1301
1488610 1301
1488620 1297
1488630 1293
1488640 1293
1488650 1288
1488660 1284
1488670 1284
1488680 1280
1488690 1283
1488700 1283
1488710 1295
1488720 1298
1488730 1298
1488740 1295
1488750 1294
1488760 1295
1488770 1295
1488780 1294
1488790 1294
1488800 1294
1488810 1294
1488820 1294
1488830 1294
1488840 1293
1488850 1293
1488860 1293
1488870 1292
1488880 1292
1488890 1292
1488900 1291
1488910 1289
1488920 1289
1488930 1286
1488940 1283
1488950 1283
1488960 1282
1488970 1282
1488980 1282
1488990 1284
1489000 1284
1489010 1284
1489020 1281
1489030 1281
1489040 1279
1489050 1279
1489060 1279
1489070 1280
1489080 1280
1489090 1279
1489100 1279
1489110 1279
1489120 1282
1489130 1281
1489140 1281
1489150 1280
1489160 1280
1489170 1280
1489180 1278
1489190 1275
1489200 1275
1489210 1273
1489220 1271
1489230 1271
1489240 1269
1489250 1266
1489260 1266
1489270 1267
1489280 1267
1489290 1264
1489300 1264
1489310 1262
1489320 1261
1489330 1261
1489340 1260
1489350 1259
1489360 1259
1489370 1258
1489380 1256
1489390 1256
1489400 1255
1489410 1253
1489420 1253
1489430 1251
1489440 1249
1489450 1249
1489460 1246
1489470 1245
1489480 1245
1489490 1245
1489500 1245
1489510 1245
1489520 1245
1489530 1246
1489540 1246
1489550 1246
1489560 1246
1489570 1248
1489580 1248
1489590 1247
1489600 1245
1489610 1245
1489620 1245
1489630 1244
1489640 1244
1489650 1242
1489660 1240
1489670 1240
1489680 1237
1489690 1233
1489700 1233
1489710 1225
1489720 1224
1489730 1224
1489740 1224
1489750 1223
1489760 1223
1489770 1221
1489780 1218
1489790 1218
1489800 1216
1489810 1214
1489820 1213
1489830 1213
1489840 1211
1489850 1209
1489860 1209
1489870 1208
1489880 1205
1489890 1205
1489900 1202
1489910 1201
1489920 1201
1489930 1199
1489940 1198
1489950 1198
1489960 1198
1489970 1198
1489980 1198
1489990 1198
1490000 1195
1490010 1195
1490020 1192
1490030 1191
1490040 1191
1490050 1188
1490060 1183
1490070 1183
1490080 1179
1490090 1175
1490100 1172
1490110 1172
1490120 1169
1490130 1166
1490140 1166
1490150 1164
1490160 1162
1490170 1162
1490180 1161
1490190 1160
1490200 1160
1490210 1159
1490220 1156
1490230 1156
1490240 1152
1490250 1146
1490260 1146
1490270 1140
1490280 1135
1490290 1135
1490300 1131
1490310 1125
1490320 1125
1490330 1120
1490340 1114
1490350 1109
1490360 1109
1490370 1104
1490380 1099
1490390 1099
1490400 1094
1490410 1089
1490420 1089
1490430 1085
1490440 1082
1490450 1082
1490460 1079
1490470 1076
1490480 1076
1490490 1072
1490500 1067
1490510 1067
1490520 1063
1490530 1060
1490540 1060
1490550 1058
1490560 1055
1490570 1055
1490580 1051
1490590 1048
1490600 1048
1490610 1046
1490620 1043
1490630 1040
1490640 1040
1490650 1039
1490660 1037
1490670 1037
1490680 1035
1490690 1032
1490700 1032
1490710 1030
1490720 1028
1490730 1028
1490740 1027
1490750 1025
1490760 1025
1490770 1024
1490780 1022
1490790 1022
1490800 1020
1490810 1018
1490820 1018
1490830 1017
1490840 1017
1490850 1017
1490860 1018
1490870 1018
1490880 1018
1490890 1018
1490900 1017
1490910 1016
1490920 1016
1490930 1015
1490940 1014
1490950 1014
1490960 1014
1490970 1014
1490980 1014
1490990 1014
1491000 1014
1491010 1014
1491020 1013
1491030 1012
1491040 1012
1491050 1012
1491060 1012
1491070 1012
1491080 1011
1491090 1010
1491100 1010
1491110 1010
1491120 1009
1491130 1009
1491140 1008
1491150 1008
1491160 1007
1491170 1007
1491180 1006
1491190 1006
1491200 1006
1491210 1005
1491220 1005
1491230 1005
1491240 1004
1491250 1003
1491260 1003
1491270 1002
1491280 1002
1491290 1002
1491300 1002
1491310 1001
1491320 1001
1491330 1002
1491340 1002
1491350 1002
1491360 1002
1491370 1000
1491380 1000
1491390 999
1491400 1000
1491410 1000
1491420 1000
1491430 1000
1491440 1001
1491450 1001
1491460 1001
1491470 1004
1491480 1004
1491490 1005
1491500 1005
1491510 1005
1491520 1009
1491530 1017
1491540 1017
1491550 1025
1491560 1032
1491570 1032
1491580 1039
1491590 1047
1491600 1047
1491610 1050
1491620 1050
1491630 1050
1491640 1052
1491650 1055
1491660 1055
1491670 1059
1491680 1064
1491690 1069
1491700 1069
1491710 1074
1491720 1080
1491730 1080
1491740 1086
1491750 1091
1491760 1091
1491770 1097
1491780 1102
1491790 1102
1491800 1106
1491810 1111
1491820 1111
1491830 1116
1491840 1121
1491850 1121
1491860 1126
1491870 1132
1491880 1132
1491890 1137
1491900 1142
1491910 1142
1491920 1146
1491930 1149
1491940 1150
1491950 1150
1491960 1150
1491970 1148
1491980 1148
1491990 1148
1492000 1148
1492010 1148
1492020 1147
1492030 1146
1492040 1146
1492050 1146
1492060 1147
1492070 1147
1492080 1148
1492090 1150
1492100 1150
1492110 1151
1492120 1155
1492130 1155
1492140 1161
1492150 1167
1492160 1167
1492170 1174
1492180 1183
1492190 1183
1492200 1190
1492210 1199
1492220 1207
1492230 1207
1492240 1210
1492250 1211
1492260 1211
1492270 1212
1492280 1213
1492290 1213
1492300 1214
1492310 1215
1492320 1215
1492330 1217
1492340 1219
1492350 1219
1492360 1222
1492370 1225
1492380 1225
1492390 1228
1492400 1231
1492410 1231
1492420 1233
1492430 1236
1492440 1236
1492450 1240
1492460 1244
1492470 1247
1492480 1247
1492490 1252
1492500 1257
1492510 1257
1492520 1262
1492530 1266
1492540 1266
1492550 1270
1492560 1274
1492570 1274
1492580 1279
1492590 1283
1492600 1283
1492610 1287
1492620 1291
1492630 1291
1492640 1297
1492650 1304
1492660 1304
1492670 1307
1492680 1307
1492690 1307
1492700 1308
1492710 1315
1492720 1315
1492730 1321
1492740 1325
1492750 1329
1492760 1329
1492770 1333
1492780 1337
1492790 1337
1492800 1340
1492810 1342
1492820 1342
1492830 1346
1492840 1350
1492850 1350
1492860 1356
1492870 1359
1492880 1359
1492890 1363
1492900 1366
1492910 1366
1492920 1368
1492930 1371
1492940 1371
1492950 1375
1492960 1380
1492970 1380
1492980 1384
1492990 1388
1493000 1391
1493010 1391
1493020 1395
1493030 1400
1493040 1400
1493050 1404
1493060 1409
1493070 1409
1493080 1412
1493090 1416
1493100 1416
1493110 1419
1493120 1421
1493130 1421
1493140 1425
1493150 1427
1493160 1427
1493170 1431
1493180 1434
1493190 1434
1493200 1435
1493210 1437
1493220 1437
1493230 1439
1493240 1441
1493250 1441
1493260 1443
1493270 1445
1493280 1448
1493290 1448
1493300 1451
1493310 1456
1493320 1456
1493330 1461
1493340 1466
1493350 1466
1493360 1471
1493370 1477
1493380 1477
1493390 1482
1493400 1487
1493410 1487
1493420 1492
1493430 1496
1493440 1496
1493450 1500
1493460 1504
1493470 1504
1493480 1509
1493490 1516
1493500 1516
1493510 1522
1493520 1526
1493530 1528
1493540 1528
1493550 1530
1493560 1534
1493570 1534
1493580 1534
1493590 1535
1493600 1535
1493610 1538
1493620 1540
1493630 1540
1493640 1543
1493650 1547
1493660 1547
1493670 1549
1493680 1553
1493690 1553
1493700 1558
1493710 1562
1493720 1562
1493730 1566
1493740 1570
1493750 1570
1493760 1575
1493770 1580
1493780 1580
1493790 1585
1493800 1589
1493810 1592
1493820 1592
1493830 1596
1493840 1599
1493850 1599
1493860 1603
1493870 1606
1493880 1606
1493890 1609
1493900 1613
1493910 1613
1493920 1617
1493930 1620
1493940 1620
1493950 1623
1493960 1626
1493970 1626
1493980 1630
1493990 1633
1494000 1633
1494010 1636
1494020 1639
1494030 1639
1494040 1642
1494050 1644
1494060 1647
1494070 1647
1494080 1649
1494090 1651
1494100 1651
1494110 1653
1494120 1655
1494130 1655
1494140 1656
1494150 1659
1494160 1659
1494170 1662
1494180 1667
1494190 1667
1494200 1671
1494210 1676
1494220 1676
1494230 1680
1494240 1685
1494250 1685
1494260 1688
1494270 1694
1494280 1694
1494290 1700
1494300 1707
1494310 1707
1494320 1714
1494330 1717
1494340 1716
1494350 1716
1494360 1718
1494370 1723
1494380 1723
1494390 1729
1494400 1733
1494410 1733
1494420 1737
1494430 1740
1494440 1740
1494450 1745
1494460 1750
1494470 1750
1494480 1756
1494490 1763
1494500 1763
1494510 1770
1494520 1776
1494530 1776
1494540 1782
1494550 1788
1494560 1788
1494570 1792
1494580 1794
1494590 1798
1494600 1798
1494610 1803
1494620 1808
1494630 1808
1494640 1813
1494650 1818
1494660 1818
1494670 1823
1494680 1827
1494690 1827
1494700 1831
1494710 1836
1494720 1836
1494730 1840
1494740 1845
1494750 1845
1494760 1850
1494770 1855
1494780 1855
1494790 1860
1494800 1864
1494810 1864
1494820 1868
1494830 1872
1494840 1872
1494850 1873
1494860 1873
1494870 1873
1494880 1873
1494890 1872
1494900 1872
1494910 1872
1494920 1870
1494930 1867
1494940 1867
1494950 1861
1494960 1856
1494970 1856
1494980 1853
1494990 1850
1495000 1850
1495010 1847
1495020 1843
1495030 1843
1495040 1839
1495050 1836
1495060 1836
1495070 1833
1495080 1830
1495090 1830
1495100 1826
1495110 1823
1495120 1820
1495130 1820
1495140 1817
1495150 1814
1495160 1814
1495170 1810
1495180 1805
1495190 1805
1495200 1803
1495210 1800
1495220 1800
1495230 1796
1495240 1793
1495250 1793
1495260 1790
1495270 1788
1495280 1788
1495290 1787
1495300 1786
1495310 1786
1495320 1786
1495330 1787
1495340 1787
1495350 1788
1495360 1789
1495370 1789
1495380 1791
1495390 1793
1495400 1796
1495410 1796
1495420 1799
1495430 1802
1495440 1802
1495450 1807
1495460 1810
1495470 1810
1495480 1812
1495490 1813
1495500 1813
1495510 1815
1495520 1815
1495530 1815
1495540 1816
1495550 1817
1495560 1817
1495570 1818
1495580 1819
1495590 1819
1495600 1819
1495610 1818
1495620 1818
1495630 1817
1495640 1818
1495650 1817
1495660 1817
1495670 1815
1495680 1813
1495690 1813
1495700 1812
1495710 1809
1495720 1809
1495730 1807
1495740 1806
1495750 1806
1495760 1804
1495770 1802
1495780 1802
1495790 1802
1495800 1801
1495810 1801
1495820 1800
1495830 1798
1495840 1798
1495850 1796
1495860 1793
1495870 1793
1495880 1790
1495890 1788
1495900 1788
1495910 1786
1495920 1784
1495930 1781
1495940 1781
1495950 1779
1495960 1777
1495970 1777
1495980 1776
1495990 1775
1496000 1775
1496010 1774
1496020 1773
1496030 1773
1496040 1772
1496050 1770
1496060 1770
1496070 1768
1496080 1767
1496090 1767
1496100 1765
1496110 1762
1496120 1762
1496130 1760
1496140 1758
1496150 1758
1496160 1756
1496170 1753
1496180 1753
1496190 1751
1496200 1748
1496210 1746
1496220 1746
1496230 1745
1496240 1743
1496250 1743
1496260 1742
1496270 1741
1496280 1741
1496290 1740
1496300 1739
1496310 1739
1496320 1737
1496330 1735
1496340 1735
1496350 1732
1496360 1730
1496370 1730
1496380 1727
1496390 1725
1496400 1725
1496410 1722
1496420 1720
1496430 1720
1496440 1718
1496450 1716
1496460 1713
1496470 1713
1496480 1709
1496490 1708
1496500 1708
1496510 1706
1496520 1704
1496530 1704
1496540 1701
1496550 1700
1496560 1700
1496570 1698
1496580 1697
1496590 1697
1496600 1696
1496610 1694
1496620 1694
1496630 1693
1496640 1691
1496650 1691
1496660 1687
1496670 1682
1496680 1682
1496690 1680
1496700 1676
1496710 1676
1496720 1672
1496730 1668
1496740 1665
1496750 1665
1496760 1662
1496770 1658
1496780 1658
1496790 1655
1496800 1652
1496810 1652
1496820 1650
1496830 1648
1496840 1648
1496850 1646
1496860 1644
1496870 1644
1496880 1643
1496890 1641
1496900 1641
1496910 1638
1496920 1633
1496930 1633
1496940 1627
1496950 1621
1496960 1621
1496970 1615
1496980 1610
1496990 1606
1497000 1606
1497010 1603
1497020 1599
1497030 1599
1497040 1597
1497050 1597
1497060 1597
1497070 1597
1497080 1595
1497090 1595
1497100 1593
1497110 1590
1497120 1590
1497130 1587
1497140 1582
1497150 1582
1497160 1578
1497170 1571
1497180 1571
1497190 1565
1497200 1559
1497210 1559
1497220 1554
1497230 1548
1497240 1548
1497250 1543
1497260 1537
1497270 1532
1497280 1532
1497290 1527
1497300 1522
1497310 1522
1497320 1519
1497330 1515
1497340 1515
1497350 1512
1497360 1505
1497370 1505
1497380 1501
1497390 1499
1497400 1499
1497410 1496
1497420 1491
1497430 1491
1497440 1486
1497450 1479
1497460 1479
1497470 1473
1497480 1467
1497490 1467
1497500 1459
1497510 1452
1497520 1445
1497530 1445
1497540 1440
1497550 1435
1497560 1435
1497570 1430
1497580 1423
1497590 1423
1497600 1417
1497610 1412
1497620 1412
1497630 1407
1497640 1402
1497650 1402
1497660 1397
1497670 1392
1497680 1392
1497690 1388
1497700 1382
1497710 1382
1497720 1375
1497730 1370
1497740 1370
1497750 1364
1497760 1359
1497770 1359
1497780 1354
1497790 1350
1497800 1349
1497810 1349
1497820 1347
1497830 1343
1497840 1343
1497850 1341
1497860 1340
1497870 1340
1497880 1339
1497890 1339
1497900 1339
1497910 1339
1497920 1339
1497930 1339
1497940 1339
1497950 1339
1497960 1339
1497970 1339
1497980 1339
1497990 1339
1498000 1339
1498010 1341
1498020 1341
1498030 1344
1498040 1346
1498050 1351
1498060 1351
1498070 1357
1498080 1363
1498090 1363
1498100 1372
1498110 1382
1498120 1382
1498130 1390
1498140 1398
1498150 1398
1498160 1406
1498170 1414
1498180 1414
1498190 1421
1498200 1427
1498210 1427
1498220 1432
1498230 1436
1498240 1436
1498250 1441
1498260 1445
1498270 1445
1498280 1450
1498290 1456
1498300 1456
1498310 1461
1498320 1462
1498330 1465
1498340 1465
1498350 1468
1498360 1471
1498370 1471
1498380 1475
1498390 1478
1498400 1478
1498410 1480
1498420 1483
1498430 1483
1498440 1487
1498450 1490
1498460 1490
1498470 1492
1498480 1495
1498490 1495
1498500 1498
1498510 1501
1498520 1501
1498530 1504
1498540 1507
1498550 1507
1498560 1510
1498570 1514
1498580 1517
1498590 1517
1498600 1520
1498610 1524
1498620 1524
1498630 1528
1498640 1533
1498650 1533
1498660 1537
1498670 1541
1498680 1541
1498690 1545
1498700 1549
1498710 1549
1498720 1553
1498730 1557
1498740 1557
1498750 1561
1498760 1566
1498770 1566
1498780 1570
1498790 1576
1498800 1576
1498810 1582
1498820 1588
1498830 1588
1498840 1593
1498850 1599
1498860 1605
1498870 1605
1498880 1613
1498890 1621
1498900 1621
1498910 1628
1498920 1635
1498930 1635
1498940 1641
1498950 1645
1498960 1645
1498970 1650
1498980 1654
1498990 1654
1499000 1657
1499010 1660
1499020 1660
1499030 1662
1499040 1665
1499050 1665
1499060 1669
1499070 1672
1499080 1672
1499090 1675
1499100 1679
1499110 1682
1499120 1682
1499130 1686
1499140 1690
1499150 1690
1499160 1694
1499170 1698
1499180 1698
1499190 1703
1499200 1706
1499210 1706
1499220 1709
1499230 1712
1499240 1712
1499250 1715
1499260 1717
1499270 1717
1499280 1719
1499290 1723
1499300 1723
1499310 1728
1499320 1733
1499330 1733
1499340 1736
1499350 1739
1499360 1739
1499370 1742
1499380 1744
1499390 1747
1499400 1747
1499410 1750
1499420 1753
1499430 1753
1499440 1757
1499450 1761
1499460 1761
1499470 1766
1499480 1771
1499490 1771
1499500 1775
1499510 1779
1499520 1779
1499530 1782
1499540 1787
1499550 1787
1499560 1791
1499570 1794
1499580 1794
1499590 1799
1499600 1802
1499610 1802
1499620 1806
1499630 1810
1499640 1815
1499650 1815
1499660 1819
1499670 1824
1499680 1824
1499690 1829
1499700 1835
1499710 1835
1499720 1840
1499730 1844
1499740 1844
1499750 1848
1499760 1852
1499770 1852
1499780 1855
1499790 1860
1499800 1860
1499810 1863
1499820 1867
1499830 1867
1499840 1868
1499850 1870
1499860 1870
1499870 1873
1499880 1875
1499890 1875
1499900 1877
1499910 1881
1499920 1884
1499930 1884
1499940 1889
1499950 1892
1499960 1892
1499970 1896
1499980 1900
1499990 1900
