1480000 1122
1480010 1122
1480020 1119
1480030 1116
1480040 1116
1480050 1111
1480060 1105
1480070 1105
1480080 1101
1480090 1095
1480100 1095
1480110 1086
1480120 1078
1480130 1078
1480140 1070
1480150 1062
1480160 1062
1480170 1055
1480180 1052
1480190 1051
1480200 1051
1480210 1051
1480220 1053
1480230 1053
1480240 1055
1480250 1060
1480260 1060
1480270 1061
1480280 1061
1480290 1061
1480300 1060
1480310 1057
1480320 1057
1480330 1054
1480340 1051
1480350 1051
1480360 1048
1480370 1044
1480380 1044
1480390 1039
1480400 1034
1480410 1034
1480420 1027
1480430 1020
1480440 1020
1480450 1014
1480460 1009
1480470 1005
1480480 1005
1480490 1001
1480500 996
1480510 996
1480520 992
1480530 988
1480540 988
1480550 984
1480560 980
1480570 980
1480580 976
1480590 972
1480600 972
1480610 969
1480620 965
1480630 965
1480640 961
1480650 957
1480660 957
1480670 954
1480680 952
1480690 952
1480700 950
1480710 949
1480720 949
1480730 948
1480740 946
1480750 944
1480760 944
1480770 942
1480780 940
1480790 940
1480800 939
1480810 938
1480820 938
1480830 937
1480840 936
1480850 936
1480860 935
1480870 932
1480880 932
1480890 932
1480900 932
1480910 932
1480920 932
1480930 929
1480940 929
1480950 930
1480960 930
1480970 930
1480980 932
1480990 933
1481000 933
1481010 933
1481020 933
1481030 934
1481040 934
1481050 940
1481060 946
1481070 946
1481080 951
1481090 957
1481100 957
1481110 964
1481120 968
1481130 968
1481140 972
1481150 976
1481160 976
1481170 979
1481180 983
1481190 983
1481200 986
1481210 988
1481220 988
1481230 990
1481240 993
1481250 993
1481260 996
1481270 998
1481280 1001
1481290 1001
1481300 1005
1481310 1011
1481320 1011
1481330 1017
1481340 1024
1481350 1024
1481360 1031
1481370 1037
1481380 1037
1481390 1042
1481400 1046
1481410 1046
1481420 1051
1481430 1055
1481440 1055
1481450 1058
1481460 1062
1481470 1062
1481480 1066
1481490 1069
1481500 1069
1481510 1073
1481520 1077
1481530 1077
1481540 1082
1481550 1086
1481560 1090
1481570 1090
1481580 1093
1481590 1096
1481600 1096
1481610 1098
1481620 1100
1481630 1100
1481640 1103
1481650 1104
1481660 1104
1481670 1108
1481680 1113
1481690 1113
1481700 1118
1481710 1124
1481720 1124
1481730 1131
1481740 1137
1481750 1137
1481760 1141
1481770 1145
1481780 1145
1481790 1151
1481800 1158
1481810 1173
1481820 1173
1481830 1195
1481840 1222
1481850 1222
1481860 1232
1481870 1234
1481880 1234
1481890 1235
1481900 1236
1481910 1236
1481920 1238
1481930 1239
1481940 1239
1481950 1240
1481960 1242
1481970 1242
1481980 1246
1481990 1251
1482000 1251
1482010 1255
1482020 1259
1482030 1259
1482040 1262
1482050 1265
1482060 1265
1482070 1266
1482080 1267
1482090 1270
1482100 1270
1482110 1272
1482120 1275
1482130 1275
1482140 1279
1482150 1282
1482160 1282
1482170 1284
1482180 1286
1482190 1286
1482200 1289
1482210 1291
1482220 1291
1482230 1295
1482240 1298
1482250 1298
1482260 1301
1482270 1305
1482280 1305
1482290 1308
1482300 1311
1482310 1311
1482320 1314
1482330 1316
1482340 1316
1482350 1318
1482360 1319
1482370 1319
1482380 1319
1482390 1321
1482400 1323
1482410 1323
1482420 1325
1482430 1327
1482440 1327
1482450 1331
1482460 1334
1482470 1334
1482480 1337
1482490 1340
1482500 1340
1482510 1343
1482520 1345
1482530 1345
1482540 1347
1482550 1349
1482560 1349
1482570 1350
1482580 1351
1482590 1351
1482600 1354
1482610 1356
1482620 1358
1482630 1358
1482640 1360
1482650 1362
1482660 1362
1482670 1364
1482680 1365
1482690 1365
1482700 1366
1482710 1367
1482720 1367
1482730 1370
1482740 1371
1482750 1371
1482760 1371
1482770 1370
1482780 1370
1482790 1370
1482800 1370
1482810 1370
1482820 1374
1482830 1379
1482840 1379
1482850 1384
1482860 1387
1482870 1387
1482880 1391
1482890 1395
1482900 1399
1482910 1399
1482920 1403
1482930 1407
1482940 1407
1482950 1410
1482960 1413
1482970 1413
1482980 1416
1482990 1418
1483000 1418
1483010 1421
1483020 1424
1483030 1424
1483040 1427
1483050 1430
1483060 1430
1483070 1433
1483080 1437
1483090 1437
1483100 1441
1483110 1444
1483120 1444
1483130 1448
1483140 1451
1483150 1455
1483160 1455
1483170 1458
1483180 1461
1483190 1461
1483200 1465
1483210 1469
1483220 1469
1483230 1473
1483240 1478
1483250 1478
1483260 1482
1483270 1487
1483280 1487
1483290 1491
1483300 1495
1483310 1495
1483320 1499
1483330 1502
1483340 1502
1483350 1506
1483360 1509
1483370 1509
1483380 1513
1483390 1516
1483400 1516
1483410 1520
1483420 1523
1483430 1526
1483440 1526
1483450 1531
1483460 1537
1483470 1537
1483480 1543
1483490 1548
1483500 1548
1483510 1551
1483520 1555
1483530 1555
1483540 1558
1483550 1561
1483560 1561
1483570 1564
1483580 1566
1483590 1566
1483600 1568
1483610 1572
1483620 1572
1483630 1578
1483640 1586
1483650 1586
1483660 1595
1483670 1607
1483680 1607
1483690 1616
1483700 1624
1483710 1631
1483720 1631
1483730 1636
1483740 1642
1483750 1642
1483760 1648
1483770 1653
1483780 1653
1483790 1658
1483800 1664
1483810 1664
1483820 1670
1483830 1676
1483840 1676
1483850 1682
1483860 1688
1483870 1688
1483880 1694
1483890 1700
1483900 1700
1483910 1706
1483920 1712
1483930 1712
1483940 1720
1483950 1726
1483960 1731
1483970 1731
1483980 1736
1483990 1742
1484000 1742
1484010 1748
1484020 1753
1484030 1753
1484040 1755
1484050 1756
1484060 1756
1484070 1757
1484080 1755
1484090 1755
1484100 1754
1484110 1751
1484120 1751
1484130 1749
1484140 1747
1484150 1747
1484160 1746
1484170 1742
1484180 1742
1484190 1735
1484200 1730
1484210 1730
1484220 1726
1484230 1722
1484240 1718
1484250 1718
1484260 1714
1484270 1711
1484280 1711
1484290 1705
1484300 1696
1484310 1696
1484320 1690
1484330 1687
1484340 1687
1484350 1683
1484360 1678
1484370 1678
1484380 1673
1484390 1669
1484400 1669
1484410 1666
1484420 1662
1484430 1662
1484440 1658
1484450 1655
1484460 1655
1484470 1653
1484480 1650
1484490 1650
1484500 1648
1484510 1645
1484520 1643
1484530 1643
1484540 1641
1484550 1640
1484560 1640
1484570 1636
1484580 1631
1484590 1631
1484600 1629
1484610 1630
1484620 1630
1484630 1634
1484640 1640
1484650 1640
1484660 1643
1484670 1646
1484680 1646
1484690 1648
1484700 1650
1484710 1650
1484720 1653
1484730 1656
1484740 1656
1484750 1659
1484760 1661
1484770 1664
1484780 1664
1484790 1667
1484800 1670
1484810 1670
1484820 1674
1484830 1678
1484840 1678
1484850 1681
1484860 1685
1484870 1685
1484880 1690
1484890 1695
1484900 1695
1484910 1701
1484920 1708
1484930 1708
1484940 1715
1484950 1722
1484960 1722
1484970 1731
1484980 1739
1484990 1739
1485000 1747
1485010 1754
1485020 1754
1485030 1758
1485040 1764
1485050 1771
1485060 1771
1485070 1778
1485080 1786
1485090 1786
1485100 1794
1485110 1801
1485120 1801
1485130 1809
1485140 1816
1485150 1816
1485160 1822
1485170 1828
1485180 1828
1485190 1836
1485200 1843
1485210 1843
1485220 1850
1485230 1858
1485240 1858
1485250 1866
1485260 1873
1485270 1873
1485280 1879
1485290 1884
1485300 1884
1485310 1890
1485320 1896
1485330 1902
1485340 1902
1485350 1908
1485360 1914
1485370 1914
1485380 1921
1485390 1927
1485400 1927
1485410 1933
1485420 1939
1485430 1939
1485440 1944
1485450 1951
1485460 1951
1485470 1958
1485480 1963
1485490 1963
1485500 1967
1485510 1971
1485520 1971
1485530 1975
1485540 1978
1485550 1978
1485560 1982
1485570 1985
1485580 1989
1485590 1989
1485600 1993
1485610 1995
1485620 1995
1485630 1996
1485640 1994
1485650 1994
1485660 1990
1485670 1983
1485680 1983
1485690 1979
1485700 1976
1485710 1976
1485720 1972
1485730 1967
1485740 1967
1485750 1961
1485760 1955
1485770 1955
1485780 1947
1485790 1941
1485800 1941
1485810 1936
1485820 1932
1485830 1932
1485840 1926
1485850 1919
1485860 1910
1485870 1910
1485880 1902
1485890 1894
1485900 1894
1485910 1888
1485920 1883
1485930 1883
1485940 1881
1485950 1878
1485960 1878
1485970 1873
1485980 1869
1485990 1869
1486000 1860
1486010 1851
1486020 1851
1486030 1844
1486040 1838
1486050 1838
1486060 1833
1486070 1830
1486080 1830
1486090 1828
1486100 1827
1486110 1824
1486120 1824
1486130 1822
1486140 1820
1486150 1820
1486160 1818
1486170 1816
1486180 1816
1486190 1814
1486200 1814
1486210 1814
1486220 1814
1486230 1815
1486240 1815
1486250 1816
1486260 1816
1486270 1816
1486280 1818
1486290 1819
1486300 1819
1486310 1820
1486320 1821
1486330 1821
1486340 1819
1486350 1813
1486360 1813
1486370 1807
1486380 1801
1486390 1793
1486400 1793
1486410 1786
1486420 1781
1486430 1781
1486440 1777
1486450 1775
1486460 1775
1486470 1773
1486480 1771
1486490 1771
1486500 1767
1486510 1765
1486520 1765
1486530 1765
1486540 1764
1486550 1764
1486560 1762
1486570 1762
1486580 1762
1486590 1762
1486600 1763
1486610 1763
1486620 1762
1486630 1763
1486640 1763
1486650 1768
1486660 1769
1486670 1770
1486680 1770
1486690 1771
1486700 1770
1486710 1770
1486720 1769
1486730 1767
1486740 1767
1486750 1766
1486760 1766
1486770 1766
1486780 1767
1486790 1768
1486800 1768
1486810 1768
1486820 1770
1486830 1770
1486840 1772
1486850 1773
1486860 1773
1486870 1774
1486880 1776
1486890 1776
1486900 1779
1486910 1775
1486920 1765
1486930 1765
1486940 1758
1486950 1753
1486960 1753
1486970 1749
1486980 1745
1486990 1745
1487000 1742
1487010 1739
1487020 1739
1487030 1736
1487040 1735
1487050 1735
1487060 1734
1487070 1732
1487080 1732
1487090 1728
1487100 1725
1487110 1725
1487120 1721
1487130 1719
1487140 1719
1487150 1719
1487160 1718
1487170 1718
1487180 1716
1487190 1710
1487200 1706
1487210 1706
1487220 1703
1487230 1699
1487240 1699
1487250 1694
1487260 1694
1487270 1694
1487280 1695
1487290 1696
1487300 1696
1487310 1695
1487320 1696
1487330 1696
1487340 1696
1487350 1697
1487360 1697
1487370 1698
1487380 1697
1487390 1697
1487400 1699
1487410 1700
1487420 1700
1487430 1701
1487440 1702
1487450 1702
1487460 1702
1487470 1703
1487480 1704
1487490 1704
1487500 1706
1487510 1708
1487520 1708
1487530 1710
1487540 1711
1487550 1711
1487560 1712
1487570 1712
1487580 1712
1487590 1713
1487600 1714
1487610 1714
1487620 1714
1487630 1714
1487640 1714
1487650 1715
1487660 1716
1487670 1716
1487680 1718
1487690 1720
1487700 1720
1487710 1724
1487720 1727
1487730 1729
1487740 1729
1487750 1732
1487760 1735
1487770 1735
1487780 1738
1487790 1741
1487800 1741
1487810 1744
1487820 1748
1487830 1748
1487840 1751
1487850 1755
1487860 1755
1487870 1760
1487880 1763
1487890 1763
1487900 1764
1487910 1765
1487920 1765
1487930 1766
1487940 1764
1487950 1764
1487960 1763
1487970 1763
1487980 1763
1487990 1763
1488000 1762
1488010 1759
1488020 1759
1488030 1758
1488040 1756
1488050 1756
1488060 1748
1488070 1741
1488080 1741
1488090 1738
1488100 1736
1488110 1736
1488120 1736
1488130 1736
1488140 1736
1488150 1733
1488160 1730
1488170 1730
1488180 1727
1488190 1725
1488200 1725
1488210 1722
1488220 1714
1488230 1714
1488240 1706
1488250 1699
1488260 1699
1488270 1694
1488280 1687
1488290 1679
1488300 1679
1488310 1672
1488320 1662
1488330 1662
1488340 1652
1488350 1643
1488360 1643
1488370 1635
1488380 1629
1488390 1629
1488400 1624
1488410 1618
1488420 1618
1488430 1613
1488440 1609
1488450 1609
1488460 1605
1488470 1602
1488480 1602
1488490 1599
1488500 1598
1488510 1598
1488520 1596
1488530 1593
1488540 1589
1488550 1589
1488560 1585
1488570 1581
1488580 1581
1488590 1577
1488600 1572
1488610 1572
1488620 1568
1488630 1563
1488640 1563
1488650 1559
1488660 1555
1488670 1555
1488680 1553
1488690 1550
1488700 1550
1488710 1546
1488720 1542
1488730 1542
1488740 1536
1488750 1531
1488760 1531
1488770 1525
1488780 1518
1488790 1518
1488800 1509
1488810 1502
1488820 1498
1488830 1498
1488840 1496
1488850 1493
1488860 1493
1488870 1490
1488880 1486
1488890 1486
1488900 1484
1488910 1480
1488920 1480
1488930 1474
1488940 1466
1488950 1466
1488960 1460
1488970 1454
1488980 1454
1488990 1448
1489000 1444
1489010 1444
1489020 1441
1489030 1437
1489040 1437
1489050 1432
1489060 1426
1489070 1419
1489080 1419
1489090 1414
1489100 1410
1489110 1410
1489120 1408
1489130 1406
1489140 1406
1489150 1404
1489160 1400
1489170 1400
1489180 1397
1489190 1395
1489200 1395
1489210 1392
1489220 1387
1489230 1387
1489240 1384
1489250 1382
1489260 1382
1489270 1379
1489280 1375
1489290 1375
1489300 1371
1489310 1368
1489320 1368
1489330 1365
1489340 1362
1489350 1359
1489360 1359
1489370 1355
1489380 1351
1489390 1351
1489400 1348
1489410 1345
1489420 1345
1489430 1342
1489440 1339
1489450 1339
1489460 1338
1489470 1335
1489480 1335
1489490 1332
1489500 1330
1489510 1330
1489520 1327
1489530 1323
1489540 1323
1489550 1320
1489560 1317
1489570 1317
1489580 1314
1489590 1310
1489600 1310
1489610 1307
1489620 1304
1489630 1299
1489640 1299
1489650 1296
1489660 1293
1489670 1293
1489680 1290
1489690 1287
1489700 1287
1489710 1284
1489720 1282
1489730 1282
1489740 1280
1489750 1276
1489760 1276
1489770 1273
1489780 1269
1489790 1269
1489800 1265
1489810 1263
1489820 1263
1489830 1260
1489840 1258
1489850 1258
1489860 1256
1489870 1254
1489880 1252
1489890 1252
1489900 1250
1489910 1247
1489920 1247
1489930 1243
1489940 1240
1489950 1240
1489960 1238
1489970 1236
1489980 1236
1489990 1233
1490000 1231
1490010 1231
1490020 1227
1490030 1223
1490040 1223
1490050 1219
1490060 1215
1490070 1215
1490080 1210
1490090 1206
1490100 1206
1490110 1203
1490120 1200
1490130 1200
1490140 1196
1490150 1193
1490160 1190
1490170 1190
1490180 1186
1490190 1183
1490200 1183
1490210 1180
1490220 1178
1490230 1178
1490240 1174
1490250 1170
1490260 1170
1490270 1167
1490280 1163
1490290 1163
1490300 1159
1490310 1155
1490320 1155
1490330 1152
1490340 1148
1490350 1148
1490360 1144
1490370 1139
1490380 1139
1490390 1133
1490400 1129
1490410 1129
1490420 1126
1490430 1122
1490440 1118
1490450 1118
1490460 1114
1490470 1110
1490480 1110
1490490 1105
1490500 1100
1490510 1100
1490520 1096
1490530 1093
1490540 1093
1490550 1090
1490560 1088
1490570 1088
1490580 1086
1490590 1083
1490600 1083
1490610 1079
1490620 1076
1490630 1076
1490640 1072
1490650 1070
1490660 1070
1490670 1069
1490680 1067
1490690 1065
1490700 1065
1490710 1062
1490720 1059
1490730 1059
1490740 1053
1490750 1048
1490760 1048
1490770 1045
1490780 1041
1490790 1041
1490800 1037
1490810 1033
1490820 1033
1490830 1029
1490840 1025
1490850 1025
1490860 1019
1490870 1013
1490880 1013
1490890 1006
1490900 1004
1490910 1004
1490920 1005
1490930 1005
1490940 1005
1490950 1005
1490960 1002
1490970 996
1490980 996
1490990 992
1491000 988
1491010 988
1491020 987
1491030 987
1491040 987
1491050 987
1491060 986
1491070 986
1491080 985
1491090 982
1491100 982
1491110 979
1491120 975
1491130 975
1491140 973
1491150 975
1491160 975
1491170 976
1491180 976
1491190 976
1491200 976
1491210 977
1491220 977
1491230 977
1491240 977
1491250 978
1491260 978
1491270 978
1491280 978
1491290 978
1491300 982
1491310 988
1491320 988
1491330 994
1491340 998
1491350 998
1491360 1005
1491370 1011
1491380 1011
1491390 1018
1491400 1023
1491410 1023
1491420 1026
1491430 1028
1491440 1028
1491450 1030
1491460 1033
1491470 1033
1491480 1038
1491490 1041
1491500 1048
1491510 1048
1491520 1054
1491530 1058
1491540 1058
1491550 1059
1491560 1063
1491570 1063
1491580 1067
1491590 1069
1491600 1069
1491610 1071
1491620 1075
1491630 1075
1491640 1079
1491650 1084
1491660 1084
1491670 1088
1491680 1093
1491690 1093
1491700 1098
1491710 1103
1491720 1103
1491730 1108
1491740 1113
1491750 1113
1491760 1118
1491770 1123
1491780 1128
1491790 1128
1491800 1131
1491810 1137
1491820 1137
1491830 1143
1491840 1150
1491850 1150
1491860 1158
1491870 1165
1491880 1165
1491890 1170
1491900 1174
1491910 1174
1491920 1177
1491930 1180
1491940 1180
1491950 1183
1491960 1186
1491970 1186
1491980 1191
1491990 1196
1492000 1196
1492010 1200
1492020 1205
1492030 1209
1492040 1209
1492050 1213
1492060 1216
1492070 1216
1492080 1217
1492090 1220
1492100 1220
1492110 1223
1492120 1228
1492130 1228
1492140 1232
1492150 1237
1492160 1237
1492170 1242
1492180 1246
1492190 1246
1492200 1251
1492210 1256
1492220 1256
1492230 1259
1492240 1262
1492250 1262
1492260 1267
1492270 1274
1492280 1274
1492290 1278
1492300 1281
1492310 1285
1492320 1285
1492330 1289
1492340 1293
1492350 1293
1492360 1296
1492370 1298
1492380 1298
1492390 1301
1492400 1302
1492410 1302
1492420 1306
1492430 1309
1492440 1309
1492450 1311
1492460 1314
1492470 1314
1492480 1316
1492490 1318
1492500 1318
1492510 1322
1492520 1326
1492530 1326
1492540 1329
1492550 1334
1492560 1334
1492570 1339
1492580 1343
1492590 1348
1492600 1348
1492610 1351
1492620 1355
1492630 1355
1492640 1356
1492650 1355
1492660 1355
1492670 1351
1492680 1349
1492690 1349
1492700 1359
1492710 1368
1492720 1368
1492730 1377
1492740 1385
1492750 1385
1492760 1393
1492770 1401
1492780 1401
1492790 1407
1492800 1414
1492810 1414
1492820 1420
1492830 1425
1492840 1434
1492850 1434
1492860 1444
1492870 1452
1492880 1452
1492890 1459
1492900 1464
1492910 1464
1492920 1470
1492930 1475
1492940 1475
1492950 1480
1492960 1485
1492970 1485
1492980 1490
1492990 1495
1493000 1495
1493010 1499
1493020 1504
1493030 1504
1493040 1508
1493050 1511
1493060 1511
1493070 1514
1493080 1518
1493090 1518
1493100 1522
1493110 1527
1493120 1531
1493130 1531
1493140 1534
1493150 1538
1493160 1538
1493170 1541
1493180 1545
1493190 1545
1493200 1548
1493210 1552
1493220 1552
1493230 1555
1493240 1557
1493250 1557
1493260 1559
1493270 1560
1493280 1560
1493290 1563
1493300 1565
1493310 1565
1493320 1567
1493330 1569
1493340 1569
1493350 1568
1493360 1564
1493370 1564
1493380 1562
1493390 1560
1493400 1560
1493410 1560
1493420 1564
1493430 1570
1493440 1570
1493450 1575
1493460 1579
1493470 1579
1493480 1580
1493490 1584
1493500 1584
1493510 1592
1493520 1599
1493530 1599
1493540 1606
1493550 1612
1493560 1612
1493570 1618
1493580 1623
1493590 1623
1493600 1625
1493610 1630
1493620 1630
1493630 1636
1493640 1643
1493650 1649
1493660 1649
1493670 1655
1493680 1661
1493690 1661
1493700 1667
1493710 1674
1493720 1674
1493730 1680
1493740 1686
1493750 1686
1493760 1692
1493770 1698
1493780 1698
1493790 1706
1493800 1714
1493810 1714
1493820 1722
1493830 1730
1493840 1730
1493850 1736
1493860 1742
1493870 1742
1493880 1750
1493890 1756
1493900 1756
1493910 1764
1493920 1778
1493930 1787
1493940 1787
1493950 1791
1493960 1793
1493970 1793
1493980 1796
1493990 1801
1494000 1801
1494010 1806
1494020 1811
1494030 1811
1494040 1816
1494050 1821
1494060 1821
1494070 1826
1494080 1832
1494090 1832
1494100 1837
1494110 1842
1494120 1842
1494130 1848
1494140 1853
1494150 1853
1494160 1858
1494170 1864
1494180 1870
1494190 1870
1494200 1876
1494210 1882
1494220 1882
1494230 1887
1494240 1893
1494250 1893
1494260 1898
1494270 1903
1494280 1903
1494290 1909
1494300 1915
1494310 1915
1494320 1922
1494330 1929
1494340 1929
1494350 1935
1494360 1943
1494370 1943
1494380 1949
1494390 1955
1494400 1955
1494410 1965
1494420 1969
1494430 1969
1494440 1973
1494450 1980
1494460 1985
1494470 1985
1494480 1990
1494490 1993
1494500 1993
1494510 1993
1494520 1990
1494530 1990
1494540 1983
1494550 1978
1494560 1978
1494570 1975
1494580 1972
1494590 1972
1494600 1968
1494610 1964
1494620 1964
1494630 1961
1494640 1960
1494650 1960
1494660 1955
1494670 1951
1494680 1951
1494690 1939
1494700 1923
1494710 1923
1494720 1915
1494730 1908
1494740 1898
1494750 1898
1494760 1887
1494770 1879
1494780 1879
1494790 1866
1494800 1853
1494810 1853
1494820 1840
1494830 1829
1494840 1829
1494850 1819
1494860 1810
1494870 1810
1494880 1800
1494890 1792
1494900 1792
1494910 1786
1494920 1779
1494930 1779
1494940 1773
1494950 1766
1494960 1766
1494970 1760
1494980 1753
1494990 1747
1495000 1747
1495010 1740
1495020 1733
1495030 1733
1495040 1728
1495050 1723
1495060 1723
1495070 1718
1495080 1714
1495090 1714
1495100 1710
1495110 1705
1495120 1705
1495130 1701
1495140 1694
1495150 1694
1495160 1688
1495170 1683
1495180 1683
1495190 1678
1495200 1673
1495210 1673
1495220 1667
1495230 1663
1495240 1663
1495250 1660
1495260 1656
1495270 1652
1495280 1652
1495290 1647
1495300 1643
1495310 1643
1495320 1640
1495330 1636
1495340 1636
1495350 1632
1495360 1628
1495370 1628
1495380 1623
1495390 1616
1495400 1616
1495410 1609
1495420 1601
1495430 1601
1495440 1597
1495450 1591
1495460 1591
1495470 1585
1495480 1581
1495490 1581
1495500 1578
1495510 1576
1495520 1576
1495530 1575
1495540 1572
1495550 1568
1495560 1568
1495570 1562
1495580 1556
1495590 1556
1495600 1550
1495610 1544
1495620 1544
1495630 1542
1495640 1544
1495650 1544
1495660 1546
1495670 1547
1495680 1547
1495690 1548
1495700 1550
1495710 1550
1495720 1551
1495730 1552
1495740 1552
1495750 1552
1495760 1553
1495770 1553
1495780 1554
1495790 1555
1495800 1558
1495810 1558
1495820 1559
1495830 1561
1495840 1561
1495850 1565
1495860 1569
1495870 1569
1495880 1573
1495890 1576
1495900 1576
1495910 1578
1495920 1580
1495930 1580
1495940 1584
1495950 1591
1495960 1591
1495970 1594
1495980 1595
1495990 1595
1496000 1597
1496010 1597
1496020 1597
1496030 1594
1496040 1593
1496050 1593
1496060 1592
1496070 1592
1496080 1591
1496090 1591
1496100 1591
1496110 1591
1496120 1591
1496130 1590
1496140 1589
1496150 1589
1496160 1588
1496170 1587
1496180 1587
1496190 1585
1496200 1583
1496210 1583
1496220 1580
1496230 1576
1496240 1576
1496250 1572
1496260 1567
1496270 1567
1496280 1561
1496290 1556
1496300 1556
1496310 1551
1496320 1545
1496330 1545
1496340 1536
1496350 1526
1496360 1518
1496370 1518
1496380 1513
1496390 1508
1496400 1508
1496410 1502
1496420 1494
1496430 1494
1496440 1486
1496450 1479
1496460 1479
1496470 1472
1496480 1467
1496490 1467
1496500 1460
1496510 1454
1496520 1454
1496530 1446
1496540 1439
1496550 1439
1496560 1433
1496570 1427
1496580 1427
1496590 1421
1496600 1415
1496610 1410
1496620 1410
1496630 1404
1496640 1398
1496650 1398
1496660 1391
1496670 1385
1496680 1385
1496690 1378
1496700 1371
1496710 1371
1496720 1363
1496730 1356
1496740 1356
1496750 1348
1496760 1342
1496770 1342
1496780 1334
1496790 1327
1496800 1327
1496810 1321
1496820 1319
1496830 1319
1496840 1318
1496850 1314
1496860 1314
1496870 1310
1496880 1306
1496890 1300
1496900 1300
1496910 1295
1496920 1292
1496930 1292
1496940 1287
1496950 1282
1496960 1282
1496970 1277
1496980 1274
1496990 1274
1497000 1270
1497010 1265
1497020 1265
1497030 1259
1497040 1253
1497050 1253
1497060 1247
1497070 1240
1497080 1240
1497090 1233
1497100 1227
1497110 1227
1497120 1227
1497130 1224
1497140 1221
1497150 1221
1497160 1218
1497170 1215
1497180 1215
1497190 1215
1497200 1217
1497210 1217
1497220 1219
1497230 1221
1497240 1221
1497250 1225
1497260 1229
1497270 1229
1497280 1235
1497290 1243
1497300 1243
1497310 1263
1497320 1278
1497330 1278
1497340 1285
1497350 1290
1497360 1290
1497370 1293
1497380 1295
1497390 1295
1497400 1296
1497410 1296
1497420 1295
1497430 1295
1497440 1296
1497450 1296
1497460 1296
1497470 1296
1497480 1297
1497490 1297
1497500 1299
1497510 1302
1497520 1302
1497530 1306
1497540 1311
1497550 1311
1497560 1315
1497570 1319
1497580 1319
1497590 1322
1497600 1325
1497610 1325
1497620 1327
1497630 1330
1497640 1330
1497650 1333
1497660 1337
1497670 1337
1497680 1340
1497690 1344
1497700 1349
1497710 1349
1497720 1353
1497730 1356
1497740 1356
1497750 1361
1497760 1365
1497770 1365
1497780 1369
1497790 1375
1497800 1375
1497810 1379
1497820 1382
1497830 1382
1497840 1387
1497850 1392
1497860 1392
1497870 1398
1497880 1403
1497890 1403
1497900 1409
1497910 1421
1497920 1421
1497930 1428
1497940 1435
1497950 1445
1497960 1445
1497970 1455
1497980 1465
1497990 1465
1498000 1470
1498010 1473
1498020 1473
1498030 1474
1498040 1476
1498050 1476
1498060 1479
1498070 1482
1498080 1482
1498090 1484
1498100 1487
1498110 1487
1498120 1490
1498130 1493
1498140 1493
1498150 1497
1498160 1501
1498170 1501
1498180 1506
1498190 1509
1498200 1509
1498210 1514
1498220 1520
1498230 1526
1498240 1526
1498250 1531
1498260 1536
1498270 1536
1498280 1541
1498290 1546
1498300 1546
1498310 1551
1498320 1556
1498330 1556
1498340 1561
1498350 1565
1498360 1565
1498370 1569
1498380 1572
1498390 1572
1498400 1577
1498410 1581
1498420 1581
1498430 1584
1498440 1586
1498450 1586
1498460 1588
1498470 1593
1498480 1593
1498490 1598
1498500 1603
1498510 1606
1498520 1606
1498530 1608
1498540 1611
1498550 1611
1498560 1615
1498570 1618
1498580 1618
1498590 1622
1498600 1629
1498610 1629
1498620 1636
1498630 1642
1498640 1642
1498650 1648
1498660 1653
1498670 1653
1498680 1659
1498690 1666
1498700 1666
1498710 1673
1498720 1680
1498730 1680
1498740 1687
1498750 1694
1498760 1702
1498770 1702
1498780 1710
1498790 1716
1498800 1716
1498810 1721
1498820 1726
1498830 1726
1498840 1730
1498850 1736
1498860 1736
1498870 1744
1498880 1753
1498890 1753
1498900 1762
1498910 1773
1498920 1773
1498930 1782
1498940 1790
1498950 1790
1498960 1800
1498970 1809
1498980 1809
1498990 1817
1499000 1826
1499010 1826
1499020 1834
1499030 1841
1499040 1848
1499050 1848
1499060 1855
1499070 1861
1499080 1861
1499090 1867
1499100 1873
1499110 1873
1499120 1879
1499130 1884
1499140 1884
1499150 1890
1499160 1895
1499170 1895
1499180 1898
1499190 1901
1499200 1901
1499210 1904
1499220 1906
1499230 1906
1499240 1908
1499250 1909
1499260 1909
1499270 1911
1499280 1913
1499290 1913
1499300 1915
1499310 1916
1499320 1917
1499330 1917
1499340 1919
1499350 1922
1499360 1922
1499370 1924
1499380 1925
1499390 1925
1499400 1927
1499410 1928
1499420 1928
1499430 1929
1499440 1929
1499450 1929
1499460 1930
1499470 1930
1499480 1930
1499490 1932
1499500 1933
1499510 1933
1499520 1935
1499530 1937
1499540 1937
1499550 1939
1499560 1941
1499570 1943
1499580 1943
1499590 1946
1499600 1950
1499610 1950
1499620 1954
1499630 1957
1499640 1957
1499650 1961
1499660 1965
1499670 1965
1499680 1967
1499690 1970
1499700 1970
1499710 1974
1499720 1973
1499730 1973
1499740 1964
1499750 1954
1499760 1954
1499770 1946
1499780 1938
1499790 1938
1499800 1930
1499810 1923
1499820 1923
1499830 1917
1499840 1912
1499850 1907
1499860 1907
1499870 1904
1499880 1893
1499890 1893
1499900 1885
1499910 1882
1499920 1882
1499930 1878
1499940 1876
1499950 1876
1499960 1876
1499970 1877
1499980 1877
1499990 1878
