1480000 1174
1480010 1174
1480020 1170
1480030 1165
1480040 1165
1480050 1163
1480060 1157
1480070 1157
1480080 1152
1480090 1148
1480100 1148
1480110 1144
1480120 1140
1480130 1140
1480140 1136
1480150 1130
1480160 1130
1480170 1126
1480180 1121
1480190 1117
1480200 1117
1480210 1114
1480220 1110
1480230 1110
1480240 1106
1480250 1102
1480260 1102
1480270 1097
1480280 1091
1480290 1091
1480300 1085
1480310 1079
1480320 1079
1480330 1074
1480340 1070
1480350 1070
1480360 1067
1480370 1063
1480380 1063
1480390 1059
1480400 1055
1480410 1055
1480420 1051
1480430 1047
1480440 1047
1480450 1042
1480460 1037
1480470 1032
1480480 1032
1480490 1027
1480500 1022
1480510 1022
1480520 1016
1480530 1013
1480540 1013
1480550 1009
1480560 1005
1480570 1005
1480580 1002
1480590 998
1480600 998
1480610 992
1480620 987
1480630 987
1480640 983
1480650 978
1480660 978
1480670 974
1480680 970
1480690 970
1480700 965
1480710 961
1480720 958
1480730 958
1480740 954
1480750 950
1480760 950
1480770 946
1480780 944
1480790 944
1480800 942
1480810 940
1480820 940
1480830 936
1480840 931
1480850 931
1480860 924
1480870 919
1480880 919
1480890 918
1480900 921
1480910 921
1480920 921
1480930 921
1480940 921
1480950 923
1480960 926
1480970 926
1480980 930
1480990 935
1481000 940
1481010 940
1481020 946
1481030 950
1481040 950
1481050 954
1481060 956
1481070 956
1481080 957
1481090 957
1481100 957
1481110 963
1481120 970
1481130 970
1481140 975
1481150 978
1481160 978
1481170 978
1481180 977
1481190 977
1481200 978
1481210 981
1481220 981
1481230 984
1481240 986
1481250 986
1481260 986
1481270 989
1481280 990
1481290 990
1481300 990
1481310 993
1481320 993
1481330 996
1481340 999
1481350 999
1481360 1004
1481370 1010
1481380 1010
1481390 1015
1481400 1020
1481410 1020
1481420 1026
1481430 1032
1481440 1032
1481450 1037
1481460 1044
1481470 1044
1481480 1050
1481490 1054
1481500 1054
1481510 1060
1481520 1065
1481530 1072
1481540 1072
1481550 1078
1481560 1083
1481570 1083
1481580 1088
1481590 1095
1481600 1095
1481610 1101
1481620 1106
1481630 1106
1481640 1109
1481650 1113
1481660 1113
1481670 1117
1481680 1123
1481690 1123
1481700 1127
1481710 1130
1481720 1130
1481730 1134
1481740 1138
1481750 1138
1481760 1141
1481770 1145
1481780 1145
1481790 1148
1481800 1151
1481810 1154
1481820 1154
1481830 1156
1481840 1159
1481850 1159
1481860 1161
1481870 1165
1481880 1165
1481890 1169
1481900 1174
1481910 1174
1481920 1178
1481930 1184
1481940 1184
1481950 1189
1481960 1193
1481970 1193
1481980 1197
1481990 1201
1482000 1201
1482010 1205
1482020 1209
1482030 1209
1482040 1212
1482050 1211
1482060 1211
1482070 1210
1482080 1213
1482090 1217
1482100 1217
1482110 1220
1482120 1221
1482130 1221
1482140 1224
1482150 1228
1482160 1228
1482170 1232
1482180 1236
1482190 1236
1482200 1240
1482210 1245
1482220 1245
1482230 1250
1482240 1255
1482250 1255
1482260 1261
1482270 1267
1482280 1267
1482290 1271
1482300 1274
1482310 1274
1482320 1276
1482330 1278
1482340 1281
1482350 1281
1482360 1284
1482370 1288
1482380 1288
1482390 1291
1482400 1294
1482410 1294
1482420 1299
1482430 1303
1482440 1303
1482450 1306
1482460 1309
1482470 1309
1482480 1314
1482490 1319
1482500 1319
1482510 1325
1482520 1330
1482530 1330
1482540 1335
1482550 1340
1482560 1340
1482570 1345
1482580 1350
1482590 1350
1482600 1356
1482610 1362
1482620 1365
1482630 1365
1482640 1370
1482650 1375
1482660 1375
1482670 1378
1482680 1381
1482690 1381
1482700 1385
1482710 1390
1482720 1390
1482730 1394
1482740 1399
1482750 1399
1482760 1404
1482770 1409
1482780 1409
1482790 1414
1482800 1419
1482810 1419
1482820 1423
1482830 1426
1482840 1426
1482850 1429
1482860 1433
1482870 1433
1482880 1436
1482890 1439
1482900 1444
1482910 1444
1482920 1449
1482930 1452
1482940 1452
1482950 1454
1482960 1456
1482970 1456
1482980 1458
1482990 1459
1483000 1459
1483010 1462
1483020 1465
1483030 1465
1483040 1470
1483050 1476
1483060 1476
1483070 1481
1483080 1487
1483090 1487
1483100 1492
1483110 1497
1483120 1497
1483130 1501
1483140 1510
1483150 1520
1483160 1520
1483170 1524
1483180 1529
1483190 1529
1483200 1534
1483210 1540
1483220 1540
1483230 1547
1483240 1555
1483250 1555
1483260 1560
1483270 1566
1483280 1566
1483290 1572
1483300 1580
1483310 1580
1483320 1588
1483330 1597
1483340 1597
1483350 1606
1483360 1615
1483370 1615
1483380 1625
1483390 1631
1483400 1631
1483410 1636
1483420 1642
1483430 1650
1483440 1650
1483450 1656
1483460 1661
1483470 1661
1483480 1665
1483490 1672
1483500 1672
1483510 1678
1483520 1678
1483530 1678
1483540 1678
1483550 1677
1483560 1677
1483570 1679
1483580 1683
1483590 1683
1483600 1685
1483610 1689
1483620 1689
1483630 1693
1483640 1698
1483650 1698
1483660 1704
1483670 1711
1483680 1711
1483690 1718
1483700 1728
1483710 1734
1483720 1734
1483730 1731
1483740 1728
1483750 1728
1483760 1726
1483770 1726
1483780 1726
1483790 1726
1483800 1728
1483810 1728
1483820 1730
1483830 1731
1483840 1731
1483850 1730
1483860 1728
1483870 1728
1483880 1726
1483890 1723
1483900 1723
1483910 1719
1483920 1715
1483930 1715
1483940 1712
1483950 1710
1483960 1709
1483970 1709
1483980 1707
1483990 1705
1484000 1705
1484010 1700
1484020 1694
1484030 1694
1484040 1688
1484050 1682
1484060 1682
1484070 1675
1484080 1669
1484090 1669
1484100 1664
1484110 1661
1484120 1661
1484130 1653
1484140 1641
1484150 1641
1484160 1630
1484170 1623
1484180 1623
1484190 1616
1484200 1611
1484210 1611
1484220 1606
1484230 1600
1484240 1594
1484250 1594
1484260 1589
1484270 1585
1484280 1585
1484290 1581
1484300 1578
1484310 1578
1484320 1575
1484330 1573
1484340 1573
1484350 1572
1484360 1571
1484370 1571
1484380 1570
1484390 1566
1484400 1566
1484410 1562
1484420 1557
1484430 1557
1484440 1556
1484450 1559
1484460 1559
1484470 1564
1484480 1568
1484490 1568
1484500 1572
1484510 1576
1484520 1580
1484530 1580
1484540 1584
1484550 1588
1484560 1588
1484570 1593
1484580 1599
1484590 1599
1484600 1603
1484610 1607
1484620 1607
1484630 1612
1484640 1616
1484650 1616
1484660 1620
1484670 1624
1484680 1624
1484690 1628
1484700 1633
1484710 1633
1484720 1637
1484730 1642
1484740 1642
1484750 1647
1484760 1654
1484770 1661
1484780 1661
1484790 1668
1484800 1674
1484810 1674
1484820 1680
1484830 1685
1484840 1685
1484850 1692
1484860 1700
1484870 1700
1484880 1708
1484890 1715
1484900 1715
1484910 1721
1484920 1728
1484930 1728
1484940 1735
1484950 1742
1484960 1742
1484970 1748
1484980 1753
1484990 1753
1485000 1760
1485010 1766
1485020 1766
1485030 1772
1485040 1778
1485050 1785
1485060 1785
1485070 1791
1485080 1797
1485090 1797
1485100 1803
1485110 1809
1485120 1809
1485130 1815
1485140 1821
1485150 1821
1485160 1827
1485170 1833
1485180 1833
1485190 1839
1485200 1845
1485210 1845
1485220 1852
1485230 1858
1485240 1858
1485250 1864
1485260 1870
1485270 1870
1485280 1876
1485290 1883
1485300 1883
1485310 1889
1485320 1895
1485330 1901
1485340 1901
1485350 1907
1485360 1911
1485370 1911
1485380 1915
1485390 1919
1485400 1919
1485410 1922
1485420 1927
1485430 1927
1485440 1931
1485450 1936
1485460 1936
1485470 1940
1485480 1944
1485490 1944
1485500 1948
1485510 1953
1485520 1953
1485530 1958
1485540 1960
1485550 1960
1485560 1963
1485570 1967
1485580 1971
1485590 1971
1485600 1974
1485610 1978
1485620 1978
1485630 1982
1485640 1985
1485650 1985
1485660 1988
1485670 1992
1485680 1992
1485690 1995
1485700 1996
1485710 1996
1485720 1994
1485730 1990
1485740 1990
1485750 1985
1485760 1979
1485770 1979
1485780 1973
1485790 1967
1485800 1967
1485810 1959
1485820 1952
1485830 1952
1485840 1946
1485850 1941
1485860 1937
1485870 1937
1485880 1933
1485890 1931
1485900 1931
1485910 1928
1485920 1925
1485930 1925
1485940 1923
1485950 1922
1485960 1922
1485970 1921
1485980 1920
1485990 1920
1486000 1919
1486010 1918
1486020 1918
1486030 1915
1486040 1912
1486050 1912
1486060 1909
1486070 1905
1486080 1905
1486090 1901
1486100 1896
1486110 1896
1486120 1891
1486130 1887
1486140 1882
1486150 1882
1486160 1877
1486170 1874
1486180 1874
1486190 1869
1486200 1864
1486210 1864
1486220 1858
1486230 1852
1486240 1852
1486250 1846
1486260 1841
1486270 1841
1486280 1836
1486290 1829
1486300 1829
1486310 1823
1486320 1817
1486330 1817
1486340 1812
1486350 1806
1486360 1806
1486370 1800
1486380 1791
1486390 1782
1486400 1782
1486410 1774
1486420 1765
1486430 1765
1486440 1758
1486450 1749
1486460 1749
1486470 1740
1486480 1733
1486490 1733
1486500 1726
1486510 1720
1486520 1720
1486530 1715
1486540 1710
1486550 1710
1486560 1707
1486570 1704
1486580 1704
1486590 1701
1486600 1697
1486610 1697
1486620 1694
1486630 1691
1486640 1691
1486650 1688
1486660 1685
1486670 1685
1486680 1685
1486690 1689
1486700 1688
1486710 1688
1486720 1685
1486730 1682
1486740 1682
1486750 1681
1486760 1680
1486770 1680
1486780 1679
1486790 1677
1486800 1677
1486810 1676
1486820 1675
1486830 1675
1486840 1674
1486850 1672
1486860 1672
1486870 1669
1486880 1665
1486890 1665
1486900 1663
1486910 1662
1486920 1662
1486930 1663
1486940 1663
1486950 1660
1486960 1660
1486970 1658
1486980 1659
1486990 1659
1487000 1658
1487010 1655
1487020 1655
1487030 1654
1487040 1654
1487050 1654
1487060 1655
1487070 1654
1487080 1654
1487090 1653
1487100 1653
1487110 1653
1487120 1653
1487130 1652
1487140 1652
1487150 1652
1487160 1650
1487170 1650
1487180 1649
1487190 1647
1487200 1643
1487210 1643
1487220 1638
1487230 1633
1487240 1633
1487250 1629
1487260 1625
1487270 1625
1487280 1623
1487290 1621
1487300 1621
1487310 1618
1487320 1616
1487330 1616
1487340 1612
1487350 1605
1487360 1605
1487370 1600
1487380 1598
1487390 1598
1487400 1592
1487410 1590
1487420 1590
1487430 1587
1487440 1586
1487450 1586
1487460 1585
1487470 1584
1487480 1583
1487490 1583
1487500 1584
1487510 1587
1487520 1587
1487530 1589
1487540 1587
1487550 1587
1487560 1586
1487570 1589
1487580 1589
1487590 1592
1487600 1594
1487610 1594
1487620 1596
1487630 1598
1487640 1598
1487650 1601
1487660 1605
1487670 1605
1487680 1608
1487690 1610
1487700 1610
1487710 1613
1487720 1617
1487730 1617
1487740 1621
1487750 1626
1487760 1632
1487770 1632
1487780 1637
1487790 1643
1487800 1643
1487810 1648
1487820 1653
1487830 1653
1487840 1656
1487850 1657
1487860 1657
1487870 1659
1487880 1661
1487890 1661
1487900 1664
1487910 1666
1487920 1666
1487930 1668
1487940 1670
1487950 1670
1487960 1671
1487970 1673
1487980 1673
1487990 1675
1488000 1676
1488010 1678
1488020 1678
1488030 1679
1488040 1679
1488050 1679
1488060 1678
1488070 1677
1488080 1677
1488090 1676
1488100 1674
1488110 1674
1488120 1674
1488130 1673
1488140 1673
1488150 1672
1488160 1672
1488170 1672
1488180 1671
1488190 1671
1488200 1671
1488210 1670
1488220 1666
1488230 1666
1488240 1662
1488250 1659
1488260 1659
1488270 1656
1488280 1654
1488290 1652
1488300 1652
1488310 1650
1488320 1649
1488330 1649
1488340 1648
1488350 1647
1488360 1647
1488370 1647
1488380 1646
1488390 1646
1488400 1646
1488410 1645
1488420 1645
1488430 1643
1488440 1640
1488450 1640
1488460 1636
1488470 1634
1488480 1634
1488490 1634
1488500 1637
1488510 1637
1488520 1639
1488530 1640
1488540 1640
1488550 1641
1488560 1642
1488570 1643
1488580 1643
1488590 1642
1488600 1642
1488610 1642
1488620 1641
1488630 1639
1488640 1639
1488650 1639
1488660 1636
1488670 1636
1488680 1634
1488690 1634
1488700 1634
1488710 1634
1488720 1633
1488730 1633
1488740 1632
1488750 1630
1488760 1630
1488770 1627
1488780 1626
1488790 1626
1488800 1625
1488810 1624
1488820 1623
1488830 1623
1488840 1621
1488850 1619
1488860 1619
1488870 1618
1488880 1617
1488890 1617
1488900 1616
1488910 1614
1488920 1614
1488930 1612
1488940 1609
1488950 1609
1488960 1606
1488970 1603
1488980 1603
1488990 1601
1489000 1598
1489010 1598
1489020 1594
1489030 1590
1489040 1590
1489050 1587
1489060 1584
1489070 1584
1489080 1581
1489090 1577
1489100 1574
1489110 1574
1489120 1570
1489130 1565
1489140 1565
1489150 1560
1489160 1556
1489170 1556
1489180 1553
1489190 1550
1489200 1550
1489210 1547
1489220 1544
1489230 1544
1489240 1541
1489250 1538
1489260 1538
1489270 1534
1489280 1529
1489290 1529
1489300 1521
1489310 1516
1489320 1516
1489330 1510
1489340 1501
1489350 1501
1489360 1495
1489370 1488
1489380 1482
1489390 1482
1489400 1479
1489410 1476
1489420 1476
1489430 1471
1489440 1467
1489450 1467
1489460 1463
1489470 1459
1489480 1459
1489490 1455
1489500 1453
1489510 1453
1489520 1452
1489530 1453
1489540 1453
1489550 1452
1489560 1449
1489570 1449
1489580 1444
1489590 1435
1489600 1435
1489610 1426
1489620 1413
1489630 1404
1489640 1404
1489650 1398
1489660 1392
1489670 1392
1489680 1387
1489690 1382
1489700 1382
1489710 1379
1489720 1376
1489730 1376
1489740 1373
1489750 1369
1489760 1369
1489770 1365
1489780 1359
1489790 1359
1489800 1352
1489810 1345
1489820 1345
1489830 1340
1489840 1335
1489850 1335
1489860 1330
1489870 1325
1489880 1325
1489890 1321
1489900 1317
1489910 1316
1489920 1316
1489930 1316
1489940 1316
1489950 1316
1489960 1317
1489970 1318
1489980 1318
1489990 1319
1490000 1320
1490010 1320
1490020 1319
1490030 1317
1490040 1317
1490050 1312
1490060 1305
1490070 1305
1490080 1299
1490090 1292
1490100 1292
1490110 1284
1490120 1276
1490130 1276
1490140 1268
1490150 1262
1490160 1262
1490170 1256
1490180 1250
1490190 1243
1490200 1243
1490210 1237
1490220 1232
1490230 1232
1490240 1224
1490250 1215
1490260 1215
1490270 1205
1490280 1195
1490290 1195
1490300 1183
1490310 1170
1490320 1170
1490330 1157
1490340 1148
1490350 1148
1490360 1140
1490370 1132
1490380 1132
1490390 1126
1490400 1119
1490410 1119
1490420 1112
1490430 1105
1490440 1100
1490450 1100
1490460 1094
1490470 1087
1490480 1087
1490490 1081
1490500 1076
1490510 1076
1490520 1070
1490530 1065
1490540 1065
1490550 1061
1490560 1054
1490570 1054
1490580 1047
1490590 1038
1490600 1038
1490610 1030
1490620 1023
1490630 1023
1490640 1019
1490650 1016
1490660 1016
1490670 1014
1490680 1011
1490690 1011
1490700 1008
1490710 1005
1490720 1002
1490730 1002
1490740 999
1490750 996
1490760 996
1490770 992
1490780 987
1490790 987
1490800 983
1490810 979
1490820 979
1490830 974
1490840 969
1490850 969
1490860 965
1490870 960
1490880 960
1490890 960
1490900 961
1490910 961
1490920 961
1490930 961
1490940 961
1490950 962
1490960 962
1490970 962
1490980 962
1490990 962
1491000 962
1491010 962
1491020 965
1491030 965
1491040 965
1491050 965
1491060 965
1491070 965
1491080 965
1491090 965
1491100 965
1491110 966
1491120 969
1491130 969
1491140 973
1491150 978
1491160 978
1491170 984
1491180 988
1491190 988
1491200 989
1491210 989
1491220 989
1491230 989
1491240 988
1491250 988
1491260 988
1491270 988
1491280 989
1491290 989
1491300 989
1491310 990
1491320 990
1491330 991
1491340 994
1491350 994
1491360 996
1491370 997
1491380 997
1491390 999
1491400 1001
1491410 1001
1491420 1004
1491430 1007
1491440 1007
1491450 1011
1491460 1015
1491470 1015
1491480 1019
1491490 1023
1491500 1023
1491510 1029
1491520 1034
1491530 1039
1491540 1039
1491550 1043
1491560 1048
1491570 1048
1491580 1053
1491590 1058
1491600 1058
1491610 1064
1491620 1071
1491630 1071
1491640 1077
1491650 1081
1491660 1081
1491670 1085
1491680 1090
1491690 1090
1491700 1094
1491710 1100
1491720 1100
1491730 1109
1491740 1118
1491750 1118
1491760 1128
1491770 1137
1491780 1137
1491790 1149
1491800 1165
1491810 1177
1491820 1177
1491830 1187
1491840 1196
1491850 1196
1491860 1207
1491870 1220
1491880 1220
1491890 1228
1491900 1235
1491910 1235
1491920 1245
1491930 1253
1491940 1253
1491950 1260
1491960 1267
1491970 1267
1491980 1273
1491990 1281
1492000 1281
1492010 1288
1492020 1295
1492030 1295
1492040 1303
1492050 1309
1492060 1315
1492070 1315
1492080 1321
1492090 1326
1492100 1326
1492110 1330
1492120 1333
1492130 1333
1492140 1337
1492150 1340
1492160 1340
1492170 1343
1492180 1347
1492190 1347
1492200 1351
1492210 1355
1492220 1355
1492230 1359
1492240 1361
1492250 1361
1492260 1363
1492270 1365
1492280 1365
1492290 1370
1492300 1374
1492310 1374
1492320 1379
1492330 1382
1492340 1386
1492350 1386
1492360 1390
1492370 1395
1492380 1395
1492390 1400
1492400 1404
1492410 1404
1492420 1408
1492430 1411
1492440 1411
1492450 1413
1492460 1414
1492470 1414
1492480 1415
1492490 1416
1492500 1416
1492510 1417
1492520 1414
1492530 1414
1492540 1410
1492550 1406
1492560 1406
1492570 1403
1492580 1400
1492590 1400
1492600 1398
1492610 1396
1492620 1394
1492630 1394
1492640 1392
1492650 1391
1492660 1391
1492670 1392
1492680 1392
1492690 1392
1492700 1393
1492710 1396
1492720 1396
1492730 1400
1492740 1404
1492750 1404
1492760 1408
1492770 1411
1492780 1411
1492790 1414
1492800 1415
1492810 1415
1492820 1416
1492830 1422
1492840 1422
1492850 1428
1492860 1436
1492870 1443
1492880 1443
1492890 1449
1492900 1454
1492910 1454
1492920 1460
1492930 1464
1492940 1464
1492950 1469
1492960 1472
1492970 1472
1492980 1476
1492990 1478
1493000 1478
1493010 1480
1493020 1483
1493030 1483
1493040 1485
1493050 1487
1493060 1487
1493070 1489
1493080 1491
1493090 1491
1493100 1492
1493110 1494
1493120 1494
1493130 1495
1493140 1496
1493150 1496
1493160 1496
1493170 1496
1493180 1497
1493190 1497
1493200 1499
1493210 1501
1493220 1501
1493230 1502
1493240 1502
1493250 1502
1493260 1500
1493270 1497
1493280 1497
1493290 1495
1493300 1495
1493310 1495
1493320 1494
1493330 1495
1493340 1495
1493350 1496
1493360 1500
1493370 1500
1493380 1508
1493390 1513
1493400 1513
1493410 1517
1493420 1522
1493430 1528
1493440 1528
1493450 1532
1493460 1537
1493470 1537
1493480 1545
1493490 1552
1493500 1552
1493510 1559
1493520 1565
1493530 1565
1493540 1570
1493550 1575
1493560 1575
1493570 1580
1493580 1584
1493590 1584
1493600 1588
1493610 1591
1493620 1591
1493630 1592
1493640 1598
1493650 1598
1493660 1604
1493670 1610
1493680 1613
1493690 1613
1493700 1615
1493710 1616
1493720 1616
1493730 1619
1493740 1621
1493750 1627
1493760 1628
1493770 1631
1493780 1631
1493790 1634
1493800 1636
1493810 1636
1493820 1637
1493830 1640
1493840 1640
1493850 1644
1493860 1647
1493870 1647
1493880 1651
1493890 1655
1493900 1655
1493910 1659
1493920 1666
1493930 1666
1493940 1673
1493950 1680
1493960 1686
1493970 1686
1493980 1693
1493990 1698
1494000 1698
1494010 1702
1494020 1706
1494030 1706
1494040 1709
1494050 1715
1494060 1715
1494070 1721
1494080 1727
1494090 1727
1494100 1732
1494110 1736
1494120 1736
1494130 1742
1494140 1748
1494150 1748
1494160 1754
1494170 1759
1494180 1759
1494190 1765
1494200 1771
1494210 1771
1494220 1777
1494230 1782
1494240 1789
1494250 1789
1494260 1795
1494270 1802
1494280 1802
1494290 1808
1494300 1813
1494310 1813
1494320 1817
1494330 1822
1494340 1822
1494350 1828
1494360 1833
1494370 1833
1494380 1839
1494390 1845
1494400 1845
1494410 1851
1494420 1856
1494430 1856
1494440 1862
1494450 1868
1494460 1868
1494470 1874
1494480 1879
1494490 1885
1494500 1885
1494510 1892
1494520 1899
1494530 1899
1494540 1904
1494550 1903
1494560 1903
1494570 1900
1494580 1907
1494590 1907
1494600 1913
1494610 1909
1494620 1909
1494630 1901
1494640 1896
1494650 1896
1494660 1898
1494670 1896
1494680 1896
1494690 1899
1494700 1902
1494710 1902
1494720 1898
1494730 1893
1494740 1893
1494750 1891
1494760 1888
1494770 1883
1494780 1883
1494790 1877
1494800 1870
1494810 1870
1494820 1865
1494830 1860
1494840 1860
1494850 1856
1494860 1851
1494870 1851
1494880 1845
1494890 1836
1494900 1836
1494910 1828
1494920 1824
1494930 1824
1494940 1821
1494950 1817
1494960 1817
1494970 1813
1494980 1806
1494990 1806
1495000 1798
1495010 1794
1495020 1794
1495030 1789
1495040 1786
1495050 1783
1495060 1783
1495070 1777
1495080 1770
1495090 1770
1495100 1762
1495110 1756
1495120 1756
1495130 1750
1495140 1742
1495150 1742
1495160 1736
1495170 1730
1495180 1730
1495190 1724
1495200 1720
1495210 1720
1495220 1714
1495230 1708
1495240 1708
1495250 1702
1495260 1700
1495270 1700
1495280 1704
1495290 1710
1495300 1714
1495310 1714
1495320 1718
1495330 1723
1495340 1723
1495350 1728
1495360 1735
1495370 1735
1495380 1741
1495390 1745
1495400 1745
1495410 1750
1495420 1748
1495430 1748
1495440 1744
1495450 1739
1495460 1739
1495470 1735
1495480 1725
1495490 1725
1495500 1719
1495510 1713
1495520 1713
1495530 1707
1495540 1699
1495550 1699
1495560 1688
1495570 1677
1495580 1669
1495590 1669
1495600 1662
1495610 1656
1495620 1656
1495630 1649
1495640 1641
1495650 1641
1495660 1628
1495670 1617
1495680 1617
1495690 1607
1495700 1598
1495710 1598
1495720 1589
1495730 1580
1495740 1580
1495750 1571
1495760 1563
1495770 1563
1495780 1555
1495790 1547
1495800 1547
1495810 1541
1495820 1534
1495830 1534
1495840 1528
1495850 1522
1495860 1516
1495870 1516
1495880 1512
1495890 1506
1495900 1506
1495910 1501
1495920 1496
1495930 1496
1495940 1492
1495950 1488
1495960 1488
1495970 1484
1495980 1480
1495990 1480
1496000 1475
1496010 1468
1496020 1468
1496030 1460
1496040 1454
1496050 1454
1496060 1447
1496070 1440
1496080 1440
1496090 1431
1496100 1424
1496110 1416
1496120 1416
1496130 1409
1496140 1402
1496150 1402
1496160 1396
1496170 1389
1496180 1389
1496190 1382
1496200 1376
1496210 1376
1496220 1369
1496230 1361
1496240 1361
1496250 1351
1496260 1341
1496270 1341
1496280 1331
1496290 1326
1496300 1326
1496310 1328
1496320 1331
1496330 1331
1496340 1340
1496350 1351
1496360 1351
1496370 1353
1496380 1354
1496390 1355
1496400 1355
1496410 1357
1496420 1360
1496430 1360
1496440 1360
1496450 1358
1496460 1358
1496470 1356
1496480 1355
1496490 1355
1496500 1354
1496510 1350
1496520 1350
1496530 1346
1496540 1345
1496550 1345
1496560 1347
1496570 1349
1496580 1349
1496590 1351
1496600 1348
1496610 1348
1496620 1347
1496630 1346
1496640 1346
1496650 1344
1496660 1341
1496670 1335
1496680 1335
1496690 1327
1496700 1321
1496710 1321
1496720 1315
1496730 1310
1496740 1310
1496750 1304
1496760 1297
1496770 1297
1496780 1290
1496790 1282
1496800 1282
1496810 1275
1496820 1266
1496830 1266
1496840 1259
1496850 1250
1496860 1250
1496870 1240
1496880 1233
1496890 1233
1496900 1228
1496910 1224
1496920 1220
1496930 1220
1496940 1216
1496950 1212
1496960 1212
1496970 1208
1496980 1204
1496990 1204
1497000 1199
1497010 1194
1497020 1194
1497030 1189
1497040 1184
1497050 1184
1497060 1183
1497070 1183
1497080 1183
1497090 1184
1497100 1189
1497110 1189
1497120 1192
1497130 1202
1497140 1202
1497150 1212
1497160 1217
1497170 1217
1497180 1221
1497190 1224
1497200 1227
1497210 1227
1497220 1228
1497230 1231
1497240 1231
1497250 1234
1497260 1236
1497270 1236
1497280 1239
1497290 1243
1497300 1243
1497310 1246
1497320 1250
1497330 1250
1497340 1254
1497350 1258
1497360 1258
1497370 1263
1497380 1267
1497390 1267
1497400 1271
1497410 1274
1497420 1274
1497430 1278
1497440 1282
1497450 1282
1497460 1287
1497470 1292
1497480 1298
1497490 1298
1497500 1304
1497510 1311
1497520 1311
1497530 1318
1497540 1324
1497550 1324
1497560 1331
1497570 1339
1497580 1339
1497590 1349
1497600 1359
1497610 1359
1497620 1368
1497630 1377
1497640 1377
1497650 1385
1497660 1391
1497670 1391
1497680 1398
1497690 1404
1497700 1404
1497710 1409
1497720 1415
1497730 1422
1497740 1422
1497750 1429
1497760 1437
1497770 1437
1497780 1446
1497790 1455
1497800 1455
1497810 1464
1497820 1474
1497830 1474
1497840 1483
1497850 1493
1497860 1493
1497870 1504
1497880 1514
1497890 1514
1497900 1522
1497910 1531
1497920 1531
1497930 1540
1497940 1549
1497950 1549
1497960 1555
1497970 1563
1497980 1563
1497990 1571
1498000 1580
1498010 1589
1498020 1589
1498030 1598
1498040 1605
1498050 1605
1498060 1613
1498070 1616
1498080 1616
1498090 1619
1498100 1625
1498110 1625
1498120 1630
1498130 1633
1498140 1633
1498150 1636
1498160 1639
1498170 1639
1498180 1643
1498190 1646
1498200 1646
1498210 1650
1498220 1655
1498230 1655
1498240 1659
1498250 1662
1498260 1662
1498270 1666
1498280 1671
1498290 1676
1498300 1676
1498310 1682
1498320 1687
1498330 1687
1498340 1691
1498350 1695
1498360 1695
1498370 1699
1498380 1702
1498390 1702
1498400 1706
1498410 1710
1498420 1710
1498430 1713
1498440 1717
1498450 1717
1498460 1721
1498470 1724
1498480 1724
1498490 1727
1498500 1729
1498510 1729
1498520 1732
1498530 1736
1498540 1740
1498550 1740
1498560 1742
1498570 1744
1498580 1744
1498590 1748
1498600 1753
1498610 1753
1498620 1759
1498630 1764
1498640 1764
1498650 1767
1498660 1769
1498670 1769
1498680 1773
1498690 1778
1498700 1778
1498710 1784
1498720 1790
1498730 1790
1498740 1794
1498750 1799
1498760 1799
1498770 1804
1498780 1810
1498790 1810
1498800 1816
1498810 1824
1498820 1832
1498830 1832
1498840 1843
1498850 1856
1498860 1856
1498870 1867
1498880 1875
1498890 1875
1498900 1881
1498910 1888
1498920 1888
1498930 1896
1498940 1904
1498950 1904
1498960 1911
1498970 1919
1498980 1919
1498990 1927
1499000 1936
1499010 1936
1499020 1943
1499030 1949
1499040 1949
1499050 1956
1499060 1962
1499070 1962
1499080 1969
1499090 1976
1499100 1984
1499110 1984
1499120 1992
1499130 1996
1499140 1996
1499150 2000
1499160 2007
1499170 2007
1499180 2014
1499190 2020
1499200 2020
1499210 2024
1499220 2029
1499230 2029
1499240 2035
1499250 2040
1499260 2040
1499270 2045
1499280 2049
1499290 2049
1499300 2053
1499310 2058
1499320 2058
1499330 2061
1499340 2065
1499350 2070
1499360 2070
1499370 2077
1499380 2084
1499390 2084
1499400 2092
1499410 2099
1499420 2099
1499430 2107
1499440 2114
1499450 2114
1499460 2120
1499470 2121
1499480 2121
1499490 2123
1499500 2131
1499510 2131
1499520 2137
1499530 2135
1499540 2135
1499550 2122
1499560 2109
1499570 2109
1499580 2085
1499590 2070
1499600 2070
1499610 2056
1499620 2039
1499630 2031
1499640 2031
1499650 2025
1499660 2019
1499670 2019
1499680 2012
1499690 2006
1499700 2006
1499710 1999
1499720 1993
1499730 1993
1499740 1988
1499750 1981
1499760 1981
1499770 1976
1499780 1970
1499790 1970
1499800 1964
1499810 1958
1499820 1958
1499830 1953
1499840 1947
1499850 1947
1499860 1943
1499870 1940
1499880 1940
1499890 1936
1499900 1930
1499910 1924
1499920 1924
1499930 1919
1499940 1913
1499950 1913
1499960 1906
1499970 1900
1499980 1900
1499990 1893
