1480000 1201
1480010 1201
1480020 1196
1480030 1191
1480040 1191
1480050 1185
1480060 1179
1480070 1179
1480080 1173
1480090 1168
1480100 1168
1480110 1166
1480120 1164
1480130 1164
1480140 1158
1480150 1152
1480160 1152
1480170 1146
1480180 1141
1480190 1136
1480200 1136
1480210 1131
1480220 1125
1480230 1125
1480240 1120
1480250 1114
1480260 1114
1480270 1109
1480280 1104
1480290 1104
1480300 1102
1480310 1099
1480320 1099
1480330 1091
1480340 1091
1480350 1091
1480360 1092
1480370 1090
1480380 1090
1480390 1086
1480400 1084
1480410 1084
1480420 1084
1480430 1082
1480440 1079
1480450 1079
1480460 1078
1480470 1077
1480480 1077
1480490 1074
1480500 1071
1480510 1071
1480520 1067
1480530 1063
1480540 1063
1480550 1060
1480560 1056
1480570 1056
1480580 1052
1480590 1048
1480600 1048
1480610 1044
1480620 1038
1480630 1038
1480640 1031
1480650 1024
1480660 1024
1480670 1018
1480680 1012
1480690 1012
1480700 1006
1480710 1000
1480720 994
1480730 994
1480740 988
1480750 982
1480760 982
1480770 975
1480780 968
1480790 968
1480800 962
1480810 956
1480820 956
1480830 949
1480840 942
1480850 942
1480860 934
1480870 925
1480880 925
1480890 918
1480900 914
1480910 914
1480920 914
1480930 916
1480940 916
1480950 915
1480960 913
1480970 913
1480980 913
1480990 913
1481000 913
1481010 913
1481020 917
1481030 922
1481040 922
1481050 928
1481060 933
1481070 933
1481080 937
1481090 941
1481100 941
1481110 946
1481120 948
1481130 948
1481140 951
1481150 953
1481160 953
1481170 959
1481180 964
1481190 964
1481200 969
1481210 974
1481220 974
1481230 980
1481240 985
1481250 988
1481260 988
1481270 991
1481280 995
1481290 995
1481300 998
1481310 1001
1481320 1001
1481330 1005
1481340 1009
1481350 1009
1481360 1013
1481370 1017
1481380 1017
1481390 1020
1481400 1025
1481410 1025
1481420 1029
1481430 1031
1481440 1031
1481450 1035
1481460 1040
1481470 1040
1481480 1046
1481490 1051
1481500 1051
1481510 1056
1481520 1062
1481530 1067
1481540 1067
1481550 1070
1481560 1073
1481570 1073
1481580 1075
1481590 1076
1481600 1076
1481610 1076
1481620 1077
1481630 1077
1481640 1079
1481650 1081
1481660 1081
1481670 1084
1481680 1087
1481690 1087
1481700 1089
1481710 1091
1481720 1091
1481730 1093
1481740 1095
1481750 1095
1481760 1097
1481770 1100
1481780 1100
1481790 1102
1481800 1103
1481810 1106
1481820 1106
1481830 1109
1481840 1110
1481850 1110
1481860 1111
1481870 1113
1481880 1113
1481890 1114
1481900 1117
1481910 1117
1481920 1120
1481930 1122
1481940 1122
1481950 1125
1481960 1127
1481970 1127
1481980 1131
1481990 1134
1482000 1134
1482010 1136
1482020 1139
1482030 1139
1482040 1141
1482050 1143
1482060 1147
1482070 1147
1482080 1151
1482090 1156
1482100 1156
1482110 1161
1482120 1164
1482130 1164
1482140 1169
1482150 1174
1482160 1174
1482170 1179
1482180 1183
1482190 1183
1482200 1186
1482210 1192
1482220 1192
1482230 1199
1482240 1208
1482250 1208
1482260 1218
1482270 1228
1482280 1228
1482290 1238
1482300 1246
1482310 1246
1482320 1251
1482330 1258
1482340 1267
1482350 1267
1482360 1276
1482370 1284
1482380 1284
1482390 1291
1482400 1298
1482410 1298
1482420 1305
1482430 1310
1482440 1310
1482450 1316
1482460 1321
1482470 1321
1482480 1326
1482490 1331
1482500 1331
1482510 1336
1482520 1341
1482530 1341
1482540 1346
1482550 1351
1482560 1351
1482570 1354
1482580 1359
1482590 1359
1482600 1364
1482610 1369
1482620 1374
1482630 1374
1482640 1380
1482650 1384
1482660 1384
1482670 1387
1482680 1392
1482690 1392
1482700 1397
1482710 1403
1482720 1403
1482730 1407
1482740 1411
1482750 1411
1482760 1415
1482770 1420
1482780 1420
1482790 1425
1482800 1431
1482810 1431
1482820 1437
1482830 1445
1482840 1445
1482850 1454
1482860 1462
1482870 1468
1482880 1468
1482890 1471
1482900 1473
1482910 1473
1482920 1477
1482930 1483
1482940 1483
1482950 1489
1482960 1495
1482970 1495
1482980 1503
1482990 1511
1483000 1511
1483010 1519
1483020 1525
1483030 1525
1483040 1533
1483050 1541
1483060 1541
1483070 1549
1483080 1556
1483090 1556
1483100 1563
1483110 1568
1483120 1568
1483130 1573
1483140 1578
1483150 1583
1483160 1583
1483170 1590
1483180 1598
1483190 1598
1483200 1603
1483210 1608
1483220 1608
1483230 1612
1483240 1617
1483250 1617
1483260 1620
1483270 1623
1483280 1623
1483290 1625
1483300 1628
1483310 1628
1483320 1631
1483330 1635
1483340 1635
1483350 1637
1483360 1640
1483370 1640
1483380 1642
1483390 1643
1483400 1643
1483410 1646
1483420 1649
1483430 1649
1483440 1649
1483450 1649
1483460 1650
1483470 1650
1483480 1651
1483490 1652
1483500 1652
1483510 1653
1483520 1653
1483530 1653
1483540 1650
1483550 1647
1483560 1647
1483570 1647
1483580 1650
1483590 1650
1483600 1653
1483610 1650
1483620 1650
1483630 1646
1483640 1641
1483650 1641
1483660 1635
1483670 1629
1483680 1629
1483690 1625
1483700 1622
1483710 1618
1483720 1618
1483730 1615
1483740 1614
1483750 1614
1483760 1610
1483770 1608
1483780 1608
1483790 1608
1483800 1608
1483810 1608
1483820 1607
1483830 1607
1483840 1607
1483850 1604
1483860 1598
1483870 1598
1483880 1588
1483890 1581
1483900 1581
1483910 1577
1483920 1572
1483930 1572
1483940 1569
1483950 1566
1483960 1564
1483970 1564
1483980 1564
1483990 1562
1484000 1562
1484010 1560
1484020 1557
1484030 1557
1484040 1554
1484050 1552
1484060 1552
1484070 1550
1484080 1547
1484090 1547
1484100 1543
1484110 1541
1484120 1541
1484130 1539
1484140 1537
1484150 1537
1484160 1535
1484170 1533
1484180 1533
1484190 1531
1484200 1528
1484210 1528
1484220 1525
1484230 1523
1484240 1520
1484250 1520
1484260 1517
1484270 1512
1484280 1512
1484290 1507
1484300 1505
1484310 1505
1484320 1508
1484330 1513
1484340 1513
1484350 1517
1484360 1521
1484370 1521
1484380 1527
1484390 1532
1484400 1532
1484410 1537
1484420 1542
1484430 1542
1484440 1547
1484450 1554
1484460 1554
1484470 1561
1484480 1568
1484490 1568
1484500 1574
1484510 1580
1484520 1586
1484530 1586
1484540 1592
1484550 1599
1484560 1599
1484570 1604
1484580 1610
1484590 1610
1484600 1616
1484610 1621
1484620 1621
1484630 1627
1484640 1633
1484650 1633
1484660 1641
1484670 1648
1484680 1648
1484690 1655
1484700 1663
1484710 1663
1484720 1669
1484730 1675
1484740 1675
1484750 1680
1484760 1685
1484770 1692
1484780 1692
1484790 1699
1484800 1705
1484810 1705
1484820 1712
1484830 1719
1484840 1719
1484850 1726
1484860 1734
1484870 1734
1484880 1742
1484890 1749
1484900 1749
1484910 1756
1484920 1763
1484930 1763
1484940 1770
1484950 1778
1484960 1778
1484970 1785
1484980 1793
1484990 1793
1485000 1800
1485010 1808
1485020 1808
1485030 1814
1485040 1819
1485050 1822
1485060 1822
1485070 1824
1485080 1828
1485090 1828
1485100 1831
1485110 1833
1485120 1833
1485130 1836
1485140 1838
1485150 1838
1485160 1840
1485170 1842
1485180 1842
1485190 1844
1485200 1847
1485210 1847
1485220 1851
1485230 1854
1485240 1854
1485250 1858
1485260 1862
1485270 1862
1485280 1865
1485290 1870
1485300 1870
1485310 1875
1485320 1880
1485330 1886
1485340 1886
1485350 1890
1485360 1895
1485370 1895
1485380 1900
1485390 1904
1485400 1904
1485410 1908
1485420 1911
1485430 1911
1485440 1916
1485450 1921
1485460 1921
1485470 1926
1485480 1931
1485490 1931
1485500 1936
1485510 1941
1485520 1941
1485530 1947
1485540 1952
1485550 1952
1485560 1957
1485570 1961
1485580 1964
1485590 1964
1485600 1967
1485610 1971
1485620 1971
1485630 1976
1485640 1980
1485650 1980
1485660 1984
1485670 1990
1485680 1990
1485690 1991
1485700 1991
1485710 1991
1485720 1992
1485730 1991
1485740 1991
1485750 1990
1485760 1989
1485770 1989
1485780 1987
1485790 1984
1485800 1984
1485810 1981
1485820 1977
1485830 1977
1485840 1974
1485850 1971
1485860 1967
1485870 1967
1485880 1962
1485890 1954
1485900 1954
1485910 1946
1485920 1938
1485930 1938
1485940 1931
1485950 1926
1485960 1926
1485970 1920
1485980 1916
1485990 1916
1486000 1912
1486010 1908
1486020 1908
1486030 1906
1486040 1902
1486050 1902
1486060 1898
1486070 1896
1486080 1896
1486090 1891
1486100 1886
1486110 1886
1486120 1880
1486130 1876
1486140 1871
1486150 1871
1486160 1867
1486170 1861
1486180 1861
1486190 1856
1486200 1853
1486210 1853
1486220 1848
1486230 1842
1486240 1842
1486250 1837
1486260 1833
1486270 1833
1486280 1829
1486290 1825
1486300 1825
1486310 1822
1486320 1818
1486330 1818
1486340 1815
1486350 1812
1486360 1812
1486370 1809
1486380 1806
1486390 1802
1486400 1802
1486410 1798
1486420 1795
1486430 1795
1486440 1793
1486450 1790
1486460 1790
1486470 1786
1486480 1782
1486490 1782
1486500 1777
1486510 1771
1486520 1771
1486530 1766
1486540 1762
1486550 1762
1486560 1758
1486570 1754
1486580 1754
1486590 1750
1486600 1746
1486610 1746
1486620 1742
1486630 1737
1486640 1737
1486650 1732
1486660 1727
1486670 1722
1486680 1722
1486690 1716
1486700 1710
1486710 1710
1486720 1699
1486730 1689
1486740 1689
1486750 1683
1486760 1677
1486770 1677
1486780 1672
1486790 1666
1486800 1666
1486810 1661
1486820 1657
1486830 1657
1486840 1652
1486850 1649
1486860 1649
1486870 1647
1486880 1644
1486890 1644
1486900 1642
1486910 1640
1486920 1640
1486930 1639
1486940 1638
1486950 1637
1486960 1637
1486970 1635
1486980 1633
1486990 1633
1487000 1631
1487010 1629
1487020 1629
1487030 1626
1487040 1625
1487050 1625
1487060 1623
1487070 1620
1487080 1620
1487090 1616
1487100 1612
1487110 1612
1487120 1610
1487130 1606
1487140 1606
1487150 1602
1487160 1599
1487170 1599
1487180 1597
1487190 1595
1487200 1591
1487210 1591
1487220 1590
1487230 1586
1487240 1586
1487250 1581
1487260 1576
1487270 1576
1487280 1571
1487290 1567
1487300 1567
1487310 1563
1487320 1560
1487330 1560
1487340 1558
1487350 1556
1487360 1556
1487370 1554
1487380 1552
1487390 1552
1487400 1549
1487410 1545
1487420 1545
1487430 1541
1487440 1536
1487450 1536
1487460 1534
1487470 1534
1487480 1537
1487490 1537
1487500 1537
1487510 1536
1487520 1536
1487530 1536
1487540 1535
1487550 1535
1487560 1535
1487570 1534
1487580 1534
1487590 1532
1487600 1533
1487610 1533
1487620 1535
1487630 1534
1487640 1534
1487650 1532
1487660 1531
1487670 1531
1487680 1529
1487690 1528
1487700 1528
1487710 1527
1487720 1526
1487730 1526
1487740 1526
1487750 1527
1487760 1528
1487770 1528
1487780 1529
1487790 1529
1487800 1529
1487810 1529
1487820 1528
1487830 1528
1487840 1527
1487850 1526
1487860 1526
1487870 1525
1487880 1524
1487890 1524
1487900 1525
1487910 1526
1487920 1526
1487930 1528
1487940 1529
1487950 1529
1487960 1531
1487970 1533
1487980 1533
1487990 1533
1488000 1532
1488010 1532
1488020 1533
1488030 1532
1488040 1530
1488050 1530
1488060 1527
1488070 1526
1488080 1526
1488090 1524
1488100 1524
1488110 1524
1488120 1525
1488130 1525
1488140 1525
1488150 1524
1488160 1523
1488170 1523
1488180 1522
1488190 1520
1488200 1520
1488210 1519
1488220 1518
1488230 1518
1488240 1518
1488250 1518
1488260 1518
1488270 1516
1488280 1516
1488290 1517
1488300 1517
1488310 1518
1488320 1517
1488330 1517
1488340 1517
1488350 1515
1488360 1515
1488370 1512
1488380 1510
1488390 1510
1488400 1509
1488410 1509
1488420 1509
1488430 1511
1488440 1514
1488450 1514
1488460 1514
1488470 1514
1488480 1514
1488490 1515
1488500 1515
1488510 1515
1488520 1515
1488530 1515
1488540 1515
1488550 1515
1488560 1516
1488570 1517
1488580 1517
1488590 1519
1488600 1521
1488610 1521
1488620 1524
1488630 1526
1488640 1526
1488650 1528
1488660 1530
1488670 1530
1488680 1532
1488690 1535
1488700 1535
1488710 1537
1488720 1540
1488730 1540
1488740 1543
1488750 1545
1488760 1545
1488770 1547
1488780 1550
1488790 1550
1488800 1553
1488810 1556
1488820 1556
1488830 1558
1488840 1561
1488850 1564
1488860 1564
1488870 1567
1488880 1570
1488890 1570
1488900 1573
1488910 1575
1488920 1575
1488930 1578
1488940 1579
1488950 1579
1488960 1582
1488970 1585
1488980 1585
1488990 1588
1489000 1591
1489010 1591
1489020 1593
1489030 1594
1489040 1594
1489050 1594
1489060 1593
1489070 1593
1489080 1593
1489090 1595
1489100 1595
1489110 1595
1489120 1593
1489130 1591
1489140 1591
1489150 1591
1489160 1591
1489170 1591
1489180 1591
1489190 1590
1489200 1590
1489210 1588
1489220 1586
1489230 1586
1489240 1584
1489250 1582
1489260 1582
1489270 1580
1489280 1578
1489290 1578
1489300 1575
1489310 1573
1489320 1573
1489330 1570
1489340 1570
1489350 1570
1489360 1570
1489370 1569
1489380 1567
1489390 1567
1489400 1564
1489410 1561
1489420 1561
1489430 1558
1489440 1553
1489450 1553
1489460 1549
1489470 1546
1489480 1546
1489490 1540
1489500 1534
1489510 1534
1489520 1529
1489530 1521
1489540 1521
1489550 1512
1489560 1505
1489570 1505
1489580 1500
1489590 1497
1489600 1497
1489610 1497
1489620 1496
1489630 1496
1489640 1495
1489650 1494
1489660 1491
1489670 1491
1489680 1488
1489690 1483
1489700 1483
1489710 1482
1489720 1481
1489730 1481
1489740 1479
1489750 1473
1489760 1473
1489770 1466
1489780 1458
1489790 1458
1489800 1450
1489810 1441
1489820 1441
1489830 1431
1489840 1423
1489850 1423
1489860 1416
1489870 1409
1489880 1409
1489890 1398
1489900 1390
1489910 1382
1489920 1382
1489930 1374
1489940 1367
1489950 1367
1489960 1358
1489970 1348
1489980 1348
1489990 1339
1490000 1332
1490010 1332
1490020 1325
1490030 1318
1490040 1318
1490050 1312
1490060 1305
1490070 1305
1490080 1297
1490090 1290
1490100 1290
1490110 1284
1490120 1275
1490130 1275
1490140 1265
1490150 1257
1490160 1257
1490170 1248
1490180 1239
1490190 1231
1490200 1231
1490210 1224
1490220 1217
1490230 1217
1490240 1210
1490250 1203
1490260 1203
1490270 1198
1490280 1193
1490290 1193
1490300 1188
1490310 1181
1490320 1181
1490330 1173
1490340 1168
1490350 1168
1490360 1160
1490370 1148
1490380 1148
1490390 1138
1490400 1127
1490410 1127
1490420 1113
1490430 1101
1490440 1101
1490450 1094
1490460 1085
1490470 1078
1490480 1078
1490490 1071
1490500 1064
1490510 1064
1490520 1056
1490530 1049
1490540 1049
1490550 1042
1490560 1035
1490570 1035
1490580 1028
1490590 1021
1490600 1021
1490610 1015
1490620 1010
1490630 1010
1490640 1004
1490650 998
1490660 998
1490670 992
1490680 987
1490690 987
1490700 983
1490710 979
1490720 975
1490730 975
1490740 970
1490750 966
1490760 966
1490770 962
1490780 961
1490790 961
1490800 958
1490810 956
1490820 956
1490830 956
1490840 956
1490850 956
1490860 956
1490870 956
1490880 956
1490890 956
1490900 957
1490910 957
1490920 956
1490930 956
1490940 956
1490950 956
1490960 956
1490970 956
1490980 956
1490990 957
1491000 957
1491010 957
1491020 957
1491030 958
1491040 958
1491050 960
1491060 960
1491070 960
1491080 961
1491090 960
1491100 960
1491110 961
1491120 962
1491130 962
1491140 963
1491150 964
1491160 964
1491170 966
1491180 967
1491190 967
1491200 969
1491210 970
1491220 970
1491230 971
1491240 973
1491250 973
1491260 973
1491270 975
1491280 980
1491290 980
1491300 981
1491310 980
1491320 980
1491330 980
1491340 979
1491350 979
1491360 979
1491370 980
1491380 980
1491390 982
1491400 986
1491410 986
1491420 990
1491430 994
1491440 994
1491450 999
1491460 1004
1491470 1004
1491480 1011
1491490 1017
1491500 1017
1491510 1024
1491520 1031
1491530 1038
1491540 1038
1491550 1046
1491560 1054
1491570 1054
1491580 1063
1491590 1073
1491600 1073
1491610 1082
1491620 1089
1491630 1089
1491640 1096
1491650 1102
1491660 1102
1491670 1110
1491680 1119
1491690 1119
1491700 1128
1491710 1139
1491720 1139
1491730 1153
1491740 1179
1491750 1179
1491760 1197
1491770 1211
1491780 1211
1491790 1219
1491800 1225
1491810 1232
1491820 1232
1491830 1241
1491840 1247
1491850 1247
1491860 1252
1491870 1259
1491880 1259
1491890 1267
1491900 1273
1491910 1273
1491920 1278
1491930 1277
1491940 1277
1491950 1282
1491960 1285
1491970 1285
1491980 1285
1491990 1284
1492000 1284
1492010 1292
1492020 1302
1492030 1302
1492040 1308
1492050 1312
1492060 1312
1492070 1318
1492080 1327
1492090 1333
1492100 1333
1492110 1339
1492120 1343
1492130 1343
1492140 1347
1492150 1352
1492160 1352
1492170 1358
1492180 1363
1492190 1363
1492200 1368
1492210 1373
1492220 1373
1492230 1377
1492240 1384
1492250 1384
1492260 1393
1492270 1401
1492280 1401
1492290 1409
1492300 1417
1492310 1417
1492320 1425
1492330 1433
1492340 1440
1492350 1440
1492360 1448
1492370 1455
1492380 1455
1492390 1464
1492400 1473
1492410 1473
1492420 1481
1492430 1490
1492440 1490
1492450 1499
1492460 1508
1492470 1508
1492480 1515
1492490 1522
1492500 1522
1492510 1530
1492520 1540
1492530 1540
1492540 1552
1492550 1561
1492560 1561
1492570 1568
1492580 1575
1492590 1575
1492600 1580
1492610 1582
1492620 1582
1492630 1582
1492640 1584
1492650 1590
1492660 1590
1492670 1597
1492680 1600
1492690 1600
1492700 1604
1492710 1607
1492720 1607
1492730 1611
1492740 1613
1492750 1613
1492760 1610
1492770 1601
1492780 1601
1492790 1590
1492800 1583
1492810 1583
1492820 1575
1492830 1569
1492840 1569
1492850 1565
1492860 1562
1492870 1562
1492880 1560
1492890 1557
1492900 1556
1492910 1556
1492920 1555
1492930 1556
1492940 1556
1492950 1560
1492960 1568
1492970 1568
1492980 1578
1492990 1588
1493000 1588
1493010 1599
1493020 1609
1493030 1609
1493040 1614
1493050 1615
1493060 1615
1493070 1615
1493080 1617
1493090 1617
1493100 1619
1493110 1620
1493120 1620
1493130 1620
1493140 1621
1493150 1621
1493160 1624
1493170 1626
1493180 1627
1493190 1627
1493200 1628
1493210 1630
1493220 1630
1493230 1632
1493240 1634
1493250 1634
1493260 1636
1493270 1637
1493280 1637
1493290 1634
1493300 1628
1493310 1628
1493320 1625
1493330 1622
1493340 1622
1493350 1619
1493360 1617
1493370 1617
1493380 1615
1493390 1614
1493400 1614
1493410 1613
1493420 1612
1493430 1612
1493440 1612
1493450 1612
1493460 1612
1493470 1612
1493480 1614
1493490 1617
1493500 1617
1493510 1620
1493520 1622
1493530 1622
1493540 1626
1493550 1631
1493560 1631
1493570 1637
1493580 1641
1493590 1641
1493600 1641
1493610 1644
1493620 1644
1493630 1649
1493640 1652
1493650 1652
1493660 1656
1493670 1659
1493680 1659
1493690 1663
1493700 1667
1493710 1670
1493720 1670
1493730 1674
1493740 1682
1493750 1682
1493760 1691
1493770 1699
1493780 1699
1493790 1707
1493800 1712
1493810 1712
1493820 1715
1493830 1718
1493840 1718
1493850 1723
1493860 1730
1493870 1730
1493880 1738
1493890 1748
1493900 1748
1493910 1755
1493920 1760
1493930 1760
1493940 1764
1493950 1766
1493960 1766
1493970 1768
1493980 1770
1493990 1773
1494000 1773
1494010 1776
1494020 1780
1494030 1780
1494040 1785
1494050 1789
1494060 1789
1494070 1794
1494080 1798
1494090 1798
1494100 1802
1494110 1807
1494120 1807
1494130 1812
1494140 1817
1494150 1817
1494160 1822
1494170 1827
1494180 1827
1494190 1830
1494200 1832
1494210 1832
1494220 1833
1494230 1835
1494240 1837
1494250 1837
1494260 1842
1494270 1847
1494280 1847
1494290 1852
1494300 1859
1494310 1859
1494320 1864
1494330 1867
1494340 1867
1494350 1870
1494360 1871
1494370 1871
1494380 1870
1494390 1865
1494400 1865
1494410 1858
1494420 1856
1494430 1856
1494440 1851
1494450 1849
1494460 1849
1494470 1841
1494480 1835
1494490 1835
1494500 1828
1494510 1820
1494520 1812
1494530 1812
1494540 1806
1494550 1800
1494560 1800
1494570 1794
1494580 1787
1494590 1787
1494600 1780
1494610 1773
1494620 1773
1494630 1766
1494640 1760
1494650 1760
1494660 1755
1494670 1750
1494680 1750
1494690 1745
1494700 1741
1494710 1741
1494720 1738
1494730 1736
1494740 1736
1494750 1733
1494760 1729
1494770 1729
1494780 1726
1494790 1724
1494800 1721
1494810 1721
1494820 1716
1494830 1713
1494840 1713
1494850 1710
1494860 1709
1494870 1709
1494880 1709
1494890 1710
1494900 1710
1494910 1712
1494920 1712
1494930 1712
1494940 1707
1494950 1704
1494960 1704
1494970 1703
1494980 1702
1494990 1702
1495000 1697
1495010 1688
1495020 1688
1495030 1683
1495040 1682
1495050 1676
1495060 1676
1495070 1662
1495080 1656
1495090 1656
1495100 1648
1495110 1640
1495120 1640
1495130 1631
1495140 1623
1495150 1623
1495160 1615
1495170 1608
1495180 1608
1495190 1603
1495200 1599
1495210 1599
1495220 1595
1495230 1590
1495240 1590
1495250 1589
1495260 1586
1495270 1586
1495280 1585
1495290 1584
1495300 1584
1495310 1583
1495320 1582
1495330 1581
1495340 1581
1495350 1582
1495360 1586
1495370 1586
1495380 1591
1495390 1595
1495400 1595
1495410 1597
1495420 1599
1495430 1599
1495440 1602
1495450 1604
1495460 1604
1495470 1606
1495480 1606
1495490 1606
1495500 1606
1495510 1606
1495520 1606
1495530 1606
1495540 1606
1495550 1606
1495560 1605
1495570 1605
1495580 1605
1495590 1604
1495600 1605
1495610 1606
1495620 1606
1495630 1605
1495640 1605
1495650 1605
1495660 1606
1495670 1605
1495680 1605
1495690 1603
1495700 1602
1495710 1602
1495720 1600
1495730 1598
1495740 1598
1495750 1594
1495760 1590
1495770 1590
1495780 1586
1495790 1584
1495800 1584
1495810 1580
1495820 1576
1495830 1576
1495840 1572
1495850 1568
1495860 1561
1495870 1561
1495880 1553
1495890 1545
1495900 1545
1495910 1538
1495920 1535
1495930 1535
1495940 1533
1495950 1533
1495960 1533
1495970 1532
1495980 1527
1495990 1527
1496000 1518
1496010 1512
1496020 1512
1496030 1507
1496040 1500
1496050 1500
1496060 1495
1496070 1491
1496080 1491
1496090 1485
1496100 1479
1496110 1479
1496120 1470
1496130 1462
1496140 1455
1496150 1455
1496160 1449
1496170 1442
1496180 1442
1496190 1434
1496200 1428
1496210 1428
1496220 1421
1496230 1412
1496240 1412
1496250 1403
1496260 1394
1496270 1394
1496280 1384
1496290 1373
1496300 1373
1496310 1364
1496320 1354
1496330 1354
1496340 1346
1496350 1338
1496360 1338
1496370 1331
1496380 1324
1496390 1324
1496400 1316
1496410 1304
1496420 1295
1496430 1295
1496440 1288
1496450 1279
1496460 1279
1496470 1272
1496480 1264
1496490 1264
1496500 1253
1496510 1241
1496520 1241
1496530 1228
1496540 1222
1496550 1222
1496560 1229
1496570 1236
1496580 1236
1496590 1238
1496600 1235
1496610 1235
1496620 1233
1496630 1232
1496640 1232
1496650 1232
1496660 1230
1496670 1229
1496680 1229
1496690 1228
1496700 1228
1496710 1228
1496720 1226
1496730 1224
1496740 1224
1496750 1222
1496760 1219
1496770 1219
1496780 1216
1496790 1212
1496800 1212
1496810 1209
1496820 1205
1496830 1205
1496840 1202
1496850 1198
1496860 1198
1496870 1194
1496880 1190
1496890 1190
1496900 1186
1496910 1182
1496920 1182
1496930 1176
1496940 1174
1496950 1169
1496960 1169
1496970 1164
1496980 1159
1496990 1159
1497000 1158
1497010 1157
1497020 1157
1497030 1160
1497040 1165
1497050 1165
1497060 1168
1497070 1172
1497080 1172
1497090 1175
1497100 1180
1497110 1180
1497120 1181
1497130 1183
1497140 1183
1497150 1186
1497160 1190
1497170 1190
1497180 1193
1497190 1197
1497200 1197
1497210 1199
1497220 1203
1497230 1207
1497240 1207
1497250 1211
1497260 1215
1497270 1215
1497280 1219
1497290 1223
1497300 1223
1497310 1227
1497320 1231
1497330 1231
1497340 1236
1497350 1240
1497360 1240
1497370 1244
1497380 1249
1497390 1249
1497400 1253
1497410 1258
1497420 1258
1497430 1262
1497440 1266
1497450 1266
1497460 1271
1497470 1276
1497480 1282
1497490 1282
1497500 1288
1497510 1294
1497520 1294
1497530 1301
1497540 1306
1497550 1306
1497560 1312
1497570 1316
1497580 1316
1497590 1321
1497600 1326
1497610 1326
1497620 1332
1497630 1338
1497640 1338
1497650 1346
1497660 1355
1497670 1356
1497680 1365
1497690 1376
1497700 1376
1497710 1386
1497720 1395
1497730 1395
1497740 1405
1497750 1416
1497760 1422
1497770 1422
1497780 1428
1497790 1436
1497800 1436
1497810 1447
1497820 1459
1497830 1459
1497840 1471
1497850 1481
1497860 1481
1497870 1489
1497880 1496
1497890 1496
1497900 1504
1497910 1517
1497920 1517
1497930 1534
1497940 1547
1497950 1547
1497960 1555
1497970 1558
1497980 1558
1497990 1564
1498000 1570
1498010 1570
1498020 1578
1498030 1587
1498040 1597
1498050 1597
1498060 1608
1498070 1618
1498080 1618
1498090 1628
1498100 1638
1498110 1638
1498120 1650
1498130 1663
1498140 1663
1498150 1671
1498160 1679
1498170 1679
1498180 1687
1498190 1695
1498200 1695
1498210 1704
1498220 1714
1498230 1714
1498240 1725
1498250 1733
1498260 1733
1498270 1743
1498280 1752
1498290 1752
1498300 1759
1498310 1764
1498320 1769
1498330 1769
1498340 1777
1498350 1783
1498360 1783
1498370 1793
1498380 1799
1498390 1799
1498400 1807
1498410 1814
1498420 1814
1498430 1819
1498440 1825
1498450 1825
1498460 1831
1498470 1837
1498480 1837
1498490 1840
1498500 1842
1498510 1842
1498520 1840
1498530 1837
1498540 1837
1498550 1835
1498560 1835
1498570 1835
1498580 1835
1498590 1836
1498600 1835
1498610 1835
1498620 1837
1498630 1840
1498640 1840
1498650 1839
1498660 1843
1498670 1843
1498680 1848
1498690 1853
1498700 1853
1498710 1856
1498720 1859
1498730 1859
1498740 1863
1498750 1868
1498760 1868
1498770 1866
1498780 1871
1498790 1871
1498800 1877
1498810 1876
1498820 1876
1498830 1874
1498840 1876
1498850 1871
1498860 1871
1498870 1858
1498880 1844
1498890 1844
1498900 1833
1498910 1827
1498920 1827
1498930 1822
1498940 1818
1498950 1818
1498960 1811
1498970 1805
1498980 1805
1498990 1798
1499000 1791
1499010 1791
1499020 1786
1499030 1782
1499040 1782
1499050 1778
1499060 1776
1499070 1776
1499080 1777
1499090 1780
1499100 1780
1499110 1784
1499120 1792
1499130 1813
1499140 1813
1499150 1829
1499160 1841
1499170 1841
1499180 1852
1499190 1862
1499200 1862
1499210 1869
1499220 1878
1499230 1878
1499240 1889
1499250 1901
1499260 1901
1499270 1907
1499280 1912
1499290 1912
1499300 1916
1499310 1921
1499320 1921
1499330 1927
1499340 1932
1499350 1932
1499360 1937
1499370 1943
1499380 1950
1499390 1950
1499400 1957
1499410 1964
1499420 1964
1499430 1971
1499440 1980
1499450 1980
1499460 1985
1499470 1989
1499480 1989
1499490 1992
1499500 1995
1499510 1995
1499520 1998
1499530 2001
1499540 2001
1499550 2006
1499560 2010
1499570 2010
1499580 2011
1499590 2010
1499600 2010
1499610 2011
1499620 2012
1499630 2012
1499640 2012
1499650 2012
1499660 2012
1499670 2012
1499680 2012
1499690 2012
1499700 2012
1499710 2013
1499720 2013
1499730 2013
1499740 2013
1499750 2014
1499760 2014
1499770 2014
1499780 2016
1499790 2016
1499800 2017
1499810 2018
1499820 2018
1499830 2018
1499840 2018
1499850 2018
1499860 2018
1499870 2018
1499880 2018
1499890 2018
1499900 2018
1499910 2018
1499920 2018
1499930 2017
1499940 2009
1499950 2009
1499960 2000
1499970 1994
1499980 1994
1499990 1988
