1480000 940
1480010 940
1480020 938
1480030 936
1480040 936
1480050 934
1480060 932
1480070 932
1480080 930
1480090 928
1480100 926
1480110 926
1480120 923
1480130 921
1480140 921
1480150 921
1480160 921
1480170 921
1480180 919
1480190 917
1480200 917
1480210 914
1480220 910
1480230 910
1480240 907
1480250 906
1480260 906
1480270 902
1480280 896
1480290 896
1480300 891
1480310 886
1480320 886
1480330 882
1480340 880
1480350 880
1480360 877
1480370 873
1480380 868
1480390 868
1480400 863
1480410 860
1480420 860
1480430 852
1480440 848
1480450 848
1480460 848
1480470 850
1480480 850
1480490 850
1480500 850
1480510 850
1480520 851
1480530 851
1480540 851
1480550 851
1480560 852
1480570 852
1480580 856
1480590 860
1480600 860
1480610 865
1480620 868
1480630 868
1480640 871
1480650 873
1480660 875
1480670 875
1480680 876
1480690 877
1480700 877
1480710 878
1480720 878
1480730 878
1480740 879
1480750 878
1480760 878
1480770 877
1480780 876
1480790 876
1480800 875
1480810 875
1480820 875
1480830 876
1480840 876
1480850 876
1480860 876
1480870 876
1480880 876
1480890 876
1480900 876
1480910 876
1480920 875
1480930 875
1480940 879
1480950 879
1480960 885
1480970 891
1480980 891
1480990 893
1481000 893
1481010 893
1481020 896
1481030 898
1481040 898
1481050 902
1481060 906
1481070 906
1481080 909
1481090 911
1481100 911
1481110 914
1481120 918
1481130 918
1481140 921
1481150 924
1481160 924
1481170 928
1481180 930
1481190 930
1481200 930
1481210 932
1481220 933
1481230 933
1481240 934
1481250 936
1481260 936
1481270 939
1481280 942
1481290 942
1481300 946
1481310 948
1481320 948
1481330 949
1481340 951
1481350 951
1481360 953
1481370 952
1481380 952
1481390 954
1481400 956
1481410 956
1481420 956
1481430 957
1481440 957
1481450 960
1481460 960
1481470 958
1481480 958
1481490 957
1481500 956
1481510 956
1481520 956
1481530 955
1481540 955
1481550 954
1481560 953
1481570 953
1481580 951
1481590 948
1481600 948
1481610 945
1481620 942
1481630 942
1481640 941
1481650 944
1481660 944
1481670 946
1481680 949
1481690 949
1481700 953
1481710 955
1481720 955
1481730 958
1481740 964
1481750 970
1481760 970
1481770 976
1481780 982
1481790 982
1481800 986
1481810 987
1481820 987
1481830 990
1481840 995
1481850 995
1481860 999
1481870 1004
1481880 1004
1481890 1010
1481900 1015
1481910 1015
1481920 1019
1481930 1023
1481940 1023
1481950 1026
1481960 1030
1481970 1030
1481980 1034
1481990 1038
1482000 1038
1482010 1041
1482020 1044
1482030 1046
1482040 1046
1482050 1049
1482060 1053
1482070 1053
1482080 1057
1482090 1063
1482100 1063
1482110 1069
1482120 1075
1482130 1075
1482140 1081
1482150 1085
1482160 1085
1482170 1089
1482180 1093
1482190 1093
1482200 1096
1482210 1100
1482220 1100
1482230 1104
1482240 1107
1482250 1107
1482260 1111
1482270 1114
1482280 1114
1482290 1118
1482300 1121
1482310 1125
1482320 1125
1482330 1129
1482340 1133
1482350 1133
1482360 1137
1482370 1141
1482380 1141
1482390 1145
1482400 1147
1482410 1147
1482420 1148
1482430 1151
1482440 1151
1482450 1154
1482460 1156
1482470 1156
1482480 1159
1482490 1163
1482500 1163
1482510 1166
1482520 1170
1482530 1170
1482540 1172
1482550 1173
1482560 1173
1482570 1176
1482580 1178
1482590 1180
1482600 1180
1482610 1182
1482620 1184
1482630 1184
1482640 1187
1482650 1191
1482660 1191
1482670 1194
1482680 1198
1482690 1198
1482700 1201
1482710 1206
1482720 1206
1482730 1209
1482740 1217
1482750 1217
1482760 1221
1482770 1225
1482780 1225
1482790 1227
1482800 1229
1482810 1229
1482820 1230
1482830 1232
1482840 1232
1482850 1237
1482860 1237
1482870 1238
1482880 1238
1482890 1238
1482900 1242
1482910 1242
1482920 1245
1482930 1246
1482940 1246
1482950 1251
1482960 1255
1482970 1255
1482980 1257
1482990 1261
1483000 1261
1483010 1265
1483020 1270
1483030 1270
1483040 1273
1483050 1276
1483060 1276
1483070 1281
1483080 1284
1483090 1284
1483100 1286
1483110 1287
1483120 1287
1483130 1287
1483140 1288
1483150 1291
1483160 1291
1483170 1295
1483180 1301
1483190 1301
1483200 1306
1483210 1310
1483220 1310
1483230 1313
1483240 1317
1483250 1317
1483260 1319
1483270 1319
1483280 1319
1483290 1319
1483300 1323
1483310 1323
1483320 1327
1483330 1328
1483340 1328
1483350 1330
1483360 1332
1483370 1332
1483380 1335
1483390 1337
1483400 1339
1483410 1339
1483420 1341
1483430 1343
1483440 1343
1483450 1345
1483460 1347
1483470 1347
1483480 1349
1483490 1352
1483500 1352
1483510 1355
1483520 1358
1483530 1358
1483540 1362
1483550 1365
1483560 1365
1483570 1368
1483580 1371
1483590 1371
1483600 1374
1483610 1377
1483620 1377
1483630 1379
1483640 1381
1483650 1381
1483660 1383
1483670 1386
1483680 1390
1483690 1390
1483700 1394
1483710 1396
1483720 1396
1483730 1398
1483740 1400
1483750 1400
1483760 1402
1483770 1404
1483780 1404
1483790 1406
1483800 1409
1483810 1409
1483820 1411
1483830 1413
1483840 1413
1483850 1415
1483860 1418
1483870 1418
1483880 1420
1483890 1424
1483900 1424
1483910 1427
1483920 1432
1483930 1432
1483940 1436
1483950 1439
1483960 1443
1483970 1443
1483980 1446
1483990 1449
1484000 1449
1484010 1453
1484020 1455
1484030 1455
1484040 1461
1484050 1465
1484060 1465
1484070 1468
1484080 1470
1484090 1470
1484100 1474
1484110 1477
1484120 1477
1484130 1479
1484140 1481
1484150 1481
1484160 1483
1484170 1485
1484180 1485
1484190 1487
1484200 1490
1484210 1490
1484220 1493
1484230 1496
1484240 1500
1484250 1500
1484260 1503
1484270 1506
1484280 1506
1484290 1509
1484300 1511
1484310 1511
1484320 1514
1484330 1516
1484340 1516
1484350 1520
1484360 1522
1484370 1522
1484380 1525
1484390 1527
1484400 1527
1484410 1531
1484420 1534
1484430 1534
1484440 1538
1484450 1540
1484460 1540
1484470 1542
1484480 1545
1484490 1545
1484500 1547
1484510 1550
1484520 1552
1484530 1552
1484540 1554
1484550 1557
1484560 1557
1484570 1559
1484580 1561
1484590 1561
1484600 1563
1484610 1565
1484620 1565
1484630 1568
1484640 1571
1484650 1571
1484660 1574
1484670 1578
1484680 1578
1484690 1581
1484700 1584
1484710 1584
1484720 1586
1484730 1591
1484740 1591
1484750 1595
1484760 1599
1484770 1603
1484780 1603
1484790 1608
1484800 1611
1484810 1611
1484820 1615
1484830 1619
1484840 1619
1484850 1623
1484860 1628
1484870 1628
1484880 1634
1484890 1639
1484900 1639
1484910 1644
1484920 1648
1484930 1648
1484940 1650
1484950 1655
1484960 1655
1484970 1659
1484980 1665
1484990 1665
1485000 1670
1485010 1676
1485020 1676
1485030 1681
1485040 1685
1485050 1690
1485060 1690
1485070 1695
1485080 1699
1485090 1699
1485100 1704
1485110 1708
1485120 1708
1485130 1712
1485140 1714
1485150 1714
1485160 1717
1485170 1721
1485180 1721
1485190 1725
1485200 1729
1485210 1729
1485220 1734
1485230 1739
1485240 1739
1485250 1744
1485260 1750
1485270 1750
1485280 1753
1485290 1753
1485300 1753
1485310 1753
1485320 1754
1485330 1756
1485340 1756
1485350 1758
1485360 1759
1485370 1759
1485380 1761
1485390 1764
1485400 1764
1485410 1766
1485420 1769
1485430 1769
1485440 1773
1485450 1777
1485460 1777
1485470 1782
1485480 1785
1485490 1785
1485500 1785
1485510 1787
1485520 1787
1485530 1791
1485540 1795
1485550 1795
1485560 1799
1485570 1802
1485580 1802
1485590 1804
1485600 1805
1485610 1806
1485620 1806
1485630 1807
1485640 1808
1485650 1808
1485660 1812
1485670 1813
1485680 1813
1485690 1814
1485700 1816
1485710 1816
1485720 1818
1485730 1824
1485740 1824
1485750 1825
1485760 1825
1485770 1825
1485780 1825
1485790 1826
1485800 1826
1485810 1824
1485820 1825
1485830 1825
1485840 1827
1485850 1829
1485860 1829
1485870 1830
1485880 1831
1485890 1832
1485900 1832
1485910 1831
1485920 1830
1485930 1830
1485940 1827
1485950 1825
1485960 1825
1485970 1822
1485980 1819
1485990 1819
1486000 1815
1486010 1812
1486020 1812
1486030 1809
1486040 1805
1486050 1805
1486060 1801
1486070 1798
1486080 1798
1486090 1796
1486100 1794
1486110 1794
1486120 1792
1486130 1789
1486140 1789
1486150 1787
1486160 1785
1486170 1784
1486180 1784
1486190 1783
1486200 1783
1486210 1783
1486220 1783
1486230 1783
1486240 1783
1486250 1783
1486260 1783
1486270 1783
1486280 1783
1486290 1782
1486300 1782
1486310 1780
1486320 1779
1486330 1779
1486340 1777
1486350 1774
1486360 1774
1486370 1771
1486380 1767
1486390 1767
1486400 1761
1486410 1757
1486420 1755
1486430 1755
1486440 1754
1486450 1752
1486460 1752
1486470 1751
1486480 1750
1486490 1750
1486500 1748
1486510 1747
1486520 1747
1486530 1746
1486540 1744
1486550 1744
1486560 1742
1486570 1739
1486580 1739
1486590 1736
1486600 1731
1486610 1731
1486620 1729
1486630 1726
1486640 1726
1486650 1724
1486660 1722
1486670 1722
1486680 1719
1486690 1717
1486700 1715
1486710 1715
1486720 1714
1486730 1713
1486740 1713
1486750 1711
1486760 1708
1486770 1708
1486780 1705
1486790 1702
1486800 1702
1486810 1698
1486820 1696
1486830 1696
1486840 1694
1486850 1693
1486860 1693
1486870 1691
1486880 1689
1486890 1689
1486900 1687
1486910 1685
1486920 1685
1486930 1683
1486940 1679
1486950 1679
1486960 1676
1486970 1673
1486980 1670
1486990 1670
1487000 1668
1487010 1664
1487020 1664
1487030 1661
1487040 1657
1487050 1657
1487060 1653
1487070 1648
1487080 1648
1487090 1643
1487100 1639
1487110 1639
1487120 1634
1487130 1629
1487140 1629
1487150 1623
1487160 1617
1487170 1617
1487180 1610
1487190 1604
1487200 1604
1487210 1599
1487220 1594
1487230 1594
1487240 1589
1487250 1583
1487260 1576
1487270 1576
1487280 1570
1487290 1564
1487300 1564
1487310 1558
1487320 1551
1487330 1551
1487340 1546
1487350 1540
1487360 1540
1487370 1534
1487380 1528
1487390 1528
1487400 1521
1487410 1515
1487420 1515
1487430 1510
1487440 1505
1487450 1505
1487460 1499
1487470 1494
1487480 1494
1487490 1490
1487500 1486
1487510 1486
1487520 1480
1487530 1473
1487540 1467
1487550 1467
1487560 1461
1487570 1455
1487580 1455
1487590 1450
1487600 1445
1487610 1445
1487620 1440
1487630 1434
1487640 1434
1487650 1430
1487660 1426
1487670 1426
1487680 1420
1487690 1414
1487700 1414
1487710 1407
1487720 1400
1487730 1400
1487740 1393
1487750 1391
1487760 1391
1487770 1393
1487780 1400
1487790 1400
1487800 1408
1487810 1413
1487820 1415
1487830 1415
1487840 1415
1487850 1417
1487860 1417
1487870 1418
1487880 1419
1487890 1419
1487900 1420
1487910 1423
1487920 1423
1487930 1425
1487940 1427
1487950 1427
1487960 1427
1487970 1429
1487980 1429
1487990 1431
1488000 1433
1488010 1433
1488020 1435
1488030 1438
1488040 1438
1488050 1439
1488060 1440
1488070 1440
1488080 1440
1488090 1443
1488100 1446
1488110 1446
1488120 1448
1488130 1449
1488140 1449
1488150 1451
1488160 1453
1488170 1453
1488180 1453
1488190 1454
1488200 1454
1488210 1457
1488220 1460
1488230 1460
1488240 1462
1488250 1464
1488260 1464
1488270 1467
1488280 1470
1488290 1470
1488300 1472
1488310 1475
1488320 1475
1488330 1476
1488340 1478
1488350 1480
1488360 1480
1488370 1484
1488380 1489
1488390 1489
1488400 1492
1488410 1495
1488420 1495
1488430 1498
1488440 1500
1488450 1500
1488460 1504
1488470 1509
1488480 1509
1488490 1514
1488500 1516
1488510 1516
1488520 1519
1488530 1521
1488540 1521
1488550 1524
1488560 1525
1488570 1525
1488580 1526
1488590 1528
1488600 1528
1488610 1529
1488620 1530
1488630 1531
1488640 1531
1488650 1532
1488660 1531
1488670 1531
1488680 1530
1488690 1530
1488700 1530
1488710 1532
1488720 1534
1488730 1534
1488740 1536
1488750 1539
1488760 1539
1488770 1543
1488780 1547
1488790 1547
1488800 1550
1488810 1554
1488820 1554
1488830 1559
1488840 1565
1488850 1565
1488860 1571
1488870 1575
1488880 1575
1488890 1578
1488900 1579
1488910 1579
1488920 1579
1488930 1579
1488940 1577
1488950 1577
1488960 1573
1488970 1568
1488980 1568
1488990 1565
1489000 1563
1489010 1563
1489020 1561
1489030 1559
1489040 1559
1489050 1558
1489060 1558
1489070 1558
1489080 1557
1489090 1556
1489100 1556
1489110 1554
1489120 1552
1489130 1552
1489140 1548
1489150 1545
1489160 1545
1489170 1541
1489180 1537
1489190 1532
1489200 1532
1489210 1529
1489220 1524
1489230 1524
1489240 1518
1489250 1512
1489260 1512
1489270 1505
1489280 1500
1489290 1500
1489300 1494
1489310 1489
1489320 1489
1489330 1484
1489340 1478
1489350 1478
1489360 1472
1489370 1466
1489380 1466
1489390 1460
1489400 1455
1489410 1455
1489420 1449
1489430 1444
1489440 1444
1489450 1439
1489460 1431
1489470 1424
1489480 1424
1489490 1416
1489500 1406
1489510 1406
1489520 1394
1489530 1385
1489540 1385
1489550 1375
1489560 1366
1489570 1366
1489580 1360
1489590 1349
1489600 1349
1489610 1339
1489620 1327
1489630 1327
1489640 1317
1489650 1304
1489660 1304
1489670 1292
1489680 1282
1489690 1282
1489700 1273
1489710 1264
1489720 1258
1489730 1258
1489740 1250
1489750 1237
1489760 1237
1489770 1227
1489780 1220
1489790 1220
1489800 1214
1489810 1206
1489820 1206
1489830 1199
1489840 1192
1489850 1192
1489860 1185
1489870 1178
1489880 1178
1489890 1171
1489900 1164
1489910 1164
1489920 1159
1489930 1154
1489940 1154
1489950 1148
1489960 1141
1489970 1141
1489980 1135
1489990 1129
1490000 1122
1490010 1122
1490020 1116
1490030 1111
1490040 1111
1490050 1105
1490060 1100
1490070 1100
1490080 1095
1490090 1090
1490100 1090
1490110 1085
1490120 1079
1490130 1079
1490140 1073
1490150 1066
1490160 1066
1490170 1060
1490180 1054
1490190 1054
1490200 1049
1490210 1042
1490220 1042
1490230 1033
1490240 1025
1490250 1025
1490260 1017
1490270 1010
1490280 1005
1490290 1005
1490300 999
1490310 995
1490320 995
1490330 989
1490340 985
1490350 985
1490360 980
1490370 976
1490380 976
1490390 971
1490400 966
1490410 966
1490420 962
1490430 960
1490440 960
1490450 956
1490460 953
1490470 953
1490480 949
1490490 946
1490500 946
1490510 944
1490520 942
1490530 942
1490540 940
1490550 938
1490560 936
1490570 936
1490580 934
1490590 933
1490600 933
1490610 932
1490620 932
1490630 932
1490640 930
1490650 929
1490660 929
1490670 928
1490680 927
1490690 927
1490700 928
1490710 929
1490720 929
1490730 929
1490740 929
1490750 929
1490760 930
1490770 930
1490780 930
1490790 930
1490800 931
1490810 931
1490820 931
1490830 932
1490840 932
1490850 932
1490860 933
1490870 933
1490880 933
1490890 933
1490900 933
1490910 933
1490920 933
1490930 933
1490940 933
1490950 933
1490960 933
1490970 933
1490980 933
1490990 933
1491000 933
1491010 934
1491020 936
1491030 936
1491040 938
1491050 939
1491060 939
1491070 940
1491080 940
1491090 940
1491100 940
1491110 940
1491120 937
1491130 937
1491140 937
1491150 939
1491160 939
1491170 944
1491180 949
1491190 949
1491200 955
1491210 961
1491220 961
1491230 967
1491240 973
1491250 973
1491260 980
1491270 987
1491280 987
1491290 994
1491300 1001
1491310 1001
1491320 1009
1491330 1018
1491340 1018
1491350 1026
1491360 1035
1491370 1044
1491380 1044
1491390 1053
1491400 1067
1491410 1067
1491420 1086
1491430 1097
1491440 1097
1491450 1102
1491460 1107
1491470 1107
1491480 1117
1491490 1125
1491500 1125
1491510 1136
1491520 1138
1491530 1138
1491540 1140
1491550 1145
1491560 1145
1491570 1153
1491580 1161
1491590 1161
1491600 1171
1491610 1181
1491620 1181
1491630 1192
1491640 1202
1491650 1212
1491660 1212
1491670 1222
1491680 1232
1491690 1232
1491700 1242
1491710 1253
1491720 1253
1491730 1264
1491740 1274
1491750 1274
1491760 1286
1491770 1300
1491780 1300
1491790 1317
1491800 1330
1491810 1330
1491820 1341
1491830 1350
1491840 1350
1491850 1358
1491860 1365
1491870 1365
1491880 1369
1491890 1372
1491900 1372
1491910 1374
1491920 1377
1491930 1382
1491940 1382
1491950 1388
1491960 1393
1491970 1393
1491980 1399
1491990 1404
1492000 1404
1492010 1407
1492020 1407
1492030 1407
1492040 1407
1492050 1407
1492060 1407
1492070 1407
1492080 1408
1492090 1408
1492100 1407
1492110 1405
1492120 1405
1492130 1402
1492140 1400
1492150 1400
1492160 1399
1492170 1400
1492180 1400
1492190 1401
1492200 1403
1492210 1406
1492220 1406
1492230 1409
1492240 1413
1492250 1413
1492260 1418
1492270 1422
1492280 1422
1492290 1426
1492300 1431
1492310 1431
1492320 1435
1492330 1437
1492340 1437
1492350 1439
1492360 1439
1492370 1439
1492380 1438
1492390 1438
1492400 1438
1492410 1438
1492420 1440
1492430 1440
1492440 1444
1492450 1449
1492460 1449
1492470 1452
1492480 1455
1492490 1459
1492500 1459
1492510 1463
1492520 1468
1492530 1468
1492540 1472
1492550 1475
1492560 1475
1492570 1477
1492580 1478
1492590 1478
1492600 1479
1492610 1481
1492620 1481
1492630 1481
1492640 1481
1492650 1481
1492660 1485
1492670 1489
1492680 1489
1492690 1492
1492700 1493
1492710 1493
1492720 1492
1492730 1492
1492740 1492
1492750 1492
1492760 1493
1492770 1495
1492780 1495
1492790 1497
1492800 1500
1492810 1500
1492820 1503
1492830 1505
1492840 1505
1492850 1507
1492860 1511
1492870 1511
1492880 1516
1492890 1521
1492900 1521
1492910 1527
1492920 1533
1492930 1533
1492940 1539
1492950 1544
1492960 1544
1492970 1548
1492980 1553
1492990 1553
1493000 1557
1493010 1561
1493020 1565
1493030 1565
1493040 1570
1493050 1574
1493060 1574
1493070 1578
1493080 1583
1493090 1583
1493100 1588
1493110 1593
1493120 1593
1493130 1598
1493140 1603
1493150 1603
1493160 1607
1493170 1611
1493180 1611
1493190 1615
1493200 1620
1493210 1620
1493220 1625
1493230 1630
1493240 1630
1493250 1636
1493260 1641
1493270 1641
1493280 1647
1493290 1652
1493300 1657
1493310 1657
1493320 1662
1493330 1668
1493340 1668
1493350 1674
1493360 1680
1493370 1680
1493380 1686
1493390 1692
1493400 1692
1493410 1697
1493420 1703
1493430 1703
1493440 1708
1493450 1712
1493460 1712
1493470 1716
1493480 1720
1493490 1720
1493500 1724
1493510 1728
1493520 1728
1493530 1733
1493540 1738
1493550 1738
1493560 1743
1493570 1748
1493580 1752
1493590 1752
1493600 1757
1493610 1764
1493620 1764
1493630 1771
1493640 1779
1493650 1779
1493660 1786
1493670 1793
1493680 1793
1493690 1801
1493700 1808
1493710 1808
1493720 1816
1493730 1824
1493740 1824
1493750 1831
1493760 1839
1493770 1839
1493780 1847
1493790 1854
1493800 1854
1493810 1859
1493820 1865
1493830 1865
1493840 1870
1493850 1873
1493860 1877
1493870 1877
1493880 1882
1493890 1886
1493900 1886
1493910 1888
1493920 1889
1493930 1889
1493940 1888
1493950 1888
1493960 1888
1493970 1886
1493980 1883
1493990 1883
1494000 1881
1494010 1880
1494020 1880
1494030 1879
1494040 1877
1494050 1877
1494060 1875
1494070 1873
1494080 1873
1494090 1873
1494100 1873
1494110 1873
1494120 1872
1494130 1871
1494140 1868
1494150 1868
1494160 1866
1494170 1866
1494180 1866
1494190 1866
1494200 1865
1494210 1865
1494220 1865
1494230 1864
1494240 1864
1494250 1863
1494260 1863
1494270 1863
1494280 1866
1494290 1872
1494300 1872
1494310 1878
1494320 1884
1494330 1884
1494340 1885
1494350 1884
1494360 1884
1494370 1885
1494380 1884
1494390 1880
1494400 1880
1494410 1876
1494420 1872
1494430 1872
1494440 1866
1494450 1859
1494460 1859
1494470 1853
1494480 1846
1494490 1846
1494500 1839
1494510 1832
1494520 1832
1494530 1825
1494540 1819
1494550 1819
1494560 1812
1494570 1805
1494580 1805
1494590 1796
1494600 1790
1494610 1790
1494620 1782
1494630 1775
1494640 1775
1494650 1768
1494660 1759
1494670 1750
1494680 1750
1494690 1741
1494700 1735
1494710 1735
1494720 1729
1494730 1723
1494740 1723
1494750 1718
1494760 1712
1494770 1712
1494780 1705
1494790 1698
1494800 1698
1494810 1691
1494820 1685
1494830 1685
1494840 1678
1494850 1671
1494860 1671
1494870 1664
1494880 1657
1494890 1657
1494900 1650
1494910 1644
1494920 1644
1494930 1638
1494940 1634
1494950 1628
1494960 1628
1494970 1622
1494980 1617
1494990 1617
1495000 1611
1495010 1604
1495020 1604
1495030 1597
1495040 1590
1495050 1590
1495060 1583
1495070 1576
1495080 1576
1495090 1571
1495100 1565
1495110 1565
1495120 1560
1495130 1555
1495140 1555
1495150 1550
1495160 1544
1495170 1544
1495180 1539
1495190 1533
1495200 1533
1495210 1528
1495220 1520
1495230 1509
1495240 1509
1495250 1497
1495260 1490
1495270 1490
1495280 1484
1495290 1480
1495300 1480
1495310 1468
1495320 1460
1495330 1460
1495340 1453
1495350 1446
1495360 1446
1495370 1437
1495380 1430
1495390 1430
1495400 1424
1495410 1418
1495420 1418
1495430 1412
1495440 1407
1495450 1407
1495460 1399
1495470 1392
1495480 1392
1495490 1385
1495500 1380
1495510 1375
1495520 1375
1495530 1373
1495540 1371
1495550 1371
1495560 1370
1495570 1368
1495580 1368
1495590 1367
1495600 1360
1495610 1360
1495620 1353
1495630 1346
1495640 1346
1495650 1338
1495660 1331
1495670 1331
1495680 1323
1495690 1317
1495700 1317
1495710 1311
1495720 1303
1495730 1303
1495740 1296
1495750 1288
1495760 1283
1495770 1283
1495780 1277
1495790 1271
1495800 1271
1495810 1264
1495820 1257
1495830 1257
1495840 1251
1495850 1245
1495860 1245
1495870 1240
1495880 1234
1495890 1234
1495900 1229
1495910 1224
1495920 1224
1495930 1219
1495940 1213
1495950 1213
1495960 1206
1495970 1200
1495980 1200
1495990 1194
1496000 1188
1496010 1188
1496020 1183
1496030 1177
1496040 1172
1496050 1172
1496060 1167
1496070 1161
1496080 1161
1496090 1156
1496100 1151
1496110 1151
1496120 1147
1496130 1144
1496140 1144
1496150 1140
1496160 1137
1496170 1137
1496180 1133
1496190 1129
1496200 1129
1496210 1126
1496220 1123
1496230 1123
1496240 1119
1496250 1116
1496260 1116
1496270 1112
1496280 1108
1496290 1108
1496300 1104
1496310 1100
1496320 1096
1496330 1096
1496340 1092
1496350 1088
1496360 1088
1496370 1084
1496380 1080
1496390 1080
1496400 1076
1496410 1073
1496420 1073
1496430 1070
1496440 1068
1496450 1068
1496460 1065
1496470 1064
1496480 1064
1496490 1063
1496500 1063
1496510 1063
1496520 1063
1496530 1063
1496540 1063
1496550 1062
1496560 1062
1496570 1062
1496580 1062
1496590 1062
1496600 1062
1496610 1062
1496620 1061
1496630 1062
1496640 1062
1496650 1064
1496660 1069
1496670 1069
1496680 1074
1496690 1077
1496700 1077
1496710 1079
1496720 1080
1496730 1080
1496740 1081
1496750 1085
1496760 1085
1496770 1088
1496780 1091
1496790 1091
1496800 1096
1496810 1101
1496820 1101
1496830 1106
1496840 1111
1496850 1111
1496860 1116
1496870 1121
1496880 1127
1496890 1127
1496900 1132
1496910 1138
1496920 1138
1496930 1144
1496940 1148
1496950 1148
1496960 1154
1496970 1160
1496980 1160
1496990 1165
1497000 1171
1497010 1171
1497020 1176
1497030 1182
1497040 1182
1497050 1187
1497060 1193
1497070 1193
1497080 1199
1497090 1205
1497100 1205
1497110 1212
1497120 1218
1497130 1218
1497140 1224
1497150 1231
1497160 1237
1497170 1237
1497180 1244
1497190 1251
1497200 1251
1497210 1257
1497220 1263
1497230 1263
1497240 1270
1497250 1277
1497260 1277
1497270 1286
1497280 1296
1497290 1296
1497300 1309
1497310 1319
1497320 1319
1497330 1328
1497340 1339
1497350 1339
1497360 1346
1497370 1349
1497380 1349
1497390 1356
1497400 1366
1497410 1382
1497420 1382
1497430 1391
1497440 1396
1497450 1396
1497460 1393
1497470 1398
1497480 1398
1497490 1403
1497500 1409
1497510 1409
1497520 1418
1497530 1430
1497540 1430
1497550 1441
1497560 1449
1497570 1449
1497580 1456
1497590 1463
1497600 1463
1497610 1471
1497620 1478
1497630 1478
1497640 1486
1497650 1494
1497660 1494
1497670 1502
1497680 1509
1497690 1515
1497700 1515
1497710 1518
1497720 1522
1497730 1522
1497740 1527
1497750 1533
1497760 1533
1497770 1539
1497780 1546
1497790 1546
1497800 1553
1497810 1560
1497820 1560
1497830 1569
1497840 1578
1497850 1578
1497860 1584
1497870 1591
1497880 1591
1497890 1598
1497900 1605
1497910 1605
1497920 1612
1497930 1619
1497940 1619
1497950 1625
1497960 1632
1497970 1639
1497980 1639
1497990 1649
1498000 1658
1498010 1658
1498020 1667
1498030 1676
1498040 1676
1498050 1685
1498060 1694
1498070 1694
1498080 1701
1498090 1709
1498100 1709
1498110 1710
1498120 1709
1498130 1709
1498140 1705
1498150 1700
1498160 1700
1498170 1695
1498180 1690
1498190 1690
1498200 1686
1498210 1680
1498220 1680
1498230 1675
1498240 1670
1498250 1666
1498260 1666
1498270 1664
1498280 1658
1498290 1658
1498300 1653
1498310 1649
1498320 1649
1498330 1642
1498340 1636
1498350 1636
1498360 1632
1498370 1629
1498380 1629
1498390 1626
1498400 1625
1498410 1625
1498420 1624
1498430 1623
1498440 1623
1498450 1622
1498460 1621
1498470 1621
1498480 1621
1498490 1620
1498500 1620
1498510 1620
1498520 1620
1498530 1620
1498540 1620
1498550 1621
1498560 1623
1498570 1623
1498580 1625
1498590 1629
1498600 1629
1498610 1630
1498620 1633
1498630 1633
1498640 1636
1498650 1638
1498660 1638
1498670 1640
1498680 1644
1498690 1644
1498700 1647
1498710 1653
1498720 1653
1498730 1663
1498740 1668
1498750 1668
1498760 1670
1498770 1669
1498780 1669
1498790 1671
1498800 1672
1498810 1674
1498820 1674
1498830 1677
1498840 1681
1498850 1681
1498860 1682
1498870 1684
1498880 1684
1498890 1687
1498900 1689
1498910 1689
1498920 1690
1498930 1690
1498940 1690
1498950 1689
1498960 1688
1498970 1688
1498980 1686
1498990 1685
1499000 1685
1499010 1685
1499020 1684
1499030 1684
1499040 1683
1499050 1684
1499060 1686
1499070 1686
1499080 1689
1499090 1692
1499100 1692
1499110 1694
1499120 1698
1499130 1698
1499140 1701
1499150 1705
1499160 1705
1499170 1708
1499180 1710
1499190 1710
1499200 1707
1499210 1701
1499220 1701
1499230 1695
1499240 1691
1499250 1691
1499260 1690
1499270 1689
1499280 1689
1499290 1688
1499300 1687
1499310 1687
1499320 1687
1499330 1687
1499340 1687
1499350 1687
1499360 1687
1499370 1687
1499380 1687
1499390 1687
1499400 1687
1499410 1687
1499420 1686
1499430 1688
1499440 1688
1499450 1691
1499460 1696
1499470 1696
1499480 1701
1499490 1706
1499500 1706
1499510 1711
1499520 1716
1499530 1716
1499540 1721
1499550 1724
1499560 1724
1499570 1726
1499580 1728
1499590 1728
1499600 1732
1499610 1736
1499620 1738
1499630 1738
1499640 1740
1499650 1741
1499660 1741
1499670 1742
1499680 1743
1499690 1743
1499700 1745
1499710 1746
1499720 1746
1499730 1747
1499740 1744
1499750 1744
1499760 1739
1499770 1736
1499780 1736
1499790 1735
1499800 1735
1499810 1735
1499820 1736
1499830 1736
1499840 1736
1499850 1736
1499860 1736
1499870 1736
1499880 1736
1499890 1733
1499900 1728
1499910 1728
1499920 1725
1499930 1723
1499940 1723
1499950 1718
1499960 1713
1499970 1713
1499980 1708
1499990 1705
