1480000 874
1480010 874
1480020 870
1480030 866
1480040 866
1480050 864
1480060 862
1480070 862
1480080 859
1480090 860
1480100 859
1480110 859
1480120 857
1480130 853
1480140 853
1480150 850
1480160 848
1480170 848
1480180 844
1480190 840
1480200 840
1480210 839
1480220 837
1480230 837
1480240 837
1480250 839
1480260 839
1480270 839
1480280 840
1480290 840
1480300 842
1480310 842
1480320 842
1480330 844
1480340 845
1480350 845
1480360 846
1480370 846
1480380 851
1480390 851
1480400 855
1480410 857
1480420 857
1480430 862
1480440 869
1480450 869
1480460 873
1480470 875
1480480 875
1480490 876
1480500 876
1480510 876
1480520 877
1480530 877
1480540 877
1480550 878
1480560 879
1480570 879
1480580 881
1480590 882
1480600 882
1480610 882
1480620 882
1480630 882
1480640 883
1480650 883
1480660 884
1480670 884
1480680 884
1480690 885
1480700 885
1480710 885
1480720 886
1480730 886
1480740 886
1480750 887
1480760 887
1480770 889
1480780 892
1480790 892
1480800 896
1480810 897
1480820 897
1480830 897
1480840 897
1480850 897
1480860 898
1480870 898
1480880 898
1480890 898
1480900 899
1480910 900
1480920 900
1480930 900
1480940 900
1480950 900
1480960 901
1480970 902
1480980 902
1480990 903
1481000 904
1481010 904
1481020 904
1481030 904
1481040 904
1481050 904
1481060 905
1481070 905
1481080 906
1481090 906
1481100 906
1481110 908
1481120 909
1481130 909
1481140 909
1481150 909
1481160 909
1481170 909
1481180 909
1481190 911
1481200 911
1481210 913
1481220 915
1481230 915
1481240 915
1481250 915
1481260 915
1481270 916
1481280 917
1481290 917
1481300 918
1481310 919
1481320 919
1481330 920
1481340 921
1481350 921
1481360 921
1481370 922
1481380 922
1481390 923
1481400 924
1481410 924
1481420 926
1481430 926
1481440 926
1481450 928
1481460 929
1481470 930
1481480 930
1481490 931
1481500 932
1481510 932
1481520 934
1481530 937
1481540 937
1481550 940
1481560 944
1481570 944
1481580 948
1481590 951
1481600 951
1481610 955
1481620 958
1481630 958
1481640 961
1481650 963
1481660 963
1481670 965
1481680 967
1481690 967
1481700 969
1481710 971
1481720 971
1481730 974
1481740 976
1481750 979
1481760 979
1481770 982
1481780 985
1481790 985
1481800 987
1481810 990
1481820 990
1481830 994
1481840 997
1481850 997
1481860 1000
1481870 1003
1481880 1003
1481890 1005
1481900 1007
1481910 1007
1481920 1010
1481930 1013
1481940 1013
1481950 1016
1481960 1019
1481970 1019
1481980 1021
1481990 1024
1482000 1024
1482010 1026
1482020 1029
1482030 1033
1482040 1033
1482050 1039
1482060 1045
1482070 1045
1482080 1050
1482090 1055
1482100 1055
1482110 1060
1482120 1064
1482130 1064
1482140 1070
1482150 1075
1482160 1075
1482170 1079
1482180 1083
1482190 1083
1482200 1086
1482210 1088
1482220 1088
1482230 1091
1482240 1094
1482250 1094
1482260 1096
1482270 1099
1482280 1099
1482290 1103
1482300 1108
1482310 1112
1482320 1112
1482330 1115
1482340 1117
1482350 1117
1482360 1118
1482370 1120
1482380 1120
1482390 1122
1482400 1124
1482410 1124
1482420 1126
1482430 1128
1482440 1128
1482450 1131
1482460 1135
1482470 1135
1482480 1138
1482490 1141
1482500 1141
1482510 1144
1482520 1147
1482530 1147
1482540 1149
1482550 1152
1482560 1152
1482570 1155
1482580 1158
1482590 1159
1482600 1159
1482610 1159
1482620 1161
1482630 1161
1482640 1162
1482650 1164
1482660 1164
1482670 1165
1482680 1166
1482690 1166
1482700 1168
1482710 1170
1482720 1170
1482730 1173
1482740 1175
1482750 1175
1482760 1177
1482770 1178
1482780 1178
1482790 1180
1482800 1183
1482810 1183
1482820 1185
1482830 1187
1482840 1190
1482850 1190
1482860 1193
1482870 1195
1482880 1195
1482890 1196
1482900 1196
1482910 1196
1482920 1197
1482930 1200
1482940 1200
1482950 1203
1482960 1205
1482970 1205
1482980 1207
1482990 1209
1483000 1209
1483010 1211
1483020 1214
1483030 1214
1483040 1215
1483050 1216
1483060 1216
1483070 1218
1483080 1219
1483090 1219
1483100 1220
1483110 1222
1483120 1224
1483130 1224
1483140 1226
1483150 1228
1483160 1228
1483170 1231
1483180 1232
1483190 1232
1483200 1233
1483210 1235
1483220 1235
1483230 1237
1483240 1239
1483250 1239
1483260 1240
1483270 1242
1483280 1242
1483290 1243
1483300 1243
1483310 1243
1483320 1240
1483330 1242
1483340 1242
1483350 1243
1483360 1245
1483370 1245
1483380 1248
1483390 1250
1483400 1251
1483410 1251
1483420 1251
1483430 1254
1483440 1254
1483450 1256
1483460 1258
1483470 1258
1483480 1261
1483490 1263
1483500 1263
1483510 1264
1483520 1266
1483530 1266
1483540 1269
1483550 1271
1483560 1271
1483570 1274
1483580 1276
1483590 1276
1483600 1277
1483610 1280
1483620 1280
1483630 1282
1483640 1285
1483650 1285
1483660 1288
1483670 1291
1483680 1293
1483690 1293
1483700 1296
1483710 1302
1483720 1302
1483730 1307
1483740 1311
1483750 1311
1483760 1314
1483770 1318
1483780 1318
1483790 1322
1483800 1325
1483810 1325
1483820 1328
1483830 1330
1483840 1330
1483850 1332
1483860 1335
1483870 1335
1483880 1337
1483890 1338
1483900 1338
1483910 1339
1483920 1341
1483930 1341
1483940 1344
1483950 1346
1483960 1348
1483970 1348
1483980 1350
1483990 1349
1484000 1349
1484010 1351
1484020 1353
1484030 1353
1484040 1356
1484050 1356
1484060 1356
1484070 1354
1484080 1358
1484090 1358
1484100 1360
1484110 1363
1484120 1363
1484130 1366
1484140 1367
1484150 1367
1484160 1369
1484170 1371
1484180 1371
1484190 1373
1484200 1376
1484210 1376
1484220 1379
1484230 1382
1484240 1383
1484250 1383
1484260 1387
1484270 1393
1484280 1393
1484290 1398
1484300 1399
1484310 1399
1484320 1402
1484330 1407
1484340 1407
1484350 1412
1484360 1416
1484370 1416
1484380 1418
1484390 1420
1484400 1420
1484410 1423
1484420 1426
1484430 1426
1484440 1429
1484450 1433
1484460 1433
1484470 1435
1484480 1436
1484490 1436
1484500 1441
1484510 1446
1484520 1450
1484530 1450
1484540 1454
1484550 1459
1484560 1459
1484570 1463
1484580 1466
1484590 1466
1484600 1469
1484610 1470
1484620 1470
1484630 1473
1484640 1475
1484650 1475
1484660 1479
1484670 1482
1484680 1482
1484690 1484
1484700 1488
1484710 1488
1484720 1492
1484730 1496
1484740 1496
1484750 1501
1484760 1506
1484770 1511
1484780 1511
1484790 1517
1484800 1521
1484810 1521
1484820 1526
1484830 1532
1484840 1532
1484850 1537
1484860 1542
1484870 1542
1484880 1546
1484890 1548
1484900 1548
1484910 1551
1484920 1553
1484930 1553
1484940 1555
1484950 1557
1484960 1557
1484970 1559
1484980 1562
1484990 1562
1485000 1565
1485010 1567
1485020 1567
1485030 1569
1485040 1570
1485050 1572
1485060 1572
1485070 1575
1485080 1579
1485090 1579
1485100 1583
1485110 1587
1485120 1587
1485130 1590
1485140 1591
1485150 1591
1485160 1593
1485170 1595
1485180 1595
1485190 1598
1485200 1600
1485210 1600
1485220 1602
1485230 1606
1485240 1606
1485250 1610
1485260 1615
1485270 1615
1485280 1618
1485290 1621
1485300 1621
1485310 1624
1485320 1626
1485330 1629
1485340 1629
1485350 1631
1485360 1634
1485370 1634
1485380 1638
1485390 1642
1485400 1642
1485410 1647
1485420 1650
1485430 1650
1485440 1652
1485450 1654
1485460 1654
1485470 1657
1485480 1661
1485490 1661
1485500 1666
1485510 1670
1485520 1670
1485530 1672
1485540 1673
1485550 1673
1485560 1676
1485570 1677
1485580 1677
1485590 1681
1485600 1685
1485610 1688
1485620 1688
1485630 1692
1485640 1696
1485650 1696
1485660 1700
1485670 1703
1485680 1703
1485690 1706
1485700 1709
1485710 1709
1485720 1711
1485730 1712
1485740 1712
1485750 1713
1485760 1714
1485770 1714
1485780 1714
1485790 1718
1485800 1718
1485810 1723
1485820 1727
1485830 1727
1485840 1729
1485850 1731
1485860 1731
1485870 1733
1485880 1735
1485890 1737
1485900 1737
1485910 1741
1485920 1744
1485930 1744
1485940 1746
1485950 1748
1485960 1748
1485970 1751
1485980 1752
1485990 1752
1486000 1752
1486010 1756
1486020 1756
1486030 1761
1486040 1765
1486050 1765
1486060 1766
1486070 1766
1486080 1766
1486090 1764
1486100 1763
1486110 1763
1486120 1761
1486130 1759
1486140 1759
1486150 1758
1486160 1757
1486170 1755
1486180 1755
1486190 1753
1486200 1750
1486210 1750
1486220 1747
1486230 1744
1486240 1744
1486250 1739
1486260 1734
1486270 1734
1486280 1731
1486290 1728
1486300 1728
1486310 1726
1486320 1723
1486330 1723
1486340 1721
1486350 1719
1486360 1719
1486370 1718
1486380 1716
1486390 1716
1486400 1714
1486410 1712
1486420 1712
1486430 1710
1486440 1709
1486450 1708
1486460 1708
1486470 1707
1486480 1707
1486490 1707
1486500 1706
1486510 1704
1486520 1704
1486530 1703
1486540 1702
1486550 1702
1486560 1701
1486570 1699
1486580 1699
1486590 1696
1486600 1693
1486610 1693
1486620 1688
1486630 1684
1486640 1684
1486650 1683
1486660 1681
1486670 1681
1486680 1679
1486690 1678
1486700 1676
1486710 1676
1486720 1674
1486730 1672
1486740 1672
1486750 1670
1486760 1667
1486770 1667
1486780 1665
1486790 1663
1486800 1663
1486810 1660
1486820 1656
1486830 1656
1486840 1651
1486850 1647
1486860 1647
1486870 1644
1486880 1641
1486890 1641
1486900 1637
1486910 1632
1486920 1632
1486930 1628
1486940 1625
1486950 1625
1486960 1623
1486970 1621
1486980 1618
1486990 1618
1487000 1615
1487010 1611
1487020 1611
1487030 1609
1487040 1606
1487050 1606
1487060 1602
1487070 1598
1487080 1598
1487090 1594
1487100 1590
1487110 1590
1487120 1586
1487130 1579
1487140 1579
1487150 1573
1487160 1568
1487170 1568
1487180 1565
1487190 1564
1487200 1564
1487210 1562
1487220 1561
1487230 1561
1487240 1558
1487250 1556
1487260 1556
1487270 1556
1487280 1553
1487290 1550
1487300 1550
1487310 1546
1487320 1541
1487330 1541
1487340 1534
1487350 1526
1487360 1526
1487370 1518
1487380 1510
1487390 1510
1487400 1502
1487410 1498
1487420 1498
1487430 1498
1487440 1499
1487450 1499
1487460 1497
1487470 1498
1487480 1498
1487490 1498
1487500 1496
1487510 1496
1487520 1489
1487530 1481
1487540 1473
1487550 1473
1487560 1466
1487570 1464
1487580 1464
1487590 1466
1487600 1465
1487610 1465
1487620 1460
1487630 1456
1487640 1456
1487650 1456
1487660 1456
1487670 1456
1487680 1453
1487690 1447
1487700 1447
1487710 1443
1487720 1440
1487730 1440
1487740 1435
1487750 1432
1487760 1432
1487770 1428
1487780 1422
1487790 1422
1487800 1417
1487810 1412
1487820 1407
1487830 1407
1487840 1402
1487850 1398
1487860 1398
1487870 1395
1487880 1391
1487890 1391
1487900 1387
1487910 1383
1487920 1383
1487930 1378
1487940 1373
1487950 1373
1487960 1368
1487970 1360
1487980 1360
1487990 1355
1488000 1351
1488010 1351
1488020 1345
1488030 1339
1488040 1339
1488050 1332
1488060 1325
1488070 1325
1488080 1322
1488090 1320
1488100 1320
1488110 1320
1488120 1319
1488130 1316
1488140 1316
1488150 1315
1488160 1312
1488170 1312
1488180 1309
1488190 1305
1488200 1305
1488210 1298
1488220 1291
1488230 1291
1488240 1290
1488250 1290
1488260 1290
1488270 1293
1488280 1294
1488290 1294
1488300 1296
1488310 1300
1488320 1300
1488330 1304
1488340 1308
1488350 1308
1488360 1307
1488370 1310
1488380 1316
1488390 1316
1488400 1320
1488410 1324
1488420 1324
1488430 1326
1488440 1328
1488450 1328
1488460 1329
1488470 1332
1488480 1332
1488490 1334
1488500 1335
1488510 1335
1488520 1334
1488530 1334
1488540 1334
1488550 1332
1488560 1332
1488570 1332
1488580 1333
1488590 1333
1488600 1333
1488610 1336
1488620 1339
1488630 1342
1488640 1342
1488650 1344
1488660 1347
1488670 1347
1488680 1350
1488690 1353
1488700 1353
1488710 1356
1488720 1359
1488730 1359
1488740 1360
1488750 1361
1488760 1361
1488770 1361
1488780 1361
1488790 1361
1488800 1362
1488810 1362
1488820 1362
1488830 1365
1488840 1366
1488850 1366
1488860 1367
1488870 1369
1488880 1369
1488890 1369
1488900 1365
1488910 1363
1488920 1363
1488930 1363
1488940 1362
1488950 1362
1488960 1362
1488970 1363
1488980 1363
1488990 1363
1489000 1362
1489010 1362
1489020 1360
1489030 1358
1489040 1358
1489050 1356
1489060 1355
1489070 1355
1489080 1354
1489090 1351
1489100 1351
1489110 1350
1489120 1348
1489130 1348
1489140 1346
1489150 1344
1489160 1344
1489170 1341
1489180 1339
1489190 1338
1489200 1338
1489210 1337
1489220 1337
1489230 1337
1489240 1335
1489250 1333
1489260 1333
1489270 1329
1489280 1325
1489290 1325
1489300 1322
1489310 1319
1489320 1319
1489330 1316
1489340 1313
1489350 1313
1489360 1308
1489370 1305
1489380 1305
1489390 1304
1489400 1302
1489410 1302
1489420 1299
1489430 1296
1489440 1296
1489450 1293
1489460 1289
1489470 1285
1489480 1285
1489490 1280
1489500 1275
1489510 1275
1489520 1271
1489530 1266
1489540 1266
1489550 1261
1489560 1256
1489570 1256
1489580 1251
1489590 1248
1489600 1248
1489610 1244
1489620 1240
1489630 1240
1489640 1234
1489650 1230
1489660 1230
1489670 1226
1489680 1220
1489690 1220
1489700 1215
1489710 1208
1489720 1208
1489730 1202
1489740 1196
1489750 1190
1489760 1190
1489770 1185
1489780 1179
1489790 1179
1489800 1174
1489810 1169
1489820 1169
1489830 1164
1489840 1158
1489850 1158
1489860 1152
1489870 1147
1489880 1147
1489890 1142
1489900 1137
1489910 1137
1489920 1132
1489930 1127
1489940 1127
1489950 1122
1489960 1116
1489970 1116
1489980 1111
1489990 1106
1490000 1106
1490010 1100
1490020 1095
1490030 1088
1490040 1088
1490050 1082
1490060 1078
1490070 1078
1490080 1073
1490090 1068
1490100 1068
1490110 1063
1490120 1058
1490130 1058
1490140 1053
1490150 1049
1490160 1049
1490170 1044
1490180 1040
1490190 1040
1490200 1035
1490210 1031
1490220 1031
1490230 1027
1490240 1023
1490250 1023
1490260 1018
1490270 1013
1490280 1013
1490290 1009
1490300 1004
1490310 998
1490320 998
1490330 992
1490340 988
1490350 988
1490360 984
1490370 980
1490380 980
1490390 976
1490400 972
1490410 972
1490420 968
1490430 963
1490440 963
1490450 959
1490460 955
1490470 955
1490480 951
1490490 947
1490500 947
1490510 942
1490520 934
1490530 934
1490540 930
1490550 926
1490560 925
1490570 925
1490580 924
1490590 924
1490600 924
1490610 923
1490620 923
1490630 923
1490640 924
1490650 924
1490660 924
1490670 924
1490680 924
1490690 924
1490700 925
1490710 925
1490720 925
1490730 925
1490740 925
1490750 925
1490760 925
1490770 926
1490780 926
1490790 926
1490800 926
1490810 926
1490820 926
1490830 926
1490840 927
1490850 927
1490860 928
1490870 928
1490880 928
1490890 928
1490900 929
1490910 929
1490920 929
1490930 931
1490940 931
1490950 933
1490960 935
1490970 935
1490980 937
1490990 939
1491000 939
1491010 939
1491020 939
1491030 939
1491040 939
1491050 941
1491060 941
1491070 949
1491080 956
1491090 956
1491100 963
1491110 967
1491120 971
1491130 971
1491140 975
1491150 979
1491160 979
1491170 983
1491180 987
1491190 987
1491200 992
1491210 996
1491220 996
1491230 1001
1491240 1007
1491250 1007
1491260 1013
1491270 1014
1491280 1014
1491290 1019
1491300 1026
1491310 1026
1491320 1032
1491330 1038
1491340 1038
1491350 1047
1491360 1066
1491370 1066
1491380 1075
1491390 1082
1491400 1088
1491410 1088
1491420 1096
1491430 1103
1491440 1103
1491450 1111
1491460 1118
1491470 1118
1491480 1126
1491490 1134
1491500 1134
1491510 1142
1491520 1151
1491530 1151
1491540 1160
1491550 1169
1491560 1169
1491570 1175
1491580 1180
1491590 1180
1491600 1187
1491610 1195
1491620 1195
1491630 1203
1491640 1211
1491650 1211
1491660 1220
1491670 1229
1491680 1237
1491690 1237
1491700 1245
1491710 1253
1491720 1253
1491730 1261
1491740 1269
1491750 1269
1491760 1276
1491770 1283
1491780 1283
1491790 1289
1491800 1295
1491810 1295
1491820 1302
1491830 1309
1491840 1309
1491850 1316
1491860 1324
1491870 1324
1491880 1332
1491890 1340
1491900 1340
1491910 1347
1491920 1352
1491930 1352
1491940 1355
1491950 1358
1491960 1365
1491970 1365
1491980 1372
1491990 1379
1492000 1379
1492010 1385
1492020 1391
1492030 1391
1492040 1396
1492050 1402
1492060 1402
1492070 1407
1492080 1413
1492090 1413
1492100 1419
1492110 1425
1492120 1425
1492130 1432
1492140 1440
1492150 1440
1492160 1448
1492170 1456
1492180 1456
1492190 1462
1492200 1471
1492210 1471
1492220 1478
1492230 1485
1492240 1490
1492250 1490
1492260 1494
1492270 1497
1492280 1497
1492290 1501
1492300 1505
1492310 1505
1492320 1510
1492330 1515
1492340 1515
1492350 1521
1492360 1526
1492370 1526
1492380 1531
1492390 1536
1492400 1536
1492410 1540
1492420 1544
1492430 1544
1492440 1548
1492450 1552
1492460 1552
1492470 1557
1492480 1561
1492490 1564
1492500 1564
1492510 1568
1492520 1572
1492530 1572
1492540 1578
1492550 1584
1492560 1584
1492570 1591
1492580 1597
1492590 1597
1492600 1603
1492610 1610
1492620 1610
1492630 1617
1492640 1624
1492650 1624
1492660 1630
1492670 1636
1492680 1636
1492690 1643
1492700 1649
1492710 1649
1492720 1655
1492730 1660
1492740 1660
1492750 1666
1492760 1673
1492770 1677
1492780 1677
1492790 1680
1492800 1681
1492810 1681
1492820 1683
1492830 1686
1492840 1686
1492850 1689
1492860 1692
1492870 1692
1492880 1695
1492890 1697
1492900 1697
1492910 1698
1492920 1700
1492930 1700
1492940 1700
1492950 1699
1492960 1699
1492970 1697
1492980 1696
1492990 1696
1493000 1694
1493010 1694
1493020 1694
1493030 1694
1493040 1696
1493050 1699
1493060 1699
1493070 1700
1493080 1701
1493090 1701
1493100 1701
1493110 1702
1493120 1702
1493130 1702
1493140 1701
1493150 1701
1493160 1699
1493170 1697
1493180 1697
1493190 1695
1493200 1694
1493210 1694
1493220 1692
1493230 1690
1493240 1690
1493250 1689
1493260 1689
1493270 1689
1493280 1688
1493290 1688
1493300 1688
1493310 1688
1493320 1687
1493330 1687
1493340 1687
1493350 1691
1493360 1695
1493370 1695
1493380 1700
1493390 1706
1493400 1706
1493410 1712
1493420 1716
1493430 1716
1493440 1716
1493450 1718
1493460 1718
1493470 1720
1493480 1723
1493490 1723
1493500 1726
1493510 1728
1493520 1728
1493530 1729
1493540 1732
1493550 1732
1493560 1734
1493570 1734
1493580 1734
1493590 1733
1493600 1731
1493610 1729
1493620 1729
1493630 1727
1493640 1727
1493650 1727
1493660 1726
1493670 1724
1493680 1724
1493690 1722
1493700 1720
1493710 1720
1493720 1718
1493730 1718
1493740 1718
1493750 1717
1493760 1715
1493770 1715
1493780 1714
1493790 1713
1493800 1713
1493810 1712
1493820 1710
1493830 1710
1493840 1707
1493850 1702
1493860 1702
1493870 1695
1493880 1691
1493890 1688
1493900 1688
1493910 1681
1493920 1673
1493930 1673
1493940 1665
1493950 1658
1493960 1658
1493970 1652
1493980 1648
1493990 1648
1494000 1647
1494010 1644
1494020 1644
1494030 1642
1494040 1640
1494050 1640
1494060 1638
1494070 1636
1494080 1636
1494090 1634
1494100 1633
1494110 1633
1494120 1631
1494130 1631
1494140 1631
1494150 1630
1494160 1630
1494170 1630
1494180 1630
1494190 1631
1494200 1632
1494210 1632
1494220 1632
1494230 1632
1494240 1632
1494250 1633
1494260 1636
1494270 1636
1494280 1637
1494290 1638
1494300 1638
1494310 1636
1494320 1635
1494330 1624
1494340 1621
1494350 1620
1494360 1620
1494370 1614
1494380 1614
1494390 1614
1494400 1613
1494410 1611
1494420 1610
1494430 1610
1494440 1608
1494450 1605
1494460 1605
1494470 1603
1494480 1600
1494490 1600
1494500 1598
1494510 1597
1494520 1597
1494530 1594
1494540 1592
1494550 1592
1494560 1589
1494570 1588
1494580 1588
1494590 1586
1494600 1585
1494610 1585
1494620 1585
1494630 1584
1494640 1584
1494650 1583
1494660 1581
1494670 1581
1494680 1578
1494690 1576
1494700 1575
1494710 1575
1494720 1573
1494730 1572
1494740 1572
1494750 1571
1494760 1570
1494770 1570
1494780 1571
1494790 1571
1494800 1571
1494810 1569
1494820 1568
1494830 1568
1494840 1567
1494850 1566
1494860 1566
1494870 1564
1494880 1560
1494890 1560
1494900 1556
1494910 1551
1494920 1551
1494930 1547
1494940 1543
1494950 1543
1494960 1538
1494970 1533
1494980 1528
1494990 1528
1495000 1523
1495010 1518
1495020 1518
1495030 1512
1495040 1506
1495050 1506
1495060 1500
1495070 1494
1495080 1494
1495090 1485
1495100 1476
1495110 1476
1495120 1468
1495130 1459
1495140 1459
1495150 1452
1495160 1445
1495170 1445
1495180 1438
1495190 1431
1495200 1431
1495210 1424
1495220 1418
1495230 1418
1495240 1413
1495250 1409
1495260 1406
1495270 1406
1495280 1401
1495290 1394
1495300 1394
1495310 1388
1495320 1383
1495330 1383
1495340 1377
1495350 1372
1495360 1372
1495370 1368
1495380 1363
1495390 1363
1495400 1355
1495410 1346
1495420 1346
1495430 1336
1495440 1326
1495450 1326
1495460 1317
1495470 1308
1495480 1308
1495490 1299
1495500 1292
1495510 1292
1495520 1285
1495530 1279
1495540 1273
1495550 1273
1495560 1267
1495570 1262
1495580 1262
1495590 1258
1495600 1252
1495610 1252
1495620 1247
1495630 1242
1495640 1242
1495650 1236
1495660 1231
1495670 1231
1495680 1226
1495690 1221
1495700 1221
1495710 1217
1495720 1212
1495730 1212
1495740 1208
1495750 1204
1495760 1204
1495770 1199
1495780 1194
1495790 1194
1495800 1189
1495810 1183
1495820 1178
1495830 1178
1495840 1173
1495850 1168
1495860 1168
1495870 1163
1495880 1159
1495890 1159
1495900 1155
1495910 1151
1495920 1151
1495930 1147
1495940 1143
1495950 1143
1495960 1139
1495970 1135
1495980 1135
1495990 1132
1496000 1129
1496010 1129
1496020 1125
1496030 1122
1496040 1122
1496050 1118
1496060 1115
1496070 1111
1496080 1111
1496090 1107
1496100 1104
1496110 1104
1496120 1101
1496130 1097
1496140 1097
1496150 1095
1496160 1092
1496170 1092
1496180 1088
1496190 1085
1496200 1085
1496210 1081
1496220 1079
1496230 1079
1496240 1075
1496250 1074
1496260 1074
1496270 1071
1496280 1068
1496290 1068
1496300 1067
1496310 1064
1496320 1064
1496330 1061
1496340 1058
1496350 1057
1496360 1057
1496370 1055
1496380 1053
1496390 1053
1496400 1052
1496410 1051
1496420 1051
1496430 1051
1496440 1051
1496450 1051
1496460 1051
1496470 1049
1496480 1049
1496490 1047
1496500 1048
1496510 1048
1496520 1047
1496530 1049
1496540 1049
1496550 1053
1496560 1056
1496570 1056
1496580 1058
1496590 1058
1496600 1058
1496610 1060
1496620 1064
1496630 1068
1496640 1068
1496650 1070
1496660 1075
1496670 1075
1496680 1080
1496690 1084
1496700 1084
1496710 1089
1496720 1094
1496730 1094
1496740 1098
1496750 1103
1496760 1103
1496770 1107
1496780 1112
1496790 1112
1496800 1118
1496810 1123
1496820 1123
1496830 1129
1496840 1134
1496850 1134
1496860 1140
1496870 1146
1496880 1146
1496890 1151
1496900 1157
1496910 1163
1496920 1163
1496930 1168
1496940 1174
1496950 1174
1496960 1180
1496970 1187
1496980 1187
1496990 1192
1497000 1199
1497010 1199
1497020 1205
1497030 1212
1497040 1212
1497050 1218
1497060 1225
1497070 1225
1497080 1232
1497090 1239
1497100 1239
1497110 1247
1497120 1256
1497130 1256
1497140 1265
1497150 1277
1497160 1277
1497170 1286
1497180 1296
1497190 1306
1497200 1306
1497210 1313
1497220 1322
1497230 1322
1497240 1330
1497250 1339
1497260 1339
1497270 1353
1497280 1367
1497290 1367
1497300 1382
1497310 1392
1497320 1392
1497330 1399
1497340 1407
1497350 1407
1497360 1414
1497370 1421
1497380 1421
1497390 1429
1497400 1436
1497410 1436
1497420 1444
1497430 1453
1497440 1453
1497450 1461
1497460 1468
1497470 1475
1497480 1475
1497490 1482
1497500 1489
1497510 1489
1497520 1495
1497530 1501
1497540 1501
1497550 1507
1497560 1512
1497570 1512
1497580 1518
1497590 1525
1497600 1525
1497610 1532
1497620 1540
1497630 1540
1497640 1548
1497650 1556
1497660 1556
1497670 1565
1497680 1573
1497690 1573
1497700 1583
1497710 1590
1497720 1590
1497730 1593
1497740 1593
1497750 1593
1497760 1593
1497770 1591
1497780 1591
1497790 1591
1497800 1592
1497810 1590
1497820 1590
1497830 1588
1497840 1583
1497850 1583
1497860 1578
1497870 1572
1497880 1572
1497890 1563
1497900 1553
1497910 1553
1497920 1547
1497930 1540
1497940 1540
1497950 1533
1497960 1527
1497970 1527
1497980 1522
1497990 1518
1498000 1514
1498010 1514
1498020 1510
1498030 1507
1498040 1507
1498050 1505
1498060 1503
1498070 1503
1498080 1500
1498090 1499
1498100 1499
1498110 1498
1498120 1497
1498130 1497
1498140 1495
1498150 1493
1498160 1493
1498170 1494
1498180 1494
1498190 1494
1498200 1494
1498210 1493
1498220 1493
1498230 1493
1498240 1493
1498250 1493
1498260 1494
1498270 1495
1498280 1496
1498290 1496
1498300 1497
1498310 1497
1498320 1497
1498330 1498
1498340 1498
1498350 1498
1498360 1498
1498370 1498
1498380 1498
1498390 1498
1498400 1498
1498410 1498
1498420 1498
1498430 1498
1498440 1498
1498450 1499
1498460 1499
1498470 1499
1498480 1500
1498490 1501
1498500 1501
1498510 1502
1498520 1503
1498530 1503
1498540 1505
1498550 1507
1498560 1509
1498570 1509
1498580 1510
1498590 1512
1498600 1512
1498610 1513
1498620 1511
1498630 1511
1498640 1510
1498650 1511
1498660 1511
1498670 1513
1498680 1515
1498690 1515
1498700 1517
1498710 1519
1498720 1519
1498730 1522
1498740 1526
1498750 1526
1498760 1529
1498770 1531
1498780 1531
1498790 1534
1498800 1537
1498810 1537
1498820 1539
1498830 1542
1498840 1544
1498850 1544
1498860 1547
1498870 1550
1498880 1550
1498890 1552
1498900 1555
1498910 1555
1498920 1558
1498930 1561
1498940 1561
1498950 1564
1498960 1567
1498970 1567
1498980 1570
1498990 1574
1499000 1574
1499010 1578
1499020 1582
1499030 1582
1499040 1587
1499050 1592
1499060 1592
1499070 1596
1499080 1602
1499090 1602
1499100 1609
1499110 1613
1499120 1619
1499130 1619
1499140 1626
1499150 1632
1499160 1632
1499170 1639
1499180 1645
1499190 1645
1499200 1651
1499210 1656
1499220 1656
1499230 1662
1499240 1669
1499250 1669
1499260 1676
1499270 1683
1499280 1683
1499290 1690
1499300 1695
1499310 1695
1499320 1699
1499330 1703
1499340 1703
1499350 1708
1499360 1713
1499370 1713
1499380 1719
1499390 1725
1499400 1730
1499410 1730
1499420 1734
1499430 1737
1499440 1737
1499450 1739
1499460 1742
1499470 1742
1499480 1745
1499490 1748
1499500 1748
1499510 1751
1499520 1753
1499530 1753
1499540 1756
1499550 1759
1499560 1759
1499570 1761
1499580 1764
1499590 1764
1499600 1767
1499610 1770
1499620 1770
1499630 1774
1499640 1777
1499650 1777
1499660 1778
1499670 1781
1499680 1784
1499690 1784
1499700 1782
1499710 1779
1499720 1779
1499730 1780
1499740 1776
1499750 1776
1499760 1769
1499770 1762
1499780 1762
1499790 1755
1499800 1747
1499810 1747
1499820 1737
1499830 1727
1499840 1727
1499850 1720
1499860 1717
1499870 1717
1499880 1715
1499890 1712
1499900 1712
1499910 1709
1499920 1705
1499930 1702
1499940 1702
1499950 1699
1499960 1696
1499970 1696
1499980 1693
1499990 1688
