1480000 861
1480010 861
1480020 859
1480030 857
1480040 857
1480050 856
1480060 855
1480070 854
1480080 854
1480090 853
1480100 853
1480110 853
1480120 851
1480130 850
1480140 850
1480150 850
1480160 850
1480170 850
1480180 849
1480190 848
1480200 848
1480210 848
1480220 848
1480230 848
1480240 847
1480250 847
1480260 847
1480270 847
1480280 848
1480290 848
1480300 848
1480310 847
1480320 847
1480330 847
1480340 847
1480350 846
1480360 846
1480370 845
1480380 844
1480390 844
1480400 843
1480410 842
1480420 842
1480430 842
1480440 842
1480450 842
1480460 842
1480470 842
1480480 842
1480490 842
1480500 842
1480510 842
1480520 842
1480530 843
1480540 843
1480550 843
1480560 844
1480570 844
1480580 844
1480590 845
1480600 845
1480610 847
1480620 848
1480630 850
1480640 850
1480650 852
1480660 855
1480670 855
1480680 857
1480690 860
1480700 860
1480710 862
1480720 865
1480730 865
1480740 869
1480750 872
1480760 872
1480770 875
1480780 881
1480790 881
1480800 886
1480810 888
1480820 888
1480830 889
1480840 889
1480850 889
1480860 889
1480870 889
1480880 889
1480890 889
1480900 889
1480910 890
1480920 890
1480930 890
1480940 890
1480950 890
1480960 890
1480970 891
1480980 891
1480990 892
1481000 892
1481010 892
1481020 893
1481030 894
1481040 894
1481050 895
1481060 896
1481070 896
1481080 896
1481090 896
1481100 896
1481110 896
1481120 896
1481130 896
1481140 896
1481150 894
1481160 894
1481170 891
1481180 888
1481190 894
1481200 894
1481210 900
1481220 901
1481230 901
1481240 901
1481250 901
1481260 901
1481270 902
1481280 902
1481290 902
1481300 902
1481310 903
1481320 903
1481330 902
1481340 901
1481350 901
1481360 901
1481370 898
1481380 898
1481390 893
1481400 893
1481410 893
1481420 892
1481430 891
1481440 891
1481450 890
1481460 891
1481470 887
1481480 887
1481490 883
1481500 880
1481510 880
1481520 881
1481530 885
1481540 885
1481550 888
1481560 891
1481570 891
1481580 893
1481590 894
1481600 894
1481610 897
1481620 900
1481630 900
1481640 903
1481650 905
1481660 905
1481670 907
1481680 909
1481690 909
1481700 911
1481710 913
1481720 913
1481730 915
1481740 918
1481750 919
1481760 919
1481770 922
1481780 924
1481790 924
1481800 926
1481810 928
1481820 928
1481830 929
1481840 932
1481850 932
1481860 936
1481870 939
1481880 939
1481890 941
1481900 944
1481910 944
1481920 949
1481930 951
1481940 951
1481950 954
1481960 956
1481970 956
1481980 957
1481990 957
1482000 957
1482010 959
1482020 962
1482030 965
1482040 965
1482050 968
1482060 970
1482070 970
1482080 972
1482090 973
1482100 973
1482110 974
1482120 976
1482130 976
1482140 978
1482150 979
1482160 979
1482170 981
1482180 983
1482190 983
1482200 985
1482210 987
1482220 987
1482230 989
1482240 991
1482250 991
1482260 994
1482270 997
1482280 1000
1482290 1000
1482300 1003
1482310 1006
1482320 1006
1482330 1009
1482340 1010
1482350 1010
1482360 1009
1482370 1012
1482380 1012
1482390 1017
1482400 1023
1482410 1023
1482420 1026
1482430 1028
1482440 1028
1482450 1030
1482460 1033
1482470 1033
1482480 1036
1482490 1039
1482500 1039
1482510 1041
1482520 1044
1482530 1044
1482540 1047
1482550 1050
1482560 1052
1482570 1052
1482580 1054
1482590 1056
1482600 1056
1482610 1054
1482620 1054
1482630 1054
1482640 1060
1482650 1065
1482660 1065
1482670 1067
1482680 1069
1482690 1069
1482700 1072
1482710 1074
1482720 1074
1482730 1076
1482740 1079
1482750 1079
1482760 1082
1482770 1084
1482780 1084
1482790 1086
1482800 1089
1482810 1089
1482820 1090
1482830 1092
1482840 1095
1482850 1095
1482860 1097
1482870 1099
1482880 1099
1482890 1101
1482900 1103
1482910 1103
1482920 1105
1482930 1107
1482940 1107
1482950 1108
1482960 1109
1482970 1109
1482980 1111
1482990 1111
1483000 1111
1483010 1112
1483020 1113
1483030 1113
1483040 1114
1483050 1113
1483060 1113
1483070 1109
1483080 1109
1483090 1109
1483100 1107
1483110 1102
1483120 1100
1483130 1100
1483140 1101
1483150 1102
1483160 1102
1483170 1100
1483180 1098
1483190 1098
1483200 1094
1483210 1092
1483220 1092
1483230 1088
1483240 1086
1483250 1086
1483260 1088
1483270 1087
1483280 1087
1483290 1089
1483300 1093
1483310 1093
1483320 1096
1483330 1099
1483340 1099
1483350 1103
1483360 1109
1483370 1109
1483380 1116
1483390 1123
1483400 1131
1483410 1131
1483420 1137
1483430 1143
1483440 1143
1483450 1148
1483460 1152
1483470 1152
1483480 1156
1483490 1160
1483500 1160
1483510 1166
1483520 1172
1483530 1172
1483540 1177
1483550 1182
1483560 1182
1483570 1186
1483580 1189
1483590 1189
1483600 1194
1483610 1197
1483620 1197
1483630 1199
1483640 1200
1483650 1200
1483660 1201
1483670 1203
1483680 1205
1483690 1205
1483700 1207
1483710 1209
1483720 1209
1483730 1213
1483740 1217
1483750 1217
1483760 1222
1483770 1225
1483780 1225
1483790 1227
1483800 1227
1483810 1227
1483820 1229
1483830 1231
1483840 1231
1483850 1233
1483860 1234
1483870 1234
1483880 1236
1483890 1238
1483900 1238
1483910 1240
1483920 1243
1483930 1243
1483940 1246
1483950 1248
1483960 1251
1483970 1251
1483980 1255
1483990 1259
1484000 1259
1484010 1262
1484020 1265
1484030 1265
1484040 1268
1484050 1272
1484060 1272
1484070 1276
1484080 1278
1484090 1278
1484100 1278
1484110 1275
1484120 1275
1484130 1275
1484140 1276
1484150 1276
1484160 1277
1484170 1279
1484180 1279
1484190 1281
1484200 1283
1484210 1283
1484220 1286
1484230 1288
1484240 1291
1484250 1291
1484260 1293
1484270 1295
1484280 1295
1484290 1294
1484300 1294
1484310 1294
1484320 1297
1484330 1298
1484340 1298
1484350 1298
1484360 1300
1484370 1300
1484380 1303
1484390 1305
1484400 1305
1484410 1310
1484420 1315
1484430 1315
1484440 1321
1484450 1326
1484460 1326
1484470 1330
1484480 1334
1484490 1334
1484500 1337
1484510 1343
1484520 1349
1484530 1349
1484540 1355
1484550 1359
1484560 1359
1484570 1363
1484580 1366
1484590 1366
1484600 1368
1484610 1370
1484620 1370
1484630 1372
1484640 1375
1484650 1375
1484660 1378
1484670 1381
1484680 1381
1484690 1384
1484700 1387
1484710 1387
1484720 1389
1484730 1392
1484740 1392
1484750 1396
1484760 1401
1484770 1406
1484780 1406
1484790 1409
1484800 1410
1484810 1410
1484820 1412
1484830 1414
1484840 1414
1484850 1415
1484860 1416
1484870 1416
1484880 1417
1484890 1423
1484900 1423
1484910 1428
1484920 1432
1484930 1432
1484940 1435
1484950 1441
1484960 1441
1484970 1444
1484980 1447
1484990 1447
1485000 1451
1485010 1454
1485020 1454
1485030 1457
1485040 1461
1485050 1467
1485060 1467
1485070 1474
1485080 1479
1485090 1479
1485100 1485
1485110 1490
1485120 1490
1485130 1496
1485140 1501
1485150 1501
1485160 1503
1485170 1504
1485180 1504
1485190 1506
1485200 1510
1485210 1510
1485220 1513
1485230 1516
1485240 1516
1485250 1518
1485260 1522
1485270 1522
1485280 1525
1485290 1528
1485300 1528
1485310 1529
1485320 1531
1485330 1535
1485340 1535
1485350 1538
1485360 1540
1485370 1540
1485380 1542
1485390 1545
1485400 1545
1485410 1549
1485420 1553
1485430 1553
1485440 1559
1485450 1561
1485460 1561
1485470 1562
1485480 1564
1485490 1564
1485500 1567
1485510 1571
1485520 1571
1485530 1574
1485540 1577
1485550 1577
1485560 1580
1485570 1583
1485580 1583
1485590 1586
1485600 1588
1485610 1590
1485620 1590
1485630 1592
1485640 1592
1485650 1592
1485660 1593
1485670 1595
1485680 1595
1485690 1598
1485700 1600
1485710 1600
1485720 1600
1485730 1598
1485740 1598
1485750 1602
1485760 1604
1485770 1604
1485780 1608
1485790 1611
1485800 1611
1485810 1614
1485820 1616
1485830 1616
1485840 1618
1485850 1619
1485860 1619
1485870 1620
1485880 1622
1485890 1623
1485900 1623
1485910 1625
1485920 1625
1485930 1625
1485940 1626
1485950 1628
1485960 1628
1485970 1629
1485980 1629
1485990 1629
1486000 1627
1486010 1626
1486020 1626
1486030 1624
1486040 1620
1486050 1620
1486060 1616
1486070 1613
1486080 1613
1486090 1613
1486100 1616
1486110 1616
1486120 1619
1486130 1622
1486140 1622
1486150 1624
1486160 1627
1486170 1630
1486180 1630
1486190 1632
1486200 1634
1486210 1634
1486220 1635
1486230 1636
1486240 1636
1486250 1636
1486260 1635
1486270 1635
1486280 1634
1486290 1634
1486300 1634
1486310 1633
1486320 1632
1486330 1632
1486340 1631
1486350 1631
1486360 1631
1486370 1631
1486380 1630
1486390 1630
1486400 1630
1486410 1629
1486420 1629
1486430 1628
1486440 1628
1486450 1629
1486460 1629
1486470 1630
1486480 1631
1486490 1631
1486500 1632
1486510 1632
1486520 1632
1486530 1632
1486540 1633
1486550 1633
1486560 1633
1486570 1633
1486580 1633
1486590 1631
1486600 1632
1486610 1632
1486620 1632
1486630 1631
1486640 1631
1486650 1631
1486660 1631
1486670 1631
1486680 1631
1486690 1631
1486700 1631
1486710 1631
1486720 1632
1486730 1633
1486740 1633
1486750 1633
1486760 1632
1486770 1632
1486780 1632
1486790 1630
1486800 1630
1486810 1628
1486820 1627
1486830 1627
1486840 1626
1486850 1625
1486860 1625
1486870 1625
1486880 1625
1486890 1625
1486900 1625
1486910 1625
1486920 1625
1486930 1626
1486940 1626
1486950 1626
1486960 1627
1486970 1628
1486980 1628
1486990 1627
1487000 1626
1487010 1626
1487020 1626
1487030 1626
1487040 1626
1487050 1626
1487060 1625
1487070 1625
1487080 1625
1487090 1625
1487100 1624
1487110 1624
1487120 1623
1487130 1621
1487140 1621
1487150 1617
1487160 1613
1487170 1613
1487180 1610
1487190 1608
1487200 1608
1487210 1607
1487220 1605
1487230 1605
1487240 1602
1487250 1599
1487260 1597
1487270 1597
1487280 1595
1487290 1592
1487300 1592
1487310 1589
1487320 1586
1487330 1586
1487340 1584
1487350 1582
1487360 1582
1487370 1579
1487380 1577
1487390 1577
1487400 1574
1487410 1573
1487420 1573
1487430 1571
1487440 1570
1487450 1570
1487460 1568
1487470 1566
1487480 1566
1487490 1563
1487500 1562
1487510 1562
1487520 1561
1487530 1558
1487540 1553
1487550 1553
1487560 1550
1487570 1547
1487580 1547
1487590 1546
1487600 1546
1487610 1546
1487620 1546
1487630 1544
1487640 1544
1487650 1542
1487660 1538
1487670 1538
1487680 1535
1487690 1532
1487700 1532
1487710 1530
1487720 1527
1487730 1527
1487740 1524
1487750 1520
1487760 1520
1487770 1517
1487780 1514
1487790 1514
1487800 1511
1487810 1509
1487820 1506
1487830 1506
1487840 1504
1487850 1502
1487860 1502
1487870 1500
1487880 1498
1487890 1498
1487900 1496
1487910 1493
1487920 1493
1487930 1490
1487940 1487
1487950 1487
1487960 1483
1487970 1480
1487980 1480
1487990 1477
1488000 1475
1488010 1475
1488020 1473
1488030 1470
1488040 1470
1488050 1465
1488060 1460
1488070 1460
1488080 1454
1488090 1450
1488100 1446
1488110 1446
1488120 1441
1488130 1436
1488140 1436
1488150 1430
1488160 1425
1488170 1425
1488180 1421
1488190 1417
1488200 1417
1488210 1413
1488220 1410
1488230 1410
1488240 1407
1488250 1405
1488260 1405
1488270 1405
1488280 1405
1488290 1405
1488300 1405
1488310 1404
1488320 1404
1488330 1400
1488340 1394
1488350 1394
1488360 1388
1488370 1381
1488380 1375
1488390 1375
1488400 1370
1488410 1363
1488420 1363
1488430 1356
1488440 1350
1488450 1350
1488460 1343
1488470 1337
1488480 1337
1488490 1331
1488500 1325
1488510 1325
1488520 1319
1488530 1312
1488540 1312
1488550 1305
1488560 1298
1488570 1298
1488580 1291
1488590 1286
1488600 1286
1488610 1280
1488620 1273
1488630 1273
1488640 1265
1488650 1255
1488660 1242
1488670 1242
1488680 1226
1488690 1217
1488700 1217
1488710 1209
1488720 1204
1488730 1204
1488740 1201
1488750 1197
1488760 1197
1488770 1193
1488780 1189
1488790 1189
1488800 1185
1488810 1183
1488820 1183
1488830 1179
1488840 1174
1488850 1174
1488860 1169
1488870 1170
1488880 1170
1488890 1174
1488900 1179
1488910 1179
1488920 1183
1488930 1186
1488940 1189
1488950 1189
1488960 1192
1488970 1196
1488980 1196
1488990 1200
1489000 1205
1489010 1205
1489020 1210
1489030 1216
1489040 1216
1489050 1218
1489060 1220
1489070 1220
1489080 1218
1489090 1208
1489100 1208
1489110 1199
1489120 1193
1489130 1193
1489140 1191
1489150 1191
1489160 1191
1489170 1187
1489180 1183
1489190 1183
1489200 1182
1489210 1182
1489220 1183
1489230 1183
1489240 1183
1489250 1185
1489260 1185
1489270 1187
1489280 1188
1489290 1188
1489300 1192
1489310 1194
1489320 1194
1489330 1195
1489340 1195
1489350 1195
1489360 1196
1489370 1198
1489380 1198
1489390 1203
1489400 1210
1489410 1210
1489420 1215
1489430 1216
1489440 1216
1489450 1216
1489460 1215
1489470 1215
1489480 1212
1489490 1210
1489500 1206
1489510 1206
1489520 1201
1489530 1198
1489540 1198
1489550 1196
1489560 1192
1489570 1192
1489580 1189
1489590 1187
1489600 1187
1489610 1184
1489620 1181
1489630 1181
1489640 1176
1489650 1173
1489660 1173
1489670 1169
1489680 1165
1489690 1165
1489700 1161
1489710 1157
1489720 1157
1489730 1152
1489740 1149
1489750 1146
1489760 1146
1489770 1143
1489780 1139
1489790 1139
1489800 1136
1489810 1131
1489820 1131
1489830 1128
1489840 1126
1489850 1126
1489860 1121
1489870 1116
1489880 1116
1489890 1112
1489900 1109
1489910 1109
1489920 1105
1489930 1101
1489940 1101
1489950 1098
1489960 1095
1489970 1095
1489980 1091
1489990 1087
1490000 1087
1490010 1083
1490020 1078
1490030 1075
1490040 1075
1490050 1071
1490060 1067
1490070 1067
1490080 1063
1490090 1058
1490100 1058
1490110 1054
1490120 1050
1490130 1050
1490140 1046
1490150 1042
1490160 1043
1490170 1039
1490180 1036
1490190 1036
1490200 1033
1490210 1030
1490220 1030
1490230 1028
1490240 1024
1490250 1024
1490260 1019
1490270 1014
1490280 1014
1490290 1009
1490300 1004
1490310 999
1490320 999
1490330 995
1490340 990
1490350 990
1490360 986
1490370 981
1490380 981
1490390 975
1490400 970
1490410 970
1490420 965
1490430 959
1490440 959
1490450 954
1490460 949
1490470 949
1490480 945
1490490 942
1490500 942
1490510 940
1490520 936
1490530 936
1490540 934
1490550 932
1490560 932
1490570 929
1490580 927
1490590 924
1490600 924
1490610 920
1490620 919
1490630 919
1490640 920
1490650 920
1490660 920
1490670 919
1490680 919
1490690 919
1490700 919
1490710 919
1490720 919
1490730 919
1490740 920
1490750 920
1490760 920
1490770 921
1490780 921
1490790 921
1490800 921
1490810 921
1490820 921
1490830 921
1490840 921
1490850 921
1490860 921
1490870 922
1490880 922
1490890 922
1490900 923
1490910 923
1490920 924
1490930 925
1490940 925
1490950 927
1490960 928
1490970 928
1490980 931
1490990 934
1491000 934
1491010 939
1491020 941
1491030 941
1491040 941
1491050 942
1491060 942
1491070 945
1491080 949
1491090 949
1491100 956
1491110 961
1491120 961
1491130 966
1491140 970
1491150 974
1491160 974
1491170 979
1491180 984
1491190 984
1491200 990
1491210 995
1491220 995
1491230 998
1491240 1004
1491250 1004
1491260 1009
1491270 1013
1491280 1013
1491290 1018
1491300 1023
1491310 1023
1491320 1028
1491330 1034
1491340 1034
1491350 1040
1491360 1045
1491370 1045
1491380 1051
1491390 1057
1491400 1057
1491410 1063
1491420 1069
1491430 1075
1491440 1075
1491450 1081
1491460 1089
1491470 1089
1491480 1097
1491490 1106
1491500 1106
1491510 1115
1491520 1121
1491530 1121
1491540 1127
1491550 1135
1491560 1135
1491570 1142
1491580 1149
1491590 1149
1491600 1157
1491610 1163
1491620 1163
1491630 1170
1491640 1180
1491650 1180
1491660 1189
1491670 1199
1491680 1199
1491690 1208
1491700 1216
1491710 1218
1491720 1218
1491730 1222
1491740 1229
1491750 1229
1491760 1237
1491770 1245
1491780 1245
1491790 1253
1491800 1260
1491810 1260
1491820 1268
1491830 1277
1491840 1277
1491850 1287
1491860 1296
1491870 1296
1491880 1305
1491890 1314
1491900 1314
1491910 1322
1491920 1326
1491930 1326
1491940 1330
1491950 1338
1491960 1338
1491970 1349
1491980 1360
1491990 1368
1492000 1368
1492010 1377
1492020 1387
1492030 1387
1492040 1394
1492050 1403
1492060 1403
1492070 1412
1492080 1421
1492090 1421
1492100 1430
1492110 1439
1492120 1439
1492130 1447
1492140 1454
1492150 1454
1492160 1461
1492170 1468
1492180 1468
1492190 1476
1492200 1484
1492210 1484
1492220 1493
1492230 1501
1492240 1507
1492250 1507
1492260 1514
1492270 1520
1492280 1520
1492290 1525
1492300 1530
1492310 1530
1492320 1534
1492330 1538
1492340 1538
1492350 1543
1492360 1548
1492370 1548
1492380 1553
1492390 1558
1492400 1558
1492410 1561
1492420 1563
1492430 1563
1492440 1566
1492450 1567
1492460 1567
1492470 1571
1492480 1575
1492490 1575
1492500 1580
1492510 1584
1492520 1588
1492530 1588
1492540 1591
1492550 1593
1492560 1593
1492570 1594
1492580 1595
1492590 1595
1492600 1599
1492610 1602
1492620 1602
1492630 1602
1492640 1605
1492650 1605
1492660 1610
1492670 1616
1492680 1616
1492690 1622
1492700 1627
1492710 1627
1492720 1632
1492730 1637
1492740 1637
1492750 1642
1492760 1646
1492770 1646
1492780 1651
1492790 1655
1492800 1659
1492810 1659
1492820 1663
1492830 1666
1492840 1666
1492850 1667
1492860 1668
1492870 1668
1492880 1669
1492890 1669
1492900 1669
1492910 1669
1492920 1670
1492930 1670
1492940 1672
1492950 1672
1492960 1672
1492970 1673
1492980 1672
1492990 1672
1493000 1670
1493010 1670
1493020 1670
1493030 1670
1493040 1670
1493050 1670
1493060 1669
1493070 1668
1493080 1666
1493090 1666
1493100 1663
1493110 1659
1493120 1659
1493130 1655
1493140 1652
1493150 1652
1493160 1649
1493170 1648
1493180 1648
1493190 1647
1493200 1646
1493210 1646
1493220 1644
1493230 1642
1493240 1642
1493250 1639
1493260 1635
1493270 1635
1493280 1632
1493290 1630
1493300 1630
1493310 1627
1493320 1625
1493330 1625
1493340 1624
1493350 1623
1493360 1622
1493370 1622
1493380 1621
1493390 1620
1493400 1620
1493410 1619
1493420 1618
1493430 1618
1493440 1617
1493450 1615
1493460 1615
1493470 1613
1493480 1609
1493490 1609
1493500 1606
1493510 1604
1493520 1604
1493530 1603
1493540 1603
1493550 1603
1493560 1602
1493570 1602
1493580 1602
1493590 1601
1493600 1600
1493610 1600
1493620 1599
1493630 1597
1493640 1596
1493650 1596
1493660 1595
1493670 1593
1493680 1593
1493690 1590
1493700 1586
1493710 1586
1493720 1583
1493730 1580
1493740 1580
1493750 1577
1493760 1572
1493770 1572
1493780 1569
1493790 1565
1493800 1565
1493810 1562
1493820 1559
1493830 1559
1493840 1556
1493850 1553
1493860 1553
1493870 1550
1493880 1548
1493890 1548
1493900 1546
1493910 1543
1493920 1538
1493930 1538
1493940 1533
1493950 1529
1493960 1529
1493970 1525
1493980 1522
1493990 1522
1494000 1521
1494010 1522
1494020 1522
1494030 1523
1494040 1523
1494050 1523
1494060 1523
1494070 1523
1494080 1523
1494090 1524
1494100 1523
1494110 1523
1494120 1523
1494130 1523
1494140 1523
1494150 1522
1494160 1521
1494170 1521
1494180 1518
1494190 1516
1494200 1513
1494210 1513
1494220 1510
1494230 1507
1494240 1507
1494250 1502
1494260 1497
1494270 1497
1494280 1491
1494290 1486
1494300 1486
1494310 1482
1494320 1478
1494330 1478
1494340 1476
1494350 1475
1494360 1475
1494370 1471
1494380 1466
1494390 1466
1494400 1461
1494410 1455
1494420 1455
1494430 1448
1494440 1443
1494450 1443
1494460 1440
1494470 1436
1494480 1433
1494490 1433
1494500 1430
1494510 1428
1494520 1428
1494530 1425
1494540 1423
1494550 1423
1494560 1420
1494570 1418
1494580 1418
1494590 1415
1494600 1412
1494610 1412
1494620 1410
1494630 1409
1494640 1409
1494650 1406
1494660 1404
1494670 1404
1494680 1399
1494690 1393
1494700 1393
1494710 1387
1494720 1379
1494730 1371
1494740 1371
1494750 1368
1494760 1369
1494770 1369
1494780 1370
1494790 1370
1494800 1370
1494810 1371
1494820 1372
1494830 1372
1494840 1371
1494850 1372
1494860 1372
1494870 1375
1494880 1374
1494890 1374
1494900 1372
1494910 1370
1494920 1370
1494930 1364
1494940 1359
1494950 1359
1494960 1354
1494970 1351
1494980 1351
1494990 1350
1495000 1348
1495010 1345
1495020 1345
1495030 1341
1495040 1336
1495050 1336
1495060 1331
1495070 1327
1495080 1327
1495090 1323
1495100 1320
1495110 1320
1495120 1317
1495130 1314
1495140 1314
1495150 1311
1495160 1308
1495170 1308
1495180 1304
1495190 1300
1495200 1300
1495210 1296
1495220 1291
1495230 1291
1495240 1285
1495250 1279
1495260 1279
1495270 1271
1495280 1262
1495290 1253
1495300 1253
1495310 1245
1495320 1238
1495330 1238
1495340 1237
1495350 1238
1495360 1238
1495370 1236
1495380 1235
1495390 1235
1495400 1234
1495410 1233
1495420 1233
1495430 1230
1495440 1227
1495450 1227
1495460 1224
1495470 1221
1495480 1221
1495490 1217
1495500 1212
1495510 1212
1495520 1207
1495530 1201
1495540 1201
1495550 1196
1495560 1191
1495570 1187
1495580 1187
1495590 1183
1495600 1179
1495610 1179
1495620 1174
1495630 1168
1495640 1168
1495650 1162
1495660 1156
1495670 1156
1495680 1150
1495690 1144
1495700 1144
1495710 1140
1495720 1137
1495730 1137
1495740 1135
1495750 1131
1495760 1131
1495770 1127
1495780 1122
1495790 1122
1495800 1118
1495810 1114
1495820 1114
1495830 1110
1495840 1106
1495850 1102
1495860 1102
1495870 1098
1495880 1095
1495890 1095
1495900 1092
1495910 1087
1495920 1087
1495930 1084
1495940 1080
1495950 1080
1495960 1076
1495970 1074
1495980 1074
1495990 1073
1496000 1071
1496010 1071
1496020 1069
1496030 1067
1496040 1067
1496050 1065
1496060 1063
1496070 1063
1496080 1061
1496090 1058
1496100 1058
1496110 1053
1496120 1050
1496130 1047
1496140 1047
1496150 1046
1496160 1044
1496170 1044
1496180 1039
1496190 1034
1496200 1034
1496210 1032
1496220 1033
1496230 1033
1496240 1033
1496250 1034
1496260 1034
1496270 1034
1496280 1035
1496290 1035
1496300 1037
1496310 1039
1496320 1039
1496330 1042
1496340 1044
1496350 1044
1496360 1047
1496370 1051
1496380 1051
1496390 1056
1496400 1057
1496410 1058
1496420 1058
1496430 1060
1496440 1068
1496450 1068
1496460 1074
1496470 1076
1496480 1076
1496490 1077
1496500 1078
1496510 1078
1496520 1079
1496530 1080
1496540 1080
1496550 1081
1496560 1082
1496570 1082
1496580 1085
1496590 1089
1496600 1089
1496610 1094
1496620 1098
1496630 1098
1496640 1102
1496650 1107
1496660 1107
1496670 1111
1496680 1116
1496690 1120
1496700 1120
1496710 1125
1496720 1130
1496730 1130
1496740 1135
1496750 1139
1496760 1139
1496770 1143
1496780 1148
1496790 1148
1496800 1153
1496810 1158
1496820 1158
1496830 1162
1496840 1167
1496850 1167
1496860 1173
1496870 1180
1496880 1180
1496890 1187
1496900 1194
1496910 1194
1496920 1201
1496930 1208
1496940 1208
1496950 1215
1496960 1222
1496970 1229
1496980 1229
1496990 1236
1497000 1243
1497010 1243
1497020 1250
1497030 1258
1497040 1258
1497050 1266
1497060 1274
1497070 1274
1497080 1282
1497090 1290
1497100 1290
1497110 1299
1497120 1308
1497130 1308
1497140 1316
1497150 1324
1497160 1324
1497170 1332
1497180 1340
1497190 1340
1497200 1347
1497210 1355
1497220 1364
1497230 1364
1497240 1373
1497250 1383
1497260 1383
1497270 1392
1497280 1396
1497290 1396
1497300 1401
1497310 1405
1497320 1405
1497330 1411
1497340 1417
1497350 1417
1497360 1421
1497370 1424
1497380 1424
1497390 1425
1497400 1425
1497410 1425
1497420 1425
1497430 1423
1497440 1423
1497450 1421
1497460 1418
1497470 1418
1497480 1416
1497490 1413
1497500 1410
1497510 1410
1497520 1408
1497530 1406
1497540 1406
1497550 1405
1497560 1405
1497570 1405
1497580 1405
1497590 1406
1497600 1406
1497610 1407
1497620 1408
1497630 1408
1497640 1409
1497650 1409
1497660 1409
1497670 1410
1497680 1411
1497690 1411
1497700 1411
1497710 1411
1497720 1411
1497730 1411
1497740 1410
1497750 1410
1497760 1409
1497770 1407
1497780 1407
1497790 1407
1497800 1407
1497810 1406
1497820 1406
1497830 1404
1497840 1402
1497850 1402
1497860 1400
1497870 1399
1497880 1399
1497890 1397
1497900 1396
1497910 1396
1497920 1395
1497930 1393
1497940 1393
1497950 1390
1497960 1386
1497970 1386
1497980 1380
1497990 1375
1498000 1375
1498010 1368
1498020 1368
1498030 1368
1498040 1373
1498050 1379
1498060 1385
1498070 1385
1498080 1391
1498090 1396
1498100 1396
1498110 1401
1498120 1406
1498130 1406
1498140 1410
1498150 1415
1498160 1415
1498170 1419
1498180 1424
1498190 1424
1498200 1428
1498210 1432
1498220 1432
1498230 1437
1498240 1441
1498250 1441
1498260 1446
1498270 1450
1498280 1450
1498290 1455
1498300 1459
1498310 1459
1498320 1464
1498330 1468
1498340 1473
1498350 1473
1498360 1477
1498370 1481
1498380 1481
1498390 1484
1498400 1488
1498410 1488
1498420 1491
1498430 1495
1498440 1495
1498450 1498
1498460 1502
1498470 1502
1498480 1505
1498490 1509
1498500 1509
1498510 1512
1498520 1515
1498530 1515
1498540 1519
1498550 1522
1498560 1522
1498570 1525
1498580 1528
1498590 1528
1498600 1531
1498610 1534
1498620 1536
1498630 1536
1498640 1539
1498650 1542
1498660 1542
1498670 1545
1498680 1548
1498690 1548
1498700 1552
1498710 1556
1498720 1556
1498730 1561
1498740 1565
1498750 1565
1498760 1571
1498770 1576
1498780 1576
1498790 1580
1498800 1584
1498810 1584
1498820 1589
1498830 1595
1498840 1595
1498850 1600
1498860 1604
1498870 1604
1498880 1609
1498890 1613
1498900 1619
1498910 1619
1498920 1623
1498930 1628
1498940 1628
1498950 1632
1498960 1636
1498970 1636
1498980 1640
1498990 1643
1499000 1643
1499010 1647
1499020 1650
1499030 1650
1499040 1654
1499050 1658
1499060 1658
1499070 1662
1499080 1665
1499090 1665
1499100 1668
1499110 1672
1499120 1672
1499130 1675
1499140 1680
1499150 1680
1499160 1684
1499170 1689
1499180 1693
1499190 1693
1499200 1697
1499210 1700
1499220 1700
1499230 1704
1499240 1710
1499250 1710
1499260 1714
1499270 1717
1499280 1717
1499290 1722
1499300 1727
1499310 1727
1499320 1731
1499330 1735
1499340 1735
1499350 1739
1499360 1743
1499370 1743
1499380 1748
1499390 1753
1499400 1753
1499410 1756
1499420 1761
1499430 1761
1499440 1765
1499450 1770
1499460 1773
1499470 1773
1499480 1777
1499490 1781
1499500 1781
1499510 1785
1499520 1790
1499530 1790
1499540 1795
1499550 1800
1499560 1800
1499570 1805
1499580 1811
1499590 1811
1499600 1816
1499610 1818
1499620 1818
1499630 1815
1499640 1809
1499650 1809
1499660 1802
1499670 1795
1499680 1795
1499690 1787
1499700 1780
1499710 1774
1499720 1774
1499730 1769
1499740 1765
1499750 1765
1499760 1760
1499770 1755
1499780 1755
1499790 1750
1499800 1745
1499810 1745
1499820 1740
1499830 1735
1499840 1735
1499850 1731
1499860 1726
1499870 1726
1499880 1721
1499890 1716
1499900 1716
1499910 1713
1499920 1710
1499930 1710
1499940 1708
1499950 1706
1499960 1706
1499970 1703
1499980 1701
1499990 1699
