1480000 884
1480010 884
1480020 882
1480030 879
1480040 879
1480050 876
1480060 873
1480070 873
1480080 874
1480090 869
1480100 867
1480110 867
1480120 866
1480130 865
1480140 865
1480150 861
1480160 856
1480170 856
1480180 850
1480190 842
1480200 842
1480210 838
1480220 838
1480230 838
1480240 839
1480250 839
1480260 839
1480270 840
1480280 842
1480290 842
1480300 843
1480310 845
1480320 845
1480330 846
1480340 846
1480350 846
1480360 846
1480370 846
1480380 846
1480390 846
1480400 850
1480410 852
1480420 852
1480430 855
1480440 858
1480450 858
1480460 862
1480470 867
1480480 867
1480490 871
1480500 875
1480510 875
1480520 876
1480530 876
1480540 876
1480550 877
1480560 878
1480570 878
1480580 878
1480590 879
1480600 879
1480610 879
1480620 881
1480630 881
1480640 881
1480650 882
1480660 884
1480670 884
1480680 885
1480690 886
1480700 886
1480710 886
1480720 887
1480730 887
1480740 888
1480750 888
1480760 888
1480770 888
1480780 889
1480790 889
1480800 891
1480810 895
1480820 895
1480830 898
1480840 899
1480850 899
1480860 899
1480870 899
1480880 899
1480890 899
1480900 900
1480910 901
1480920 901
1480930 902
1480940 902
1480950 902
1480960 902
1480970 903
1480980 903
1480990 903
1481000 904
1481010 904
1481020 906
1481030 906
1481040 906
1481050 907
1481060 907
1481070 907
1481080 907
1481090 908
1481100 908
1481110 909
1481120 909
1481130 909
1481140 909
1481150 909
1481160 909
1481170 911
1481180 912
1481190 913
1481200 913
1481210 914
1481220 914
1481230 914
1481240 915
1481250 916
1481260 916
1481270 917
1481280 917
1481290 917
1481300 917
1481310 920
1481320 920
1481330 921
1481340 922
1481350 922
1481360 922
1481370 923
1481380 923
1481390 925
1481400 926
1481410 926
1481420 927
1481430 928
1481440 928
1481450 929
1481460 931
1481470 932
1481480 932
1481490 933
1481500 935
1481510 935
1481520 936
1481530 939
1481540 939
1481550 942
1481560 945
1481570 945
1481580 949
1481590 952
1481600 952
1481610 956
1481620 959
1481630 959
1481640 962
1481650 964
1481660 964
1481670 967
1481680 969
1481690 969
1481700 972
1481710 975
1481720 975
1481730 977
1481740 979
1481750 981
1481760 981
1481770 984
1481780 987
1481790 987
1481800 990
1481810 992
1481820 992
1481830 994
1481840 996
1481850 996
1481860 999
1481870 1001
1481880 1001
1481890 1004
1481900 1007
1481910 1007
1481920 1009
1481930 1012
1481940 1012
1481950 1016
1481960 1019
1481970 1019
1481980 1022
1481990 1025
1482000 1025
1482010 1028
1482020 1031
1482030 1035
1482040 1035
1482050 1039
1482060 1044
1482070 1044
1482080 1050
1482090 1054
1482100 1054
1482110 1060
1482120 1067
1482130 1067
1482140 1072
1482150 1077
1482160 1077
1482170 1080
1482180 1082
1482190 1082
1482200 1083
1482210 1086
1482220 1086
1482230 1090
1482240 1095
1482250 1095
1482260 1098
1482270 1101
1482280 1101
1482290 1106
1482300 1108
1482310 1110
1482320 1110
1482330 1113
1482340 1117
1482350 1117
1482360 1119
1482370 1121
1482380 1121
1482390 1123
1482400 1124
1482410 1124
1482420 1127
1482430 1132
1482440 1132
1482450 1136
1482460 1140
1482470 1140
1482480 1143
1482490 1145
1482500 1145
1482510 1148
1482520 1151
1482530 1151
1482540 1154
1482550 1156
1482560 1156
1482570 1158
1482580 1160
1482590 1161
1482600 1161
1482610 1163
1482620 1164
1482630 1164
1482640 1166
1482650 1168
1482660 1168
1482670 1170
1482680 1173
1482690 1173
1482700 1175
1482710 1177
1482720 1177
1482730 1178
1482740 1180
1482750 1180
1482760 1181
1482770 1182
1482780 1182
1482790 1184
1482800 1186
1482810 1186
1482820 1189
1482830 1191
1482840 1195
1482850 1195
1482860 1198
1482870 1200
1482880 1200
1482890 1203
1482900 1206
1482910 1206
1482920 1208
1482930 1209
1482940 1209
1482950 1210
1482960 1212
1482970 1212
1482980 1213
1482990 1215
1483000 1215
1483010 1217
1483020 1218
1483030 1218
1483040 1219
1483050 1222
1483060 1222
1483070 1224
1483080 1226
1483090 1226
1483100 1228
1483110 1229
1483120 1231
1483130 1231
1483140 1232
1483150 1233
1483160 1233
1483170 1235
1483180 1238
1483190 1238
1483200 1240
1483210 1242
1483220 1242
1483230 1244
1483240 1246
1483250 1246
1483260 1247
1483270 1248
1483280 1248
1483290 1248
1483300 1246
1483310 1246
1483320 1247
1483330 1248
1483340 1248
1483350 1250
1483360 1252
1483370 1252
1483380 1253
1483390 1255
1483400 1258
1483410 1258
1483420 1260
1483430 1261
1483440 1261
1483450 1263
1483460 1266
1483470 1266
1483480 1269
1483490 1271
1483500 1271
1483510 1273
1483520 1275
1483530 1275
1483540 1277
1483550 1279
1483560 1279
1483570 1282
1483580 1286
1483590 1286
1483600 1289
1483610 1291
1483620 1291
1483630 1293
1483640 1295
1483650 1295
1483660 1298
1483670 1300
1483680 1303
1483690 1303
1483700 1307
1483710 1311
1483720 1311
1483730 1317
1483740 1321
1483750 1321
1483760 1324
1483770 1329
1483780 1329
1483790 1334
1483800 1337
1483810 1337
1483820 1337
1483830 1338
1483840 1338
1483850 1341
1483860 1345
1483870 1345
1483880 1347
1483890 1350
1483900 1350
1483910 1352
1483920 1354
1483930 1354
1483940 1357
1483950 1358
1483960 1360
1483970 1360
1483980 1361
1483990 1362
1484000 1362
1484010 1362
1484020 1362
1484030 1362
1484040 1363
1484050 1364
1484060 1364
1484070 1364
1484080 1365
1484090 1365
1484100 1366
1484110 1368
1484120 1368
1484130 1371
1484140 1373
1484150 1373
1484160 1377
1484170 1380
1484180 1380
1484190 1384
1484200 1389
1484210 1389
1484220 1392
1484230 1395
1484240 1398
1484250 1398
1484260 1402
1484270 1405
1484280 1405
1484290 1408
1484300 1412
1484310 1412
1484320 1414
1484330 1416
1484340 1416
1484350 1421
1484360 1424
1484370 1424
1484380 1428
1484390 1432
1484400 1432
1484410 1436
1484420 1437
1484430 1437
1484440 1439
1484450 1443
1484460 1443
1484470 1446
1484480 1450
1484490 1450
1484500 1453
1484510 1454
1484520 1457
1484530 1457
1484540 1461
1484550 1467
1484560 1467
1484570 1473
1484580 1478
1484590 1478
1484600 1482
1484610 1485
1484620 1485
1484630 1487
1484640 1490
1484650 1490
1484660 1493
1484670 1495
1484680 1495
1484690 1498
1484700 1502
1484710 1502
1484720 1505
1484730 1509
1484740 1509
1484750 1513
1484760 1518
1484770 1523
1484780 1523
1484790 1526
1484800 1531
1484810 1531
1484820 1538
1484830 1544
1484840 1544
1484850 1549
1484860 1554
1484870 1554
1484880 1558
1484890 1561
1484900 1561
1484910 1564
1484920 1567
1484930 1567
1484940 1570
1484950 1573
1484960 1573
1484970 1574
1484980 1575
1484990 1575
1485000 1578
1485010 1579
1485020 1579
1485030 1580
1485040 1581
1485050 1585
1485060 1585
1485070 1589
1485080 1591
1485090 1591
1485100 1592
1485110 1595
1485120 1595
1485130 1597
1485140 1600
1485150 1600
1485160 1602
1485170 1605
1485180 1605
1485190 1607
1485200 1609
1485210 1609
1485220 1613
1485230 1616
1485240 1616
1485250 1619
1485260 1623
1485270 1623
1485280 1625
1485290 1629
1485300 1629
1485310 1631
1485320 1634
1485330 1638
1485340 1638
1485350 1643
1485360 1646
1485370 1646
1485380 1649
1485390 1651
1485400 1651
1485410 1654
1485420 1657
1485430 1657
1485440 1658
1485450 1659
1485460 1659
1485470 1662
1485480 1667
1485490 1667
1485500 1673
1485510 1677
1485520 1677
1485530 1679
1485540 1680
1485550 1680
1485560 1682
1485570 1686
1485580 1686
1485590 1689
1485600 1694
1485610 1700
1485620 1700
1485630 1703
1485640 1708
1485650 1708
1485660 1711
1485670 1713
1485680 1713
1485690 1715
1485700 1717
1485710 1717
1485720 1718
1485730 1719
1485740 1719
1485750 1721
1485760 1725
1485770 1725
1485780 1731
1485790 1734
1485800 1734
1485810 1739
1485820 1742
1485830 1742
1485840 1745
1485850 1748
1485860 1748
1485870 1750
1485880 1753
1485890 1755
1485900 1755
1485910 1757
1485920 1759
1485930 1759
1485940 1761
1485950 1763
1485960 1763
1485970 1765
1485980 1767
1485990 1767
1486000 1769
1486010 1771
1486020 1771
1486030 1774
1486040 1773
1486050 1773
1486060 1772
1486070 1771
1486080 1771
1486090 1769
1486100 1768
1486110 1768
1486120 1766
1486130 1764
1486140 1764
1486150 1764
1486160 1762
1486170 1760
1486180 1760
1486190 1756
1486200 1751
1486210 1751
1486220 1746
1486230 1742
1486240 1742
1486250 1740
1486260 1738
1486270 1738
1486280 1735
1486290 1732
1486300 1732
1486310 1730
1486320 1728
1486330 1728
1486340 1726
1486350 1723
1486360 1723
1486370 1722
1486380 1719
1486390 1719
1486400 1717
1486410 1716
1486420 1716
1486430 1715
1486440 1714
1486450 1713
1486460 1713
1486470 1711
1486480 1710
1486490 1710
1486500 1708
1486510 1707
1486520 1707
1486530 1705
1486540 1703
1486550 1703
1486560 1702
1486570 1700
1486580 1700
1486590 1697
1486600 1695
1486610 1695
1486620 1691
1486630 1687
1486640 1687
1486650 1684
1486660 1683
1486670 1683
1486680 1681
1486690 1680
1486700 1678
1486710 1678
1486720 1675
1486730 1672
1486740 1672
1486750 1670
1486760 1666
1486770 1666
1486780 1662
1486790 1658
1486800 1658
1486810 1655
1486820 1651
1486830 1651
1486840 1649
1486850 1645
1486860 1645
1486870 1642
1486880 1638
1486890 1638
1486900 1635
1486910 1630
1486920 1630
1486930 1626
1486940 1622
1486950 1622
1486960 1619
1486970 1616
1486980 1612
1486990 1612
1487000 1608
1487010 1604
1487020 1604
1487030 1599
1487040 1593
1487050 1593
1487060 1590
1487070 1590
1487080 1590
1487090 1587
1487100 1584
1487110 1584
1487120 1580
1487130 1576
1487140 1576
1487150 1571
1487160 1565
1487170 1565
1487180 1560
1487190 1554
1487200 1554
1487210 1549
1487220 1546
1487230 1546
1487240 1545
1487250 1543
1487260 1543
1487270 1543
1487280 1541
1487290 1539
1487300 1539
1487310 1534
1487320 1530
1487330 1530
1487340 1528
1487350 1525
1487360 1525
1487370 1519
1487380 1511
1487390 1511
1487400 1504
1487410 1497
1487420 1497
1487430 1491
1487440 1485
1487450 1485
1487460 1477
1487470 1475
1487480 1475
1487490 1478
1487500 1480
1487510 1480
1487520 1480
1487530 1477
1487540 1470
1487550 1470
1487560 1461
1487570 1452
1487580 1452
1487590 1446
1487600 1446
1487610 1446
1487620 1445
1487630 1440
1487640 1440
1487650 1436
1487660 1434
1487670 1434
1487680 1438
1487690 1440
1487700 1440
1487710 1433
1487720 1427
1487730 1427
1487740 1424
1487750 1420
1487760 1420
1487770 1416
1487780 1412
1487790 1412
1487800 1405
1487810 1400
1487820 1396
1487830 1396
1487840 1392
1487850 1388
1487860 1388
1487870 1383
1487880 1377
1487890 1377
1487900 1371
1487910 1367
1487920 1367
1487930 1363
1487940 1358
1487950 1358
1487960 1352
1487970 1348
1487980 1348
1487990 1344
1488000 1338
1488010 1338
1488020 1330
1488030 1322
1488040 1322
1488050 1317
1488060 1314
1488070 1314
1488080 1313
1488090 1313
1488100 1312
1488110 1312
1488120 1311
1488130 1308
1488140 1308
1488150 1306
1488160 1303
1488170 1303
1488180 1300
1488190 1299
1488200 1299
1488210 1299
1488220 1301
1488230 1301
1488240 1305
1488250 1307
1488260 1307
1488270 1310
1488280 1312
1488290 1312
1488300 1312
1488310 1316
1488320 1316
1488330 1320
1488340 1322
1488350 1322
1488360 1326
1488370 1328
1488380 1332
1488390 1332
1488400 1334
1488410 1335
1488420 1335
1488430 1338
1488440 1343
1488450 1343
1488460 1348
1488470 1352
1488480 1352
1488490 1354
1488500 1355
1488510 1355
1488520 1355
1488530 1355
1488540 1355
1488550 1353
1488560 1354
1488570 1354
1488580 1355
1488590 1357
1488600 1357
1488610 1360
1488620 1363
1488630 1366
1488640 1366
1488650 1368
1488660 1369
1488670 1369
1488680 1373
1488690 1375
1488700 1375
1488710 1378
1488720 1380
1488730 1380
1488740 1380
1488750 1379
1488760 1379
1488770 1379
1488780 1380
1488790 1380
1488800 1383
1488810 1384
1488820 1384
1488830 1385
1488840 1385
1488850 1385
1488860 1387
1488870 1390
1488880 1390
1488890 1392
1488900 1392
1488910 1390
1488920 1390
1488930 1389
1488940 1388
1488950 1388
1488960 1386
1488970 1377
1488980 1377
1488990 1375
1489000 1374
1489010 1374
1489020 1372
1489030 1370
1489040 1370
1489050 1367
1489060 1364
1489070 1364
1489080 1363
1489090 1361
1489100 1361
1489110 1359
1489120 1357
1489130 1357
1489140 1355
1489150 1353
1489160 1353
1489170 1352
1489180 1350
1489190 1350
1489200 1350
1489210 1349
1489220 1347
1489230 1347
1489240 1345
1489250 1342
1489260 1342
1489270 1339
1489280 1336
1489290 1336
1489300 1332
1489310 1328
1489320 1328
1489330 1326
1489340 1322
1489350 1322
1489360 1318
1489370 1315
1489380 1315
1489390 1312
1489400 1310
1489410 1310
1489420 1307
1489430 1304
1489440 1304
1489450 1300
1489460 1295
1489470 1289
1489480 1289
1489490 1284
1489500 1278
1489510 1278
1489520 1273
1489530 1269
1489540 1269
1489550 1264
1489560 1260
1489570 1260
1489580 1253
1489590 1248
1489600 1248
1489610 1247
1489620 1242
1489630 1242
1489640 1237
1489650 1233
1489660 1233
1489670 1228
1489680 1223
1489690 1223
1489700 1218
1489710 1212
1489720 1212
1489730 1206
1489740 1201
1489750 1195
1489760 1195
1489770 1189
1489780 1183
1489790 1183
1489800 1179
1489810 1174
1489820 1174
1489830 1169
1489840 1163
1489850 1163
1489860 1158
1489870 1152
1489880 1152
1489890 1146
1489900 1140
1489910 1140
1489920 1135
1489930 1130
1489940 1130
1489950 1126
1489960 1120
1489970 1120
1489980 1115
1489990 1109
1490000 1109
1490010 1103
1490020 1097
1490030 1091
1490040 1091
1490050 1086
1490060 1081
1490070 1081
1490080 1075
1490090 1071
1490100 1071
1490110 1066
1490120 1061
1490130 1061
1490140 1057
1490150 1052
1490160 1052
1490170 1048
1490180 1043
1490190 1043
1490200 1039
1490210 1034
1490220 1034
1490230 1029
1490240 1025
1490250 1025
1490260 1020
1490270 1015
1490280 1010
1490290 1010
1490300 1005
1490310 1000
1490320 1000
1490330 994
1490340 988
1490350 988
1490360 983
1490370 979
1490380 979
1490390 975
1490400 971
1490410 971
1490420 967
1490430 964
1490440 964
1490450 960
1490460 956
1490470 956
1490480 951
1490490 946
1490500 946
1490510 942
1490520 936
1490530 936
1490540 931
1490550 927
1490560 925
1490570 925
1490580 925
1490590 924
1490600 924
1490610 923
1490620 923
1490630 923
1490640 924
1490650 924
1490660 924
1490670 924
1490680 925
1490690 925
1490700 925
1490710 925
1490720 925
1490730 926
1490740 926
1490750 926
1490760 926
1490770 926
1490780 926
1490790 926
1490800 926
1490810 926
1490820 926
1490830 926
1490840 926
1490850 926
1490860 926
1490870 928
1490880 928
1490890 929
1490900 929
1490910 929
1490920 930
1490930 930
1490940 930
1490950 932
1490960 933
1490970 933
1490980 935
1490990 938
1491000 938
1491010 939
1491020 939
1491030 939
1491040 939
1491050 939
1491060 939
1491070 946
1491080 954
1491090 954
1491100 959
1491110 963
1491120 968
1491130 968
1491140 973
1491150 977
1491160 977
1491170 981
1491180 986
1491190 986
1491200 991
1491210 996
1491220 996
1491230 1001
1491240 1008
1491250 1008
1491260 1014
1491270 1020
1491280 1020
1491290 1029
1491300 1038
1491310 1038
1491320 1044
1491330 1051
1491340 1051
1491350 1064
1491360 1070
1491370 1070
1491380 1075
1491390 1084
1491400 1093
1491410 1093
1491420 1101
1491430 1109
1491440 1109
1491450 1117
1491460 1125
1491470 1125
1491480 1133
1491490 1143
1491500 1143
1491510 1152
1491520 1161
1491530 1161
1491540 1171
1491550 1179
1491560 1179
1491570 1186
1491580 1192
1491590 1192
1491600 1196
1491610 1201
1491620 1201
1491630 1207
1491640 1215
1491650 1215
1491660 1223
1491670 1231
1491680 1239
1491690 1239
1491700 1250
1491710 1259
1491720 1259
1491730 1268
1491740 1276
1491750 1276
1491760 1285
1491770 1294
1491780 1294
1491790 1302
1491800 1309
1491810 1309
1491820 1315
1491830 1321
1491840 1321
1491850 1327
1491860 1334
1491870 1334
1491880 1342
1491890 1350
1491900 1350
1491910 1357
1491920 1364
1491930 1364
1491940 1368
1491950 1371
1491960 1374
1491970 1374
1491980 1379
1491990 1385
1492000 1385
1492010 1392
1492020 1398
1492030 1398
1492040 1405
1492050 1411
1492060 1411
1492070 1418
1492080 1424
1492090 1424
1492100 1431
1492110 1437
1492120 1437
1492130 1443
1492140 1449
1492150 1449
1492160 1456
1492170 1461
1492180 1461
1492190 1470
1492200 1478
1492210 1486
1492220 1486
1492230 1493
1492240 1500
1492250 1500
1492260 1505
1492270 1510
1492280 1510
1492290 1514
1492300 1517
1492310 1517
1492320 1521
1492330 1526
1492340 1526
1492350 1531
1492360 1536
1492370 1536
1492380 1541
1492390 1544
1492400 1544
1492410 1547
1492420 1551
1492430 1551
1492440 1555
1492450 1559
1492460 1559
1492470 1564
1492480 1567
1492490 1571
1492500 1571
1492510 1574
1492520 1578
1492530 1578
1492540 1583
1492550 1589
1492560 1589
1492570 1595
1492580 1602
1492590 1602
1492600 1608
1492610 1615
1492620 1615
1492630 1623
1492640 1629
1492650 1629
1492660 1637
1492670 1645
1492680 1645
1492690 1651
1492700 1657
1492710 1657
1492720 1660
1492730 1664
1492740 1664
1492750 1668
1492760 1671
1492770 1674
1492780 1674
1492790 1676
1492800 1676
1492810 1676
1492820 1676
1492830 1677
1492840 1677
1492850 1680
1492860 1682
1492870 1682
1492880 1685
1492890 1687
1492900 1687
1492910 1688
1492920 1689
1492930 1689
1492940 1690
1492950 1690
1492960 1690
1492970 1690
1492980 1690
1492990 1690
1493000 1690
1493010 1690
1493020 1690
1493030 1692
1493040 1695
1493050 1697
1493060 1697
1493070 1698
1493080 1698
1493090 1698
1493100 1699
1493110 1699
1493120 1699
1493130 1698
1493140 1696
1493150 1696
1493160 1694
1493170 1693
1493180 1693
1493190 1691
1493200 1689
1493210 1689
1493220 1688
1493230 1688
1493240 1688
1493250 1688
1493260 1687
1493270 1687
1493280 1687
1493290 1686
1493300 1686
1493310 1686
1493320 1687
1493330 1691
1493340 1691
1493350 1696
1493360 1701
1493370 1701
1493380 1707
1493390 1712
1493400 1712
1493410 1717
1493420 1721
1493430 1721
1493440 1723
1493450 1725
1493460 1725
1493470 1729
1493480 1732
1493490 1732
1493500 1736
1493510 1739
1493520 1739
1493530 1740
1493540 1742
1493550 1742
1493560 1743
1493570 1743
1493580 1743
1493590 1742
1493600 1740
1493610 1738
1493620 1738
1493630 1737
1493640 1736
1493650 1736
1493660 1735
1493670 1733
1493680 1733
1493690 1732
1493700 1730
1493710 1730
1493720 1728
1493730 1727
1493740 1727
1493750 1726
1493760 1724
1493770 1724
1493780 1723
1493790 1721
1493800 1721
1493810 1719
1493820 1716
1493830 1716
1493840 1713
1493850 1709
1493860 1709
1493870 1706
1493880 1702
1493890 1697
1493900 1697
1493910 1692
1493920 1685
1493930 1685
1493940 1678
1493950 1669
1493960 1669
1493970 1662
1493980 1660
1493990 1660
1494000 1657
1494010 1655
1494020 1655
1494030 1653
1494040 1651
1494050 1651
1494060 1649
1494070 1648
1494080 1648
1494090 1647
1494100 1647
1494110 1647
1494120 1646
1494130 1645
1494140 1644
1494150 1644
1494160 1643
1494170 1643
1494180 1643
1494190 1644
1494200 1644
1494210 1644
1494220 1645
1494230 1644
1494240 1644
1494250 1647
1494260 1652
1494270 1652
1494280 1654
1494290 1656
1494300 1656
1494310 1655
1494320 1651
1494330 1651
1494340 1647
1494350 1644
1494360 1644
1494370 1639
1494380 1639
1494390 1639
1494400 1639
1494410 1637
1494420 1635
1494430 1635
1494440 1633
1494450 1629
1494460 1629
1494470 1626
1494480 1623
1494490 1623
1494500 1619
1494510 1616
1494520 1616
1494530 1614
1494540 1612
1494550 1612
1494560 1610
1494570 1608
1494580 1608
1494590 1606
1494600 1605
1494610 1605
1494620 1604
1494630 1604
1494640 1604
1494650 1601
1494660 1598
1494670 1598
1494680 1597
1494690 1597
1494700 1596
1494710 1596
1494720 1596
1494730 1596
1494740 1596
1494750 1593
1494760 1594
1494770 1594
1494780 1596
1494790 1595
1494800 1595
1494810 1593
1494820 1593
1494830 1593
1494840 1591
1494850 1590
1494860 1590
1494870 1587
1494880 1581
1494890 1581
1494900 1576
1494910 1571
1494920 1571
1494930 1566
1494940 1561
1494950 1561
1494960 1556
1494970 1550
1494980 1543
1494990 1543
1495000 1536
1495010 1529
1495020 1529
1495030 1522
1495040 1515
1495050 1515
1495060 1509
1495070 1502
1495080 1502
1495090 1494
1495100 1487
1495110 1487
1495120 1479
1495130 1473
1495140 1473
1495150 1467
1495160 1460
1495170 1460
1495180 1454
1495190 1447
1495200 1447
1495210 1441
1495220 1435
1495230 1435
1495240 1428
1495250 1421
1495260 1415
1495270 1415
1495280 1410
1495290 1404
1495300 1404
1495310 1397
1495320 1390
1495330 1390
1495340 1381
1495350 1375
1495360 1375
1495370 1370
1495380 1362
1495390 1362
1495400 1351
1495410 1341
1495420 1341
1495430 1331
1495440 1322
1495450 1322
1495460 1314
1495470 1308
1495480 1308
1495490 1302
1495500 1297
1495510 1297
1495520 1292
1495530 1286
1495540 1280
1495550 1280
1495560 1277
1495570 1273
1495580 1273
1495590 1270
1495600 1265
1495610 1265
1495620 1261
1495630 1256
1495640 1256
1495650 1251
1495660 1246
1495670 1246
1495680 1240
1495690 1234
1495700 1234
1495710 1229
1495720 1223
1495730 1223
1495740 1218
1495750 1212
1495760 1212
1495770 1207
1495780 1202
1495790 1202
1495800 1196
1495810 1191
1495820 1186
1495830 1186
1495840 1181
1495850 1176
1495860 1176
1495870 1171
1495880 1167
1495890 1167
1495900 1163
1495910 1158
1495920 1158
1495930 1153
1495940 1149
1495950 1149
1495960 1145
1495970 1141
1495980 1141
1495990 1138
1496000 1135
1496010 1135
1496020 1131
1496030 1128
1496040 1128
1496050 1124
1496060 1121
1496070 1117
1496080 1117
1496090 1114
1496100 1111
1496110 1111
1496120 1107
1496130 1104
1496140 1104
1496150 1100
1496160 1097
1496170 1097
1496180 1093
1496190 1090
1496200 1090
1496210 1086
1496220 1083
1496230 1083
1496240 1081
1496250 1077
1496260 1077
1496270 1075
1496280 1071
1496290 1071
1496300 1068
1496310 1067
1496320 1067
1496330 1065
1496340 1064
1496350 1061
1496360 1061
1496370 1059
1496380 1057
1496390 1057
1496400 1055
1496410 1054
1496420 1054
1496430 1052
1496440 1052
1496450 1052
1496460 1052
1496470 1051
1496480 1051
1496490 1050
1496500 1050
1496510 1050
1496520 1050
1496530 1049
1496540 1049
1496550 1048
1496560 1050
1496570 1050
1496580 1053
1496590 1057
1496600 1057
1496610 1059
1496620 1061
1496630 1064
1496640 1064
1496650 1067
1496660 1071
1496670 1071
1496680 1074
1496690 1078
1496700 1078
1496710 1082
1496720 1086
1496730 1086
1496740 1091
1496750 1096
1496760 1096
1496770 1101
1496780 1106
1496790 1106
1496800 1112
1496810 1117
1496820 1117
1496830 1122
1496840 1127
1496850 1127
1496860 1133
1496870 1138
1496880 1138
1496890 1143
1496900 1148
1496910 1154
1496920 1154
1496930 1159
1496940 1165
1496950 1165
1496960 1171
1496970 1178
1496980 1178
1496990 1184
1497000 1191
1497010 1191
1497020 1198
1497030 1205
1497040 1205
1497050 1213
1497060 1220
1497070 1220
1497080 1229
1497090 1236
1497100 1236
1497110 1244
1497120 1252
1497130 1252
1497140 1262
1497150 1275
1497160 1275
1497170 1286
1497180 1294
1497190 1298
1497200 1298
1497210 1304
1497220 1312
1497230 1312
1497240 1320
1497250 1336
1497260 1336
1497270 1360
1497280 1370
1497290 1370
1497300 1379
1497310 1389
1497320 1389
1497330 1396
1497340 1403
1497350 1403
1497360 1409
1497370 1416
1497380 1416
1497390 1423
1497400 1429
1497410 1429
1497420 1436
1497430 1442
1497440 1442
1497450 1448
1497460 1455
1497470 1461
1497480 1461
1497490 1466
1497500 1473
1497510 1473
1497520 1481
1497530 1488
1497540 1488
1497550 1496
1497560 1503
1497570 1503
1497580 1512
1497590 1520
1497600 1520
1497610 1530
1497620 1538
1497630 1538
1497640 1544
1497650 1550
1497660 1550
1497670 1557
1497680 1564
1497690 1564
1497700 1570
1497710 1574
1497720 1580
1497730 1580
1497740 1587
1497750 1593
1497760 1593
1497770 1596
1497780 1596
1497790 1596
1497800 1598
1497810 1600
1497820 1600
1497830 1600
1497840 1596
1497850 1596
1497860 1590
1497870 1583
1497880 1583
1497890 1575
1497900 1565
1497910 1565
1497920 1558
1497930 1552
1497940 1552
1497950 1546
1497960 1541
1497970 1541
1497980 1536
1497990 1531
1498000 1526
1498010 1526
1498020 1523
1498030 1520
1498040 1520
1498050 1518
1498060 1516
1498070 1516
1498080 1514
1498090 1513
1498100 1513
1498110 1512
1498120 1511
1498130 1511
1498140 1509
1498150 1507
1498160 1507
1498170 1506
1498180 1506
1498190 1506
1498200 1506
1498210 1505
1498220 1505
1498230 1505
1498240 1505
1498250 1505
1498260 1505
1498270 1506
1498280 1506
1498290 1506
1498300 1506
1498310 1506
1498320 1506
1498330 1507
1498340 1507
1498350 1507
1498360 1507
1498370 1506
1498380 1506
1498390 1506
1498400 1506
1498410 1506
1498420 1506
1498430 1506
1498440 1506
1498450 1506
1498460 1507
1498470 1507
1498480 1507
1498490 1508
1498500 1508
1498510 1509
1498520 1510
1498530 1510
1498540 1511
1498550 1512
1498560 1513
1498570 1513
1498580 1514
1498590 1515
1498600 1515
1498610 1517
1498620 1518
1498630 1518
1498640 1520
1498650 1520
1498660 1520
1498670 1521
1498680 1522
1498690 1522
1498700 1523
1498710 1525
1498720 1525
1498730 1527
1498740 1529
1498750 1529
1498760 1531
1498770 1533
1498780 1533
1498790 1534
1498800 1536
1498810 1536
1498820 1538
1498830 1541
1498840 1544
1498850 1544
1498860 1547
1498870 1550
1498880 1550
1498890 1553
1498900 1555
1498910 1555
1498920 1558
1498930 1562
1498940 1562
1498950 1565
1498960 1568
1498970 1568
1498980 1571
1498990 1575
1499000 1575
1499010 1578
1499020 1582
1499030 1582
1499040 1586
1499050 1590
1499060 1590
1499070 1595
1499080 1600
1499090 1600
1499100 1604
1499110 1609
1499120 1614
1499130 1614
1499140 1620
1499150 1625
1499160 1625
1499170 1632
1499180 1638
1499190 1638
1499200 1642
1499210 1648
1499220 1648
1499230 1655
1499240 1662
1499250 1662
1499260 1669
1499270 1676
1499280 1676
1499290 1682
1499300 1688
1499310 1688
1499320 1694
1499330 1699
1499340 1699
1499350 1703
1499360 1708
1499370 1708
1499380 1713
1499390 1719
1499400 1725
1499410 1725
1499420 1729
1499430 1732
1499440 1732
1499450 1734
1499460 1737
1499470 1737
1499480 1740
1499490 1743
1499500 1743
1499510 1745
1499520 1747
1499530 1747
1499540 1750
1499550 1753
1499560 1753
1499570 1757
1499580 1760
1499590 1760
1499600 1764
1499610 1768
1499620 1768
1499630 1771
1499640 1773
1499650 1776
1499660 1776
1499670 1780
1499680 1783
1499690 1783
1499700 1786
1499710 1787
1499720 1787
1499730 1788
1499740 1788
1499750 1788
1499760 1783
1499770 1775
1499780 1775
1499790 1764
1499800 1757
1499810 1757
1499820 1750
1499830 1744
1499840 1744
1499850 1738
1499860 1734
1499870 1734
1499880 1728
1499890 1720
1499900 1720
1499910 1714
1499920 1710
1499930 1707
1499940 1707
1499950 1707
1499960 1707
1499970 1707
1499980 1705
1499990 1702
