1480000 1126
1480010 1126
1480020 1123
1480030 1119
1480040 1114
1480050 1114
1480060 1110
1480070 1109
1480080 1109
1480090 1106
1480100 1103
1480110 1103
1480120 1100
1480130 1098
1480140 1098
1480150 1094
1480160 1089
1480170 1089
1480180 1085
1480190 1080
1480200 1080
1480210 1077
1480220 1074
1480230 1074
1480240 1070
1480250 1066
1480260 1066
1480270 1062
1480280 1058
1480290 1058
1480300 1054
1480310 1047
1480320 1040
1480330 1040
1480340 1032
1480350 1025
1480360 1025
1480370 1021
1480380 1017
1480390 1017
1480400 1013
1480410 1011
1480420 1011
1480430 1009
1480440 1006
1480450 1006
1480460 1001
1480470 996
1480480 996
1480490 991
1480500 987
1480510 987
1480520 985
1480530 982
1480540 982
1480550 978
1480560 974
1480570 974
1480580 970
1480590 966
1480600 962
1480610 962
1480620 959
1480630 956
1480640 956
1480650 953
1480660 951
1480670 951
1480680 948
1480690 945
1480700 945
1480710 942
1480720 939
1480730 939
1480740 936
1480750 933
1480760 933
1480770 931
1480780 928
1480790 928
1480800 925
1480810 924
1480820 924
1480830 922
1480840 921
1480850 921
1480860 920
1480870 919
1480880 919
1480890 919
1480900 918
1480910 917
1480920 917
1480930 916
1480940 916
1480950 916
1480960 915
1480970 915
1480980 915
1480990 915
1481000 914
1481010 914
1481020 914
1481030 914
1481040 914
1481050 914
1481060 914
1481070 914
1481080 914
1481090 914
1481100 914
1481110 914
1481120 914
1481130 914
1481140 914
1481150 914
1481160 914
1481170 914
1481180 913
1481190 913
1481200 913
1481210 913
1481220 913
1481230 913
1481240 913
1481250 913
1481260 913
1481270 913
1481280 913
1481290 913
1481300 913
1481310 913
1481320 913
1481330 912
1481340 912
1481350 912
1481360 910
1481370 910
1481380 910
1481390 908
1481400 904
1481410 904
1481420 905
1481430 908
1481440 910
1481450 910
1481460 911
1481470 910
1481480 910
1481490 909
1481500 907
1481510 907
1481520 906
1481530 905
1481540 905
1481550 905
1481560 910
1481570 910
1481580 914
1481590 918
1481600 918
1481610 919
1481620 921
1481630 921
1481640 923
1481650 924
1481660 924
1481670 927
1481680 929
1481690 929
1481700 932
1481710 935
1481720 939
1481730 939
1481740 945
1481750 950
1481760 950
1481770 955
1481780 960
1481790 960
1481800 964
1481810 966
1481820 966
1481830 969
1481840 973
1481850 973
1481860 976
1481870 979
1481880 979
1481890 982
1481900 987
1481910 987
1481920 991
1481930 994
1481940 994
1481950 998
1481960 1002
1481970 1002
1481980 1008
1481990 1014
1482000 1020
1482010 1020
1482020 1025
1482030 1031
1482040 1031
1482050 1037
1482060 1045
1482070 1045
1482080 1051
1482090 1056
1482100 1056
1482110 1060
1482120 1066
1482130 1066
1482140 1070
1482150 1076
1482160 1076
1482170 1083
1482180 1090
1482190 1090
1482200 1095
1482210 1100
1482220 1100
1482230 1102
1482240 1103
1482250 1103
1482260 1106
1482270 1106
1482280 1107
1482290 1107
1482300 1107
1482310 1111
1482320 1111
1482330 1114
1482340 1116
1482350 1116
1482360 1118
1482370 1118
1482380 1118
1482390 1118
1482400 1117
1482410 1117
1482420 1116
1482430 1116
1482440 1116
1482450 1117
1482460 1116
1482470 1116
1482480 1117
1482490 1120
1482500 1120
1482510 1125
1482520 1130
1482530 1130
1482540 1131
1482550 1132
1482560 1135
1482570 1135
1482580 1137
1482590 1140
1482600 1140
1482610 1141
1482620 1143
1482630 1143
1482640 1146
1482650 1148
1482660 1148
1482670 1150
1482680 1150
1482690 1150
1482700 1150
1482710 1148
1482720 1148
1482730 1149
1482740 1151
1482750 1151
1482760 1151
1482770 1151
1482780 1151
1482790 1151
1482800 1151
1482810 1151
1482820 1152
1482830 1155
1482840 1157
1482850 1157
1482860 1157
1482870 1157
1482880 1157
1482890 1156
1482900 1155
1482910 1155
1482920 1153
1482930 1151
1482940 1151
1482950 1149
1482960 1148
1482970 1148
1482980 1147
1482990 1146
1483000 1146
1483010 1145
1483020 1144
1483030 1144
1483040 1144
1483050 1143
1483060 1143
1483070 1142
1483080 1141
1483090 1141
1483100 1140
1483110 1139
1483120 1139
1483130 1139
1483140 1138
1483150 1137
1483160 1137
1483170 1136
1483180 1134
1483190 1134
1483200 1133
1483210 1131
1483220 1131
1483230 1130
1483240 1128
1483250 1128
1483260 1127
1483270 1126
1483280 1126
1483290 1124
1483300 1123
1483310 1123
1483320 1122
1483330 1121
1483340 1121
1483350 1120
1483360 1120
1483370 1120
1483380 1121
1483390 1121
1483400 1121
1483410 1121
1483420 1121
1483430 1121
1483440 1121
1483450 1121
1483460 1121
1483470 1121
1483480 1121
1483490 1121
1483500 1121
1483510 1121
1483520 1122
1483530 1122
1483540 1122
1483550 1123
1483560 1123
1483570 1123
1483580 1124
1483590 1124
1483600 1125
1483610 1126
1483620 1126
1483630 1126
1483640 1126
1483650 1126
1483660 1127
1483670 1127
1483680 1127
1483690 1127
1483700 1127
1483710 1127
1483720 1127
1483730 1127
1483740 1126
1483750 1126
1483760 1125
1483770 1124
1483780 1124
1483790 1123
1483800 1121
1483810 1121
1483820 1120
1483830 1120
1483840 1120
1483850 1120
1483860 1120
1483870 1120
1483880 1122
1483890 1124
1483900 1124
1483910 1125
1483920 1126
1483930 1126
1483940 1127
1483950 1129
1483960 1130
1483970 1130
1483980 1132
1483990 1134
1484000 1134
1484010 1136
1484020 1138
1484030 1138
1484040 1138
1484050 1139
1484060 1139
1484070 1140
1484080 1137
1484090 1137
1484100 1139
1484110 1145
1484120 1145
1484130 1149
1484140 1152
1484150 1152
1484160 1154
1484170 1155
1484180 1155
1484190 1157
1484200 1158
1484210 1158
1484220 1161
1484230 1165
1484240 1168
1484250 1168
1484260 1171
1484270 1173
1484280 1173
1484290 1175
1484300 1176
1484310 1176
1484320 1177
1484330 1179
1484340 1179
1484350 1180
1484360 1181
1484370 1181
1484380 1182
1484390 1183
1484400 1183
1484410 1185
1484420 1188
1484430 1188
1484440 1191
1484450 1194
1484460 1194
1484470 1197
1484480 1201
1484490 1201
1484500 1205
1484510 1206
1484520 1209
1484530 1209
1484540 1212
1484550 1215
1484560 1215
1484570 1216
1484580 1218
1484590 1218
1484600 1220
1484610 1221
1484620 1221
1484630 1223
1484640 1225
1484650 1225
1484660 1229
1484670 1233
1484680 1233
1484690 1235
1484700 1237
1484710 1237
1484720 1240
1484730 1242
1484740 1242
1484750 1243
1484760 1245
1484770 1245
1484780 1247
1484790 1250
1484800 1253
1484810 1253
1484820 1256
1484830 1259
1484840 1259
1484850 1261
1484860 1263
1484870 1263
1484880 1263
1484890 1264
1484900 1264
1484910 1266
1484920 1268
1484930 1268
1484940 1270
1484950 1272
1484960 1272
1484970 1274
1484980 1276
1484990 1276
1485000 1277
1485010 1279
1485020 1279
1485030 1280
1485040 1280
1485050 1280
1485060 1282
1485070 1283
1485080 1285
1485090 1285
1485100 1286
1485110 1289
1485120 1289
1485130 1292
1485140 1293
1485150 1293
1485160 1294
1485170 1295
1485180 1295
1485190 1298
1485200 1299
1485210 1299
1485220 1300
1485230 1300
1485240 1300
1485250 1300
1485260 1301
1485270 1301
1485280 1301
1485290 1301
1485300 1301
1485310 1300
1485320 1300
1485330 1300
1485340 1303
1485350 1304
1485360 1304
1485370 1304
1485380 1303
1485390 1303
1485400 1303
1485410 1304
1485420 1305
1485430 1305
1485440 1305
1485450 1305
1485460 1305
1485470 1305
1485480 1304
1485490 1304
1485500 1305
1485510 1306
1485520 1306
1485530 1306
1485540 1306
1485550 1306
1485560 1305
1485570 1305
1485580 1305
1485590 1304
1485600 1304
1485610 1304
1485620 1304
1485630 1303
1485640 1303
1485650 1303
1485660 1302
1485670 1302
1485680 1302
1485690 1301
1485700 1301
1485710 1301
1485720 1300
1485730 1300
1485740 1300
1485750 1299
1485760 1299
1485770 1299
1485780 1299
1485790 1298
1485800 1298
1485810 1298
1485820 1297
1485830 1297
1485840 1297
1485850 1296
1485860 1296
1485870 1295
1485880 1293
1485890 1292
1485900 1292
1485910 1289
1485920 1285
1485930 1285
1485940 1282
1485950 1279
1485960 1279
1485970 1277
1485980 1276
1485990 1276
1486000 1275
1486010 1273
1486020 1273
1486030 1272
1486040 1270
1486050 1270
1486060 1267
1486070 1264
1486080 1264
1486090 1262
1486100 1260
1486110 1260
1486120 1254
1486130 1247
1486140 1247
1486150 1245
1486160 1249
1486170 1258
1486180 1258
1486190 1266
1486200 1272
1486210 1272
1486220 1276
1486230 1281
1486240 1281
1486250 1286
1486260 1291
1486270 1291
1486280 1294
1486290 1296
1486300 1296
1486310 1298
1486320 1300
1486330 1300
1486340 1302
1486350 1303
1486360 1303
1486370 1305
1486380 1305
1486390 1305
1486400 1301
1486410 1296
1486420 1296
1486430 1299
1486440 1306
1486450 1309
1486460 1309
1486470 1311
1486480 1314
1486490 1314
1486500 1316
1486510 1317
1486520 1317
1486530 1319
1486540 1321
1486550 1321
1486560 1323
1486570 1324
1486580 1324
1486590 1324
1486600 1322
1486610 1322
1486620 1322
1486630 1323
1486640 1323
1486650 1324
1486660 1324
1486670 1324
1486680 1325
1486690 1325
1486700 1325
1486710 1325
1486720 1326
1486730 1325
1486740 1325
1486750 1325
1486760 1325
1486770 1325
1486780 1326
1486790 1327
1486800 1327
1486810 1327
1486820 1327
1486830 1327
1486840 1327
1486850 1327
1486860 1327
1486870 1325
1486880 1323
1486890 1323
1486900 1323
1486910 1323
1486920 1323
1486930 1323
1486940 1321
1486950 1321
1486960 1318
1486970 1319
1486980 1319
1486990 1321
1487000 1322
1487010 1321
1487020 1321
1487030 1319
1487040 1319
1487050 1319
1487060 1319
1487070 1319
1487080 1319
1487090 1319
1487100 1319
1487110 1319
1487120 1319
1487130 1321
1487140 1321
1487150 1321
1487160 1321
1487170 1321
1487180 1318
1487190 1316
1487200 1316
1487210 1313
1487220 1311
1487230 1311
1487240 1309
1487250 1307
1487260 1307
1487270 1307
1487280 1308
1487290 1310
1487300 1310
1487310 1312
1487320 1313
1487330 1313
1487340 1313
1487350 1313
1487360 1313
1487370 1314
1487380 1315
1487390 1315
1487400 1315
1487410 1315
1487420 1315
1487430 1316
1487440 1315
1487450 1315
1487460 1314
1487470 1312
1487480 1312
1487490 1311
1487500 1310
1487510 1310
1487520 1311
1487530 1311
1487540 1311
1487550 1312
1487560 1312
1487570 1312
1487580 1312
1487590 1310
1487600 1306
1487610 1306
1487620 1303
1487630 1303
1487640 1303
1487650 1306
1487660 1306
1487670 1306
1487680 1305
1487690 1305
1487700 1305
1487710 1305
1487720 1307
1487730 1307
1487740 1310
1487750 1313
1487760 1313
1487770 1313
1487780 1313
1487790 1313
1487800 1313
1487810 1314
1487820 1314
1487830 1314
1487840 1315
1487850 1316
1487860 1316
1487870 1318
1487880 1319
1487890 1319
1487900 1320
1487910 1320
1487920 1320
1487930 1318
1487940 1316
1487950 1316
1487960 1316
1487970 1318
1487980 1318
1487990 1321
1488000 1322
1488010 1322
1488020 1322
1488030 1321
1488040 1321
1488050 1321
1488060 1321
1488070 1321
1488080 1320
1488090 1320
1488100 1320
1488110 1320
1488120 1321
1488130 1320
1488140 1320
1488150 1320
1488160 1319
1488170 1319
1488180 1317
1488190 1316
1488200 1316
1488210 1316
1488220 1315
1488230 1315
1488240 1314
1488250 1312
1488260 1312
1488270 1312
1488280 1310
1488290 1310
1488300 1308
1488310 1306
1488320 1306
1488330 1304
1488340 1302
1488350 1302
1488360 1300
1488370 1299
1488380 1299
1488390 1297
1488400 1296
1488410 1297
1488420 1297
1488430 1296
1488440 1295
1488450 1295
1488460 1294
1488470 1292
1488480 1292
1488490 1290
1488500 1288
1488510 1288
1488520 1286
1488530 1285
1488540 1285
1488550 1283
1488560 1281
1488570 1281
1488580 1278
1488590 1274
1488600 1274
1488610 1271
1488620 1268
1488630 1268
1488640 1265
1488650 1262
1488660 1262
1488670 1260
1488680 1257
1488690 1256
1488700 1256
1488710 1254
1488720 1252
1488730 1252
1488740 1250
1488750 1247
1488760 1247
1488770 1245
1488780 1243
1488790 1243
1488800 1241
1488810 1239
1488820 1239
1488830 1235
1488840 1231
1488850 1231
1488860 1228
1488870 1225
1488880 1225
1488890 1222
1488900 1219
1488910 1219
1488920 1216
1488930 1214
1488940 1214
1488950 1211
1488960 1208
1488970 1204
1488980 1204
1488990 1202
1489000 1199
1489010 1199
1489020 1197
1489030 1194
1489040 1194
1489050 1190
1489060 1186
1489070 1186
1489080 1183
1489090 1180
1489100 1180
1489110 1177
1489120 1174
1489130 1174
1489140 1170
1489150 1167
1489160 1167
1489170 1164
1489180 1161
1489190 1161
1489200 1157
1489210 1154
1489220 1154
1489230 1150
1489240 1146
1489250 1142
1489260 1142
1489270 1139
1489280 1136
1489290 1136
1489300 1133
1489310 1130
1489320 1130
1489330 1127
1489340 1124
1489350 1124
1489360 1121
1489370 1117
1489380 1117
1489390 1114
1489400 1110
1489410 1110
1489420 1106
1489430 1101
1489440 1101
1489450 1097
1489460 1093
1489470 1093
1489480 1088
1489490 1084
1489500 1084
1489510 1081
1489520 1082
1489530 1082
1489540 1082
1489550 1080
1489560 1078
1489570 1078
1489580 1074
1489590 1070
1489600 1070
1489610 1066
1489620 1062
1489630 1062
1489640 1058
1489650 1053
1489660 1053
1489670 1049
1489680 1045
1489690 1045
1489700 1042
1489710 1039
1489720 1039
1489730 1036
1489740 1033
1489750 1033
1489760 1031
1489770 1028
1489780 1028
1489790 1024
1489800 1021
1489810 1017
1489820 1017
1489830 1014
1489840 1012
1489850 1012
1489860 1009
1489870 1006
1489880 1006
1489890 1003
1489900 999
1489910 999
1489920 996
1489930 992
1489940 992
1489950 988
1489960 984
1489970 984
1489980 980
1489990 975
1490000 975
1490010 971
1490020 968
1490030 968
1490040 964
1490050 961
1490060 961
1490070 959
1490080 955
1490090 951
1490100 951
1490110 947
1490120 942
1490130 942
1490140 938
1490150 934
1490160 934
1490170 931
1490180 928
1490190 928
1490200 927
1490210 927
1490220 927
1490230 925
1490240 924
1490250 924
1490260 924
1490270 924
1490280 924
1490290 923
1490300 923
1490310 923
1490320 923
1490330 923
1490340 923
1490350 922
1490360 922
1490370 921
1490380 921
1490390 921
1490400 921
1490410 921
1490420 921
1490430 921
1490440 921
1490450 921
1490460 920
1490470 920
1490480 920
1490490 920
1490500 920
1490510 918
1490520 918
1490530 918
1490540 917
1490550 917
1490560 917
1490570 915
1490580 915
1490590 915
1490600 915
1490610 915
1490620 915
1490630 914
1490640 913
1490650 913
1490660 913
1490670 913
1490680 912
1490690 912
1490700 910
1490710 906
1490720 906
1490730 906
1490740 906
1490750 906
1490760 905
1490770 905
1490780 905
1490790 904
1490800 903
1490810 903
1490820 903
1490830 904
1490840 904
1490850 903
1490860 902
1490870 902
1490880 901
1490890 902
1490900 902
1490910 904
1490920 909
1490930 914
1490940 914
1490950 915
1490960 915
1490970 915
1490980 916
1490990 917
1491000 917
1491010 918
1491020 918
1491030 918
1491040 919
1491050 920
1491060 920
1491070 922
1491080 923
1491090 923
1491100 924
1491110 925
1491120 925
1491130 926
1491140 928
1491150 928
1491160 928
1491170 929
1491180 929
1491190 931
1491200 933
1491210 934
1491220 934
1491230 935
1491240 936
1491250 936
1491260 937
1491270 938
1491280 938
1491290 938
1491300 941
1491310 941
1491320 942
1491330 946
1491340 946
1491350 951
1491360 955
1491370 955
1491380 960
1491390 963
1491400 963
1491410 965
1491420 968
1491430 968
1491440 971
1491450 974
1491460 974
1491470 977
1491480 980
1491490 982
1491500 982
1491510 984
1491520 987
1491530 987
1491540 989
1491550 991
1491560 991
1491570 993
1491580 995
1491590 995
1491600 996
1491610 998
1491620 998
1491630 1000
1491640 1001
1491650 1001
1491660 1004
1491670 1007
1491680 1007
1491690 1009
1491700 1012
1491710 1012
1491720 1015
1491730 1022
1491740 1022
1491750 1024
1491760 1025
1491770 1028
1491780 1028
1491790 1031
1491800 1036
1491810 1036
1491820 1041
1491830 1045
1491840 1045
1491850 1049
1491860 1052
1491870 1052
1491880 1054
1491890 1056
1491900 1056
1491910 1058
1491920 1061
1491930 1061
1491940 1064
1491950 1068
1491960 1068
1491970 1071
1491980 1074
1491990 1074
1492000 1076
1492010 1077
1492020 1077
1492030 1078
1492040 1081
1492050 1084
1492060 1084
1492070 1088
1492080 1093
1492090 1093
1492100 1099
1492110 1102
1492120 1102
1492130 1106
1492140 1108
1492150 1108
1492160 1111
1492170 1117
1492180 1117
1492190 1120
1492200 1124
1492210 1124
1492220 1127
1492230 1132
1492240 1132
1492250 1135
1492260 1138
1492270 1138
1492280 1142
1492290 1145
1492300 1145
1492310 1148
1492320 1151
1492330 1153
1492340 1153
1492350 1155
1492360 1155
1492370 1155
1492380 1157
1492390 1159
1492400 1159
1492410 1161
1492420 1162
1492430 1162
1492440 1163
1492450 1164
1492460 1164
1492470 1166
1492480 1167
1492490 1167
1492500 1168
1492510 1170
1492520 1170
1492530 1171
1492540 1173
1492550 1173
1492560 1174
1492570 1175
1492580 1175
1492590 1176
1492600 1177
1492610 1178
1492620 1178
1492630 1180
1492640 1182
1492650 1182
1492660 1184
1492670 1187
1492680 1187
1492690 1190
1492700 1194
1492710 1194
1492720 1196
1492730 1198
1492740 1198
1492750 1201
1492760 1203
1492770 1203
1492780 1205
1492790 1207
1492800 1207
1492810 1210
1492820 1214
1492830 1214
1492840 1218
1492850 1222
1492860 1222
1492870 1223
1492880 1224
1492890 1225
1492900 1225
1492910 1225
1492920 1227
1492930 1227
1492940 1229
1492950 1231
1492960 1231
1492970 1233
1492980 1235
1492990 1235
1493000 1238
1493010 1240
1493020 1240
1493030 1243
1493040 1245
1493050 1245
1493060 1247
1493070 1249
1493080 1249
1493090 1251
1493100 1253
1493110 1253
1493120 1255
1493130 1258
1493140 1258
1493150 1260
1493160 1262
1493170 1264
1493180 1264
1493190 1267
1493200 1270
1493210 1270
1493220 1273
1493230 1275
1493240 1275
1493250 1278
1493260 1281
1493270 1281
1493280 1283
1493290 1286
1493300 1286
1493310 1288
1493320 1290
1493330 1290
1493340 1292
1493350 1294
1493360 1294
1493370 1295
1493380 1297
1493390 1297
1493400 1298
1493410 1298
1493420 1298
1493430 1299
1493440 1299
1493450 1299
1493460 1299
1493470 1298
1493480 1297
1493490 1297
1493500 1295
1493510 1294
1493520 1294
1493530 1290
1493540 1286
1493550 1286
1493560 1281
1493570 1276
1493580 1276
1493590 1272
1493600 1268
1493610 1268
1493620 1263
1493630 1260
1493640 1260
1493650 1256
1493660 1252
1493670 1252
1493680 1248
1493690 1244
1493700 1244
1493710 1240
1493720 1235
1493730 1230
1493740 1230
1493750 1225
1493760 1219
1493770 1219
1493780 1216
1493790 1220
1493800 1220
1493810 1223
1493820 1226
1493830 1226
1493840 1228
1493850 1230
1493860 1230
1493870 1232
1493880 1233
1493890 1233
1493900 1234
1493910 1235
1493920 1235
1493930 1236
1493940 1237
1493950 1237
1493960 1237
1493970 1237
1493980 1237
1493990 1237
1494000 1237
1494010 1237
1494020 1237
1494030 1238
1494040 1239
1494050 1239
1494060 1239
1494070 1239
1494080 1239
1494090 1239
1494100 1238
1494110 1238
1494120 1237
1494130 1236
1494140 1236
1494150 1235
1494160 1233
1494170 1233
1494180 1231
1494190 1231
1494200 1231
1494210 1230
1494220 1229
1494230 1229
1494240 1227
1494250 1224
1494260 1224
1494270 1221
1494280 1219
1494290 1216
1494300 1216
1494310 1214
1494320 1211
1494330 1211
1494340 1209
1494350 1207
1494360 1207
1494370 1205
1494380 1202
1494390 1202
1494400 1199
1494410 1194
1494420 1194
1494430 1191
1494440 1190
1494450 1190
1494460 1189
1494470 1186
1494480 1186
1494490 1183
1494500 1179
1494510 1179
1494520 1174
1494530 1169
1494540 1169
1494550 1164
1494560 1157
1494570 1153
1494580 1153
1494590 1150
1494600 1150
1494610 1150
1494620 1150
1494630 1150
1494640 1150
1494650 1149
1494660 1148
1494670 1148
1494680 1146
1494690 1143
1494700 1143
1494710 1139
1494720 1135
1494730 1135
1494740 1132
1494750 1131
1494760 1131
1494770 1129
1494780 1125
1494790 1125
1494800 1120
1494810 1117
1494820 1117
1494830 1116
1494840 1116
1494850 1115
1494860 1115
1494870 1115
1494880 1113
1494890 1113
1494900 1109
1494910 1105
1494920 1105
1494930 1100
1494940 1096
1494950 1096
1494960 1092
1494970 1087
1494980 1087
1494990 1082
1495000 1077
1495010 1077
1495020 1071
1495030 1065
1495040 1065
1495050 1059
1495060 1052
1495070 1052
1495080 1047
1495090 1043
1495100 1043
1495110 1042
1495120 1041
1495130 1037
1495140 1037
1495150 1032
1495160 1028
1495170 1028
1495180 1025
1495190 1024
1495200 1024
1495210 1022
1495220 1017
1495230 1017
1495240 1011
1495250 1006
1495260 1006
1495270 1001
1495280 995
1495290 995
1495300 991
1495310 987
1495320 987
1495330 982
1495340 978
1495350 978
1495360 976
1495370 974
1495380 974
1495390 971
1495400 970
1495410 969
1495420 969
1495430 969
1495440 971
1495450 971
1495460 972
1495470 972
1495480 972
1495490 976
1495500 983
1495510 983
1495520 991
1495530 999
1495540 999
1495550 1006
1495560 1010
1495570 1010
1495580 1015
1495590 1022
1495600 1022
1495610 1030
1495620 1036
1495630 1036
1495640 1043
1495650 1050
1495660 1050
1495670 1057
1495680 1064
1495690 1071
1495700 1071
1495710 1075
1495720 1079
1495730 1079
1495740 1080
1495750 1081
1495760 1081
1495770 1080
1495780 1078
1495790 1078
1495800 1075
1495810 1071
1495820 1071
1495830 1067
1495840 1057
1495850 1057
1495860 1056
1495870 1065
1495880 1065
1495890 1075
1495900 1075
1495910 1075
1495920 1073
1495930 1075
1495940 1075
1495950 1085
1495960 1094
1495970 1103
1495980 1103
1495990 1112
1496000 1120
1496010 1120
1496020 1128
1496030 1137
1496040 1137
1496050 1145
1496060 1153
1496070 1153
1496080 1160
1496090 1166
1496100 1166
1496110 1172
1496120 1178
1496130 1178
1496140 1184
1496150 1191
1496160 1191
1496170 1196
1496180 1201
1496190 1201
1496200 1206
1496210 1210
1496220 1210
1496230 1215
1496240 1218
1496250 1222
1496260 1222
1496270 1226
1496280 1230
1496290 1230
1496300 1235
1496310 1240
1496320 1240
1496330 1243
1496340 1246
1496350 1246
1496360 1248
1496370 1252
1496380 1252
1496390 1255
1496400 1259
1496410 1259
1496420 1262
1496430 1267
1496440 1267
1496450 1273
1496460 1278
1496470 1278
1496480 1282
1496490 1284
1496500 1284
1496510 1288
1496520 1292
1496530 1296
1496540 1296
1496550 1302
1496560 1306
1496570 1306
1496580 1311
1496590 1315
1496600 1315
1496610 1318
1496620 1322
1496630 1322
1496640 1325
1496650 1328
1496660 1328
1496670 1332
1496680 1335
1496690 1335
1496700 1336
1496710 1338
1496720 1338
1496730 1341
1496740 1344
1496750 1344
1496760 1349
1496770 1353
1496780 1353
1496790 1357
1496800 1361
1496810 1365
1496820 1365
1496830 1369
1496840 1372
1496850 1372
1496860 1376
1496870 1380
1496880 1380
1496890 1384
1496900 1388
1496910 1388
1496920 1389
1496930 1391
1496940 1391
1496950 1393
1496960 1396
1496970 1396
1496980 1398
1496990 1401
1497000 1401
1497010 1405
1497020 1409
1497030 1409
1497040 1414
1497050 1419
1497060 1419
1497070 1423
1497080 1427
1497090 1431
1497100 1431
1497110 1431
1497120 1437
1497130 1437
1497140 1442
1497150 1446
1497160 1446
1497170 1449
1497180 1453
1497190 1453
1497200 1457
1497210 1461
1497220 1461
1497230 1462
1497240 1465
1497250 1465
1497260 1473
1497270 1476
1497280 1476
1497290 1480
1497300 1484
1497310 1484
1497320 1486
1497330 1487
1497340 1487
1497350 1488
1497360 1489
1497370 1491
1497380 1491
1497390 1492
1497400 1494
1497410 1494
1497420 1496
1497430 1497
1497440 1497
1497450 1498
1497460 1499
1497470 1499
1497480 1501
1497490 1502
1497500 1502
1497510 1504
1497520 1507
1497530 1507
1497540 1510
1497550 1514
1497560 1514
1497570 1518
1497580 1522
1497590 1522
1497600 1526
1497610 1530
1497620 1530
1497630 1534
1497640 1538
1497650 1542
1497660 1542
1497670 1546
1497680 1550
1497690 1550
1497700 1555
1497710 1559
1497720 1559
1497730 1563
1497740 1566
1497750 1566
1497760 1569
1497770 1572
1497780 1572
1497790 1575
1497800 1577
1497810 1577
1497820 1579
1497830 1582
1497840 1582
1497850 1583
1497860 1585
1497870 1585
1497880 1587
1497890 1589
1497900 1589
1497910 1591
1497920 1594
1497930 1596
1497940 1596
1497950 1599
1497960 1600
1497970 1600
1497980 1602
1497990 1603
1498000 1603
1498010 1604
1498020 1604
1498030 1604
1498040 1606
1498050 1608
1498060 1608
1498070 1610
1498080 1613
1498090 1613
1498100 1615
1498110 1618
1498120 1618
1498130 1621
1498140 1624
1498150 1624
1498160 1627
1498170 1631
1498180 1631
1498190 1635
1498200 1640
1498210 1645
1498220 1645
1498230 1649
1498240 1653
1498250 1653
1498260 1657
1498270 1661
1498280 1661
1498290 1665
1498300 1668
1498310 1668
1498320 1673
1498330 1676
1498340 1676
1498350 1679
1498360 1682
1498370 1682
1498380 1683
1498390 1683
1498400 1683
1498410 1681
1498420 1679
1498430 1679
1498440 1676
1498450 1671
1498460 1671
1498470 1665
1498480 1659
1498490 1655
1498500 1655
1498510 1651
1498520 1648
1498530 1648
1498540 1645
1498550 1643
1498560 1643
1498570 1641
1498580 1638
1498590 1638
1498600 1636
1498610 1636
1498620 1636
1498630 1634
1498640 1632
1498650 1632
1498660 1629
1498670 1627
1498680 1627
1498690 1625
1498700 1623
1498710 1623
1498720 1620
1498730 1618
1498740 1618
1498750 1615
1498760 1612
1498770 1608
1498780 1608
1498790 1605
1498800 1602
1498810 1602
1498820 1599
1498830 1595
1498840 1595
1498850 1591
1498860 1587
1498870 1587
1498880 1585
1498890 1584
1498900 1584
1498910 1583
1498920 1582
1498930 1582
1498940 1581
1498950 1581
1498960 1581
1498970 1580
1498980 1578
1498990 1578
1499000 1577
1499010 1576
1499020 1576
1499030 1575
1499040 1573
1499050 1571
1499060 1571
1499070 1570
1499080 1569
1499090 1569
1499100 1568
1499110 1567
1499120 1567
1499130 1566
1499140 1566
1499150 1566
1499160 1565
1499170 1564
1499180 1564
1499190 1561
1499200 1564
1499210 1564
1499220 1565
1499230 1564
1499240 1564
1499250 1564
1499260 1565
1499270 1565
1499280 1565
1499290 1564
1499300 1564
1499310 1563
1499320 1563
1499330 1564
1499340 1564
1499350 1567
1499360 1571
1499370 1571
1499380 1574
1499390 1577
1499400 1577
1499410 1581
1499420 1584
1499430 1584
1499440 1587
1499450 1589
1499460 1589
1499470 1590
1499480 1590
1499490 1590
1499500 1592
1499510 1593
1499520 1593
1499530 1595
1499540 1598
1499550 1598
1499560 1598
1499570 1599
1499580 1599
1499590 1600
1499600 1600
1499610 1600
1499620 1600
1499630 1598
1499640 1596
1499650 1596
1499660 1595
1499670 1594
1499680 1594
1499690 1593
1499700 1593
1499710 1593
1499720 1591
1499730 1588
1499740 1588
1499750 1586
1499760 1584
1499770 1584
1499780 1582
1499790 1581
1499800 1581
1499810 1579
1499820 1577
1499830 1577
1499840 1574
1499850 1571
1499860 1571
1499870 1568
1499880 1565
1499890 1562
1499900 1562
1499910 1558
1499920 1555
1499930 1555
1499940 1552
1499950 1547
1499960 1547
1499970 1543
1499980 1540
1499990 1540
