1480000 1068
1480010 1070
1480020 1070
1480030 1072
1480040 1073
1480050 1073
1480060 1074
1480070 1075
1480080 1075
1480090 1072
1480100 1073
1480110 1073
1480120 1074
1480130 1074
1480140 1074
1480150 1075
1480160 1074
1480170 1074
1480180 1078
1480190 1083
1480200 1083
1480210 1086
1480220 1090
1480230 1090
1480240 1094
1480250 1097
1480260 1099
1480270 1099
1480280 1100
1480290 1100
1480300 1100
1480310 1099
1480320 1098
1480330 1098
1480340 1100
1480350 1102
1480360 1102
1480370 1104
1480380 1106
1480390 1106
1480400 1106
1480410 1107
1480420 1107
1480430 1106
1480440 1102
1480450 1102
1480460 1097
1480470 1102
1480480 1102
1480490 1104
1480500 1105
1480510 1105
1480520 1112
1480530 1119
1480540 1120
1480550 1120
1480560 1122
1480570 1123
1480580 1123
1480590 1124
1480600 1128
1480610 1128
1480620 1132
1480630 1134
1480640 1134
1480650 1138
1480660 1142
1480670 1142
1480680 1141
1480690 1142
1480700 1142
1480710 1145
1480720 1148
1480730 1148
1480740 1150
1480750 1151
1480760 1151
1480770 1152
1480780 1154
1480790 1154
1480800 1156
1480810 1158
1480820 1159
1480830 1159
1480840 1160
1480850 1161
1480860 1161
1480870 1161
1480880 1162
1480890 1162
1480900 1163
1480910 1164
1480920 1164
1480930 1165
1480940 1166
1480950 1166
1480960 1166
1480970 1167
1480980 1167
1480990 1167
1481000 1167
1481010 1167
1481020 1166
1481030 1165
1481040 1165
1481050 1163
1481060 1162
1481070 1162
1481080 1160
1481090 1157
1481100 1157
1481110 1155
1481120 1153
1481130 1151
1481140 1151
1481150 1148
1481160 1146
1481170 1146
1481180 1146
1481190 1146
1481200 1146
1481210 1144
1481220 1143
1481230 1143
1481240 1142
1481250 1141
1481260 1141
1481270 1140
1481280 1138
1481290 1138
1481300 1135
1481310 1132
1481320 1132
1481330 1129
1481340 1128
1481350 1128
1481360 1127
1481370 1126
1481380 1126
1481390 1126
1481400 1125
1481410 1124
1481420 1124
1481430 1122
1481440 1120
1481450 1120
1481460 1118
1481470 1116
1481480 1116
1481490 1113
1481500 1109
1481510 1109
1481520 1105
1481530 1101
1481540 1101
1481550 1095
1481560 1088
1481570 1088
1481580 1088
1481590 1087
1481600 1087
1481610 1086
1481620 1086
1481630 1086
1481640 1084
1481650 1082
1481660 1082
1481670 1080
1481680 1078
1481690 1077
1481700 1077
1481710 1075
1481720 1074
1481730 1074
1481740 1072
1481750 1069
1481760 1069
1481770 1067
1481780 1065
1481790 1065
1481800 1063
1481810 1061
1481820 1061
1481830 1059
1481840 1056
1481850 1056
1481860 1054
1481870 1052
1481880 1052
1481890 1049
1481900 1045
1481910 1045
1481920 1043
1481930 1041
1481940 1041
1481950 1041
1481960 1043
1481970 1039
1481980 1039
1481990 1032
1482000 1027
1482010 1027
1482020 1025
1482030 1023
1482040 1023
1482050 1020
1482060 1018
1482070 1018
1482080 1014
1482090 1009
1482100 1009
1482110 1005
1482120 1000
1482130 1000
1482140 996
1482150 993
1482160 993
1482170 988
1482180 983
1482190 983
1482200 982
1482210 984
1482220 984
1482230 985
1482240 986
1482250 987
1482260 987
1482270 987
1482280 989
1482290 989
1482300 991
1482310 994
1482320 994
1482330 996
1482340 993
1482350 993
1482360 987
1482370 984
1482380 984
1482390 981
1482400 979
1482410 979
1482420 978
1482430 977
1482440 977
1482450 977
1482460 980
1482470 980
1482480 983
1482490 984
1482500 984
1482510 982
1482520 981
1482530 981
1482540 981
1482550 981
1482560 981
1482570 981
1482580 981
1482590 980
1482600 980
1482610 978
1482620 976
1482630 976
1482640 973
1482650 971
1482660 971
1482670 969
1482680 968
1482690 968
1482700 968
1482710 968
1482720 968
1482730 967
1482740 966
1482750 966
1482760 964
1482770 963
1482780 963
1482790 962
1482800 961
1482810 959
1482820 959
1482830 959
1482840 957
1482850 957
1482860 955
1482870 953
1482880 953
1482890 951
1482900 950
1482910 950
1482920 949
1482930 949
1482940 949
1482950 949
1482960 948
1482970 948
1482980 948
1482990 948
1483000 948
1483010 949
1483020 950
1483030 950
1483040 951
1483050 951
1483060 951
1483070 952
1483080 952
1483090 952
1483100 952
1483110 952
1483120 952
1483130 952
1483140 953
1483150 953
1483160 953
1483170 954
1483180 955
1483190 955
1483200 956
1483210 956
1483220 956
1483230 956
1483240 957
1483250 957
1483260 958
1483270 958
1483280 958
1483290 957
1483300 957
1483310 957
1483320 956
1483330 956
1483340 956
1483350 955
1483360 955
1483370 955
1483380 955
1483390 955
1483400 955
1483410 955
1483420 955
1483430 955
1483440 955
1483450 954
1483460 954
1483470 954
1483480 954
1483490 954
1483500 954
1483510 954
1483520 953
1483530 953
1483540 953
1483550 953
1483560 953
1483570 953
1483580 953
1483590 953
1483600 953
1483610 953
1483620 953
1483630 952
1483640 952
1483650 952
1483660 952
1483670 951
1483680 951
1483690 951
1483700 951
1483710 951
1483720 951
1483730 951
1483740 952
1483750 952
1483760 951
1483770 951
1483780 951
1483790 950
1483800 950
1483810 950
1483820 949
1483830 949
1483840 949
1483850 949
1483860 948
1483870 948
1483880 948
1483890 948
1483900 948
1483910 947
1483920 947
1483930 947
1483940 947
1483950 947
1483960 947
1483970 947
1483980 948
1483990 947
1484000 947
1484010 946
1484020 946
1484030 946
1484040 947
1484050 947
1484060 947
1484070 948
1484080 948
1484090 948
1484100 949
1484110 950
1484120 950
1484130 950
1484140 949
1484150 949
1484160 949
1484170 949
1484180 949
1484190 949
1484200 948
1484210 948
1484220 948
1484230 947
1484240 947
1484250 947
1484260 946
1484270 946
1484280 946
1484290 945
1484300 944
1484310 944
1484320 944
1484330 944
1484340 944
1484350 945
1484360 947
1484370 947
1484380 949
1484390 952
1484400 952
1484410 955
1484420 958
1484430 958
1484440 960
1484450 962
1484460 962
1484470 962
1484480 963
1484490 963
1484500 966
1484510 966
1484520 967
1484530 967
1484540 968
1484550 970
1484560 970
1484570 972
1484580 974
1484590 974
1484600 974
1484610 972
1484620 972
1484630 973
1484640 977
1484650 977
1484660 979
1484670 981
1484680 981
1484690 982
1484700 983
1484710 983
1484720 983
1484730 983
1484740 983
1484750 986
1484760 986
1484770 986
1484780 987
1484790 990
1484800 992
1484810 992
1484820 992
1484830 994
1484840 994
1484850 996
1484860 996
1484870 996
1484880 997
1484890 997
1484900 997
1484910 998
1484920 998
1484930 998
1484940 998
1484950 1000
1484960 1000
1484970 1000
1484980 1000
1484990 1000
1485000 1000
1485010 1000
1485020 1000
1485030 1002
1485040 1003
1485050 1003
1485060 1004
1485070 1005
1485080 1005
1485090 1005
1485100 1007
1485110 1007
1485120 1007
1485130 1008
1485140 1008
1485150 1008
1485160 1007
1485170 1006
1485180 1006
1485190 1010
1485200 1013
1485210 1013
1485220 1014
1485230 1014
1485240 1014
1485250 1015
1485260 1016
1485270 1016
1485280 1017
1485290 1018
1485300 1018
1485310 1019
1485320 1020
1485330 1020
1485340 1021
1485350 1023
1485360 1025
1485370 1025
1485380 1025
1485390 1025
1485400 1025
1485410 1026
1485420 1026
1485430 1026
1485440 1026
1485450 1026
1485460 1026
1485470 1025
1485480 1024
1485490 1024
1485500 1024
1485510 1025
1485520 1025
1485530 1026
1485540 1025
1485550 1025
1485560 1023
1485570 1021
1485580 1021
1485590 1019
1485600 1016
1485610 1016
1485620 1014
1485630 1012
1485640 1009
1485650 1009
1485660 1005
1485670 998
1485680 998
1485690 991
1485700 984
1485710 984
1485720 976
1485730 967
1485740 967
1485750 959
1485760 958
1485770 958
1485780 969
1485790 980
1485800 980
1485810 980
1485820 976
1485830 976
1485840 973
1485850 969
1485860 969
1485870 963
1485880 960
1485890 960
1485900 964
1485910 969
1485920 976
1485930 976
1485940 985
1485950 992
1485960 992
1485970 996
1485980 998
1485990 998
1486000 997
1486010 996
1486020 996
1486030 996
1486040 998
1486050 998
1486060 1000
1486070 998
1486080 998
1486090 997
1486100 1000
1486110 1000
1486120 1003
1486130 1005
1486140 1005
1486150 1007
1486160 1007
1486170 1007
1486180 1006
1486190 1005
1486200 1010
1486210 1010
1486220 1015
1486230 1015
1486240 1015
1486250 1011
1486260 1010
1486270 1010
1486280 1016
1486290 1020
1486300 1020
1486310 1025
1486320 1028
1486330 1028
1486340 1030
1486350 1032
1486360 1032
1486370 1033
1486380 1034
1486390 1034
1486400 1035
1486410 1035
1486420 1035
1486430 1034
1486440 1029
1486450 1029
1486460 1021
1486470 1019
1486480 1022
1486490 1022
1486500 1029
1486510 1030
1486520 1030
1486530 1030
1486540 1029
1486550 1029
1486560 1028
1486570 1028
1486580 1028
1486590 1027
1486600 1026
1486610 1026
1486620 1025
1486630 1024
1486640 1024
1486650 1024
1486660 1022
1486670 1022
1486680 1022
1486690 1024
1486700 1024
1486710 1025
1486720 1026
1486730 1026
1486740 1027
1486750 1028
1486760 1030
1486770 1030
1486780 1031
1486790 1034
1486800 1034
1486810 1036
1486820 1037
1486830 1037
1486840 1038
1486850 1039
1486860 1039
1486870 1040
1486880 1041
1486890 1041
1486900 1042
1486910 1042
1486920 1042
1486930 1042
1486940 1042
1486950 1042
1486960 1042
1486970 1042
1486980 1042
1486990 1043
1487000 1043
1487010 1043
1487020 1042
1487030 1041
1487040 1040
1487050 1040
1487060 1038
1487070 1035
1487080 1035
1487090 1029
1487100 1023
1487110 1023
1487120 1017
1487130 1010
1487140 1010
1487150 1002
1487160 993
1487170 993
1487180 989
1487190 993
1487200 993
1487210 999
1487220 996
1487230 996
1487240 999
1487250 1007
1487260 1007
1487270 1019
1487280 1029
1487290 1029
1487300 1037
1487310 1039
1487320 1039
1487330 1039
1487340 1039
1487350 1039
1487360 1039
1487370 1039
1487380 1039
1487390 1039
1487400 1039
1487410 1040
1487420 1040
1487430 1040
1487440 1039
1487450 1039
1487460 1037
1487470 1036
1487480 1036
1487490 1035
1487500 1034
1487510 1034
1487520 1031
1487530 1028
1487540 1028
1487550 1027
1487560 1027
1487570 1027
1487580 1026
1487590 1027
1487600 1027
1487610 1027
1487620 1029
1487630 1033
1487640 1033
1487650 1037
1487660 1040
1487670 1040
1487680 1040
1487690 1038
1487700 1038
1487710 1036
1487720 1033
1487730 1033
1487740 1029
1487750 1027
1487760 1027
1487770 1029
1487780 1031
1487790 1031
1487800 1031
1487810 1031
1487820 1031
1487830 1031
1487840 1030
1487850 1030
1487860 1026
1487870 1021
1487880 1021
1487890 1019
1487900 1016
1487910 1013
1487920 1013
1487930 1010
1487940 1007
1487950 1007
1487960 1004
1487970 1002
1487980 1002
1487990 1000
1488000 996
1488010 996
1488020 994
1488030 991
1488040 991
1488050 987
1488060 985
1488070 985
1488080 989
1488090 990
1488100 990
1488110 989
1488120 989
1488130 989
1488140 991
1488150 993
1488160 993
1488170 994
1488180 996
1488190 999
1488200 999
1488210 1002
1488220 1006
1488230 1006
1488240 1009
1488250 1010
1488260 1010
1488270 1012
1488280 1015
1488290 1015
1488300 1018
1488310 1021
1488320 1021
1488330 1025
1488340 1029
1488350 1029
1488360 1033
1488370 1037
1488380 1037
1488390 1041
1488400 1045
1488410 1045
1488420 1048
1488430 1051
1488440 1051
1488450 1054
1488460 1055
1488470 1057
1488480 1057
1488490 1058
1488500 1059
1488510 1059
1488520 1059
1488530 1060
1488540 1060
1488550 1060
1488560 1059
1488570 1059
1488580 1058
1488590 1057
1488600 1057
1488610 1056
1488620 1056
1488630 1056
1488640 1057
1488650 1058
1488660 1058
1488670 1059
1488680 1060
1488690 1060
1488700 1061
1488710 1060
1488720 1060
1488730 1060
1488740 1059
1488750 1058
1488760 1058
1488770 1057
1488780 1055
1488790 1055
1488800 1053
1488810 1051
1488820 1051
1488830 1049
1488840 1048
1488850 1048
1488860 1047
1488870 1044
1488880 1044
1488890 1041
1488900 1038
1488910 1038
1488920 1036
1488930 1033
1488940 1033
1488950 1031
1488960 1028
1488970 1028
1488980 1026
1488990 1024
1489000 1024
1489010 1022
1489020 1019
1489030 1017
1489040 1017
1489050 1015
1489060 1013
1489070 1013
1489080 1014
1489090 1014
1489100 1014
1489110 1011
1489120 1009
1489130 1009
1489140 1006
1489150 1004
1489160 1004
1489170 1004
1489180 1004
1489190 1004
1489200 1004
1489210 1004
1489220 1004
1489230 1004
1489240 1004
1489250 1004
1489260 1005
1489270 1005
1489280 1005
1489290 1004
1489300 1003
1489310 1001
1489320 1001
1489330 998
1489340 995
1489350 995
1489360 996
1489370 994
1489380 994
1489390 992
1489400 991
1489410 991
1489420 989
1489430 988
1489440 988
1489450 986
1489460 984
1489470 984
1489480 982
1489490 980
1489500 980
1489510 977
1489520 975
1489530 975
1489540 972
1489550 971
1489560 971
1489570 969
1489580 966
1489590 964
1489600 964
1489610 962
1489620 959
1489630 959
1489640 957
1489650 954
1489660 954
1489670 952
1489680 949
1489690 949
1489700 947
1489710 944
1489720 944
1489730 941
1489740 939
1489750 939
1489760 936
1489770 933
1489780 933
1489790 930
1489800 927
1489810 927
1489820 924
1489830 921
1489840 921
1489850 919
1489860 916
1489870 913
1489880 913
1489890 909
1489900 905
1489910 905
1489920 901
1489930 897
1489940 897
1489950 894
1489960 893
1489970 893
1489980 890
1489990 889
1490000 889
1490010 888
1490020 888
1490030 888
1490040 888
1490050 888
1490060 888
1490070 888
1490080 888
1490090 888
1490100 888
1490110 888
1490120 888
1490130 888
1490140 888
1490150 889
1490160 889
1490170 889
1490180 889
1490190 889
1490200 888
1490210 888
1490220 888
1490230 888
1490240 888
1490250 888
1490260 888
1490270 888
1490280 888
1490290 888
1490300 888
1490310 888
1490320 888
1490330 888
1490340 888
1490350 888
1490360 888
1490370 888
1490380 888
1490390 888
1490400 888
1490410 888
1490420 888
1490430 888
1490440 888
1490450 888
1490460 888
1490470 888
1490480 888
1490490 888
1490500 888
1490510 888
1490520 888
1490530 888
1490540 888
1490550 888
1490560 888
1490570 888
1490580 888
1490590 888
1490600 888
1490610 888
1490620 888
1490630 889
1490640 889
1490650 889
1490660 889
1490670 889
1490680 889
1490690 889
1490700 889
1490710 889
1490720 889
1490730 888
1490740 888
1490750 888
1490760 888
1490770 888
1490780 888
1490790 888
1490800 888
1490810 888
1490820 889
1490830 889
1490840 889
1490850 889
1490860 888
1490870 888
1490880 888
1490890 888
1490900 888
1490910 888
1490920 888
1490930 888
1490940 887
1490950 888
1490960 888
1490970 888
1490980 888
1490990 888
1491000 888
1491010 888
1491020 888
1491030 888
1491040 888
1491050 888
1491060 888
1491070 888
1491080 888
1491090 888
1491100 888
1491110 888
1491120 888
1491130 888
1491140 888
1491150 888
1491160 888
1491170 888
1491180 888
1491190 888
1491200 887
1491210 887
1491220 888
1491230 889
1491240 889
1491250 890
1491260 891
1491270 893
1491280 893
1491290 896
1491300 899
1491310 899
1491320 900
1491330 903
1491340 903
1491350 908
1491360 908
1491370 908
1491380 911
1491390 912
1491400 912
1491410 913
1491420 917
1491430 917
1491440 921
1491450 923
1491460 923
1491470 925
1491480 928
1491490 928
1491500 930
1491510 932
1491520 932
1491530 934
1491540 936
1491550 936
1491560 939
1491570 941
1491580 947
1491590 947
1491600 951
1491610 954
1491620 954
1491630 957
1491640 960
1491650 960
1491660 962
1491670 964
1491680 964
1491690 967
1491700 972
1491710 972
1491720 974
1491730 978
1491740 978
1491750 984
1491760 992
1491770 992
1491780 998
1491790 1003
1491800 1003
1491810 1006
1491820 1008
1491830 1008
1491840 1012
1491850 1018
1491860 1023
1491870 1023
1491880 1026
1491890 1029
1491900 1029
1491910 1032
1491920 1036
1491930 1036
1491940 1038
1491950 1040
1491960 1040
1491970 1043
1491980 1045
1491990 1045
1492000 1047
1492010 1049
1492020 1049
1492030 1052
1492040 1055
1492050 1055
1492060 1057
1492070 1059
1492080 1059
1492090 1062
1492100 1064
1492110 1064
1492120 1068
1492130 1072
1492140 1077
1492150 1077
1492160 1081
1492170 1084
1492180 1084
1492190 1086
1492200 1089
1492210 1089
1492220 1091
1492230 1093
1492240 1093
1492250 1095
1492260 1098
1492270 1098
1492280 1101
1492290 1103
1492300 1103
1492310 1107
1492320 1110
1492330 1110
1492340 1113
1492350 1115
1492360 1115
1492370 1118
1492380 1120
1492390 1120
1492400 1122
1492410 1124
1492420 1127
1492430 1127
1492440 1128
1492450 1131
1492460 1131
1492470 1133
1492480 1135
1492490 1135
1492500 1137
1492510 1140
1492520 1140
1492530 1144
1492540 1148
1492550 1148
1492560 1153
1492570 1156
1492580 1156
1492590 1159
1492600 1162
1492610 1162
1492620 1165
1492630 1168
1492640 1168
1492650 1173
1492660 1178
1492670 1178
1492680 1183
1492690 1188
1492700 1193
1492710 1193
1492720 1196
1492730 1197
1492740 1197
1492750 1200
1492760 1202
1492770 1202
1492780 1204
1492790 1206
1492800 1206
1492810 1208
1492820 1210
1492830 1210
1492840 1212
1492850 1213
1492860 1213
1492870 1214
1492880 1214
1492890 1214
1492900 1215
1492910 1216
1492920 1216
1492930 1216
1492940 1215
1492950 1215
1492960 1213
1492970 1212
1492980 1210
1492990 1210
1493000 1209
1493010 1207
1493020 1207
1493030 1206
1493040 1204
1493050 1204
1493060 1201
1493070 1195
1493080 1195
1493090 1190
1493100 1186
1493110 1186
1493120 1183
1493130 1180
1493140 1180
1493150 1178
1493160 1177
1493170 1177
1493180 1174
1493190 1172
1493200 1172
1493210 1169
1493220 1166
1493230 1166
1493240 1164
1493250 1162
1493260 1160
1493270 1160
1493280 1159
1493290 1156
1493300 1156
1493310 1152
1493320 1150
1493330 1150
1493340 1148
1493350 1144
1493360 1144
1493370 1143
1493380 1141
1493390 1141
1493400 1140
1493410 1139
1493420 1139
1493430 1138
1493440 1136
1493450 1136
1493460 1134
1493470 1132
1493480 1132
1493490 1129
1493500 1128
1493510 1128
1493520 1126
1493530 1124
1493540 1122
1493550 1122
1493560 1120
1493570 1118
1493580 1118
1493590 1115
1493600 1113
1493610 1113
1493620 1110
1493630 1109
1493640 1109
1493650 1108
1493660 1105
1493670 1105
1493680 1102
1493690 1099
1493700 1099
1493710 1097
1493720 1095
1493730 1095
1493740 1092
1493750 1091
1493760 1091
1493770 1089
1493780 1087
1493790 1087
1493800 1085
1493810 1083
1493820 1082
1493830 1082
1493840 1080
1493850 1078
1493860 1078
1493870 1076
1493880 1074
1493890 1074
1493900 1070
1493910 1065
1493920 1065
1493930 1064
1493940 1063
1493950 1063
1493960 1061
1493970 1058
1493980 1058
1493990 1055
1494000 1053
1494010 1053
1494020 1050
1494030 1048
1494040 1048
1494050 1044
1494060 1041
1494070 1041
1494080 1036
1494090 1032
1494100 1028
1494110 1028
1494120 1025
1494130 1021
1494140 1021
1494150 1016
1494160 1012
1494170 1012
1494180 1008
1494190 1003
1494200 1003
1494210 998
1494220 994
1494230 994
1494240 989
1494250 985
1494260 985
1494270 982
1494280 978
1494290 978
1494300 976
1494310 974
1494320 974
1494330 972
1494340 969
1494350 969
1494360 966
1494370 963
1494380 961
1494390 961
1494400 959
1494410 956
1494420 956
1494430 953
1494440 951
1494450 951
1494460 949
1494470 946
1494480 946
1494490 945
1494500 943
1494510 943
1494520 943
1494530 942
1494540 942
1494550 941
1494560 940
1494570 940
1494580 939
1494590 937
1494600 937
1494610 936
1494620 935
1494630 935
1494640 933
1494650 932
1494660 932
1494670 932
1494680 932
1494690 933
1494700 933
1494710 930
1494720 923
1494730 923
1494740 916
1494750 910
1494760 910
1494770 907
1494780 906
1494790 906
1494800 907
1494810 907
1494820 907
1494830 909
1494840 910
1494850 910
1494860 910
1494870 914
1494880 914
1494890 919
1494900 924
1494910 924
1494920 928
1494930 933
1494940 933
1494950 940
1494960 947
1494970 953
1494980 953
1494990 958
1495000 962
1495010 962
1495020 967
1495030 973
1495040 973
1495050 980
1495060 989
1495070 989
1495080 996
1495090 1003
1495100 1003
1495110 1010
1495120 1016
1495130 1016
1495140 1021
1495150 1027
1495160 1027
1495170 1033
1495180 1039
1495190 1039
1495200 1046
1495210 1052
1495220 1052
1495230 1055
1495240 1060
1495250 1065
1495260 1065
1495270 1070
1495280 1075
1495290 1075
1495300 1080
1495310 1085
1495320 1085
1495330 1090
1495340 1096
1495350 1096
1495360 1101
1495370 1106
1495380 1106
1495390 1110
1495400 1116
1495410 1116
1495420 1121
1495430 1127
1495440 1127
1495450 1132
1495460 1136
1495470 1136
1495480 1141
1495490 1146
1495500 1146
1495510 1151
1495520 1158
1495530 1164
1495540 1164
1495550 1171
1495560 1174
1495570 1174
1495580 1177
1495590 1182
1495600 1182
1495610 1186
1495620 1189
1495630 1189
1495640 1193
1495650 1197
1495660 1197
1495670 1201
1495680 1205
1495690 1205
1495700 1209
1495710 1211
1495720 1211
1495730 1213
1495740 1217
1495750 1217
1495760 1222
1495770 1224
1495780 1224
1495790 1225
1495800 1226
1495810 1228
1495820 1228
1495830 1228
1495840 1229
1495850 1229
1495860 1231
1495870 1233
1495880 1233
1495890 1235
1495900 1238
1495910 1238
1495920 1241
1495930 1244
1495940 1244
1495950 1247
1495960 1249
1495970 1249
1495980 1251
1495990 1252
1496000 1252
1496010 1253
1496020 1256
1496030 1256
1496040 1259
1496050 1262
1496060 1262
1496070 1265
1496080 1268
1496090 1270
1496100 1270
1496110 1273
1496120 1275
1496130 1275
1496140 1278
1496150 1280
1496160 1280
1496170 1282
1496180 1285
1496190 1285
1496200 1288
1496210 1290
1496220 1290
1496230 1294
1496240 1295
1496250 1295
1496260 1300
1496270 1303
1496280 1303
1496290 1306
1496300 1309
1496310 1309
1496320 1313
1496330 1316
1496340 1316
1496350 1320
1496360 1324
1496370 1329
1496380 1329
1496390 1332
1496400 1336
1496410 1336
1496420 1339
1496430 1342
1496440 1342
1496450 1345
1496460 1347
1496470 1347
1496480 1349
1496490 1350
1496500 1350
1496510 1352
1496520 1355
1496530 1355
1496540 1358
1496550 1360
1496560 1360
1496570 1365
1496580 1370
1496590 1370
1496600 1374
1496610 1376
1496620 1376
1496630 1378
1496640 1379
1496650 1381
1496660 1381
1496670 1383
1496680 1384
1496690 1384
1496700 1387
1496710 1387
1496720 1387
1496730 1387
1496740 1391
1496750 1391
1496760 1392
1496770 1394
1496780 1394
1496790 1396
1496800 1398
1496810 1398
1496820 1400
1496830 1402
1496840 1402
1496850 1404
1496860 1406
1496870 1406
1496880 1407
1496890 1408
1496900 1408
1496910 1411
1496920 1413
1496930 1415
1496940 1415
1496950 1417
1496960 1419
1496970 1419
1496980 1422
1496990 1425
1497000 1425
1497010 1428
1497020 1430
1497030 1430
1497040 1433
1497050 1436
1497060 1436
1497070 1440
1497080 1444
1497090 1444
1497100 1449
1497110 1454
1497120 1454
1497130 1457
1497140 1461
1497150 1461
1497160 1464
1497170 1467
1497180 1467
1497190 1469
1497200 1472
1497210 1474
1497220 1474
1497230 1476
1497240 1478
1497250 1478
1497260 1483
1497270 1488
1497280 1488
1497290 1491
1497300 1492
1497310 1492
1497320 1493
1497330 1494
1497340 1494
1497350 1499
1497360 1506
1497370 1506
1497380 1511
1497390 1515
1497400 1515
1497410 1517
1497420 1518
1497430 1518
1497440 1519
1497450 1520
1497460 1520
1497470 1520
1497480 1521
1497490 1523
1497500 1523
1497510 1521
1497520 1521
1497530 1521
1497540 1520
1497550 1520
1497560 1520
1497570 1520
1497580 1520
1497590 1520
1497600 1520
1497610 1520
1497620 1520
1497630 1521
1497640 1522
1497650 1522
1497660 1523
1497670 1523
1497680 1523
1497690 1523
1497700 1521
1497710 1521
1497720 1518
1497730 1516
1497740 1516
1497750 1515
1497760 1515
1497770 1515
1497780 1515
1497790 1513
1497800 1511
1497810 1511
1497820 1509
1497830 1510
1497840 1510
1497850 1512
1497860 1513
1497870 1513
1497880 1513
1497890 1511
1497900 1511
1497910 1510
1497920 1510
1497930 1510
1497940 1510
1497950 1508
1497960 1508
1497970 1506
1497980 1503
1497990 1503
1498000 1499
1498010 1497
1498020 1497
1498030 1495
1498040 1493
1498050 1491
1498060 1491
1498070 1490
1498080 1488
1498090 1488
1498100 1487
1498110 1486
1498120 1486
1498130 1485
1498140 1483
1498150 1483
1498160 1481
1498170 1477
1498180 1477
1498190 1476
1498200 1477
1498210 1477
1498220 1476
1498230 1475
1498240 1475
1498250 1474
1498260 1473
1498270 1473
1498280 1472
1498290 1471
1498300 1471
1498310 1470
1498320 1469
1498330 1469
1498340 1468
1498350 1466
1498360 1465
1498370 1465
1498380 1464
1498390 1465
1498400 1465
1498410 1464
1498420 1462
1498430 1462
1498440 1461
1498450 1457
1498460 1457
1498470 1453
1498480 1451
1498490 1451
1498500 1451
1498510 1451
1498520 1451
1498530 1451
1498540 1452
1498550 1452
1498560 1451
1498570 1448
1498580 1448
1498590 1445
1498600 1442
1498610 1442
1498620 1440
1498630 1438
1498640 1438
1498650 1438
1498660 1436
1498670 1433
1498680 1433
1498690 1428
1498700 1425
1498710 1425
1498720 1421
1498730 1418
1498740 1418
1498750 1417
1498760 1416
1498770 1416
1498780 1415
1498790 1415
1498800 1415
1498810 1415
1498820 1414
1498830 1414
1498840 1412
1498850 1408
1498860 1408
1498870 1406
1498880 1404
1498890 1404
1498900 1401
1498910 1399
1498920 1397
1498930 1397
1498940 1396
1498950 1395
1498960 1395
1498970 1394
1498980 1393
1498990 1393
1499000 1393
1499010 1392
1499020 1392
1499030 1392
1499040 1391
1499050 1391
1499060 1392
1499070 1393
1499080 1393
1499090 1392
1499100 1392
1499110 1392
1499120 1392
1499130 1392
1499140 1392
1499150 1393
1499160 1393
1499170 1393
1499180 1393
1499190 1393
1499200 1393
1499210 1393
1499220 1392
1499230 1391
1499240 1391
1499250 1391
1499260 1390
1499270 1390
1499280 1390
1499290 1389
1499300 1389
1499310 1389
1499320 1388
1499330 1388
1499340 1388
1499350 1387
1499360 1387
1499370 1385
1499380 1384
1499390 1384
1499400 1383
1499410 1382
1499420 1382
1499430 1381
1499440 1380
1499450 1380
1499460 1379
1499470 1377
1499480 1374
1499490 1374
1499500 1372
1499510 1370
1499520 1370
1499530 1369
1499540 1367
1499550 1367
1499560 1366
1499570 1364
1499580 1364
1499590 1361
1499600 1360
1499610 1360
1499620 1358
1499630 1357
1499640 1357
1499650 1354
1499660 1350
1499670 1350
1499680 1346
1499690 1342
1499700 1342
1499710 1340
1499720 1337
1499730 1337
1499740 1335
1499750 1332
1499760 1327
1499770 1327
1499780 1322
1499790 1319
1499800 1319
1499810 1315
1499820 1312
1499830 1312
1499840 1308
1499850 1305
1499860 1305
1499870 1301
1499880 1298
1499890 1298
1499900 1295
1499910 1291
1499920 1291
1499930 1286
1499940 1281
1499950 1281
1499960 1278
1499970 1275
1499980 1275
1499990 1272
