1480000 1286
1480010 1287
1480020 1287
1480030 1288
1480040 1288
1480050 1288
1480060 1284
1480070 1283
1480080 1283
1480090 1284
1480100 1285
1480110 1285
1480120 1288
1480130 1292
1480140 1292
1480150 1293
1480160 1289
1480170 1289
1480180 1288
1480190 1289
1480200 1289
1480210 1289
1480220 1290
1480230 1290
1480240 1290
1480250 1290
1480260 1292
1480270 1292
1480280 1292
1480290 1293
1480300 1293
1480310 1295
1480320 1297
1480330 1297
1480340 1300
1480350 1301
1480360 1301
1480370 1301
1480380 1301
1480390 1301
1480400 1302
1480410 1302
1480420 1302
1480430 1303
1480440 1303
1480450 1303
1480460 1305
1480470 1307
1480480 1307
1480490 1309
1480500 1313
1480510 1313
1480520 1317
1480530 1319
1480540 1320
1480550 1320
1480560 1322
1480570 1324
1480580 1324
1480590 1326
1480600 1329
1480610 1329
1480620 1331
1480630 1332
1480640 1332
1480650 1335
1480660 1338
1480670 1338
1480680 1343
1480690 1345
1480700 1345
1480710 1347
1480720 1349
1480730 1349
1480740 1352
1480750 1354
1480760 1354
1480770 1354
1480780 1356
1480790 1356
1480800 1358
1480810 1360
1480820 1362
1480830 1362
1480840 1364
1480850 1365
1480860 1365
1480870 1365
1480880 1365
1480890 1365
1480900 1363
1480910 1360
1480920 1360
1480930 1356
1480940 1350
1480950 1350
1480960 1345
1480970 1339
1480980 1339
1480990 1333
1481000 1328
1481010 1328
1481020 1323
1481030 1317
1481040 1317
1481050 1312
1481060 1305
1481070 1305
1481080 1300
1481090 1296
1481100 1292
1481110 1292
1481120 1289
1481130 1286
1481140 1286
1481150 1284
1481160 1282
1481170 1282
1481180 1280
1481190 1277
1481200 1277
1481210 1275
1481220 1273
1481230 1273
1481240 1271
1481250 1270
1481260 1270
1481270 1269
1481280 1269
1481290 1269
1481300 1270
1481310 1271
1481320 1271
1481330 1270
1481340 1269
1481350 1269
1481360 1268
1481370 1267
1481380 1265
1481390 1265
1481400 1262
1481410 1261
1481420 1261
1481430 1260
1481440 1258
1481450 1258
1481460 1254
1481470 1249
1481480 1249
1481490 1245
1481500 1241
1481510 1241
1481520 1239
1481530 1238
1481540 1238
1481550 1237
1481560 1237
1481570 1237
1481580 1236
1481590 1234
1481600 1234
1481610 1228
1481620 1224
1481630 1224
1481640 1225
1481650 1225
1481660 1224
1481670 1224
1481680 1222
1481690 1222
1481700 1222
1481710 1222
1481720 1220
1481730 1220
1481740 1219
1481750 1215
1481760 1215
1481770 1213
1481780 1210
1481790 1210
1481800 1206
1481810 1203
1481820 1203
1481830 1202
1481840 1201
1481850 1201
1481860 1200
1481870 1200
1481880 1200
1481890 1199
1481900 1199
1481910 1199
1481920 1199
1481930 1198
1481940 1199
1481950 1199
1481960 1199
1481970 1199
1481980 1199
1481990 1200
1482000 1201
1482010 1201
1482020 1202
1482030 1203
1482040 1203
1482050 1204
1482060 1204
1482070 1204
1482080 1205
1482090 1207
1482100 1207
1482110 1210
1482120 1213
1482130 1213
1482140 1218
1482150 1224
1482160 1224
1482170 1225
1482180 1225
1482190 1225
1482200 1224
1482210 1223
1482220 1219
1482230 1219
1482240 1217
1482250 1217
1482260 1217
1482270 1217
1482280 1218
1482290 1218
1482300 1219
1482310 1221
1482320 1221
1482330 1220
1482340 1220
1482350 1220
1482360 1218
1482370 1217
1482380 1217
1482390 1215
1482400 1214
1482410 1214
1482420 1212
1482430 1211
1482440 1211
1482450 1209
1482460 1207
1482470 1207
1482480 1206
1482490 1204
1482500 1204
1482510 1202
1482520 1201
1482530 1198
1482540 1198
1482550 1195
1482560 1192
1482570 1192
1482580 1189
1482590 1186
1482600 1186
1482610 1182
1482620 1179
1482630 1179
1482640 1176
1482650 1172
1482660 1172
1482670 1168
1482680 1164
1482690 1164
1482700 1160
1482710 1156
1482720 1156
1482730 1151
1482740 1147
1482750 1147
1482760 1143
1482770 1139
1482780 1139
1482790 1135
1482800 1128
1482810 1120
1482820 1120
1482830 1112
1482840 1106
1482850 1106
1482860 1101
1482870 1095
1482880 1095
1482890 1091
1482900 1086
1482910 1086
1482920 1082
1482930 1079
1482940 1079
1482950 1079
1482960 1075
1482970 1075
1482980 1068
1482990 1061
1483000 1061
1483010 1054
1483020 1048
1483030 1048
1483040 1042
1483050 1034
1483060 1034
1483070 1029
1483080 1024
1483090 1016
1483100 1016
1483110 1009
1483120 1002
1483130 1002
1483140 997
1483150 995
1483160 995
1483170 992
1483180 994
1483190 994
1483200 999
1483210 1004
1483220 1004
1483230 1011
1483240 1016
1483250 1016
1483260 1020
1483270 1023
1483280 1023
1483290 1027
1483300 1030
1483310 1030
1483320 1033
1483330 1036
1483340 1036
1483350 1039
1483360 1043
1483370 1046
1483380 1046
1483390 1049
1483400 1052
1483410 1052
1483420 1056
1483430 1060
1483440 1060
1483450 1064
1483460 1067
1483470 1067
1483480 1069
1483490 1069
1483500 1069
1483510 1071
1483520 1074
1483530 1074
1483540 1076
1483550 1079
1483560 1079
1483570 1081
1483580 1085
1483590 1085
1483600 1089
1483610 1094
1483620 1094
1483630 1100
1483640 1107
1483650 1113
1483660 1113
1483670 1115
1483680 1115
1483690 1115
1483700 1115
1483710 1115
1483720 1115
1483730 1114
1483740 1114
1483750 1114
1483760 1113
1483770 1114
1483780 1114
1483790 1114
1483800 1113
1483810 1113
1483820 1113
1483830 1112
1483840 1112
1483850 1111
1483860 1111
1483870 1111
1483880 1110
1483890 1111
1483900 1111
1483910 1111
1483920 1111
1483930 1110
1483940 1110
1483950 1109
1483960 1108
1483970 1108
1483980 1107
1483990 1105
1484000 1105
1484010 1103
1484020 1100
1484030 1100
1484040 1098
1484050 1096
1484060 1096
1484070 1095
1484080 1092
1484090 1092
1484100 1090
1484110 1089
1484120 1089
1484130 1086
1484140 1083
1484150 1083
1484160 1081
1484170 1079
1484180 1079
1484190 1079
1484200 1079
1484210 1079
1484220 1079
1484230 1078
1484240 1077
1484250 1077
1484260 1076
1484270 1074
1484280 1074
1484290 1072
1484300 1070
1484310 1070
1484320 1067
1484330 1065
1484340 1065
1484350 1063
1484360 1061
1484370 1061
1484380 1059
1484390 1056
1484400 1056
1484410 1055
1484420 1055
1484430 1055
1484440 1055
1484450 1054
1484460 1054
1484470 1053
1484480 1053
1484490 1053
1484500 1051
1484510 1050
1484520 1049
1484530 1049
1484540 1049
1484550 1048
1484560 1048
1484570 1046
1484580 1043
1484590 1043
1484600 1041
1484610 1037
1484620 1037
1484630 1034
1484640 1031
1484650 1031
1484660 1028
1484670 1024
1484680 1024
1484690 1019
1484700 1016
1484710 1016
1484720 1012
1484730 1010
1484740 1010
1484750 1008
1484760 1006
1484770 1006
1484780 1004
1484790 1001
1484800 996
1484810 996
1484820 991
1484830 986
1484840 986
1484850 981
1484860 975
1484870 975
1484880 969
1484890 965
1484900 965
1484910 960
1484920 956
1484930 956
1484940 955
1484950 955
1484960 955
1484970 955
1484980 955
1484990 955
1485000 955
1485010 954
1485020 954
1485030 954
1485040 953
1485050 953
1485060 952
1485070 951
1485080 952
1485090 952
1485100 952
1485110 953
1485120 953
1485130 956
1485140 956
1485150 956
1485160 955
1485170 954
1485180 954
1485190 951
1485200 948
1485210 948
1485220 944
1485230 943
1485240 943
1485250 943
1485260 943
1485270 943
1485280 942
1485290 942
1485300 942
1485310 942
1485320 943
1485330 943
1485340 944
1485350 945
1485360 946
1485370 946
1485380 945
1485390 943
1485400 943
1485410 942
1485420 942
1485430 942
1485440 942
1485450 940
1485460 940
1485470 939
1485480 938
1485490 938
1485500 937
1485510 936
1485520 936
1485530 936
1485540 935
1485550 935
1485560 935
1485570 935
1485580 935
1485590 934
1485600 934
1485610 934
1485620 933
1485630 933
1485640 933
1485650 933
1485660 932
1485670 932
1485680 932
1485690 932
1485700 931
1485710 931
1485720 931
1485730 930
1485740 930
1485750 929
1485760 929
1485770 929
1485780 929
1485790 929
1485800 929
1485810 928
1485820 927
1485830 927
1485840 927
1485850 926
1485860 926
1485870 926
1485880 926
1485890 926
1485900 926
1485910 925
1485920 925
1485930 925
1485940 925
1485950 925
1485960 925
1485970 925
1485980 925
1485990 925
1486000 925
1486010 925
1486020 925
1486030 926
1486040 926
1486050 926
1486060 926
1486070 926
1486080 926
1486090 926
1486100 926
1486110 926
1486120 926
1486130 926
1486140 926
1486150 927
1486160 927
1486170 927
1486180 929
1486190 931
1486200 933
1486210 933
1486220 934
1486230 935
1486240 935
1486250 936
1486260 934
1486270 934
1486280 933
1486290 933
1486300 933
1486310 932
1486320 934
1486330 934
1486340 934
1486350 936
1486360 936
1486370 936
1486380 935
1486390 935
1486400 934
1486410 933
1486420 933
1486430 931
1486440 932
1486450 932
1486460 932
1486470 932
1486480 932
1486490 932
1486500 931
1486510 931
1486520 931
1486530 930
1486540 929
1486550 929
1486560 928
1486570 927
1486580 927
1486590 925
1486600 924
1486610 924
1486620 923
1486630 921
1486640 921
1486650 921
1486660 920
1486670 920
1486680 919
1486690 919
1486700 919
1486710 918
1486720 918
1486730 918
1486740 917
1486750 916
1486760 916
1486770 915
1486780 915
1486790 914
1486800 914
1486810 913
1486820 913
1486830 913
1486840 912
1486850 912
1486860 912
1486870 911
1486880 911
1486890 911
1486900 911
1486910 911
1486920 911
1486930 910
1486940 910
1486950 910
1486960 910
1486970 910
1486980 910
1486990 910
1487000 909
1487010 909
1487020 909
1487030 909
1487040 909
1487050 909
1487060 909
1487070 909
1487080 909
1487090 909
1487100 909
1487110 909
1487120 909
1487130 909
1487140 909
1487150 909
1487160 909
1487170 909
1487180 909
1487190 909
1487200 909
1487210 909
1487220 909
1487230 909
1487240 910
1487250 910
1487260 910
1487270 910
1487280 910
1487290 910
1487300 910
1487310 909
1487320 909
1487330 909
1487340 909
1487350 909
1487360 909
1487370 909
1487380 909
1487390 909
1487400 909
1487410 908
1487420 908
1487430 908
1487440 908
1487450 908
1487460 908
1487470 908
1487480 908
1487490 908
1487500 907
1487510 907
1487520 907
1487530 908
1487540 908
1487550 909
1487560 907
1487570 907
1487580 908
1487590 908
1487600 908
1487610 908
1487620 908
1487630 907
1487640 907
1487650 907
1487660 907
1487670 907
1487680 907
1487690 906
1487700 906
1487710 906
1487720 906
1487730 906
1487740 906
1487750 906
1487760 906
1487770 906
1487780 905
1487790 905
1487800 905
1487810 905
1487820 905
1487830 905
1487840 904
1487850 904
1487860 904
1487870 904
1487880 904
1487890 904
1487900 904
1487910 904
1487920 904
1487930 904
1487940 904
1487950 904
1487960 903
1487970 903
1487980 903
1487990 902
1488000 902
1488010 902
1488020 902
1488030 902
1488040 902
1488050 902
1488060 902
1488070 902
1488080 901
1488090 901
1488100 901
1488110 901
1488120 901
1488130 901
1488140 901
1488150 900
1488160 900
1488170 900
1488180 900
1488190 900
1488200 900
1488210 900
1488220 899
1488230 899
1488240 899
1488250 899
1488260 899
1488270 899
1488280 899
1488290 899
1488300 898
1488310 897
1488320 897
1488330 897
1488340 897
1488350 897
1488360 896
1488370 896
1488380 896
1488390 896
1488400 895
1488410 895
1488420 895
1488430 895
1488440 895
1488450 894
1488460 894
1488470 894
1488480 893
1488490 893
1488500 893
1488510 893
1488520 893
1488530 892
1488540 892
1488550 892
1488560 892
1488570 892
1488580 892
1488590 892
1488600 892
1488610 891
1488620 891
1488630 891
1488640 890
1488650 890
1488660 890
1488670 890
1488680 889
1488690 889
1488700 889
1488710 889
1488720 889
1488730 889
1488740 888
1488750 888
1488760 888
1488770 888
1488780 887
1488790 887
1488800 887
1488810 887
1488820 887
1488830 887
1488840 886
1488850 886
1488860 886
1488870 886
1488880 886
1488890 886
1488900 886
1488910 886
1488920 887
1488930 887
1488940 887
1488950 887
1488960 886
1488970 886
1488980 886
1488990 885
1489000 885
1489010 885
1489020 884
1489030 884
1489040 884
1489050 884
1489060 884
1489070 884
1489080 884
1489090 884
1489100 884
1489110 884
1489120 884
1489130 884
1489140 884
1489150 883
1489160 883
1489170 883
1489180 883
1489190 883
1489200 883
1489210 883
1489220 883
1489230 883
1489240 883
1489250 883
1489260 883
1489270 882
1489280 882
1489290 882
1489300 882
1489310 882
1489320 882
1489330 882
1489340 882
1489350 882
1489360 882
1489370 882
1489380 882
1489390 881
1489400 881
1489410 881
1489420 881
1489430 881
1489440 881
1489450 881
1489460 881
1489470 881
1489480 881
1489490 881
1489500 881
1489510 881
1489520 881
1489530 881
1489540 881
1489550 881
1489560 881
1489570 881
1489580 881
1489590 881
1489600 881
1489610 881
1489620 881
1489630 881
1489640 881
1489650 882
1489660 882
1489670 882
1489680 882
1489690 882
1489700 882
1489710 882
1489720 882
1489730 882
1489740 882
1489750 882
1489760 882
1489770 882
1489780 882
1489790 881
1489800 881
1489810 881
1489820 881
1489830 881
1489840 881
1489850 881
1489860 881
1489870 881
1489880 881
1489890 881
1489900 880
1489910 880
1489920 880
1489930 880
1489940 880
1489950 880
1489960 880
1489970 880
1489980 880
1489990 880
1490000 880
1490010 880
1490020 880
1490030 880
1490040 880
1490050 880
1490060 880
1490070 880
1490080 880
1490090 880
1490100 880
1490110 880
1490120 880
1490130 880
1490140 880
1490150 880
1490160 880
1490170 880
1490180 880
1490190 880
1490200 880
1490210 880
1490220 880
1490230 880
1490240 880
1490250 880
1490260 880
1490270 880
1490280 880
1490290 880
1490300 880
1490310 880
1490320 879
1490330 879
1490340 879
1490350 879
1490360 879
1490370 879
1490380 879
1490390 880
1490400 880
1490410 880
1490420 880
1490430 880
1490440 880
1490450 880
1490460 880
1490470 880
1490480 879
1490490 879
1490500 879
1490510 879
1490520 879
1490530 879
1490540 879
1490550 879
1490560 879
1490570 878
1490580 880
1490590 880
1490600 880
1490610 879
1490620 879
1490630 879
1490640 879
1490650 879
1490660 879
1490670 879
1490680 879
1490690 879
1490700 879
1490710 879
1490720 879
1490730 879
1490740 879
1490750 879
1490760 879
1490770 880
1490780 880
1490790 880
1490800 880
1490810 880
1490820 880
1490830 880
1490840 880
1490850 880
1490860 881
1490870 881
1490880 881
1490890 881
1490900 881
1490910 881
1490920 881
1490930 881
1490940 881
1490950 881
1490960 881
1490970 881
1490980 881
1490990 881
1491000 881
1491010 881
1491020 881
1491030 881
1491040 881
1491050 881
1491060 881
1491070 881
1491080 881
1491090 881
1491100 881
1491110 881
1491120 881
1491130 883
1491140 885
1491150 885
1491160 885
1491170 884
1491180 884
1491190 882
1491200 881
1491210 881
1491220 882
1491230 882
1491240 882
1491250 882
1491260 882
1491270 882
1491280 882
1491290 883
1491300 883
1491310 883
1491320 884
1491330 885
1491340 885
1491350 886
1491360 888
1491370 888
1491380 890
1491390 892
1491400 892
1491410 892
1491420 893
1491430 893
1491440 895
1491450 893
1491460 893
1491470 891
1491480 891
1491490 891
1491500 890
1491510 889
1491520 889
1491530 891
1491540 896
1491550 896
1491560 902
1491570 905
1491580 905
1491590 912
1491600 920
1491610 923
1491620 923
1491630 926
1491640 929
1491650 929
1491660 933
1491670 937
1491680 937
1491690 941
1491700 941
1491710 941
1491720 941
1491730 947
1491740 947
1491750 953
1491760 957
1491770 957
1491780 962
1491790 967
1491800 967
1491810 968
1491820 968
1491830 968
1491840 968
1491850 968
1491860 968
1491870 970
1491880 972
1491890 974
1491900 974
1491910 976
1491920 980
1491930 980
1491940 984
1491950 987
1491960 987
1491970 990
1491980 993
1491990 993
1492000 998
1492010 1001
1492020 1001
1492030 1006
1492040 1011
1492050 1011
1492060 1016
1492070 1020
1492080 1020
1492090 1024
1492100 1028
1492110 1028
1492120 1032
1492130 1034
1492140 1034
1492150 1037
1492160 1040
1492170 1043
1492180 1043
1492190 1044
1492200 1045
1492210 1045
1492220 1046
1492230 1047
1492240 1047
1492250 1048
1492260 1050
1492270 1050
1492280 1052
1492290 1055
1492300 1055
1492310 1058
1492320 1062
1492330 1062
1492340 1065
1492350 1068
1492360 1068
1492370 1070
1492380 1073
1492390 1073
1492400 1076
1492410 1079
1492420 1079
1492430 1081
1492440 1084
1492450 1087
1492460 1087
1492470 1090
1492480 1092
1492490 1092
1492500 1094
1492510 1096
1492520 1096
1492530 1098
1492540 1099
1492550 1099
1492560 1101
1492570 1103
1492580 1103
1492590 1105
1492600 1106
1492610 1106
1492620 1107
1492630 1108
1492640 1108
1492650 1109
1492660 1110
1492670 1110
1492680 1111
1492690 1112
1492700 1112
1492710 1113
1492720 1113
1492730 1113
1492740 1113
1492750 1114
1492760 1114
1492770 1114
1492780 1114
1492790 1114
1492800 1114
1492810 1115
1492820 1115
1492830 1115
1492840 1114
1492850 1113
1492860 1113
1492870 1113
1492880 1112
1492890 1112
1492900 1109
1492910 1105
1492920 1105
1492930 1102
1492940 1100
1492950 1100
1492960 1097
1492970 1095
1492980 1095
1492990 1093
1493000 1090
1493010 1090
1493020 1085
1493030 1082
1493040 1080
1493050 1080
1493060 1077
1493070 1074
1493080 1074
1493090 1071
1493100 1067
1493110 1067
1493120 1064
1493130 1062
1493140 1062
1493150 1060
1493160 1058
1493170 1058
1493180 1056
1493190 1053
1493200 1053
1493210 1050
1493220 1047
1493230 1047
1493240 1044
1493250 1043
1493260 1043
1493270 1041
1493280 1039
1493290 1039
1493300 1038
1493310 1035
1493320 1033
1493330 1033
1493340 1030
1493350 1027
1493360 1027
1493370 1024
1493380 1021
1493390 1021
1493400 1019
1493410 1016
1493420 1016
1493430 1013
1493440 1011
1493450 1011
1493460 1008
1493470 1005
1493480 1005
1493490 1003
1493500 1001
1493510 1001
1493520 999
1493530 997
1493540 997
1493550 995
1493560 993
1493570 993
1493580 990
1493590 988
1493600 985
1493610 985
1493620 983
1493630 981
1493640 981
1493650 977
1493660 974
1493670 974
1493680 971
1493690 969
1493700 969
1493710 967
1493720 964
1493730 964
1493740 962
1493750 959
1493760 959
1493770 957
1493780 955
1493790 955
1493800 953
1493810 952
1493820 952
1493830 951
1493840 949
1493850 949
1493860 948
1493870 946
1493880 944
1493890 944
1493900 942
1493910 939
1493920 939
1493930 934
1493940 928
1493950 928
1493960 926
1493970 926
1493980 926
1493990 924
1494000 920
1494010 920
1494020 917
1494030 915
1494040 915
1494050 914
1494060 913
1494070 913
1494080 912
1494090 911
1494100 911
1494110 910
1494120 910
1494130 910
1494140 910
1494150 910
1494160 909
1494170 909
1494180 909
1494190 909
1494200 909
1494210 909
1494220 909
1494230 909
1494240 908
1494250 907
1494260 907
1494270 906
1494280 906
1494290 906
1494300 904
1494310 903
1494320 903
1494330 903
1494340 902
1494350 902
1494360 901
1494370 900
1494380 900
1494390 898
1494400 896
1494410 896
1494420 892
1494430 887
1494440 884
1494450 884
1494460 884
1494470 884
1494480 884
1494490 884
1494500 884
1494510 884
1494520 884
1494530 885
1494540 885
1494550 884
1494560 884
1494570 884
1494580 884
1494590 884
1494600 884
1494610 884
1494620 882
1494630 882
1494640 886
1494650 886
1494660 886
1494670 887
1494680 887
1494690 887
1494700 888
1494710 889
1494720 889
1494730 889
1494740 890
1494750 892
1494760 892
1494770 893
1494780 895
1494790 895
1494800 896
1494810 898
1494820 898
1494830 900
1494840 901
1494850 901
1494860 903
1494870 906
1494880 906
1494890 907
1494900 908
1494910 908
1494920 910
1494930 912
1494940 912
1494950 915
1494960 917
1494970 917
1494980 920
1494990 922
1495000 922
1495010 925
1495020 928
1495030 930
1495040 930
1495050 933
1495060 934
1495070 934
1495080 936
1495090 939
1495100 939
1495110 941
1495120 943
1495130 943
1495140 946
1495150 949
1495160 949
1495170 952
1495180 954
1495190 954
1495200 957
1495210 959
1495220 959
1495230 962
1495240 965
1495250 965
1495260 968
1495270 970
1495280 970
1495290 972
1495300 974
1495310 977
1495320 977
1495330 979
1495340 981
1495350 981
1495360 984
1495370 986
1495380 986
1495390 988
1495400 991
1495410 991
1495420 994
1495430 997
1495440 997
1495450 999
1495460 1004
1495470 1004
1495480 1007
1495490 1007
1495500 1007
1495510 1008
1495520 1009
1495530 1009
1495540 1010
1495550 1011
1495560 1011
1495570 1012
1495580 1015
1495590 1016
1495600 1016
1495610 1019
1495620 1020
1495630 1020
1495640 1023
1495650 1025
1495660 1025
1495670 1027
1495680 1030
1495690 1030
1495700 1033
1495710 1035
1495720 1035
1495730 1037
1495740 1041
1495750 1041
1495760 1044
1495770 1045
1495780 1045
1495790 1048
1495800 1051
1495810 1051
1495820 1053
1495830 1054
1495840 1054
1495850 1056
1495860 1058
1495870 1059
1495880 1059
1495890 1062
1495900 1065
1495910 1065
1495920 1069
1495930 1074
1495940 1074
1495950 1077
1495960 1080
1495970 1080
1495980 1083
1495990 1086
1496000 1086
1496010 1088
1496020 1092
1496030 1092
1496040 1095
1496050 1098
1496060 1098
1496070 1103
1496080 1107
1496090 1107
1496100 1111
1496110 1115
1496120 1115
1496130 1117
1496140 1119
1496150 1120
1496160 1120
1496170 1122
1496180 1123
1496190 1123
1496200 1125
1496210 1130
1496220 1130
1496230 1135
1496240 1139
1496250 1139
1496260 1142
1496270 1145
1496280 1145
1496290 1148
1496300 1150
1496310 1150
1496320 1153
1496330 1155
1496340 1155
1496350 1157
1496360 1159
1496370 1159
1496380 1162
1496390 1163
1496400 1163
1496410 1163
1496420 1166
1496430 1167
1496440 1167
1496450 1164
1496460 1167
1496470 1167
1496480 1169
1496490 1172
1496500 1172
1496510 1177
1496520 1180
1496530 1180
1496540 1180
1496550 1180
1496560 1180
1496570 1184
1496580 1187
1496590 1187
1496600 1189
1496610 1191
1496620 1191
1496630 1193
1496640 1194
1496650 1194
1496660 1195
1496670 1195
1496680 1195
1496690 1194
1496700 1194
1496710 1194
1496720 1193
1496730 1195
1496740 1196
1496750 1196
1496760 1199
1496770 1201
1496780 1201
1496790 1203
1496800 1205
1496810 1205
1496820 1206
1496830 1208
1496840 1208
1496850 1212
1496860 1216
1496870 1216
1496880 1220
1496890 1224
1496900 1224
1496910 1228
1496920 1230
1496930 1230
1496940 1233
1496950 1239
1496960 1239
1496970 1243
1496980 1244
1496990 1244
1497000 1248
1497010 1251
1497020 1254
1497030 1254
1497040 1256
1497050 1260
1497060 1260
1497070 1263
1497080 1267
1497090 1267
1497100 1272
1497110 1275
1497120 1275
1497130 1277
1497140 1281
1497150 1281
1497160 1284
1497170 1286
1497180 1286
1497190 1289
1497200 1292
1497210 1292
1497220 1294
1497230 1296
1497240 1296
1497250 1299
1497260 1301
1497270 1301
1497280 1304
1497290 1307
1497300 1309
1497310 1309
1497320 1314
1497330 1316
1497340 1316
1497350 1318
1497360 1319
1497370 1319
1497380 1318
1497390 1318
1497400 1318
1497410 1321
1497420 1323
1497430 1323
1497440 1325
1497450 1327
1497460 1327
1497470 1328
1497480 1330
1497490 1330
1497500 1331
1497510 1331
1497520 1331
1497530 1332
1497540 1331
1497550 1331
1497560 1329
1497570 1327
1497580 1325
1497590 1325
1497600 1323
1497610 1320
1497620 1320
1497630 1316
1497640 1314
1497650 1314
1497660 1314
1497670 1313
1497680 1313
1497690 1313
1497700 1312
1497710 1312
1497720 1312
1497730 1310
1497740 1310
1497750 1308
1497760 1307
1497770 1307
1497780 1307
1497790 1307
1497800 1307
1497810 1307
1497820 1307
1497830 1307
1497840 1309
1497850 1310
1497860 1310
1497870 1310
1497880 1310
1497890 1311
1497900 1311
1497910 1312
1497920 1312
1497930 1312
1497940 1313
1497950 1312
1497960 1312
1497970 1311
1497980 1311
1497990 1311
1498000 1310
1498010 1309
1498020 1309
1498030 1305
1498040 1302
1498050 1302
1498060 1299
1498070 1296
1498080 1296
1498090 1294
1498100 1293
1498110 1293
1498120 1292
1498130 1292
1498140 1291
1498150 1291
1498160 1290
1498170 1289
1498180 1289
1498190 1288
1498200 1288
1498210 1288
1498220 1287
1498230 1286
1498240 1286
1498250 1284
1498260 1282
1498270 1282
1498280 1281
1498290 1280
1498300 1280
1498310 1278
1498320 1276
1498330 1276
1498340 1276
1498350 1275
1498360 1275
1498370 1273
1498380 1272
1498390 1272
1498400 1271
1498410 1270
1498420 1268
1498430 1268
1498440 1268
1498450 1268
1498460 1268
1498470 1268
1498480 1267
1498490 1267
1498500 1266
1498510 1266
1498520 1266
1498530 1266
1498540 1264
1498550 1264
1498560 1261
1498570 1259
1498580 1259
1498590 1257
1498600 1257
1498610 1257
1498620 1256
1498630 1256
1498640 1256
1498650 1255
1498660 1254
1498670 1254
1498680 1253
1498690 1253
1498700 1253
1498710 1251
1498720 1249
1498730 1250
1498740 1250
1498750 1249
1498760 1248
1498770 1248
1498780 1248
1498790 1247
1498800 1247
1498810 1247
1498820 1247
1498830 1247
1498840 1246
1498850 1245
1498860 1245
1498870 1244
1498880 1243
1498890 1243
1498900 1242
1498910 1240
1498920 1240
1498930 1238
1498940 1236
1498950 1236
1498960 1234
1498970 1231
1498980 1231
1498990 1229
1499000 1228
1499010 1227
1499020 1227
1499030 1224
1499040 1221
1499050 1221
1499060 1219
1499070 1219
1499080 1219
1499090 1219
1499100 1219
1499110 1219
1499120 1217
1499130 1213
1499140 1213
1499150 1211
1499160 1209
1499170 1209
1499180 1205
1499190 1201
1499200 1201
1499210 1199
1499220 1195
1499230 1195
1499240 1192
1499250 1186
1499260 1186
1499270 1178
1499280 1174
1499290 1181
1499300 1181
1499310 1185
1499320 1188
1499330 1188
1499340 1192
1499350 1196
1499360 1196
1499370 1198
1499380 1201
1499390 1201
1499400 1205
1499410 1209
1499420 1209
1499430 1211
1499440 1213
1499450 1213
1499460 1215
1499470 1218
1499480 1218
1499490 1221
1499500 1223
1499510 1223
1499520 1225
1499530 1226
1499540 1226
1499550 1225
1499560 1226
1499570 1225
1499580 1225
1499590 1224
1499600 1224
1499610 1224
1499620 1223
1499630 1222
1499640 1222
1499650 1221
1499660 1221
1499670 1221
1499680 1220
1499690 1220
1499700 1220
1499710 1219
1499720 1218
1499730 1218
1499740 1217
1499750 1217
1499760 1217
1499770 1215
1499780 1214
1499790 1214
1499800 1213
1499810 1211
1499820 1211
1499830 1210
1499840 1209
1499850 1208
1499860 1208
1499870 1207
1499880 1205
1499890 1205
1499900 1204
1499910 1202
1499920 1202
1499930 1199
1499940 1198
1499950 1198
1499960 1196
1499970 1194
1499980 1194
1499990 1190
