1480000 1437
1480010 1433
1480020 1433
1480030 1429
1480040 1427
1480050 1427
1480060 1427
1480070 1422
1480080 1422
1480090 1415
1480100 1413
1480110 1413
1480120 1417
1480130 1419
1480140 1419
1480150 1420
1480160 1419
1480170 1419
1480180 1418
1480190 1416
1480200 1414
1480210 1414
1480220 1412
1480230 1408
1480240 1408
1480250 1401
1480260 1396
1480270 1396
1480280 1397
1480290 1396
1480300 1396
1480310 1394
1480320 1394
1480330 1394
1480340 1393
1480350 1390
1480360 1390
1480370 1387
1480380 1383
1480390 1383
1480400 1379
1480410 1373
1480420 1373
1480430 1364
1480440 1355
1480450 1355
1480460 1348
1480470 1340
1480480 1333
1480490 1333
1480500 1327
1480510 1321
1480520 1321
1480530 1319
1480540 1324
1480550 1324
1480560 1323
1480570 1324
1480580 1324
1480590 1322
1480600 1322
1480610 1322
1480620 1319
1480630 1313
1480640 1313
1480650 1314
1480660 1321
1480670 1321
1480680 1325
1480690 1330
1480700 1330
1480710 1335
1480720 1338
1480730 1338
1480740 1340
1480750 1342
1480760 1344
1480770 1344
1480780 1348
1480790 1351
1480800 1351
1480810 1356
1480820 1361
1480830 1361
1480840 1365
1480850 1369
1480860 1369
1480870 1373
1480880 1377
1480890 1377
1480900 1379
1480910 1382
1480920 1382
1480930 1384
1480940 1386
1480950 1386
1480960 1386
1480970 1385
1480980 1385
1480990 1382
1481000 1378
1481010 1378
1481020 1375
1481030 1372
1481040 1367
1481050 1367
1481060 1363
1481070 1363
1481080 1363
1481090 1368
1481100 1370
1481110 1370
1481120 1369
1481130 1367
1481140 1367
1481150 1370
1481160 1375
1481170 1375
1481180 1378
1481190 1381
1481200 1381
1481210 1382
1481220 1384
1481230 1384
1481240 1383
1481250 1383
1481260 1383
1481270 1386
1481280 1390
1481290 1390
1481300 1395
1481310 1398
1481320 1398
1481330 1401
1481340 1404
1481350 1407
1481360 1407
1481370 1410
1481380 1413
1481390 1413
1481400 1415
1481410 1418
1481420 1418
1481430 1420
1481440 1422
1481450 1422
1481460 1423
1481470 1425
1481480 1425
1481490 1425
1481500 1427
1481510 1427
1481520 1427
1481530 1427
1481540 1427
1481550 1427
1481560 1427
1481570 1427
1481580 1426
1481590 1427
1481600 1427
1481610 1428
1481620 1429
1481630 1431
1481640 1431
1481650 1434
1481660 1437
1481670 1437
1481680 1439
1481690 1443
1481700 1443
1481710 1447
1481720 1450
1481730 1450
1481740 1453
1481750 1453
1481760 1453
1481770 1451
1481780 1448
1481790 1448
1481800 1443
1481810 1438
1481820 1438
1481830 1432
1481840 1426
1481850 1426
1481860 1420
1481870 1414
1481880 1414
1481890 1411
1481900 1408
1481910 1407
1481920 1407
1481930 1406
1481940 1405
1481950 1405
1481960 1403
1481970 1401
1481980 1401
1481990 1399
1482000 1396
1482010 1396
1482020 1395
1482030 1394
1482040 1394
1482050 1395
1482060 1394
1482070 1394
1482080 1391
1482090 1391
1482100 1391
1482110 1389
1482120 1388
1482130 1388
1482140 1388
1482150 1388
1482160 1388
1482170 1386
1482180 1384
1482190 1384
1482200 1382
1482210 1379
1482220 1374
1482230 1374
1482240 1369
1482250 1366
1482260 1366
1482270 1362
1482280 1356
1482290 1356
1482300 1351
1482310 1347
1482320 1347
1482330 1342
1482340 1336
1482350 1336
1482360 1329
1482370 1322
1482380 1322
1482390 1323
1482400 1328
1482410 1328
1482420 1331
1482430 1336
1482440 1336
1482450 1339
1482460 1343
1482470 1343
1482480 1345
1482490 1347
1482500 1350
1482510 1350
1482520 1351
1482530 1352
1482540 1352
1482550 1353
1482560 1352
1482570 1352
1482580 1349
1482590 1345
1482600 1345
1482610 1341
1482620 1337
1482630 1337
1482640 1332
1482650 1328
1482660 1328
1482670 1323
1482680 1317
1482690 1317
1482700 1310
1482710 1304
1482720 1304
1482730 1296
1482740 1292
1482750 1292
1482760 1288
1482770 1282
1482780 1274
1482790 1274
1482800 1268
1482810 1265
1482820 1265
1482830 1260
1482840 1257
1482850 1257
1482860 1254
1482870 1250
1482880 1250
1482890 1247
1482900 1243
1482910 1243
1482920 1235
1482930 1231
1482940 1231
1482950 1224
1482960 1217
1482970 1217
1482980 1220
1482990 1226
1483000 1226
1483010 1232
1483020 1238
1483030 1238
1483040 1240
1483050 1244
1483060 1249
1483070 1249
1483080 1255
1483090 1259
1483100 1259
1483110 1263
1483120 1267
1483130 1267
1483140 1271
1483150 1277
1483160 1277
1483170 1283
1483180 1287
1483190 1287
1483200 1292
1483210 1296
1483220 1296
1483230 1299
1483240 1303
1483250 1303
1483260 1308
1483270 1312
1483280 1312
1483290 1318
1483300 1324
1483310 1324
1483320 1329
1483330 1333
1483340 1333
1483350 1339
1483360 1345
1483370 1349
1483380 1349
1483390 1353
1483400 1358
1483410 1358
1483420 1363
1483430 1369
1483440 1369
1483450 1373
1483460 1379
1483470 1379
1483480 1386
1483490 1392
1483500 1392
1483510 1397
1483520 1403
1483530 1403
1483540 1407
1483550 1412
1483560 1412
1483570 1416
1483580 1421
1483590 1421
1483600 1426
1483610 1430
1483620 1430
1483630 1435
1483640 1439
1483650 1443
1483660 1443
1483670 1447
1483680 1451
1483690 1451
1483700 1454
1483710 1457
1483720 1457
1483730 1458
1483740 1457
1483750 1457
1483760 1455
1483770 1452
1483780 1452
1483790 1449
1483800 1445
1483810 1445
1483820 1441
1483830 1436
1483840 1436
1483850 1431
1483860 1426
1483870 1426
1483880 1421
1483890 1416
1483900 1416
1483910 1409
1483920 1403
1483930 1397
1483940 1397
1483950 1391
1483960 1384
1483970 1384
1483980 1380
1483990 1377
1484000 1377
1484010 1372
1484020 1366
1484030 1366
1484040 1359
1484050 1353
1484060 1353
1484070 1349
1484080 1344
1484090 1344
1484100 1339
1484110 1335
1484120 1335
1484130 1331
1484140 1327
1484150 1327
1484160 1324
1484170 1321
1484180 1321
1484190 1318
1484200 1315
1484210 1313
1484220 1313
1484230 1310
1484240 1308
1484250 1308
1484260 1306
1484270 1304
1484280 1304
1484290 1302
1484300 1299
1484310 1299
1484320 1296
1484330 1293
1484340 1293
1484350 1289
1484360 1285
1484370 1285
1484380 1281
1484390 1277
1484400 1277
1484410 1273
1484420 1269
1484430 1269
1484440 1265
1484450 1261
1484460 1261
1484470 1255
1484480 1251
1484490 1251
1484500 1246
1484510 1240
1484520 1236
1484530 1236
1484540 1232
1484550 1227
1484560 1227
1484570 1224
1484580 1220
1484590 1220
1484600 1215
1484610 1209
1484620 1209
1484630 1204
1484640 1199
1484650 1199
1484660 1192
1484670 1186
1484680 1186
1484690 1180
1484700 1175
1484710 1175
1484720 1166
1484730 1156
1484740 1156
1484750 1150
1484760 1156
1484770 1156
1484780 1164
1484790 1172
1484800 1179
1484810 1179
1484820 1182
1484830 1185
1484840 1185
1484850 1187
1484860 1189
1484870 1189
1484880 1192
1484890 1196
1484900 1196
1484910 1200
1484920 1203
1484930 1203
1484940 1209
1484950 1214
1484960 1214
1484970 1219
1484980 1221
1484990 1221
1485000 1224
1485010 1227
1485020 1227
1485030 1230
1485040 1232
1485050 1232
1485060 1235
1485070 1237
1485080 1241
1485090 1241
1485100 1245
1485110 1248
1485120 1248
1485130 1250
1485140 1252
1485150 1252
1485160 1255
1485170 1259
1485180 1259
1485190 1264
1485200 1269
1485210 1269
1485220 1271
1485230 1274
1485240 1274
1485250 1279
1485260 1283
1485270 1283
1485280 1287
1485290 1292
1485300 1292
1485310 1297
1485320 1301
1485330 1301
1485340 1303
1485350 1305
1485360 1308
1485370 1308
1485380 1311
1485390 1314
1485400 1314
1485410 1319
1485420 1326
1485430 1326
1485440 1331
1485450 1335
1485460 1335
1485470 1339
1485480 1343
1485490 1343
1485500 1351
1485510 1359
1485520 1359
1485530 1363
1485540 1367
1485550 1367
1485560 1371
1485570 1373
1485580 1373
1485590 1376
1485600 1379
1485610 1379
1485620 1382
1485630 1385
1485640 1385
1485650 1389
1485660 1394
1485670 1398
1485680 1398
1485690 1400
1485700 1403
1485710 1403
1485720 1404
1485730 1405
1485740 1405
1485750 1405
1485760 1404
1485770 1404
1485780 1402
1485790 1400
1485800 1400
1485810 1398
1485820 1395
1485830 1395
1485840 1394
1485850 1393
1485860 1393
1485870 1391
1485880 1390
1485890 1390
1485900 1389
1485910 1388
1485920 1388
1485930 1387
1485940 1385
1485950 1382
1485960 1382
1485970 1379
1485980 1375
1485990 1375
1486000 1372
1486010 1369
1486020 1369
1486030 1365
1486040 1362
1486050 1362
1486060 1359
1486070 1356
1486080 1356
1486090 1355
1486100 1354
1486110 1354
1486120 1353
1486130 1352
1486140 1352
1486150 1352
1486160 1350
1486170 1350
1486180 1349
1486190 1347
1486200 1347
1486210 1346
1486220 1345
1486230 1343
1486240 1343
1486250 1341
1486260 1338
1486270 1338
1486280 1335
1486290 1332
1486300 1332
1486310 1328
1486320 1325
1486330 1325
1486340 1322
1486350 1318
1486360 1318
1486370 1315
1486380 1312
1486390 1312
1486400 1308
1486410 1304
1486420 1304
1486430 1300
1486440 1295
1486450 1295
1486460 1291
1486470 1286
1486480 1286
1486490 1282
1486500 1278
1486510 1274
1486520 1274
1486530 1269
1486540 1264
1486550 1264
1486560 1259
1486570 1255
1486580 1255
1486590 1252
1486600 1248
1486610 1248
1486620 1245
1486630 1242
1486640 1242
1486650 1238
1486660 1233
1486670 1233
1486680 1228
1486690 1223
1486700 1223
1486710 1219
1486720 1215
1486730 1215
1486740 1210
1486750 1205
1486760 1205
1486770 1199
1486780 1193
1486790 1193
1486800 1186
1486810 1179
1486820 1173
1486830 1173
1486840 1168
1486850 1162
1486860 1162
1486870 1156
1486880 1151
1486890 1151
1486900 1145
1486910 1139
1486920 1139
1486930 1131
1486940 1124
1486950 1124
1486960 1123
1486970 1129
1486980 1129
1486990 1136
1487000 1142
1487010 1142
1487020 1145
1487030 1149
1487040 1149
1487050 1150
1487060 1152
1487070 1152
1487080 1155
1487090 1154
1487100 1153
1487110 1153
1487120 1158
1487130 1162
1487140 1162
1487150 1166
1487160 1168
1487170 1168
1487180 1171
1487190 1172
1487200 1172
1487210 1174
1487220 1178
1487230 1178
1487240 1184
1487250 1188
1487260 1188
1487270 1193
1487280 1198
1487290 1198
1487300 1203
1487310 1208
1487320 1208
1487330 1213
1487340 1218
1487350 1218
1487360 1223
1487370 1228
1487380 1235
1487390 1235
1487400 1241
1487410 1246
1487420 1246
1487430 1252
1487440 1257
1487450 1257
1487460 1263
1487470 1268
1487480 1268
1487490 1273
1487500 1273
1487510 1273
1487520 1270
1487530 1264
1487540 1264
1487550 1257
1487560 1253
1487570 1253
1487580 1251
1487590 1250
1487600 1250
1487610 1247
1487620 1243
1487630 1243
1487640 1240
1487650 1237
1487660 1232
1487670 1232
1487680 1229
1487690 1226
1487700 1226
1487710 1225
1487720 1223
1487730 1223
1487740 1222
1487750 1221
1487760 1221
1487770 1218
1487780 1215
1487790 1215
1487800 1212
1487810 1208
1487820 1208
1487830 1204
1487840 1201
1487850 1201
1487860 1202
1487870 1203
1487880 1203
1487890 1203
1487900 1203
1487910 1203
1487920 1202
1487930 1200
1487940 1200
1487950 1199
1487960 1196
1487970 1193
1487980 1193
1487990 1190
1488000 1188
1488010 1188
1488020 1186
1488030 1182
1488040 1182
1488050 1179
1488060 1176
1488070 1176
1488080 1172
1488090 1168
1488100 1168
1488110 1164
1488120 1159
1488130 1159
1488140 1155
1488150 1153
1488160 1153
1488170 1150
1488180 1144
1488190 1144
1488200 1140
1488210 1138
1488220 1138
1488230 1134
1488240 1129
1488250 1124
1488260 1124
1488270 1120
1488280 1117
1488290 1117
1488300 1110
1488310 1103
1488320 1103
1488330 1097
1488340 1094
1488350 1094
1488360 1093
1488370 1092
1488380 1092
1488390 1092
1488400 1091
1488410 1091
1488420 1089
1488430 1086
1488440 1086
1488450 1081
1488460 1077
1488470 1077
1488480 1072
1488490 1069
1488500 1069
1488510 1065
1488520 1061
1488530 1056
1488540 1056
1488550 1051
1488560 1046
1488570 1046
1488580 1038
1488590 1033
1488600 1033
1488610 1028
1488620 1021
1488630 1021
1488640 1013
1488650 1006
1488660 1006
1488670 999
1488680 991
1488690 991
1488700 985
1488710 981
1488720 981
1488730 977
1488740 974
1488750 974
1488760 971
1488770 968
1488780 968
1488790 963
1488800 959
1488810 956
1488820 956
1488830 953
1488840 950
1488850 950
1488860 948
1488870 944
1488880 944
1488890 941
1488900 939
1488910 939
1488920 938
1488930 936
1488940 936
1488950 934
1488960 932
1488970 932
1488980 930
1488990 928
1489000 928
1489010 927
1489020 925
1489030 925
1489040 924
1489050 923
1489060 923
1489070 922
1489080 921
1489090 921
1489100 920
1489110 919
1489120 918
1489130 918
1489140 917
1489150 916
1489160 916
1489170 914
1489180 913
1489190 913
1489200 912
1489210 912
1489220 912
1489230 911
1489240 910
1489250 910
1489260 909
1489270 909
1489280 909
1489290 910
1489300 910
1489310 910
1489320 911
1489330 910
1489340 910
1489350 910
1489360 909
1489370 909
1489380 909
1489390 909
1489400 908
1489410 908
1489420 906
1489430 901
1489440 901
1489450 895
1489460 897
1489470 897
1489480 902
1489490 906
1489500 906
1489510 905
1489520 905
1489530 905
1489540 905
1489550 906
1489560 906
1489570 905
1489580 905
1489590 905
1489600 905
1489610 905
1489620 905
1489630 905
1489640 905
1489650 905
1489660 905
1489670 905
1489680 905
1489690 905
1489700 904
1489710 904
1489720 904
1489730 903
1489740 902
1489750 902
1489760 900
1489770 899
1489780 899
1489790 898
1489800 896
1489810 896
1489820 895
1489830 893
1489840 893
1489850 891
1489860 889
1489870 889
1489880 888
1489890 887
1489900 887
1489910 886
1489920 886
1489930 886
1489940 885
1489950 886
1489960 888
1489970 888
1489980 890
1489990 890
1490000 890
1490010 890
1490020 891
1490030 891
1490040 890
1490050 889
1490060 889
1490070 888
1490080 887
1490090 887
1490100 883
1490110 878
1490120 878
1490130 876
1490140 874
1490150 874
1490160 874
1490170 874
1490180 874
1490190 874
1490200 874
1490210 874
1490220 874
1490230 873
1490240 873
1490250 872
1490260 872
1490270 873
1490280 873
1490290 872
1490300 870
1490310 870
1490320 870
1490330 870
1490340 870
1490350 870
1490360 869
1490370 869
1490380 869
1490390 869
1490400 869
1490410 869
1490420 869
1490430 869
1490440 869
1490450 869
1490460 869
1490470 869
1490480 869
1490490 869
1490500 869
1490510 869
1490520 869
1490530 870
1490540 870
1490550 869
1490560 869
1490570 868
1490580 868
1490590 868
1490600 868
1490610 868
1490620 868
1490630 868
1490640 868
1490650 868
1490660 868
1490670 868
1490680 868
1490690 868
1490700 868
1490710 868
1490720 867
1490730 867
1490740 867
1490750 867
1490760 867
1490770 867
1490780 866
1490790 866
1490800 866
1490810 866
1490820 866
1490830 866
1490840 866
1490850 866
1490860 866
1490870 866
1490880 866
1490890 866
1490900 866
1490910 866
1490920 866
1490930 866
1490940 866
1490950 866
1490960 866
1490970 866
1490980 866
1490990 866
1491000 866
1491010 866
1491020 866
1491030 866
1491040 865
1491050 865
1491060 866
1491070 869
1491080 869
1491090 870
1491100 870
1491110 869
1491120 869
1491130 868
1491140 868
1491150 868
1491160 868
1491170 868
1491180 868
1491190 867
1491200 867
1491210 867
1491220 867
1491230 867
1491240 867
1491250 867
1491260 868
1491270 868
1491280 873
1491290 878
1491300 878
1491310 882
1491320 885
1491330 885
1491340 888
1491350 892
1491360 892
1491370 896
1491380 900
1491390 900
1491400 904
1491410 909
1491420 911
1491430 911
1491440 915
1491450 919
1491460 919
1491470 923
1491480 927
1491490 927
1491500 930
1491510 932
1491520 932
1491530 934
1491540 936
1491550 936
1491560 938
1491570 940
1491580 940
1491590 943
1491600 945
1491610 945
1491620 947
1491630 949
1491640 949
1491650 951
1491660 954
1491670 954
1491680 956
1491690 958
1491700 960
1491710 960
1491720 963
1491730 966
1491740 966
1491750 969
1491760 971
1491770 971
1491780 973
1491790 975
1491800 975
1491810 979
1491820 982
1491830 982
1491840 984
1491850 987
1491860 987
1491870 990
1491880 994
1491890 994
1491900 997
1491910 1000
1491920 1000
1491930 1003
1491940 1006
1491950 1006
1491960 1008
1491970 1011
1491980 1014
1491990 1014
1492000 1017
1492010 1020
1492020 1020
1492030 1022
1492040 1025
1492050 1025
1492060 1028
1492070 1031
1492080 1031
1492090 1033
1492100 1036
1492110 1036
1492120 1039
1492130 1041
1492140 1041
1492150 1044
1492160 1046
1492170 1046
1492180 1048
1492190 1051
1492200 1051
1492210 1053
1492220 1056
1492230 1056
1492240 1059
1492250 1061
1492260 1063
1492270 1063
1492280 1065
1492290 1067
1492300 1067
1492310 1069
1492320 1071
1492330 1071
1492340 1072
1492350 1073
1492360 1073
1492370 1074
1492380 1075
1492390 1075
1492400 1075
1492410 1076
1492420 1076
1492430 1076
1492440 1076
1492450 1076
1492460 1077
1492470 1077
1492480 1077
1492490 1077
1492500 1077
1492510 1077
1492520 1077
1492530 1078
1492540 1078
1492550 1078
1492560 1077
1492570 1077
1492580 1077
1492590 1076
1492600 1075
1492610 1075
1492620 1074
1492630 1072
1492640 1072
1492650 1071
1492660 1069
1492670 1069
1492680 1067
1492690 1066
1492700 1066
1492710 1064
1492720 1062
1492730 1062
1492740 1060
1492750 1057
1492760 1057
1492770 1055
1492780 1053
1492790 1053
1492800 1050
1492810 1047
1492820 1047
1492830 1044
1492840 1041
1492850 1037
1492860 1037
1492870 1034
1492880 1031
1492890 1031
1492900 1028
1492910 1025
1492920 1025
1492930 1022
1492940 1019
1492950 1019
1492960 1014
1492970 1011
1492980 1011
1492990 1008
1493000 1003
1493010 1003
1493020 1000
1493030 995
1493040 995
1493050 991
1493060 988
1493070 988
1493080 984
1493090 982
1493100 982
1493110 977
1493120 972
1493130 969
1493140 969
1493150 965
1493160 962
1493170 962
1493180 958
1493190 954
1493200 954
1493210 950
1493220 947
1493230 947
1493240 943
1493250 939
1493260 939
1493270 936
1493280 931
1493290 931
1493300 927
1493310 922
1493320 922
1493330 918
1493340 914
1493350 914
1493360 911
1493370 908
1493380 908
1493390 904
1493400 901
1493410 898
1493420 898
1493430 894
1493440 891
1493450 891
1493460 889
1493470 888
1493480 888
1493490 887
1493500 887
1493510 887
1493520 885
1493530 883
1493540 883
1493550 881
1493560 879
1493570 879
1493580 877
1493590 875
1493600 875
1493610 872
1493620 870
1493630 870
1493640 868
1493650 866
1493660 866
1493670 864
1493680 862
1493690 862
1493700 860
1493710 858
1493720 857
1493730 857
1493740 856
1493750 855
1493760 855
1493770 854
1493780 854
1493790 854
1493800 854
1493810 854
1493820 854
1493830 855
1493840 855
1493850 855
1493860 855
1493870 855
1493880 855
1493890 854
1493900 854
1493910 854
1493920 853
1493930 853
1493940 853
1493950 853
1493960 853
1493970 853
1493980 853
1493990 853
1494000 854
1494010 854
1494020 854
1494030 854
1494040 854
1494050 853
1494060 853
1494070 853
1494080 853
1494090 853
1494100 853
1494110 853
1494120 853
1494130 853
1494140 853
1494150 853
1494160 853
1494170 853
1494180 853
1494190 853
1494200 853
1494210 853
1494220 853
1494230 853
1494240 852
1494250 852
1494260 852
1494270 852
1494280 852
1494290 852
1494300 852
1494310 852
1494320 852
1494330 852
1494340 852
1494350 852
1494360 852
1494370 852
1494380 852
1494390 852
1494400 851
1494410 851
1494420 851
1494430 852
1494440 852
1494450 852
1494460 852
1494470 852
1494480 852
1494490 852
1494500 852
1494510 852
1494520 851
1494530 851
1494540 851
1494550 851
1494560 851
1494570 851
1494580 851
1494590 851
1494600 851
1494610 851
1494620 851
1494630 851
1494640 851
1494650 850
1494660 850
1494670 850
1494680 850
1494690 850
1494700 850
1494710 850
1494720 850
1494730 850
1494740 849
1494750 849
1494760 849
1494770 849
1494780 849
1494790 849
1494800 848
1494810 848
1494820 849
1494830 849
1494840 849
1494850 848
1494860 848
1494870 848
1494880 848
1494890 848
1494900 848
1494910 848
1494920 848
1494930 848
1494940 848
1494950 848
1494960 848
1494970 848
1494980 848
1494990 847
1495000 847
1495010 847
1495020 847
1495030 847
1495040 847
1495050 847
1495060 847
1495070 847
1495080 847
1495090 847
1495100 847
1495110 847
1495120 847
1495130 847
1495140 846
1495150 846
1495160 846
1495170 846
1495180 846
1495190 846
1495200 846
1495210 847
1495220 847
1495230 847
1495240 847
1495250 847
1495260 848
1495270 848
1495280 848
1495290 848
1495300 849
1495310 849
1495320 849
1495330 850
1495340 850
1495350 850
1495360 851
1495370 851
1495380 851
1495390 851
1495400 851
1495410 852
1495420 852
1495430 852
1495440 852
1495450 853
1495460 853
1495470 853
1495480 854
1495490 854
1495500 854
1495510 855
1495520 855
1495530 855
1495540 856
1495550 856
1495560 856
1495570 857
1495580 857
1495590 857
1495600 858
1495610 858
1495620 858
1495630 859
1495640 859
1495650 859
1495660 860
1495670 861
1495680 861
1495690 861
1495700 862
1495710 862
1495720 863
1495730 864
1495740 865
1495750 865
1495760 865
1495770 865
1495780 865
1495790 865
1495800 866
1495810 866
1495820 866
1495830 866
1495840 866
1495850 867
1495860 868
1495870 868
1495880 868
1495890 869
1495900 869
1495910 869
1495920 870
1495930 870
1495940 870
1495950 871
1495960 871
1495970 871
1495980 872
1495990 872
1496000 873
1496010 873
1496020 874
1496030 874
1496040 874
1496050 875
1496060 875
1496070 875
1496080 876
1496090 876
1496100 877
1496110 877
1496120 877
1496130 878
1496140 879
1496150 879
1496160 880
1496170 881
1496180 881
1496190 882
1496200 882
1496210 882
1496220 883
1496230 884
1496240 884
1496250 886
1496260 888
1496270 888
1496280 892
1496290 893
1496300 893
1496310 893
1496320 888
1496330 887
1496340 887
1496350 886
1496360 887
1496370 887
1496380 891
1496390 894
1496400 894
1496410 895
1496420 897
1496430 897
1496440 901
1496450 906
1496460 906
1496470 910
1496480 914
1496490 914
1496500 919
1496510 919
1496520 919
1496530 923
1496540 927
1496550 927
1496560 923
1496570 921
1496580 914
1496590 914
1496600 907
1496610 900
1496620 900
1496630 901
1496640 905
1496650 905
1496660 913
1496670 921
1496680 921
1496690 929
1496700 937
1496710 937
1496720 945
1496730 953
1496740 953
1496750 960
1496760 967
1496770 967
1496780 972
1496790 973
1496800 973
1496810 971
1496820 968
1496830 968
1496840 971
1496850 975
1496860 975
1496870 976
1496880 977
1496890 978
1496900 978
1496910 981
1496920 980
1496930 980
1496940 980
1496950 980
1496960 980
1496970 980
1496980 974
1496990 974
1497000 966
1497010 960
1497020 960
1497030 953
1497040 945
1497050 945
1497060 943
1497070 937
1497080 937
1497090 925
1497100 920
1497110 920
1497120 926
1497130 934
1497140 934
1497150 942
1497160 952
1497170 961
1497180 961
1497190 958
1497200 958
1497210 958
1497220 962
1497230 968
1497240 968
1497250 973
1497260 978
1497270 978
1497280 982
1497290 981
1497300 981
1497310 979
1497320 982
1497330 982
1497340 985
1497350 984
1497360 984
1497370 983
1497380 984
1497390 984
1497400 986
1497410 986
1497420 986
1497430 990
1497440 992
1497450 989
1497460 989
1497470 979
1497480 969
1497490 969
1497500 962
1497510 954
1497520 954
1497530 949
1497540 943
1497550 943
1497560 944
1497570 952
1497580 952
1497590 959
1497600 963
1497610 963
1497620 967
1497630 971
1497640 971
1497650 978
1497660 983
1497670 983
1497680 988
1497690 1002
1497700 1002
1497710 1010
1497720 1010
1497730 1009
1497740 1009
1497750 1012
1497760 1011
1497770 1011
1497780 1009
1497790 1002
1497800 1002
1497810 1004
1497820 1008
1497830 1008
1497840 1006
1497850 1007
1497860 1007
1497870 1006
1497880 1005
1497890 1005
1497900 1006
1497910 1006
1497920 1006
1497930 1006
1497940 1006
1497950 1006
1497960 1005
1497970 1004
1497980 1000
1497990 1000
1498000 999
1498010 999
1498020 998
1498030 997
1498040 994
1498050 994
1498060 990
1498070 985
1498080 985
1498090 979
1498100 973
1498110 973
1498120 966
1498130 959
1498140 959
1498150 950
1498160 942
1498170 942
1498180 937
1498190 932
1498200 932
1498210 931
1498220 933
1498230 933
1498240 933
1498250 932
1498260 932
1498270 936
1498280 941
1498290 941
1498300 943
1498310 948
1498320 951
1498330 951
1498340 949
1498350 948
1498360 948
1498370 947
1498380 949
1498390 949
1498400 949
1498410 947
1498420 947
1498430 946
1498440 944
1498450 944
1498460 943
1498470 941
1498480 941
1498490 940
1498500 939
1498510 939
1498520 938
1498530 938
1498540 938
1498550 937
1498560 936
1498570 936
1498580 936
1498590 935
1498600 934
1498610 934
1498620 932
1498630 931
1498640 931
1498650 928
1498660 924
1498670 924
1498680 919
1498690 912
1498700 912
1498710 908
1498720 905
1498730 905
1498740 903
1498750 891
1498760 891
1498770 887
1498780 887
1498790 887
1498800 885
1498810 883
1498820 883
1498830 883
1498840 883
1498850 883
1498860 885
1498870 886
1498880 887
1498890 887
1498900 888
1498910 887
1498920 887
1498930 886
1498940 885
1498950 885
1498960 884
1498970 882
1498980 882
1498990 880
1499000 879
1499010 879
1499020 879
1499030 879
1499040 879
1499050 880
1499060 880
1499070 880
1499080 879
1499090 879
1499100 879
1499110 877
1499120 873
1499130 873
1499140 869
1499150 866
1499160 866
1499170 866
1499180 866
1499190 866
1499200 866
1499210 866
1499220 866
1499230 866
1499240 866
1499250 866
1499260 866
1499270 866
1499280 866
1499290 866
1499300 865
1499310 865
1499320 865
1499330 865
1499340 864
1499350 864
1499360 863
1499370 863
1499380 863
1499390 862
1499400 861
1499410 861
1499420 861
1499430 859
1499440 859
1499450 860
1499460 860
1499470 860
1499480 860
1499490 860
1499500 860
1499510 860
1499520 859
1499530 859
1499540 859
1499550 859
1499560 859
1499570 859
1499580 859
1499590 859
1499600 859
1499610 859
1499620 858
1499630 858
1499640 858
1499650 857
1499660 857
1499670 856
1499680 856
1499690 856
1499700 856
1499710 855
1499720 855
1499730 855
1499740 854
1499750 854
1499760 854
1499770 853
1499780 853
1499790 853
1499800 853
1499810 852
1499820 852
1499830 852
1499840 851
1499850 851
1499860 850
1499870 850
1499880 850
1499890 849
1499900 848
1499910 848
1499920 847
1499930 847
1499940 847
1499950 846
1499960 846
1499970 846
1499980 845
1499990 845
