1480000 1457
1480010 1453
1480020 1453
1480030 1448
1480040 1445
1480050 1443
1480060 1443
1480070 1441
1480080 1440
1480090 1440
1480100 1438
1480110 1437
1480120 1437
1480130 1437
1480140 1436
1480150 1436
1480160 1436
1480170 1435
1480180 1435
1480190 1434
1480200 1435
1480210 1435
1480220 1434
1480230 1435
1480240 1435
1480250 1435
1480260 1435
1480270 1435
1480280 1435
1480290 1436
1480300 1436
1480310 1436
1480320 1435
1480330 1435
1480340 1433
1480350 1430
1480360 1427
1480370 1427
1480380 1424
1480390 1423
1480400 1423
1480410 1421
1480420 1421
1480430 1421
1480440 1418
1480450 1415
1480460 1415
1480470 1414
1480480 1412
1480490 1412
1480500 1410
1480510 1408
1480520 1408
1480530 1407
1480540 1405
1480550 1405
1480560 1403
1480570 1402
1480580 1402
1480590 1401
1480600 1400
1480610 1400
1480620 1399
1480630 1397
1480640 1397
1480650 1397
1480660 1396
1480670 1396
1480680 1396
1480690 1395
1480700 1394
1480710 1394
1480720 1394
1480730 1393
1480740 1393
1480750 1393
1480760 1392
1480770 1392
1480780 1391
1480790 1389
1480800 1389
1480810 1389
1480820 1387
1480830 1387
1480840 1386
1480850 1385
1480860 1385
1480870 1383
1480880 1381
1480890 1381
1480900 1378
1480910 1373
1480920 1373
1480930 1365
1480940 1358
1480950 1353
1480960 1353
1480970 1349
1480980 1345
1480990 1345
1481000 1340
1481010 1336
1481020 1336
1481030 1331
1481040 1323
1481050 1323
1481060 1317
1481070 1312
1481080 1312
1481090 1306
1481100 1301
1481110 1301
1481120 1297
1481130 1291
1481140 1291
1481150 1285
1481160 1278
1481170 1278
1481180 1271
1481190 1264
1481200 1264
1481210 1257
1481220 1251
1481230 1245
1481240 1245
1481250 1239
1481260 1233
1481270 1233
1481280 1228
1481290 1224
1481300 1224
1481310 1220
1481320 1215
1481330 1215
1481340 1208
1481350 1204
1481360 1204
1481370 1200
1481380 1197
1481390 1197
1481400 1194
1481410 1191
1481420 1191
1481430 1188
1481440 1185
1481450 1185
1481460 1180
1481470 1174
1481480 1174
1481490 1166
1481500 1161
1481510 1161
1481520 1158
1481530 1155
1481540 1151
1481550 1151
1481560 1148
1481570 1145
1481580 1145
1481590 1141
1481600 1137
1481610 1137
1481620 1134
1481630 1131
1481640 1131
1481650 1128
1481660 1124
1481670 1124
1481680 1119
1481690 1115
1481700 1115
1481710 1110
1481720 1105
1481730 1105
1481740 1099
1481750 1093
1481760 1093
1481770 1087
1481780 1082
1481790 1082
1481800 1078
1481810 1073
1481820 1070
1481830 1070
1481840 1066
1481850 1062
1481860 1062
1481870 1059
1481880 1056
1481890 1056
1481900 1052
1481910 1049
1481920 1049
1481930 1047
1481940 1045
1481950 1045
1481960 1044
1481970 1043
1481980 1043
1481990 1041
1482000 1039
1482010 1039
1482020 1037
1482030 1035
1482040 1035
1482050 1030
1482060 1025
1482070 1025
1482080 1021
1482090 1016
1482100 1016
1482110 1012
1482120 1008
1482130 1006
1482140 1006
1482150 1002
1482160 994
1482170 994
1482180 985
1482190 978
1482200 978
1482210 970
1482220 964
1482230 964
1482240 956
1482250 949
1482260 949
1482270 942
1482280 936
1482290 936
1482300 930
1482310 926
1482320 926
1482330 922
1482340 916
1482350 916
1482360 911
1482370 904
1482380 904
1482390 895
1482400 884
1482410 884
1482420 874
1482430 872
1482440 880
1482450 880
1482460 887
1482470 894
1482480 894
1482490 901
1482500 905
1482510 905
1482520 909
1482530 914
1482540 914
1482550 917
1482560 921
1482570 921
1482580 926
1482590 934
1482600 934
1482610 943
1482620 952
1482630 952
1482640 960
1482650 966
1482660 966
1482670 973
1482680 978
1482690 978
1482700 983
1482710 987
1482720 992
1482730 992
1482740 995
1482750 998
1482760 998
1482770 1002
1482780 1006
1482790 1006
1482800 1012
1482810 1015
1482820 1015
1482830 1017
1482840 1019
1482850 1019
1482860 1021
1482870 1023
1482880 1023
1482890 1026
1482900 1029
1482910 1029
1482920 1033
1482930 1036
1482940 1036
1482950 1041
1482960 1048
1482970 1048
1482980 1054
1482990 1059
1483000 1059
1483010 1064
1483020 1067
1483030 1071
1483040 1071
1483050 1075
1483060 1079
1483070 1079
1483080 1087
1483090 1096
1483100 1096
1483110 1100
1483120 1102
1483130 1102
1483140 1105
1483150 1106
1483160 1106
1483170 1107
1483180 1105
1483190 1105
1483200 1102
1483210 1099
1483220 1099
1483230 1095
1483240 1090
1483250 1090
1483260 1086
1483270 1084
1483280 1084
1483290 1080
1483300 1084
1483310 1089
1483320 1089
1483330 1096
1483340 1104
1483350 1104
1483360 1111
1483370 1114
1483380 1114
1483390 1117
1483400 1122
1483410 1122
1483420 1127
1483430 1132
1483440 1132
1483450 1137
1483460 1140
1483470 1140
1483480 1142
1483490 1144
1483500 1144
1483510 1146
1483520 1149
1483530 1149
1483540 1153
1483550 1156
1483560 1156
1483570 1160
1483580 1164
1483590 1164
1483600 1168
1483610 1172
1483620 1177
1483630 1177
1483640 1182
1483650 1186
1483660 1186
1483670 1190
1483680 1194
1483690 1194
1483700 1198
1483710 1203
1483720 1203
1483730 1208
1483740 1212
1483750 1212
1483760 1215
1483770 1219
1483780 1219
1483790 1223
1483800 1226
1483810 1226
1483820 1230
1483830 1234
1483840 1234
1483850 1239
1483860 1244
1483870 1244
1483880 1248
1483890 1253
1483900 1257
1483910 1257
1483920 1261
1483930 1264
1483940 1264
1483950 1268
1483960 1271
1483970 1271
1483980 1275
1483990 1278
1484000 1278
1484010 1282
1484020 1285
1484030 1285
1484040 1288
1484050 1291
1484060 1291
1484070 1294
1484080 1297
1484090 1297
1484100 1300
1484110 1303
1484120 1303
1484130 1306
1484140 1309
1484150 1309
1484160 1312
1484170 1315
1484180 1315
1484190 1317
1484200 1320
1484210 1322
1484220 1322
1484230 1324
1484240 1326
1484250 1326
1484260 1328
1484270 1330
1484280 1330
1484290 1330
1484300 1331
1484310 1331
1484320 1331
1484330 1330
1484340 1330
1484350 1330
1484360 1328
1484370 1328
1484380 1326
1484390 1323
1484400 1323
1484410 1322
1484420 1319
1484430 1319
1484440 1315
1484450 1312
1484460 1312
1484470 1309
1484480 1305
1484490 1300
1484500 1300
1484510 1295
1484520 1290
1484530 1290
1484540 1284
1484550 1279
1484560 1279
1484570 1274
1484580 1269
1484590 1269
1484600 1263
1484610 1256
1484620 1256
1484630 1250
1484640 1253
1484650 1253
1484660 1256
1484670 1258
1484680 1258
1484690 1260
1484700 1262
1484710 1262
1484720 1264
1484730 1265
1484740 1265
1484750 1265
1484760 1264
1484770 1264
1484780 1264
1484790 1263
1484800 1260
1484810 1260
1484820 1258
1484830 1255
1484840 1255
1484850 1251
1484860 1247
1484870 1247
1484880 1244
1484890 1242
1484900 1242
1484910 1238
1484920 1234
1484930 1234
1484940 1229
1484950 1226
1484960 1226
1484970 1222
1484980 1219
1484990 1219
1485000 1216
1485010 1214
1485020 1214
1485030 1212
1485040 1209
1485050 1209
1485060 1206
1485070 1203
1485080 1203
1485090 1197
1485100 1189
1485110 1192
1485120 1192
1485130 1200
1485140 1205
1485150 1205
1485160 1211
1485170 1216
1485180 1216
1485190 1221
1485200 1226
1485210 1226
1485220 1233
1485230 1239
1485240 1239
1485250 1244
1485260 1249
1485270 1249
1485280 1254
1485290 1258
1485300 1258
1485310 1263
1485320 1269
1485330 1269
1485340 1274
1485350 1279
1485360 1279
1485370 1283
1485380 1287
1485390 1290
1485400 1290
1485410 1292
1485420 1294
1485430 1294
1485440 1295
1485450 1296
1485460 1296
1485470 1295
1485480 1294
1485490 1294
1485500 1293
1485510 1292
1485520 1292
1485530 1289
1485540 1286
1485550 1286
1485560 1281
1485570 1277
1485580 1277
1485590 1273
1485600 1268
1485610 1268
1485620 1263
1485630 1259
1485640 1259
1485650 1255
1485660 1250
1485670 1250
1485680 1244
1485690 1238
1485700 1231
1485710 1231
1485720 1225
1485730 1219
1485740 1219
1485750 1213
1485760 1208
1485770 1208
1485780 1202
1485790 1197
1485800 1197
1485810 1192
1485820 1187
1485830 1187
1485840 1182
1485850 1175
1485860 1175
1485870 1169
1485880 1174
1485890 1174
1485900 1179
1485910 1184
1485920 1184
1485930 1189
1485940 1197
1485950 1197
1485960 1204
1485970 1209
1485980 1216
1485990 1216
1486000 1222
1486010 1227
1486020 1227
1486030 1233
1486040 1239
1486050 1239
1486060 1244
1486070 1249
1486080 1249
1486090 1252
1486100 1255
1486110 1255
1486120 1259
1486130 1263
1486140 1263
1486150 1266
1486160 1269
1486170 1269
1486180 1272
1486190 1275
1486200 1275
1486210 1278
1486220 1280
1486230 1280
1486240 1281
1486250 1283
1486260 1283
1486270 1284
1486280 1285
1486290 1286
1486300 1286
1486310 1287
1486320 1286
1486330 1286
1486340 1285
1486350 1283
1486360 1283
1486370 1282
1486380 1279
1486390 1279
1486400 1276
1486410 1272
1486420 1272
1486430 1269
1486440 1265
1486450 1265
1486460 1261
1486470 1257
1486480 1257
1486490 1254
1486500 1250
1486510 1250
1486520 1247
1486530 1243
1486540 1243
1486550 1240
1486560 1236
1486570 1232
1486580 1232
1486590 1228
1486600 1223
1486610 1223
1486620 1220
1486630 1216
1486640 1216
1486650 1214
1486660 1210
1486670 1210
1486680 1207
1486690 1209
1486700 1209
1486710 1205
1486720 1206
1486730 1206
1486740 1210
1486750 1213
1486760 1213
1486770 1214
1486780 1215
1486790 1215
1486800 1215
1486810 1213
1486820 1213
1486830 1209
1486840 1206
1486850 1206
1486860 1204
1486870 1203
1486880 1202
1486890 1202
1486900 1203
1486910 1203
1486920 1203
1486930 1205
1486940 1204
1486950 1204
1486960 1198
1486970 1194
1486980 1194
1486990 1202
1487000 1209
1487010 1209
1487020 1213
1487030 1218
1487040 1218
1487050 1226
1487060 1234
1487070 1234
1487080 1240
1487090 1246
1487100 1246
1487110 1252
1487120 1258
1487130 1258
1487140 1265
1487150 1272
1487160 1272
1487170 1280
1487180 1286
1487190 1289
1487200 1289
1487210 1292
1487220 1295
1487230 1295
1487240 1299
1487250 1304
1487260 1304
1487270 1308
1487280 1310
1487290 1310
1487300 1312
1487310 1315
1487320 1315
1487330 1317
1487340 1318
1487350 1318
1487360 1318
1487370 1318
1487380 1318
1487390 1318
1487400 1317
1487410 1317
1487420 1319
1487430 1323
1487440 1323
1487450 1327
1487460 1329
1487470 1330
1487480 1330
1487490 1335
1487500 1340
1487510 1340
1487520 1344
1487530 1346
1487540 1346
1487550 1349
1487560 1353
1487570 1353
1487580 1357
1487590 1360
1487600 1360
1487610 1363
1487620 1366
1487630 1366
1487640 1368
1487650 1369
1487660 1369
1487670 1372
1487680 1375
1487690 1375
1487700 1379
1487710 1382
1487720 1382
1487730 1386
1487740 1388
1487750 1388
1487760 1391
1487770 1394
1487780 1397
1487790 1397
1487800 1401
1487810 1405
1487820 1405
1487830 1407
1487840 1410
1487850 1410
1487860 1413
1487870 1417
1487880 1417
1487890 1420
1487900 1425
1487910 1425
1487920 1430
1487930 1433
1487940 1433
1487950 1436
1487960 1440
1487970 1440
1487980 1444
1487990 1447
1488000 1447
1488010 1451
1488020 1455
1488030 1455
1488040 1459
1488050 1463
1488060 1466
1488070 1466
1488080 1469
1488090 1473
1488100 1473
1488110 1476
1488120 1480
1488130 1480
1488140 1483
1488150 1486
1488160 1486
1488170 1489
1488180 1492
1488190 1492
1488200 1495
1488210 1498
1488220 1498
1488230 1500
1488240 1502
1488250 1502
1488260 1504
1488270 1506
1488280 1506
1488290 1507
1488300 1509
1488310 1509
1488320 1510
1488330 1512
1488340 1512
1488350 1515
1488360 1517
1488370 1519
1488380 1519
1488390 1523
1488400 1530
1488410 1530
1488420 1536
1488430 1538
1488440 1538
1488450 1539
1488460 1540
1488470 1540
1488480 1541
1488490 1542
1488500 1542
1488510 1543
1488520 1542
1488530 1542
1488540 1541
1488550 1540
1488560 1540
1488570 1538
1488580 1537
1488590 1537
1488600 1535
1488610 1532
1488620 1532
1488630 1528
1488640 1523
1488650 1518
1488660 1518
1488670 1513
1488680 1508
1488690 1508
1488700 1502
1488710 1495
1488720 1495
1488730 1488
1488740 1482
1488750 1482
1488760 1475
1488770 1468
1488780 1468
1488790 1463
1488800 1458
1488810 1458
1488820 1454
1488830 1451
1488840 1451
1488850 1448
1488860 1444
1488870 1444
1488880 1438
1488890 1433
1488900 1433
1488910 1426
1488920 1419
1488930 1419
1488940 1414
1488950 1410
1488960 1406
1488970 1406
1488980 1401
1488990 1394
1489000 1394
1489010 1390
1489020 1386
1489030 1386
1489040 1382
1489050 1378
1489060 1378
1489070 1373
1489080 1369
1489090 1369
1489100 1364
1489110 1359
1489120 1359
1489130 1354
1489140 1350
1489150 1350
1489160 1346
1489170 1343
1489180 1343
1489190 1338
1489200 1333
1489210 1333
1489220 1326
1489230 1318
1489240 1309
1489250 1309
1489260 1303
1489270 1298
1489280 1298
1489290 1296
1489300 1292
1489310 1292
1489320 1288
1489330 1284
1489340 1284
1489350 1281
1489360 1278
1489370 1278
1489380 1275
1489390 1269
1489400 1269
1489410 1262
1489420 1257
1489430 1257
1489440 1251
1489450 1242
1489460 1242
1489470 1233
1489480 1227
1489490 1227
1489500 1223
1489510 1217
1489520 1217
1489530 1212
1489540 1207
1489550 1204
1489560 1204
1489570 1201
1489580 1197
1489590 1197
1489600 1192
1489610 1185
1489620 1185
1489630 1178
1489640 1171
1489650 1171
1489660 1170
1489670 1171
1489680 1171
1489690 1171
1489700 1169
1489710 1169
1489720 1166
1489730 1164
1489740 1164
1489750 1161
1489760 1159
1489770 1159
1489780 1157
1489790 1154
1489800 1154
1489810 1153
1489820 1152
1489830 1152
1489840 1150
1489850 1150
1489860 1149
1489870 1149
1489880 1149
1489890 1148
1489900 1148
1489910 1146
1489920 1142
1489930 1142
1489940 1141
1489950 1138
1489960 1138
1489970 1135
1489980 1134
1489990 1134
1490000 1132
1490010 1130
1490020 1130
1490030 1127
1490040 1124
1490050 1124
1490060 1123
1490070 1120
1490080 1120
1490090 1116
1490100 1113
1490110 1113
1490120 1111
1490130 1109
1490140 1106
1490150 1106
1490160 1104
1490170 1102
1490180 1102
1490190 1101
1490200 1099
1490210 1099
1490220 1098
1490230 1096
1490240 1096
1490250 1094
1490260 1092
1490270 1092
1490280 1089
1490290 1086
1490300 1086
1490310 1083
1490320 1080
1490330 1080
1490340 1077
1490350 1073
1490360 1073
1490370 1070
1490380 1065
1490390 1065
1490400 1061
1490410 1058
1490420 1058
1490430 1055
1490440 1053
1490450 1052
1490460 1052
1490470 1048
1490480 1044
1490490 1044
1490500 1038
1490510 1033
1490520 1033
1490530 1030
1490540 1024
1490550 1024
1490560 1019
1490570 1017
1490580 1017
1490590 1013
1490600 1008
1490610 1008
1490620 1001
1490630 995
1490640 995
1490650 991
1490660 988
1490670 988
1490680 983
1490690 976
1490700 976
1490710 970
1490720 965
1490730 960
1490740 960
1490750 956
1490760 951
1490770 951
1490780 946
1490790 941
1490800 941
1490810 935
1490820 931
1490830 931
1490840 926
1490850 921
1490860 921
1490870 916
1490880 908
1490890 908
1490900 901
1490910 894
1490920 894
1490930 887
1490940 883
1490950 883
1490960 879
1490970 876
1490980 876
1490990 873
1491000 871
1491010 871
1491020 869
1491030 867
1491040 866
1491050 866
1491060 865
1491070 864
1491080 864
1491090 864
1491100 864
1491110 864
1491120 862
1491130 862
1491140 862
1491150 862
1491160 861
1491170 861
1491180 861
1491190 859
1491200 859
1491210 858
1491220 858
1491230 858
1491240 857
1491250 857
1491260 857
1491270 857
1491280 857
1491290 857
1491300 856
1491310 856
1491320 856
1491330 856
1491340 855
1491350 854
1491360 854
1491370 853
1491380 852
1491390 852
1491400 852
1491410 851
1491420 851
1491430 851
1491440 850
1491450 850
1491460 850
1491470 850
1491480 850
1491490 849
1491500 849
1491510 849
1491520 849
1491530 849
1491540 849
1491550 849
1491560 848
1491570 848
1491580 848
1491590 848
1491600 848
1491610 848
1491620 848
1491630 848
1491640 848
1491650 848
1491660 847
1491670 847
1491680 847
1491690 848
1491700 848
1491710 848
1491720 848
1491730 848
1491740 848
1491750 849
1491760 849
1491770 849
1491780 850
1491790 850
1491800 851
1491810 856
1491820 856
1491830 864
1491840 872
1491850 872
1491860 881
1491870 889
1491880 889
1491890 898
1491900 905
1491910 912
1491920 912
1491930 919
1491940 923
1491950 923
1491960 927
1491970 930
1491980 930
1491990 933
1492000 936
1492010 936
1492020 939
1492030 941
1492040 941
1492050 943
1492060 946
1492070 946
1492080 949
1492090 952
1492100 952
1492110 955
1492120 958
1492130 958
1492140 962
1492150 966
1492160 966
1492170 970
1492180 974
1492190 974
1492200 979
1492210 984
1492220 989
1492230 989
1492240 993
1492250 997
1492260 997
1492270 1001
1492280 1004
1492290 1004
1492300 1008
1492310 1012
1492320 1012
1492330 1016
1492340 1019
1492350 1020
1492360 1023
1492370 1026
1492380 1026
1492390 1029
1492400 1031
1492410 1031
1492420 1034
1492430 1037
1492440 1037
1492450 1040
1492460 1044
1492470 1044
1492480 1047
1492490 1051
1492500 1055
1492510 1055
1492520 1058
1492530 1061
1492540 1061
1492550 1064
1492560 1068
1492570 1068
1492580 1072
1492590 1075
1492600 1075
1492610 1078
1492620 1081
1492630 1081
1492640 1084
1492650 1088
1492660 1088
1492670 1091
1492680 1092
1492690 1092
1492700 1094
1492710 1097
1492720 1097
1492730 1101
1492740 1104
1492750 1104
1492760 1106
1492770 1110
1492780 1110
1492790 1114
1492800 1117
1492810 1120
1492820 1120
1492830 1123
1492840 1126
1492850 1126
1492860 1128
1492870 1130
1492880 1130
1492890 1131
1492900 1133
1492910 1133
1492920 1135
1492930 1138
1492940 1138
1492950 1142
1492960 1146
1492970 1146
1492980 1150
1492990 1153
1493000 1153
1493010 1155
1493020 1158
1493030 1158
1493040 1161
1493050 1164
1493060 1164
1493070 1167
1493080 1170
1493090 1172
1493100 1172
1493110 1174
1493120 1177
1493130 1177
1493140 1179
1493150 1182
1493160 1182
1493170 1185
1493180 1187
1493190 1187
1493200 1190
1493210 1193
1493220 1193
1493230 1195
1493240 1196
1493250 1196
1493260 1198
1493270 1198
1493280 1198
1493290 1199
1493300 1200
1493310 1200
1493320 1200
1493330 1199
1493340 1199
1493350 1198
1493360 1198
1493370 1198
1493380 1197
1493390 1197
1493400 1197
1493410 1197
1493420 1199
1493430 1201
1493440 1201
1493450 1202
1493460 1203
1493470 1203
1493480 1204
1493490 1204
1493500 1204
1493510 1204
1493520 1206
1493530 1206
1493540 1209
1493550 1211
1493560 1211
1493570 1213
1493580 1217
1493590 1217
1493600 1222
1493610 1225
1493620 1225
1493630 1226
1493640 1227
1493650 1227
1493660 1228
1493670 1229
1493680 1229
1493690 1231
1493700 1233
1493710 1236
1493720 1236
1493730 1238
1493740 1240
1493750 1240
1493760 1242
1493770 1244
1493780 1244
1493790 1247
1493800 1249
1493810 1249
1493820 1252
1493830 1253
1493840 1253
1493850 1255
1493860 1256
1493870 1256
1493880 1257
1493890 1258
1493900 1258
1493910 1260
1493920 1262
1493930 1262
1493940 1264
1493950 1266
1493960 1266
1493970 1268
1493980 1270
1493990 1272
1494000 1272
1494010 1274
1494020 1276
1494030 1276
1494040 1277
1494050 1279
1494060 1279
1494070 1280
1494080 1280
1494090 1280
1494100 1281
1494110 1283
1494120 1283
1494130 1285
1494140 1286
1494150 1286
1494160 1287
1494170 1288
1494180 1288
1494190 1288
1494200 1288
1494210 1288
1494220 1289
1494230 1290
1494240 1290
1494250 1293
1494260 1297
1494270 1297
1494280 1299
1494290 1300
1494300 1303
1494310 1303
1494320 1304
1494330 1305
1494340 1305
1494350 1305
1494360 1305
1494370 1305
1494380 1306
1494390 1307
1494400 1307
1494410 1308
1494420 1311
1494430 1311
1494440 1313
1494450 1316
1494460 1316
1494470 1321
1494480 1325
1494490 1325
1494500 1328
1494510 1330
1494520 1330
1494530 1333
1494540 1334
1494550 1334
1494560 1334
1494570 1335
1494580 1335
1494590 1335
1494600 1336
1494610 1338
1494620 1338
1494630 1340
1494640 1342
1494650 1342
1494660 1344
1494670 1346
1494680 1346
1494690 1347
1494700 1348
1494710 1348
1494720 1347
1494730 1347
1494740 1347
1494750 1347
1494760 1347
1494770 1347
1494780 1347
1494790 1348
1494800 1348
1494810 1349
1494820 1350
1494830 1350
1494840 1349
1494850 1347
1494860 1347
1494870 1346
1494880 1347
1494890 1348
1494900 1348
1494910 1348
1494920 1349
1494930 1349
1494940 1349
1494950 1349
1494960 1349
1494970 1350
1494980 1352
1494990 1352
1495000 1353
1495010 1354
1495020 1354
1495030 1355
1495040 1356
1495050 1356
1495060 1357
1495070 1358
1495080 1358
1495090 1359
1495100 1360
1495110 1360
1495120 1361
1495130 1361
1495140 1361
1495150 1361
1495160 1359
1495170 1359
1495180 1359
1495190 1358
1495200 1357
1495210 1357
1495220 1358
1495230 1359
1495240 1359
1495250 1359
1495260 1359
1495270 1359
1495280 1360
1495290 1361
1495300 1361
1495310 1361
1495320 1361
1495330 1361
1495340 1362
1495350 1361
1495360 1361
1495370 1360
1495380 1360
1495390 1360
1495400 1359
1495410 1358
1495420 1358
1495430 1358
1495440 1359
1495450 1359
1495460 1359
1495470 1359
1495480 1359
1495490 1359
1495500 1359
1495510 1358
1495520 1358
1495530 1358
1495540 1358
1495550 1358
1495560 1358
1495570 1357
1495580 1357
1495590 1356
1495600 1356
1495610 1356
1495620 1356
1495630 1356
1495640 1356
1495650 1356
1495660 1355
1495670 1355
1495680 1355
1495690 1356
1495700 1356
1495710 1353
1495720 1350
1495730 1350
1495740 1349
1495750 1348
1495760 1347
1495770 1347
1495780 1344
1495790 1343
1495800 1343
1495810 1341
1495820 1340
1495830 1340
1495840 1340
1495850 1340
1495860 1340
1495870 1342
1495880 1345
1495890 1345
1495900 1345
1495910 1345
1495920 1345
1495930 1344
1495940 1344
1495950 1344
1495960 1343
1495970 1342
1495980 1342
1495990 1341
1496000 1339
1496010 1339
1496020 1338
1496030 1337
1496040 1337
1496050 1334
1496060 1331
1496070 1330
1496080 1330
1496090 1328
1496100 1327
1496110 1327
1496120 1326
1496130 1326
1496140 1326
1496150 1325
1496160 1324
1496170 1324
1496180 1324
1496190 1323
1496200 1323
1496210 1323
1496220 1322
1496230 1322
1496240 1322
1496250 1321
1496260 1321
1496270 1320
1496280 1318
1496290 1318
1496300 1314
1496310 1311
1496320 1311
1496330 1308
1496340 1303
1496350 1299
1496360 1299
1496370 1299
1496380 1298
1496390 1298
1496400 1298
1496410 1297
1496420 1297
1496430 1295
1496440 1296
1496450 1296
1496460 1295
1496470 1296
1496480 1296
1496490 1295
1496500 1295
1496510 1295
1496520 1295
1496530 1297
1496540 1297
1496550 1298
1496560 1297
1496570 1297
1496580 1296
1496590 1295
1496600 1295
1496610 1293
1496620 1292
1496630 1292
1496640 1291
1496650 1290
1496660 1289
1496670 1289
1496680 1289
1496690 1289
1496700 1289
1496710 1290
1496720 1291
1496730 1291
1496740 1290
1496750 1289
1496760 1289
1496770 1287
1496780 1287
1496790 1287
1496800 1287
1496810 1287
1496820 1287
1496830 1287
1496840 1287
1496850 1287
1496860 1286
1496870 1285
1496880 1285
1496890 1284
1496900 1284
1496910 1284
1496920 1282
1496930 1280
1496940 1280
1496950 1278
1496960 1277
1496970 1276
1496980 1276
1496990 1274
1497000 1271
1497010 1271
1497020 1270
1497030 1270
1497040 1270
1497050 1269
1497060 1268
1497070 1268
1497080 1268
1497090 1268
1497100 1268
1497110 1267
1497120 1266
1497130 1266
1497140 1266
1497150 1264
1497160 1264
1497170 1263
1497180 1262
1497190 1262
1497200 1261
1497210 1259
1497220 1259
1497230 1258
1497240 1257
1497250 1256
1497260 1256
1497270 1255
1497280 1255
1497290 1255
1497300 1254
1497310 1253
1497320 1253
1497330 1253
1497340 1251
1497350 1251
1497360 1250
1497370 1247
1497380 1247
1497390 1247
1497400 1246
1497410 1246
1497420 1245
1497430 1244
1497440 1244
1497450 1243
1497460 1242
1497470 1242
1497480 1240
1497490 1237
1497500 1237
1497510 1236
1497520 1237
1497530 1237
1497540 1238
1497550 1237
1497560 1237
1497570 1237
1497580 1236
1497590 1236
1497600 1236
1497610 1236
1497620 1236
1497630 1236
1497640 1237
1497650 1238
1497660 1238
1497670 1237
1497680 1237
1497690 1237
1497700 1237
1497710 1236
1497720 1236
1497730 1235
1497740 1234
1497750 1234
1497760 1234
1497770 1234
1497780 1234
1497790 1234
1497800 1234
1497810 1234
1497820 1233
1497830 1233
1497840 1231
1497850 1231
1497860 1230
1497870 1228
1497880 1228
1497890 1227
1497900 1226
1497910 1226
1497920 1226
1497930 1225
1497940 1225
1497950 1225
1497960 1226
1497970 1226
1497980 1226
1497990 1224
1498000 1224
1498010 1223
1498020 1223
1498030 1223
1498040 1222
1498050 1222
1498060 1222
1498070 1224
1498080 1224
1498090 1224
1498100 1224
1498110 1224
1498120 1224
1498130 1224
1498140 1223
1498150 1222
1498160 1222
1498170 1221
1498180 1220
1498190 1220
1498200 1219
1498210 1220
1498220 1220
1498230 1220
1498240 1222
1498250 1222
1498260 1221
1498270 1221
1498280 1221
1498290 1221
1498300 1221
1498310 1221
1498320 1222
1498330 1221
1498340 1221
1498350 1221
1498360 1221
1498370 1221
1498380 1221
1498390 1221
1498400 1221
1498410 1222
1498420 1223
1498430 1223
1498440 1223
1498450 1223
1498460 1220
1498470 1220
1498480 1221
1498490 1221
1498500 1221
1498510 1220
1498520 1221
1498530 1221
1498540 1220
1498550 1221
1498560 1221
1498570 1221
1498580 1220
1498590 1220
1498600 1220
1498610 1219
1498620 1219
1498630 1219
1498640 1218
1498650 1218
1498660 1219
1498670 1219
1498680 1219
1498690 1219
1498700 1222
1498710 1222
1498720 1222
1498730 1224
1498740 1225
1498750 1225
1498760 1225
1498770 1226
1498780 1226
1498790 1226
1498800 1227
1498810 1227
1498820 1227
1498830 1227
1498840 1227
1498850 1227
1498860 1228
1498870 1228
1498880 1227
1498890 1228
1498900 1228
1498910 1228
1498920 1228
1498930 1228
1498940 1229
1498950 1229
1498960 1229
1498970 1229
1498980 1229
1498990 1229
1499000 1229
1499010 1230
1499020 1230
1499030 1230
1499040 1231
1499050 1230
1499060 1230
1499070 1231
1499080 1231
1499090 1231
1499100 1230
1499110 1232
1499120 1232
1499130 1233
1499140 1235
1499150 1235
1499160 1236
1499170 1237
1499180 1237
1499190 1238
1499200 1238
1499210 1238
1499220 1238
1499230 1238
1499240 1238
1499250 1239
1499260 1240
1499270 1240
1499280 1240
1499290 1239
1499300 1239
1499310 1234
1499320 1238
1499330 1242
1499340 1242
1499350 1242
1499360 1243
1499370 1243
1499380 1244
1499390 1245
1499400 1245
1499410 1247
1499420 1249
1499430 1249
1499440 1250
1499450 1249
1499460 1249
1499470 1250
1499480 1250
1499490 1250
1499500 1245
1499510 1241
1499520 1241
1499530 1246
1499540 1249
1499550 1249
1499560 1248
1499570 1247
1499580 1247
1499590 1245
1499600 1246
1499610 1246
1499620 1246
1499630 1247
1499640 1248
1499650 1248
1499660 1247
1499670 1248
1499680 1248
1499690 1249
1499700 1251
1499710 1251
1499720 1251
1499730 1254
1499740 1254
1499750 1255
1499760 1257
1499770 1257
1499780 1258
1499790 1260
1499800 1260
1499810 1260
1499820 1260
1499830 1260
1499840 1260
1499850 1260
1499860 1260
1499870 1260
1499880 1260
1499890 1260
1499900 1260
1499910 1259
1499920 1259
1499930 1259
1499940 1260
1499950 1260
1499960 1260
1499970 1259
1499980 1259
1499990 1259
