1480000 672
1480010 669
1480020 673
1480030 673
1480040 679
1480050 689
1480060 689
1480070 698
1480080 701
1480090 701
1480100 702
1480110 703
1480120 703
1480130 704
1480140 705
1480150 705
1480160 707
1480170 708
1480180 708
1480190 710
1480200 712
1480210 712
1480220 714
1480230 717
1480240 721
1480250 721
1480260 726
1480270 730
1480280 730
1480290 731
1480300 732
1480310 732
1480320 731
1480330 728
1480340 728
1480350 725
1480360 724
1480370 724
1480380 726
1480390 730
1480400 730
1480410 737
1480420 744
1480430 744
1480440 751
1480450 756
1480460 756
1480470 756
1480480 757
1480490 757
1480500 759
1480510 762
1480520 766
1480530 766
1480540 770
1480550 774
1480560 774
1480570 776
1480580 776
1480590 776
1480600 776
1480610 775
1480620 775
1480630 775
1480640 776
1480650 776
1480660 779
1480670 782
1480680 782
1480690 785
1480700 789
1480710 789
1480720 794
1480730 798
1480740 798
1480750 802
1480760 807
1480770 807
1480780 811
1480790 815
1480800 815
1480810 818
1480820 821
1480830 823
1480840 823
1480850 824
1480860 825
1480870 825
1480880 827
1480890 830
1480900 830
1480910 833
1480920 833
1480930 833
1480940 833
1480950 834
1480960 834
1480970 834
1480980 834
1480990 834
1481000 834
1481010 836
1481020 836
1481030 842
1481040 846
1481050 846
1481060 854
1481070 857
1481080 857
1481090 861
1481100 867
1481110 867
1481120 872
1481130 877
1481140 881
1481150 881
1481160 884
1481170 886
1481180 886
1481190 889
1481200 892
1481210 892
1481220 894
1481230 897
1481240 897
1481250 899
1481260 901
1481270 901
1481280 902
1481290 903
1481300 903
1481310 904
1481320 904
1481330 904
1481340 905
1481350 905
1481360 905
1481370 905
1481380 905
1481390 905
1481400 905
1481410 904
1481420 904
1481430 904
1481440 902
1481450 901
1481460 901
1481470 901
1481480 900
1481490 900
1481500 897
1481510 891
1481520 891
1481530 887
1481540 882
1481550 882
1481560 876
1481570 873
1481580 873
1481590 870
1481600 867
1481610 867
1481620 863
1481630 859
1481640 859
1481650 856
1481660 853
1481670 853
1481680 849
1481690 846
1481700 846
1481710 843
1481720 840
1481730 840
1481740 839
1481750 837
1481760 836
1481770 836
1481780 835
1481790 833
1481800 833
1481810 832
1481820 830
1481830 830
1481840 828
1481850 825
1481860 825
1481870 823
1481880 821
1481890 821
1481900 818
1481910 814
1481920 814
1481930 811
1481940 808
1481950 808
1481960 804
1481970 800
1481980 800
1481990 796
1482000 793
1482010 793
1482020 790
1482030 787
1482040 787
1482050 785
1482060 782
1482070 781
1482080 781
1482090 779
1482100 779
1482110 779
1482120 777
1482130 776
1482140 776
1482150 775
1482160 774
1482170 774
1482180 771
1482190 763
1482200 763
1482210 756
1482220 752
1482230 752
1482240 751
1482250 756
1482260 756
1482270 765
1482280 775
1482290 775
1482300 781
1482310 784
1482320 784
1482330 788
1482340 791
1482350 794
1482360 794
1482370 798
1482380 801
1482390 801
1482400 806
1482410 812
1482420 812
1482430 817
1482440 823
1482450 823
1482460 827
1482470 830
1482480 830
1482490 832
1482500 834
1482510 834
1482520 836
1482530 837
1482540 837
1482550 839
1482560 842
1482570 842
1482580 844
1482590 846
1482600 846
1482610 849
1482620 849
1482630 849
1482640 850
1482650 853
1482660 855
1482670 855
1482680 858
1482690 860
1482700 860
1482710 863
1482720 867
1482730 867
1482740 870
1482750 874
1482760 874
1482770 876
1482780 880
1482790 880
1482800 885
1482810 891
1482820 891
1482830 894
1482840 899
1482850 899
1482860 902
1482870 903
1482880 903
1482890 907
1482900 911
1482910 911
1482920 916
1482930 920
1482940 920
1482950 923
1482960 925
1482970 928
1482980 928
1482990 931
1483000 934
1483010 934
1483020 937
1483030 940
1483040 940
1483050 941
1483060 942
1483070 942
1483080 942
1483090 943
1483100 943
1483110 942
1483120 942
1483130 942
1483140 941
1483150 941
1483160 941
1483170 940
1483180 939
1483190 939
1483200 937
1483210 936
1483220 936
1483230 935
1483240 932
1483250 932
1483260 926
1483270 920
1483280 915
1483290 915
1483300 910
1483310 907
1483320 907
1483330 902
1483340 897
1483350 897
1483360 894
1483370 892
1483380 892
1483390 892
1483400 892
1483410 892
1483420 892
1483430 891
1483440 891
1483450 889
1483460 884
1483470 884
1483480 878
1483490 873
1483500 873
1483510 868
1483520 864
1483530 864
1483540 861
1483550 858
1483560 858
1483570 855
1483580 852
1483590 849
1483600 849
1483610 846
1483620 843
1483630 843
1483640 839
1483650 836
1483660 836
1483670 834
1483680 830
1483690 830
1483700 827
1483710 824
1483720 824
1483730 820
1483740 816
1483750 816
1483760 813
1483770 808
1483780 808
1483790 804
1483800 801
1483810 801
1483820 796
1483830 791
1483840 791
1483850 786
1483860 782
1483870 782
1483880 778
1483890 779
1483900 781
1483910 781
1483920 782
1483930 784
1483940 784
1483950 785
1483960 786
1483970 786
1483980 788
1483990 791
1484000 791
1484010 791
1484020 792
1484030 792
1484040 791
1484050 791
1484060 791
1484070 790
1484080 789
1484090 789
1484100 788
1484110 787
1484120 787
1484130 786
1484140 783
1484150 783
1484160 776
1484170 771
1484180 771
1484190 773
1484200 778
1484210 779
1484220 779
1484230 777
1484240 775
1484250 775
1484260 776
1484270 775
1484280 775
1484290 773
1484300 774
1484310 774
1484320 771
1484330 763
1484340 763
1484350 757
1484360 758
1484370 758
1484380 762
1484390 760
1484400 760
1484410 758
1484420 758
1484430 758
1484440 759
1484450 759
1484460 759
1484470 759
1484480 758
1484490 757
1484500 757
1484510 755
1484520 753
1484530 753
1484540 749
1484550 746
1484560 746
1484570 744
1484580 744
1484590 744
1484600 743
1484610 744
1484620 744
1484630 744
1484640 744
1484650 744
1484660 744
1484670 744
1484680 744
1484690 744
1484700 744
1484710 744
1484720 744
1484730 743
1484740 743
1484750 742
1484760 744
1484770 744
1484780 745
1484790 745
1484800 746
1484810 746
1484820 746
1484830 747
1484840 747
1484850 747
1484860 747
1484870 747
1484880 747
1484890 748
1484900 748
1484910 748
1484920 749
1484930 749
1484940 749
1484950 750
1484960 750
1484970 750
1484980 751
1484990 751
1485000 751
1485010 752
1485020 752
1485030 752
1485040 753
1485050 753
1485060 754
1485070 757
1485080 757
1485090 764
1485100 772
1485110 780
1485120 780
1485130 786
1485140 789
1485150 789
1485160 790
1485170 791
1485180 791
1485190 793
1485200 795
1485210 795
1485220 797
1485230 799
1485240 799
1485250 799
1485260 799
1485270 799
1485280 798
1485290 796
1485300 796
1485310 795
1485320 793
1485330 793
1485340 791
1485350 787
1485360 787
1485370 783
1485380 785
1485390 785
1485400 789
1485410 790
1485420 790
1485430 790
1485440 789
1485450 790
1485460 790
1485470 791
1485480 791
1485490 791
1485500 790
1485510 788
1485520 788
1485530 786
1485540 785
1485550 785
1485560 780
1485570 773
1485580 773
1485590 766
1485600 760
1485610 760
1485620 755
1485630 753
1485640 753
1485650 753
1485660 753
1485670 753
1485680 752
1485690 757
1485700 757
1485710 761
1485720 765
1485730 768
1485740 768
1485750 770
1485760 771
1485770 771
1485780 774
1485790 774
1485800 774
1485810 774
1485820 774
1485830 774
1485840 776
1485850 778
1485860 778
1485870 780
1485880 782
1485890 782
1485900 785
1485910 786
1485920 786
1485930 788
1485940 789
1485950 789
1485960 790
1485970 790
1485980 790
1485990 789
1486000 789
1486010 789
1486020 789
1486030 789
1486040 790
1486050 790
1486060 791
1486070 792
1486080 792
1486090 793
1486100 793
1486110 793
1486120 793
1486130 793
1486140 793
1486150 793
1486160 792
1486170 792
1486180 792
1486190 791
1486200 791
1486210 791
1486220 791
1486230 791
1486240 793
1486250 795
1486260 795
1486270 797
1486280 799
1486290 799
1486300 801
1486310 803
1486320 805
1486330 805
1486340 806
1486350 807
1486360 807
1486370 807
1486380 807
1486390 807
1486400 807
1486410 807
1486420 807
1486430 806
1486440 807
1486450 807
1486460 807
1486470 807
1486480 807
1486490 807
1486500 807
1486510 807
1486520 808
1486530 810
1486540 810
1486550 811
1486560 811
1486570 811
1486580 811
1486590 810
1486600 810
1486610 809
1486620 808
1486630 807
1486640 807
1486650 806
1486660 805
1486670 805
1486680 804
1486690 803
1486700 803
1486710 803
1486720 802
1486730 802
1486740 801
1486750 800
1486760 800
1486770 799
1486780 797
1486790 797
1486800 797
1486810 796
1486820 796
1486830 796
1486840 795
1486850 795
1486860 796
1486870 796
1486880 796
1486890 796
1486900 797
1486910 797
1486920 797
1486930 797
1486940 797
1486950 797
1486960 797
1486970 797
1486980 797
1486990 797
1487000 797
1487010 797
1487020 797
1487030 797
1487040 797
1487050 797
1487060 797
1487070 797
1487080 797
1487090 797
1487100 797
1487110 797
1487120 798
1487130 798
1487140 798
1487150 798
1487160 798
1487170 799
1487180 800
1487190 800
1487200 800
1487210 801
1487220 801
1487230 802
1487240 803
1487250 803
1487260 803
1487270 803
1487280 804
1487290 804
1487300 805
1487310 806
1487320 806
1487330 806
1487340 807
1487350 807
1487360 807
1487370 807
1487380 807
1487390 807
1487400 806
1487410 806
1487420 806
1487430 807
1487440 807
1487450 809
1487460 810
1487470 810
1487480 811
1487490 811
1487500 811
1487510 811
1487520 812
1487530 812
1487540 813
1487550 813
1487560 813
1487570 813
1487580 812
1487590 810
1487600 810
1487610 806
1487620 803
1487630 803
1487640 802
1487650 806
1487660 806
1487670 810
1487680 815
1487690 815
1487700 817
1487710 816
1487720 816
1487730 814
1487740 811
1487750 811
1487760 811
1487770 811
1487780 811
1487790 812
1487800 814
1487810 814
1487820 815
1487830 815
1487840 815
1487850 815
1487860 815
1487870 815
1487880 815
1487890 816
1487900 817
1487910 817
1487920 819
1487930 820
1487940 820
1487950 822
1487960 825
1487970 825
1487980 827
1487990 828
1488000 828
1488010 828
1488020 828
1488030 828
1488040 828
1488050 828
1488060 828
1488070 828
1488080 829
1488090 829
1488100 829
1488110 830
1488120 830
1488130 831
1488140 831
1488150 832
1488160 832
1488170 832
1488180 832
1488190 832
1488200 833
1488210 833
1488220 833
1488230 833
1488240 834
1488250 834
1488260 834
1488270 834
1488280 834
1488290 834
1488300 836
1488310 836
1488320 837
1488330 838
1488340 838
1488350 837
1488360 836
1488370 836
1488380 836
1488390 836
1488400 836
1488410 836
1488420 836
1488430 836
1488440 836
1488450 836
1488460 836
1488470 836
1488480 835
1488490 836
1488500 836
1488510 837
1488520 837
1488530 837
1488540 838
1488550 838
1488560 838
1488570 838
1488580 838
1488590 838
1488600 839
1488610 839
1488620 839
1488630 840
1488640 840
1488650 840
1488660 841
1488670 841
1488680 841
1488690 842
1488700 842
1488710 842
1488720 843
1488730 843
1488740 843
1488750 844
1488760 844
1488770 845
1488780 845
1488790 845
1488800 846
1488810 846
1488820 847
1488830 847
1488840 847
1488850 848
1488860 849
1488870 849
1488880 849
1488890 849
1488900 849
1488910 849
1488920 849
1488930 849
1488940 849
1488950 850
1488960 850
1488970 850
1488980 850
1488990 850
1489000 850
1489010 850
1489020 850
1489030 850
1489040 850
1489050 850
1489060 850
1489070 849
1489080 849
1489090 849
1489100 848
1489110 847
1489120 847
1489130 846
1489140 846
1489150 846
1489160 846
1489170 847
1489180 847
1489190 847
1489200 847
1489210 847
1489220 847
1489230 848
1489240 848
1489250 848
1489260 848
1489270 848
1489280 848
1489290 846
1489300 846
1489310 843
1489320 841
1489330 841
1489340 844
1489350 847
1489360 847
1489370 852
1489380 854
1489390 856
1489400 856
1489410 857
1489420 858
1489430 858
1489440 858
1489450 859
1489460 859
1489470 859
1489480 859
1489490 859
1489500 859
1489510 859
1489520 859
1489530 859
1489540 860
1489550 860
1489560 860
1489570 860
1489580 860
1489590 861
1489600 861
1489610 861
1489620 862
1489630 862
1489640 862
1489650 862
1489660 863
1489670 863
1489680 864
1489690 865
1489700 865
1489710 865
1489720 867
1489730 868
1489740 868
1489750 871
1489760 875
1489770 875
1489780 879
1489790 882
1489800 882
1489810 884
1489820 884
1489830 884
1489840 883
1489850 881
1489860 881
1489870 880
1489880 880
1489890 880
1489900 882
1489910 884
1489920 884
1489930 885
1489940 886
1489950 886
1489960 887
1489970 891
1489980 894
1489990 894
1490000 897
1490010 900
1490020 900
1490030 902
1490040 904
1490050 904
1490060 907
1490070 910
1490080 910
1490090 912
1490100 913
1490110 913
1490120 915
1490130 918
1490140 918
1490150 921
1490160 925
1490170 925
1490180 928
1490190 932
1490200 932
1490210 935
1490220 939
1490230 939
1490240 942
1490250 945
1490260 945
1490270 947
1490280 950
1490290 953
1490300 953
1490310 955
1490320 956
1490330 956
1490340 956
1490350 957
1490360 957
1490370 960
1490380 963
1490390 963
1490400 966
1490410 968
1490420 968
1490430 970
1490440 974
1490450 974
1490460 977
1490470 979
1490480 979
1490490 981
1490500 987
1490510 987
1490520 990
1490530 994
1490540 994
1490550 999
1490560 1004
1490570 1004
1490580 1009
1490590 1013
1490600 1017
1490610 1017
1490620 1021
1490630 1023
1490640 1023
1490650 1025
1490660 1027
1490670 1027
1490680 1030
1490690 1032
1490700 1032
1490710 1034
1490720 1036
1490730 1036
1490740 1038
1490750 1040
1490760 1040
1490770 1042
1490780 1045
1490790 1045
1490800 1047
1490810 1048
1490820 1048
1490830 1049
1490840 1050
1490850 1050
1490860 1051
1490870 1051
1490880 1051
1490890 1052
1490900 1052
1490910 1052
1490920 1052
1490930 1052
1490940 1052
1490950 1052
1490960 1051
1490970 1050
1490980 1050
1490990 1050
1491000 1050
1491010 1050
1491020 1049
1491030 1049
1491040 1049
1491050 1048
1491060 1047
1491070 1047
1491080 1046
1491090 1045
1491100 1045
1491110 1043
1491120 1042
1491130 1042
1491140 1041
1491150 1040
1491160 1040
1491170 1038
1491180 1035
1491190 1035
1491200 1031
1491210 1024
1491220 1018
1491230 1018
1491240 1015
1491250 1014
1491260 1014
1491270 1011
1491280 1007
1491290 1007
1491300 1002
1491310 995
1491320 995
1491330 988
1491340 983
1491350 983
1491360 974
1491370 968
1491380 968
1491390 962
1491400 957
1491410 957
1491420 954
1491430 951
1491440 951
1491450 949
1491460 946
1491470 946
1491480 944
1491490 940
1491500 940
1491510 937
1491520 934
1491530 929
1491540 929
1491550 927
1491560 927
1491570 927
1491580 923
1491590 920
1491600 920
1491610 918
1491620 912
1491630 912
1491640 906
1491650 901
1491660 901
1491670 898
1491680 898
1491690 898
1491700 901
1491710 906
1491720 906
1491730 907
1491740 906
1491750 906
1491760 905
1491770 903
1491780 903
1491790 901
1491800 898
1491810 896
1491820 896
1491830 895
1491840 895
1491850 895
1491860 894
1491870 892
1491880 892
1491890 891
1491900 890
1491910 890
1491920 889
1491930 888
1491940 888
1491950 888
1491960 887
1491970 887
1491980 886
1491990 885
1492000 885
1492010 881
1492020 877
1492030 877
1492040 876
1492050 874
1492060 874
1492070 875
1492080 875
1492090 875
1492100 875
1492110 874
1492120 873
1492130 873
1492140 872
1492150 871
1492160 871
1492170 871
1492180 869
1492190 869
1492200 867
1492210 866
1492220 866
1492230 864
1492240 862
1492250 862
1492260 861
1492270 858
1492280 858
1492290 855
1492300 853
1492310 853
1492320 849
1492330 847
1492340 847
1492350 846
1492360 845
1492370 845
1492380 844
1492390 843
1492400 843
1492410 842
1492420 842
1492430 842
1492440 842
1492450 842
1492460 842
1492470 842
1492480 842
1492490 842
1492500 842
1492510 842
1492520 842
1492530 842
1492540 842
1492550 840
1492560 840
1492570 839
1492580 838
1492590 838
1492600 838
1492610 839
1492620 839
1492630 842
1492640 843
1492650 843
1492660 843
1492670 843
1492680 843
1492690 843
1492700 843
1492710 843
1492720 844
1492730 844
1492740 845
1492750 845
1492760 845
1492770 846
1492780 846
1492790 846
1492800 847
1492810 847
1492820 849
1492830 851
1492840 851
1492850 852
1492860 853
1492870 851
1492880 850
1492890 851
1492900 851
1492910 852
1492920 852
1492930 852
1492940 852
1492950 853
1492960 853
1492970 854
1492980 856
1492990 856
1493000 859
1493010 860
1493020 860
1493030 859
1493040 862
1493050 864
1493060 864
1493070 865
1493080 869
1493090 869
1493100 874
1493110 878
1493120 878
1493130 880
1493140 883
1493150 883
1493160 886
1493170 889
1493180 889
1493190 890
1493200 892
1493210 892
1493220 896
1493230 899
1493240 899
1493250 901
1493260 903
1493270 903
1493280 905
1493290 906
1493300 906
1493310 908
1493320 911
1493330 911
1493340 913
1493350 915
1493360 918
1493370 918
1493380 920
1493390 922
1493400 922
1493410 925
1493420 928
1493430 928
1493440 931
1493450 934
1493460 934
1493470 937
1493480 939
1493490 939
1493500 942
1493510 943
1493520 943
1493530 945
1493540 946
1493550 946
1493560 948
1493570 950
1493580 950
1493590 951
1493600 953
1493610 953
1493620 955
1493630 956
1493640 957
1493650 957
1493660 958
1493670 960
1493680 960
1493690 962
1493700 965
1493710 965
1493720 966
1493730 968
1493740 968
1493750 970
1493760 972
1493770 972
1493780 975
1493790 977
1493800 977
1493810 979
1493820 981
1493830 981
1493840 983
1493850 984
1493860 984
1493870 985
1493880 987
1493890 987
1493900 988
1493910 989
1493920 989
1493930 990
1493940 989
1493950 990
1493960 990
1493970 993
1493980 994
1493990 994
1494000 994
1494010 992
1494020 992
1494030 988
1494040 983
1494050 983
1494060 978
1494070 972
1494080 972
1494090 969
1494100 967
1494110 967
1494120 962
1494130 959
1494140 959
1494150 955
1494160 951
1494170 951
1494180 945
1494190 936
1494200 936
1494210 929
1494220 925
1494230 925
1494240 924
1494250 925
1494260 927
1494270 927
1494280 928
1494290 929
1494300 929
1494310 931
1494320 932
1494330 932
1494340 934
1494350 935
1494360 935
1494370 935
1494380 935
1494390 935
1494400 938
1494410 941
1494420 941
1494430 942
1494440 944
1494450 944
1494460 947
1494470 949
1494480 949
1494490 951
1494500 953
1494510 953
1494520 956
1494530 961
1494540 961
1494550 965
1494560 970
1494570 975
1494580 975
1494590 979
1494600 985
1494610 985
1494620 991
1494630 996
1494640 996
1494650 1001
1494660 1006
1494670 1006
1494680 1011
1494690 1016
1494700 1016
1494710 1022
1494720 1027
1494730 1027
1494740 1032
1494750 1037
1494760 1037
1494770 1044
1494780 1048
1494790 1048
1494800 1052
1494810 1055
1494820 1055
1494830 1059
1494840 1062
1494850 1062
1494860 1065
1494870 1069
1494880 1073
1494890 1073
1494900 1077
1494910 1082
1494920 1082
1494930 1087
1494940 1092
1494950 1092
1494960 1096
1494970 1100
1494980 1100
1494990 1105
1495000 1108
1495010 1108
1495020 1111
1495030 1115
1495040 1115
1495050 1119
1495060 1124
1495070 1124
1495080 1128
1495090 1133
1495100 1133
1495110 1136
1495120 1140
1495130 1140
1495140 1143
1495150 1146
1495160 1146
1495170 1150
1495180 1154
1495190 1157
1495200 1157
1495210 1160
1495220 1163
1495230 1163
1495240 1169
1495250 1173
1495260 1173
1495270 1176
1495280 1178
1495290 1178
1495300 1180
1495310 1182
1495320 1182
1495330 1183
1495340 1184
1495350 1184
1495360 1184
1495370 1185
1495380 1185
1495390 1186
1495400 1187
1495410 1187
1495420 1188
1495430 1189
1495440 1189
1495450 1189
1495460 1189
1495470 1190
1495480 1190
1495490 1191
1495500 1191
1495510 1191
1495520 1191
1495530 1191
1495540 1191
1495550 1192
1495560 1193
1495570 1193
1495580 1195
1495590 1197
1495600 1197
1495610 1198
1495620 1198
1495630 1198
1495640 1198
1495650 1198
1495660 1198
1495670 1198
1495680 1199
1495690 1199
1495700 1200
1495710 1200
1495720 1200
1495730 1201
1495740 1201
1495750 1201
1495760 1201
1495770 1202
1495780 1202
1495790 1202
1495800 1203
1495810 1203
1495820 1203
1495830 1203
1495840 1203
1495850 1203
1495860 1204
1495870 1204
1495880 1204
1495890 1204
1495900 1204
1495910 1204
1495920 1203
1495930 1203
1495940 1203
1495950 1203
1495960 1203
1495970 1203
1495980 1203
1495990 1203
1496000 1203
1496010 1201
1496020 1197
1496030 1197
1496040 1192
1496050 1188
1496060 1188
1496070 1186
1496080 1182
1496090 1179
1496100 1179
1496110 1175
1496120 1169
1496130 1169
1496140 1162
1496150 1155
1496160 1155
1496170 1150
1496180 1147
1496190 1147
1496200 1143
1496210 1138
1496220 1138
1496230 1133
1496240 1133
1496250 1133
1496260 1130
1496270 1126
1496280 1126
1496290 1122
1496300 1117
1496310 1117
1496320 1112
1496330 1108
1496340 1108
1496350 1103
1496360 1099
1496370 1099
1496380 1095
1496390 1090
1496400 1086
1496410 1086
1496420 1082
1496430 1076
1496440 1076
1496450 1073
1496460 1068
1496470 1068
1496480 1063
1496490 1058
1496500 1058
1496510 1052
1496520 1045
1496530 1045
1496540 1039
1496550 1032
1496560 1032
1496570 1023
1496580 1013
1496590 1013
1496600 1005
1496610 1003
1496620 1003
1496630 999
1496640 993
1496650 993
1496660 988
1496670 987
1496680 987
1496690 988
1496700 995
1496710 1004
1496720 1004
1496730 1011
1496740 1019
1496750 1019
1496760 1026
1496770 1031
1496780 1031
1496790 1035
1496800 1039
1496810 1039
1496820 1043
1496830 1049
1496840 1049
1496850 1053
1496860 1057
1496870 1057
1496880 1062
1496890 1068
1496900 1068
1496910 1073
1496920 1079
1496930 1079
1496940 1085
1496950 1091
1496960 1091
1496970 1098
1496980 1100
1496990 1100
1497000 1104
1497010 1112
1497020 1117
1497030 1117
1497040 1122
1497050 1128
1497060 1128
1497070 1135
1497080 1141
1497090 1141
1497100 1148
1497110 1155
1497120 1155
1497130 1161
1497140 1166
1497150 1166
1497160 1171
1497170 1176
1497180 1176
1497190 1182
1497200 1188
1497210 1188
1497220 1194
1497230 1202
1497240 1202
1497250 1207
1497260 1216
1497270 1216
1497280 1223
1497290 1229
1497300 1235
1497310 1235
1497320 1242
1497330 1248
1497340 1248
1497350 1254
1497360 1260
1497370 1260
1497380 1265
1497390 1268
1497400 1268
1497410 1269
1497420 1271
1497430 1271
1497440 1272
1497450 1273
1497460 1273
1497470 1276
1497480 1280
1497490 1280
1497500 1285
1497510 1289
1497520 1289
1497530 1290
1497540 1288
1497550 1288
1497560 1285
1497570 1283
1497580 1283
1497590 1282
1497600 1281
1497610 1282
1497620 1282
1497630 1283
1497640 1283
1497650 1283
1497660 1283
1497670 1284
1497680 1284
1497690 1288
1497700 1290
1497710 1290
1497720 1291
1497730 1291
1497740 1291
1497750 1291
1497760 1290
1497770 1290
1497780 1291
1497790 1294
1497800 1294
1497810 1296
1497820 1298
1497830 1298
1497840 1300
1497850 1301
1497860 1301
1497870 1303
1497880 1305
1497890 1305
1497900 1308
1497910 1310
1497920 1312
1497930 1312
1497940 1312
1497950 1313
1497960 1313
1497970 1314
1497980 1314
1497990 1314
1498000 1315
1498010 1315
1498020 1315
1498030 1316
1498040 1318
1498050 1318
1498060 1319
1498070 1321
1498080 1321
1498090 1323
1498100 1325
1498110 1325
1498120 1327
1498130 1329
1498140 1329
1498150 1331
1498160 1334
1498170 1334
1498180 1338
1498190 1342
1498200 1342
1498210 1345
1498220 1350
1498230 1356
1498240 1356
1498250 1361
1498260 1364
1498270 1364
1498280 1368
1498290 1371
1498300 1371
1498310 1374
1498320 1375
1498330 1375
1498340 1378
1498350 1380
1498360 1380
1498370 1381
1498380 1383
1498390 1383
1498400 1384
1498410 1384
1498420 1384
1498430 1383
1498440 1380
1498450 1380
1498460 1376
1498470 1372
1498480 1372
1498490 1369
1498500 1367
1498510 1367
1498520 1364
1498530 1361
1498540 1358
1498550 1358
1498560 1353
1498570 1346
1498580 1346
1498590 1341
1498600 1339
1498610 1339
1498620 1336
1498630 1334
1498640 1334
1498650 1333
1498660 1330
1498670 1330
1498680 1327
1498690 1321
1498700 1321
1498710 1316
1498720 1314
1498730 1314
1498740 1313
1498750 1311
1498760 1311
1498770 1309
1498780 1304
1498790 1304
1498800 1303
1498810 1305
1498820 1305
1498830 1305
1498840 1304
1498850 1303
1498860 1303
1498870 1302
1498880 1301
1498890 1301
1498900 1301
1498910 1300
1498920 1300
1498930 1297
1498940 1297
1498950 1297
1498960 1296
1498970 1297
1498980 1297
1498990 1297
1499000 1297
1499010 1297
1499020 1298
1499030 1296
1499040 1296
1499050 1291
1499060 1287
1499070 1287
1499080 1286
1499090 1285
1499100 1285
1499110 1286
1499120 1280
1499130 1273
1499140 1273
1499150 1273
1499160 1280
1499170 1280
1499180 1291
1499190 1296
1499200 1296
1499210 1305
1499220 1311
1499230 1311
1499240 1315
1499250 1318
1499260 1318
1499270 1321
1499280 1325
1499290 1325
1499300 1330
1499310 1335
1499320 1335
1499330 1338
1499340 1341
1499350 1341
1499360 1345
1499370 1349
1499380 1349
1499390 1354
1499400 1360
1499410 1360
1499420 1365
1499430 1368
1499440 1372
1499450 1372
1499460 1377
1499470 1383
1499480 1383
1499490 1390
1499500 1394
1499510 1394
1499520 1394
1499530 1396
1499540 1396
1499550 1400
1499560 1405
1499570 1405
1499580 1411
1499590 1417
1499600 1417
1499610 1422
1499620 1426
1499630 1426
1499640 1431
1499650 1436
1499660 1436
1499670 1442
1499680 1447
1499690 1447
1499700 1452
1499710 1455
1499720 1455
1499730 1458
1499740 1461
1499750 1466
1499760 1466
1499770 1474
1499780 1481
1499790 1481
1499800 1487
1499810 1493
1499820 1493
1499830 1499
1499840 1505
1499850 1505
1499860 1512
1499870 1519
1499880 1519
1499890 1526
1499900 1534
1499910 1534
1499920 1539
1499930 1542
1499940 1542
1499950 1546
1499960 1549
1499970 1549
1499980 1553
1499990 1556
