1480000 1022
1480010 1018
1480020 1013
1480030 1013
1480040 1009
1480050 1006
1480060 1006
1480070 1003
1480080 998
1480090 998
1480100 992
1480110 986
1480120 986
1480130 980
1480140 974
1480150 970
1480160 970
1480170 966
1480180 964
1480190 964
1480200 963
1480210 956
1480220 956
1480230 945
1480240 936
1480250 936
1480260 929
1480270 922
1480280 922
1480290 915
1480300 911
1480310 911
1480320 910
1480330 911
1480340 911
1480350 911
1480360 914
1480370 914
1480380 922
1480390 930
1480400 930
1480410 938
1480420 939
1480430 939
1480440 940
1480450 940
1480460 939
1480470 939
1480480 938
1480490 938
1480500 938
1480510 936
1480520 936
1480530 936
1480540 935
1480550 936
1480560 936
1480570 935
1480580 935
1480590 935
1480600 933
1480610 931
1480620 931
1480630 932
1480640 934
1480650 934
1480660 937
1480670 944
1480680 944
1480690 951
1480700 957
1480710 957
1480720 961
1480730 964
1480740 964
1480750 968
1480760 970
1480770 973
1480780 973
1480790 976
1480800 979
1480810 979
1480820 982
1480830 985
1480840 985
1480850 988
1480860 991
1480870 991
1480880 994
1480890 997
1480900 997
1480910 1000
1480920 1002
1480930 1002
1480940 1003
1480950 1005
1480960 1005
1480970 1006
1480980 1006
1480990 1006
1481000 1006
1481010 1007
1481020 1007
1481030 1009
1481040 1012
1481050 1012
1481060 1015
1481070 1017
1481080 1018
1481090 1018
1481100 1016
1481110 1013
1481120 1013
1481130 1009
1481140 1006
1481150 1006
1481160 1009
1481170 1013
1481180 1013
1481190 1019
1481200 1025
1481210 1025
1481220 1031
1481230 1038
1481240 1038
1481250 1044
1481260 1051
1481270 1051
1481280 1057
1481290 1063
1481300 1063
1481310 1066
1481320 1067
1481330 1067
1481340 1068
1481350 1069
1481360 1069
1481370 1069
1481380 1069
1481390 1068
1481400 1068
1481410 1067
1481420 1066
1481430 1066
1481440 1063
1481450 1059
1481460 1059
1481470 1054
1481480 1049
1481490 1049
1481500 1043
1481510 1039
1481520 1039
1481530 1040
1481540 1044
1481550 1044
1481560 1048
1481570 1052
1481580 1052
1481590 1055
1481600 1055
1481610 1055
1481620 1053
1481630 1050
1481640 1050
1481650 1044
1481660 1041
1481670 1041
1481680 1039
1481690 1035
1481700 1028
1481710 1028
1481720 1023
1481730 1017
1481740 1017
1481750 1011
1481760 1005
1481770 1005
1481780 999
1481790 993
1481800 993
1481810 987
1481820 981
1481830 981
1481840 975
1481850 969
1481860 969
1481870 962
1481880 957
1481890 957
1481900 951
1481910 946
1481920 946
1481930 941
1481940 935
1481950 935
1481960 927
1481970 918
1481980 918
1481990 911
1482000 905
1482010 902
1482020 902
1482030 897
1482040 889
1482050 889
1482060 880
1482070 872
1482080 872
1482090 863
1482100 854
1482110 854
1482120 846
1482130 845
1482140 845
1482150 846
1482160 847
1482170 847
1482180 847
1482190 847
1482200 847
1482210 848
1482220 858
1482230 858
1482240 870
1482250 879
1482260 879
1482270 888
1482280 895
1482290 895
1482300 903
1482310 911
1482320 917
1482330 917
1482340 924
1482350 931
1482360 931
1482370 938
1482380 945
1482390 945
1482400 953
1482410 961
1482420 961
1482430 970
1482440 978
1482450 978
1482460 986
1482470 994
1482480 994
1482490 1003
1482500 1011
1482510 1011
1482520 1019
1482530 1027
1482540 1027
1482550 1034
1482560 1042
1482570 1042
1482580 1049
1482590 1056
1482600 1056
1482610 1064
1482620 1072
1482630 1078
1482640 1078
1482650 1085
1482660 1092
1482670 1092
1482680 1098
1482690 1105
1482700 1105
1482710 1111
1482720 1117
1482730 1117
1482740 1124
1482750 1131
1482760 1131
1482770 1137
1482780 1144
1482790 1144
1482800 1150
1482810 1157
1482820 1157
1482830 1162
1482840 1168
1482850 1168
1482860 1174
1482870 1178
1482880 1178
1482890 1183
1482900 1186
1482910 1186
1482920 1190
1482930 1193
1482940 1197
1482950 1197
1482960 1201
1482970 1205
1482980 1205
1482990 1208
1483000 1212
1483010 1212
1483020 1215
1483030 1219
1483040 1219
1483050 1222
1483060 1225
1483070 1225
1483080 1228
1483090 1231
1483100 1231
1483110 1235
1483120 1238
1483130 1238
1483140 1241
1483150 1242
1483160 1242
1483170 1243
1483180 1244
1483190 1244
1483200 1246
1483210 1246
1483220 1246
1483230 1247
1483240 1247
1483250 1246
1483260 1246
1483270 1244
1483280 1242
1483290 1242
1483300 1242
1483310 1244
1483320 1244
1483330 1248
1483340 1254
1483350 1254
1483360 1260
1483370 1268
1483380 1268
1483390 1275
1483400 1281
1483410 1281
1483420 1288
1483430 1293
1483440 1293
1483450 1298
1483460 1301
1483470 1301
1483480 1304
1483490 1307
1483500 1307
1483510 1310
1483520 1312
1483530 1312
1483540 1313
1483550 1315
1483560 1317
1483570 1317
1483580 1320
1483590 1322
1483600 1322
1483610 1324
1483620 1326
1483630 1326
1483640 1328
1483650 1329
1483660 1329
1483670 1331
1483680 1334
1483690 1334
1483700 1336
1483710 1340
1483720 1340
1483730 1344
1483740 1346
1483750 1346
1483760 1349
1483770 1351
1483780 1351
1483790 1352
1483800 1354
1483810 1354
1483820 1356
1483830 1358
1483840 1358
1483850 1360
1483860 1362
1483870 1364
1483880 1364
1483890 1365
1483900 1367
1483910 1367
1483920 1369
1483930 1370
1483940 1370
1483950 1371
1483960 1374
1483970 1374
1483980 1375
1483990 1377
1484000 1377
1484010 1379
1484020 1381
1484030 1381
1484040 1383
1484050 1384
1484060 1384
1484070 1386
1484080 1387
1484090 1387
1484100 1388
1484110 1389
1484120 1389
1484130 1391
1484140 1392
1484150 1392
1484160 1393
1484170 1394
1484180 1394
1484190 1394
1484200 1395
1484210 1397
1484220 1397
1484230 1399
1484240 1400
1484250 1400
1484260 1401
1484270 1402
1484280 1402
1484290 1402
1484300 1403
1484310 1403
1484320 1403
1484330 1404
1484340 1404
1484350 1404
1484360 1404
1484370 1404
1484380 1403
1484390 1402
1484400 1402
1484410 1401
1484420 1399
1484430 1399
1484440 1398
1484450 1397
1484460 1397
1484470 1396
1484480 1394
1484490 1393
1484500 1393
1484510 1391
1484520 1390
1484530 1390
1484540 1389
1484550 1388
1484560 1388
1484570 1386
1484580 1384
1484590 1384
1484600 1382
1484610 1380
1484620 1380
1484630 1378
1484640 1377
1484650 1377
1484660 1376
1484670 1375
1484680 1375
1484690 1373
1484700 1372
1484710 1372
1484720 1370
1484730 1368
1484740 1368
1484750 1365
1484760 1362
1484770 1362
1484780 1361
1484790 1359
1484800 1358
1484810 1358
1484820 1357
1484830 1358
1484840 1358
1484850 1358
1484860 1356
1484870 1356
1484880 1353
1484890 1349
1484900 1349
1484910 1346
1484920 1341
1484930 1341
1484940 1336
1484950 1330
1484960 1330
1484970 1324
1484980 1318
1484990 1318
1485000 1313
1485010 1308
1485020 1308
1485030 1303
1485040 1299
1485050 1299
1485060 1294
1485070 1290
1485080 1290
1485090 1285
1485100 1280
1485110 1274
1485120 1274
1485130 1268
1485140 1264
1485150 1264
1485160 1258
1485170 1252
1485180 1252
1485190 1247
1485200 1241
1485210 1241
1485220 1236
1485230 1231
1485240 1231
1485250 1226
1485260 1223
1485270 1223
1485280 1219
1485290 1216
1485300 1216
1485310 1212
1485320 1209
1485330 1209
1485340 1205
1485350 1201
1485360 1201
1485370 1196
1485380 1191
1485390 1191
1485400 1185
1485410 1180
1485420 1175
1485430 1175
1485440 1171
1485450 1166
1485460 1166
1485470 1162
1485480 1158
1485490 1158
1485500 1154
1485510 1151
1485520 1151
1485530 1147
1485540 1144
1485550 1144
1485560 1140
1485570 1136
1485580 1136
1485590 1132
1485600 1129
1485610 1129
1485620 1125
1485630 1121
1485640 1121
1485650 1117
1485660 1112
1485670 1112
1485680 1108
1485690 1103
1485700 1103
1485710 1098
1485720 1092
1485730 1086
1485740 1086
1485750 1081
1485760 1076
1485770 1076
1485780 1071
1485790 1066
1485800 1066
1485810 1061
1485820 1055
1485830 1055
1485840 1050
1485850 1045
1485860 1045
1485870 1040
1485880 1034
1485890 1034
1485900 1029
1485910 1024
1485920 1024
1485930 1019
1485940 1013
1485950 1013
1485960 1008
1485970 1004
1485980 1004
1485990 999
1486000 994
1486010 994
1486020 990
1486030 985
1486040 981
1486050 981
1486060 977
1486070 972
1486080 972
1486090 968
1486100 965
1486110 965
1486120 959
1486130 953
1486140 953
1486150 948
1486160 944
1486170 944
1486180 942
1486190 940
1486200 940
1486210 937
1486220 933
1486230 933
1486240 930
1486250 925
1486260 925
1486270 921
1486280 916
1486290 916
1486300 910
1486310 905
1486320 905
1486330 902
1486340 900
1486350 896
1486360 896
1486370 892
1486380 887
1486390 887
1486400 883
1486410 880
1486420 880
1486430 877
1486440 873
1486450 873
1486460 869
1486470 865
1486480 865
1486490 861
1486500 859
1486510 859
1486520 857
1486530 855
1486540 855
1486550 850
1486560 846
1486570 846
1486580 842
1486590 839
1486600 839
1486610 836
1486620 834
1486630 834
1486640 832
1486650 831
1486660 831
1486670 831
1486680 830
1486690 829
1486700 829
1486710 828
1486720 827
1486730 827
1486740 826
1486750 825
1486760 825
1486770 826
1486780 826
1486790 826
1486800 826
1486810 826
1486820 826
1486830 825
1486840 825
1486850 825
1486860 823
1486870 821
1486880 821
1486890 817
1486900 815
1486910 815
1486920 815
1486930 815
1486940 815
1486950 812
1486960 810
1486970 812
1486980 812
1486990 815
1487000 818
1487010 818
1487020 822
1487030 825
1487040 825
1487050 829
1487060 832
1487070 832
1487080 834
1487090 837
1487100 837
1487110 840
1487120 843
1487130 843
1487140 845
1487150 847
1487160 847
1487170 848
1487180 850
1487190 850
1487200 852
1487210 854
1487220 854
1487230 857
1487240 860
1487250 860
1487260 864
1487270 868
1487280 871
1487290 871
1487300 872
1487310 872
1487320 872
1487330 872
1487340 874
1487350 874
1487360 879
1487370 885
1487380 885
1487390 889
1487400 891
1487410 891
1487420 892
1487430 893
1487440 893
1487450 893
1487460 894
1487470 894
1487480 896
1487490 899
1487500 899
1487510 902
1487520 906
1487530 906
1487540 908
1487550 910
1487560 910
1487570 913
1487580 916
1487590 919
1487600 919
1487610 921
1487620 923
1487630 923
1487640 924
1487650 925
1487660 925
1487670 926
1487680 927
1487690 927
1487700 928
1487710 930
1487720 930
1487730 933
1487740 935
1487750 935
1487760 938
1487770 940
1487780 940
1487790 943
1487800 947
1487810 947
1487820 950
1487830 952
1487840 952
1487850 955
1487860 955
1487870 955
1487880 954
1487890 955
1487900 957
1487910 957
1487920 961
1487930 965
1487940 965
1487950 968
1487960 970
1487970 970
1487980 973
1487990 977
1488000 977
1488010 982
1488020 987
1488030 987
1488040 990
1488050 993
1488060 993
1488070 995
1488080 996
1488090 996
1488100 997
1488110 999
1488120 999
1488130 1003
1488140 1009
1488150 1009
1488160 1013
1488170 1015
1488180 1015
1488190 1017
1488200 1020
1488210 1025
1488220 1025
1488230 1030
1488240 1036
1488250 1036
1488260 1040
1488270 1042
1488280 1042
1488290 1045
1488300 1047
1488310 1047
1488320 1049
1488330 1050
1488340 1050
1488350 1053
1488360 1057
1488370 1057
1488380 1063
1488390 1069
1488400 1069
1488410 1074
1488420 1078
1488430 1078
1488440 1081
1488450 1086
1488460 1086
1488470 1091
1488480 1096
1488490 1096
1488500 1102
1488510 1107
1488520 1114
1488530 1114
1488540 1121
1488550 1126
1488560 1126
1488570 1133
1488580 1141
1488590 1141
1488600 1147
1488610 1154
1488620 1154
1488630 1160
1488640 1167
1488650 1167
1488660 1173
1488670 1179
1488680 1179
1488690 1184
1488700 1189
1488710 1189
1488720 1194
1488730 1198
1488740 1198
1488750 1202
1488760 1205
1488770 1205
1488780 1208
1488790 1211
1488800 1211
1488810 1214
1488820 1216
1488830 1219
1488840 1219
1488850 1220
1488860 1217
1488870 1217
1488880 1210
1488890 1202
1488900 1202
1488910 1195
1488920 1190
1488930 1190
1488940 1185
1488950 1181
1488960 1181
1488970 1178
1488980 1176
1488990 1176
1489000 1173
1489010 1171
1489020 1171
1489030 1170
1489040 1168
1489050 1168
1489060 1167
1489070 1164
1489080 1164
1489090 1160
1489100 1154
1489110 1154
1489120 1151
1489130 1144
1489140 1138
1489150 1138
1489160 1133
1489170 1126
1489180 1126
1489190 1120
1489200 1114
1489210 1114
1489220 1107
1489230 1101
1489240 1101
1489250 1095
1489260 1090
1489270 1090
1489280 1086
1489290 1081
1489300 1081
1489310 1077
1489320 1075
1489330 1075
1489340 1072
1489350 1070
1489360 1070
1489370 1067
1489380 1064
1489390 1064
1489400 1060
1489410 1056
1489420 1056
1489430 1053
1489440 1049
1489450 1045
1489460 1045
1489470 1038
1489480 1034
1489490 1034
1489500 1036
1489510 1038
1489520 1038
1489530 1040
1489540 1042
1489550 1042
1489560 1043
1489570 1045
1489580 1045
1489590 1046
1489600 1048
1489610 1048
1489620 1049
1489630 1051
1489640 1051
1489650 1052
1489660 1055
1489670 1055
1489680 1057
1489690 1060
1489700 1060
1489710 1063
1489720 1066
1489730 1066
1489740 1069
1489750 1073
1489760 1077
1489770 1077
1489780 1081
1489790 1085
1489800 1085
1489810 1087
1489820 1090
1489830 1090
1489840 1093
1489850 1096
1489860 1096
1489870 1098
1489880 1101
1489890 1101
1489900 1104
1489910 1107
1489920 1107
1489930 1110
1489940 1114
1489950 1114
1489960 1117
1489970 1121
1489980 1121
1489990 1125
1490000 1130
1490010 1130
1490020 1134
1490030 1138
1490040 1138
1490050 1142
1490060 1146
1490070 1149
1490080 1149
1490090 1152
1490100 1156
1490110 1156
1490120 1160
1490130 1163
1490140 1163
1490150 1167
1490160 1171
1490170 1171
1490180 1175
1490190 1180
1490200 1180
1490210 1185
1490220 1189
1490230 1189
1490240 1193
1490250 1197
1490260 1197
1490270 1201
1490280 1205
1490290 1205
1490300 1209
1490310 1214
1490320 1214
1490330 1218
1490340 1222
1490350 1222
1490360 1226
1490370 1230
1490380 1234
1490390 1234
1490400 1235
1490410 1237
1490420 1237
1490430 1244
1490440 1252
1490450 1252
1490460 1259
1490470 1267
1490480 1267
1490490 1274
1490500 1280
1490510 1280
1490520 1286
1490530 1290
1490540 1290
1490550 1295
1490560 1300
1490570 1300
1490580 1304
1490590 1308
1490600 1308
1490610 1312
1490620 1316
1490630 1316
1490640 1319
1490650 1323
1490660 1323
1490670 1326
1490680 1329
1490690 1333
1490700 1333
1490710 1336
1490720 1338
1490730 1338
1490740 1342
1490750 1346
1490760 1346
1490770 1350
1490780 1354
1490790 1354
1490800 1356
1490810 1361
1490820 1361
1490830 1365
1490840 1370
1490850 1370
1490860 1374
1490870 1377
1490880 1377
1490890 1380
1490900 1383
1490910 1383
1490920 1387
1490930 1391
1490940 1391
1490950 1395
1490960 1398
1490970 1398
1490980 1401
1490990 1404
1491000 1407
1491010 1407
1491020 1409
1491030 1413
1491040 1413
1491050 1416
1491060 1419
1491070 1419
1491080 1422
1491090 1426
1491100 1426
1491110 1429
1491120 1432
1491130 1432
1491140 1435
1491150 1438
1491160 1438
1491170 1441
1491180 1444
1491190 1444
1491200 1447
1491210 1450
1491220 1450
1491230 1452
1491240 1456
1491250 1456
1491260 1460
1491270 1464
1491280 1464
1491290 1469
1491300 1475
1491310 1480
1491320 1480
1491330 1484
1491340 1487
1491350 1487
1491360 1490
1491370 1492
1491380 1492
1491390 1494
1491400 1496
1491410 1496
1491420 1497
1491430 1498
1491440 1498
1491450 1500
1491460 1501
1491470 1501
1491480 1502
1491490 1503
1491500 1503
1491510 1504
1491520 1504
1491530 1504
1491540 1503
1491550 1503
1491560 1503
1491570 1502
1491580 1500
1491590 1500
1491600 1499
1491610 1497
1491620 1494
1491630 1494
1491640 1490
1491650 1486
1491660 1486
1491670 1480
1491680 1476
1491690 1476
1491700 1471
1491710 1466
1491720 1466
1491730 1461
1491740 1457
1491750 1457
1491760 1453
1491770 1449
1491780 1449
1491790 1445
1491800 1442
1491810 1442
1491820 1439
1491830 1435
1491840 1435
1491850 1432
1491860 1427
1491870 1427
1491880 1423
1491890 1419
1491900 1419
1491910 1416
1491920 1413
1491930 1409
1491940 1409
1491950 1406
1491960 1402
1491970 1402
1491980 1401
1491990 1399
1492000 1399
1492010 1398
1492020 1397
1492030 1397
1492040 1396
1492050 1395
1492060 1395
1492070 1394
1492080 1394
1492090 1394
1492100 1395
1492110 1394
1492120 1394
1492130 1394
1492140 1394
1492150 1394
1492160 1396
1492170 1396
1492180 1396
1492190 1394
1492200 1391
1492210 1391
1492220 1387
1492230 1385
1492240 1382
1492250 1382
1492260 1379
1492270 1377
1492280 1377
1492290 1373
1492300 1370
1492310 1370
1492320 1367
1492330 1364
1492340 1364
1492350 1360
1492360 1356
1492370 1356
1492380 1351
1492390 1347
1492400 1347
1492410 1343
1492420 1339
1492430 1339
1492440 1335
1492450 1330
1492460 1330
1492470 1325
1492480 1321
1492490 1321
1492500 1317
1492510 1313
1492520 1313
1492530 1308
1492540 1303
1492550 1299
1492560 1299
1492570 1294
1492580 1290
1492590 1290
1492600 1286
1492610 1280
1492620 1280
1492630 1275
1492640 1270
1492650 1270
1492660 1265
1492670 1261
1492680 1261
1492690 1256
1492700 1251
1492710 1251
1492720 1245
1492730 1239
1492740 1239
1492750 1233
1492760 1228
1492770 1228
1492780 1223
1492790 1218
1492800 1218
1492810 1214
1492820 1210
1492830 1210
1492840 1207
1492850 1202
1492860 1198
1492870 1198
1492880 1194
1492890 1189
1492900 1189
1492910 1185
1492920 1180
1492930 1180
1492940 1177
1492950 1174
1492960 1174
1492970 1169
1492980 1165
1492990 1165
1493000 1162
1493010 1158
1493020 1158
1493030 1154
1493040 1151
1493050 1151
1493060 1147
1493070 1142
1493080 1142
1493090 1137
1493100 1132
1493110 1132
1493120 1127
1493130 1125
1493140 1125
1493150 1120
1493160 1115
1493170 1111
1493180 1111
1493190 1106
1493200 1101
1493210 1101
1493220 1096
1493230 1091
1493240 1091
1493250 1085
1493260 1080
1493270 1080
1493280 1075
1493290 1070
1493300 1070
1493310 1066
1493320 1061
1493330 1061
1493340 1055
1493350 1047
1493360 1047
1493370 1039
1493380 1039
1493390 1039
1493400 1040
1493410 1045
1493420 1045
1493430 1054
1493440 1061
1493450 1061
1493460 1068
1493470 1074
1493480 1080
1493490 1080
1493500 1087
1493510 1093
1493520 1093
1493530 1096
1493540 1101
1493550 1101
1493560 1104
1493570 1107
1493580 1107
1493590 1111
1493600 1114
1493610 1114
1493620 1118
1493630 1122
1493640 1122
1493650 1125
1493660 1130
1493670 1130
1493680 1134
1493690 1139
1493700 1139
1493710 1145
1493720 1147
1493730 1147
1493740 1152
1493750 1156
1493760 1156
1493770 1160
1493780 1164
1493790 1168
1493800 1168
1493810 1171
1493820 1175
1493830 1175
1493840 1179
1493850 1183
1493860 1183
1493870 1186
1493880 1190
1493890 1190
1493900 1193
1493910 1196
1493920 1196
1493930 1199
1493940 1203
1493950 1203
1493960 1206
1493970 1210
1493980 1210
1493990 1214
1494000 1217
1494010 1217
1494020 1221
1494030 1224
1494040 1224
1494050 1228
1494060 1231
1494070 1231
1494080 1233
1494090 1236
1494100 1239
1494110 1239
1494120 1242
1494130 1246
1494140 1246
1494150 1251
1494160 1254
1494170 1254
1494180 1257
1494190 1259
1494200 1259
1494210 1261
1494220 1263
1494230 1263
1494240 1265
1494250 1267
1494260 1267
1494270 1269
1494280 1272
1494290 1272
1494300 1275
1494310 1278
1494320 1278
1494330 1282
1494340 1287
1494350 1287
1494360 1293
1494370 1296
1494380 1296
1494390 1299
1494400 1302
1494410 1304
1494420 1304
1494430 1306
1494440 1309
1494450 1309
1494460 1310
1494470 1311
1494480 1311
1494490 1313
1494500 1315
1494510 1315
1494520 1316
1494530 1316
1494540 1316
1494550 1315
1494560 1315
1494570 1315
1494580 1314
1494590 1313
1494600 1313
1494610 1311
1494620 1310
1494630 1310
1494640 1309
1494650 1308
1494660 1308
1494670 1307
1494680 1305
1494690 1305
1494700 1303
1494710 1301
1494720 1299
1494730 1299
1494740 1297
1494750 1293
1494760 1293
1494770 1289
1494780 1285
1494790 1285
1494800 1281
1494810 1277
1494820 1277
1494830 1273
1494840 1268
1494850 1268
1494860 1264
1494870 1260
1494880 1260
1494890 1256
1494900 1252
1494910 1252
1494920 1248
1494930 1245
1494940 1245
1494950 1240
1494960 1236
1494970 1236
1494980 1231
1494990 1227
1495000 1227
1495010 1224
1495020 1221
1495030 1217
1495040 1217
1495050 1213
1495060 1209
1495070 1209
1495080 1206
1495090 1202
1495100 1202
1495110 1198
1495120 1193
1495130 1193
1495140 1189
1495150 1185
1495160 1185
1495170 1180
1495180 1176
1495190 1176
1495200 1171
1495210 1167
1495220 1167
1495230 1162
1495240 1158
1495250 1158
1495260 1155
1495270 1150
1495280 1150
1495290 1146
1495300 1142
1495310 1142
1495320 1139
1495330 1135
1495340 1131
1495350 1131
1495360 1127
1495370 1123
1495380 1123
1495390 1119
1495400 1115
1495410 1115
1495420 1111
1495430 1108
1495440 1108
1495450 1104
1495460 1101
1495470 1101
1495480 1097
1495490 1094
1495500 1094
1495510 1090
1495520 1087
1495530 1087
1495540 1083
1495550 1079
1495560 1079
1495570 1076
1495580 1071
1495590 1071
1495600 1069
1495610 1066
1495620 1066
1495630 1063
1495640 1061
1495650 1058
1495660 1058
1495670 1055
1495680 1052
1495690 1052
1495700 1046
1495710 1040
1495720 1040
1495730 1033
1495740 1027
1495750 1027
1495760 1019
1495770 1011
1495780 1011
1495790 1005
1495800 1000
1495810 1000
1495820 1003
1495830 1008
1495840 1008
1495850 1014
1495860 1019
1495870 1019
1495880 1024
1495890 1030
1495900 1030
1495910 1034
1495920 1037
1495930 1037
1495940 1042
1495950 1045
1495960 1049
1495970 1049
1495980 1054
1495990 1059
1496000 1059
1496010 1065
1496020 1070
1496030 1070
1496040 1072
1496050 1075
1496060 1075
1496070 1077
1496080 1079
1496090 1079
1496100 1082
1496110 1084
1496120 1084
1496130 1088
1496140 1091
1496150 1091
1496160 1095
1496170 1099
1496180 1099
1496190 1103
1496200 1106
1496210 1106
1496220 1109
1496230 1112
1496240 1112
1496250 1116
1496260 1120
1496270 1123
1496280 1123
1496290 1126
1496300 1131
1496310 1131
1496320 1133
1496330 1135
1496340 1135
1496350 1137
1496360 1141
1496370 1141
1496380 1145
1496390 1150
1496400 1150
1496410 1155
1496420 1159
1496430 1159
1496440 1163
1496450 1166
1496460 1166
1496470 1169
1496480 1172
1496490 1172
1496500 1175
1496510 1178
1496520 1178
1496530 1181
1496540 1185
1496550 1185
1496560 1188
1496570 1191
1496580 1194
1496590 1194
1496600 1197
1496610 1200
1496620 1200
1496630 1205
1496640 1209
1496650 1209
1496660 1213
1496670 1217
1496680 1217
1496690 1221
1496700 1226
1496710 1226
1496720 1230
1496730 1234
1496740 1234
1496750 1237
1496760 1241
1496770 1241
1496780 1244
1496790 1247
1496800 1247
1496810 1249
1496820 1251
1496830 1251
1496840 1254
1496850 1257
1496860 1257
1496870 1259
1496880 1261
1496890 1264
1496900 1264
1496910 1266
1496920 1269
1496930 1269
1496940 1271
1496950 1273
1496960 1273
1496970 1275
1496980 1277
1496990 1277
1497000 1279
1497010 1280
1497020 1280
1497030 1281
1497040 1282
1497050 1282
1497060 1283
1497070 1283
1497080 1283
1497090 1284
1497100 1285
1497110 1285
1497120 1285
1497130 1285
1497140 1285
1497150 1285
1497160 1284
1497170 1284
1497180 1283
1497190 1281
1497200 1280
1497210 1280
1497220 1277
1497230 1273
1497240 1273
1497250 1269
1497260 1264
1497270 1264
1497280 1259
1497290 1254
1497300 1254
1497310 1249
1497320 1245
1497330 1245
1497340 1239
1497350 1234
1497360 1234
1497370 1228
1497380 1224
1497390 1224
1497400 1220
1497410 1215
1497420 1215
1497430 1210
1497440 1205
1497450 1205
1497460 1200
1497470 1195
1497480 1195
1497490 1189
1497500 1184
1497510 1179
1497520 1179
1497530 1176
1497540 1171
1497550 1171
1497560 1166
1497570 1161
1497580 1161
1497590 1156
1497600 1152
1497610 1152
1497620 1150
1497630 1144
1497640 1144
1497650 1139
1497660 1136
1497670 1136
1497680 1132
1497690 1126
1497700 1126
1497710 1120
1497720 1112
1497730 1112
1497740 1103
1497750 1097
1497760 1097
1497770 1097
1497780 1097
1497790 1097
1497800 1094
1497810 1090
1497820 1085
1497830 1085
1497840 1078
1497850 1072
1497860 1072
1497870 1075
1497880 1078
1497890 1078
1497900 1080
1497910 1082
1497920 1082
1497930 1081
1497940 1079
1497950 1079
1497960 1085
1497970 1094
1497980 1094
1497990 1100
1498000 1105
1498010 1105
1498020 1110
1498030 1114
1498040 1114
1498050 1118
1498060 1122
1498070 1122
1498080 1124
1498090 1127
1498100 1127
1498110 1127
1498120 1129
1498130 1131
1498140 1131
1498150 1133
1498160 1134
1498170 1134
1498180 1134
1498190 1134
1498200 1134
1498210 1134
1498220 1134
1498230 1134
1498240 1134
1498250 1135
1498260 1135
1498270 1136
1498280 1138
1498290 1138
1498300 1139
1498310 1141
1498320 1141
1498330 1141
1498340 1141
1498350 1141
1498360 1140
1498370 1138
1498380 1138
1498390 1136
1498400 1131
1498410 1131
1498420 1124
1498430 1117
1498440 1114
1498450 1114
1498460 1111
1498470 1107
1498480 1107
1498490 1104
1498500 1099
1498510 1099
1498520 1094
1498530 1089
1498540 1089
1498550 1085
1498560 1082
1498570 1082
1498580 1079
1498590 1075
1498600 1075
1498610 1071
1498620 1069
1498630 1069
1498640 1068
1498650 1065
1498660 1065
1498670 1063
1498680 1060
1498690 1060
1498700 1058
1498710 1055
1498720 1055
1498730 1053
1498740 1050
1498750 1047
1498760 1047
1498770 1045
1498780 1043
1498790 1043
1498800 1041
1498810 1039
1498820 1039
1498830 1037
1498840 1034
1498850 1034
1498860 1030
1498870 1026
1498880 1026
1498890 1023
1498900 1021
1498910 1021
1498920 1021
1498930 1021
1498940 1021
1498950 1021
1498960 1021
1498970 1021
1498980 1020
1498990 1021
1499000 1021
1499010 1021
1499020 1019
1499030 1019
1499040 1016
1499050 1012
1499060 1008
1499070 1008
1499080 1003
1499090 1001
1499100 1001
1499110 999
1499120 995
1499130 995
1499140 990
1499150 984
1499160 984
1499170 979
1499180 973
1499190 973
1499200 967
1499210 963
1499220 963
1499230 961
1499240 963
1499250 963
1499260 963
1499270 963
1499280 963
1499290 964
1499300 964
1499310 964
1499320 964
1499330 967
1499340 967
1499350 970
1499360 971
1499370 973
1499380 973
1499390 974
1499400 975
1499410 975
1499420 977
1499430 978
1499440 978
1499450 978
1499460 977
1499470 977
1499480 977
1499490 977
1499500 977
1499510 977
1499520 977
1499530 977
1499540 978
1499550 979
1499560 979
1499570 981
1499580 984
1499590 984
1499600 988
1499610 992
1499620 992
1499630 996
1499640 999
1499650 999
1499660 1003
1499670 1005
1499680 1006
1499690 1006
1499700 1007
1499710 1007
1499720 1007
1499730 1008
1499740 1008
1499750 1008
1499760 1007
1499770 1007
1499780 1007
1499790 1007
1499800 1007
1499810 1007
1499820 1008
1499830 1010
1499840 1010
1499850 1013
1499860 1016
1499870 1016
1499880 1018
1499890 1021
1499900 1021
1499910 1024
1499920 1026
1499930 1026
1499940 1029
1499950 1031
1499960 1031
1499970 1033
1499980 1035
1499990 1038
