1480000 1604
1480010 1610
1480020 1616
1480030 1616
1480040 1621
1480050 1627
1480060 1631
1480070 1631
1480080 1635
1480090 1638
1480100 1638
1480110 1640
1480120 1643
1480130 1643
1480140 1646
1480150 1647
1480160 1647
1480170 1649
1480180 1651
1480190 1651
1480200 1653
1480210 1655
1480220 1655
1480230 1655
1480240 1654
1480250 1654
1480260 1652
1480270 1651
1480280 1651
1480290 1649
1480300 1647
1480310 1647
1480320 1646
1480330 1645
1480340 1645
1480350 1643
1480360 1641
1480370 1639
1480380 1639
1480390 1637
1480400 1634
1480410 1634
1480420 1630
1480430 1625
1480440 1625
1480450 1620
1480460 1615
1480470 1615
1480480 1609
1480490 1603
1480500 1603
1480510 1597
1480520 1592
1480530 1592
1480540 1586
1480550 1580
1480560 1580
1480570 1574
1480580 1569
1480590 1569
1480600 1563
1480610 1557
1480620 1557
1480630 1552
1480640 1545
1480650 1545
1480660 1539
1480670 1534
1480680 1528
1480690 1528
1480700 1522
1480710 1516
1480720 1516
1480730 1510
1480740 1503
1480750 1503
1480760 1496
1480770 1489
1480780 1489
1480790 1483
1480800 1476
1480810 1476
1480820 1469
1480830 1461
1480840 1461
1480850 1455
1480860 1446
1480870 1446
1480880 1439
1480890 1430
1480900 1430
1480910 1422
1480920 1418
1480930 1418
1480940 1417
1480950 1417
1480960 1417
1480970 1416
1480980 1414
1480990 1410
1481000 1410
1481010 1407
1481020 1404
1481030 1404
1481040 1402
1481050 1401
1481060 1401
1481070 1398
1481080 1396
1481090 1396
1481100 1393
1481110 1389
1481120 1389
1481130 1386
1481140 1382
1481150 1382
1481160 1378
1481170 1373
1481180 1373
1481190 1369
1481200 1365
1481210 1365
1481220 1360
1481230 1356
1481240 1356
1481250 1351
1481260 1347
1481270 1347
1481280 1342
1481290 1337
1481300 1337
1481310 1332
1481320 1327
1481330 1322
1481340 1322
1481350 1317
1481360 1312
1481370 1312
1481380 1307
1481390 1303
1481400 1303
1481410 1299
1481420 1295
1481430 1295
1481440 1291
1481450 1288
1481460 1288
1481470 1284
1481480 1280
1481490 1280
1481500 1277
1481510 1273
1481520 1273
1481530 1269
1481540 1265
1481550 1265
1481560 1260
1481570 1255
1481580 1255
1481590 1249
1481600 1244
1481610 1244
1481620 1237
1481630 1231
1481640 1225
1481650 1225
1481660 1220
1481670 1215
1481680 1215
1481690 1209
1481700 1203
1481710 1203
1481720 1197
1481730 1190
1481740 1190
1481750 1184
1481760 1178
1481770 1178
1481780 1172
1481790 1166
1481800 1166
1481810 1159
1481820 1153
1481830 1153
1481840 1147
1481850 1142
1481860 1142
1481870 1136
1481880 1129
1481890 1129
1481900 1123
1481910 1115
1481920 1115
1481930 1106
1481940 1096
1481950 1084
1481960 1084
1481970 1073
1481980 1064
1481990 1064
1482000 1061
1482010 1061
1482020 1061
1482030 1059
1482040 1052
1482050 1052
1482060 1050
1482070 1048
1482080 1048
1482090 1048
1482100 1051
1482110 1051
1482120 1058
1482130 1067
1482140 1067
1482150 1076
1482160 1082
1482170 1082
1482180 1083
1482190 1083
1482200 1083
1482210 1080
1482220 1077
1482230 1077
1482240 1086
1482250 1094
1482260 1102
1482270 1102
1482280 1109
1482290 1111
1482300 1111
1482310 1114
1482320 1116
1482330 1116
1482340 1119
1482350 1122
1482360 1122
1482370 1125
1482380 1128
1482390 1128
1482400 1130
1482410 1133
1482420 1133
1482430 1136
1482440 1138
1482450 1138
1482460 1141
1482470 1144
1482480 1144
1482490 1147
1482500 1150
1482510 1150
1482520 1152
1482530 1154
1482540 1154
1482550 1155
1482560 1157
1482570 1157
1482580 1159
1482590 1161
1482600 1163
1482610 1163
1482620 1166
1482630 1170
1482640 1170
1482650 1174
1482660 1177
1482670 1177
1482680 1182
1482690 1186
1482700 1186
1482710 1190
1482720 1194
1482730 1194
1482740 1199
1482750 1204
1482760 1204
1482770 1208
1482780 1213
1482790 1213
1482800 1218
1482810 1223
1482820 1223
1482830 1227
1482840 1232
1482850 1232
1482860 1237
1482870 1242
1482880 1242
1482890 1247
1482900 1253
1482910 1257
1482920 1257
1482930 1262
1482940 1267
1482950 1267
1482960 1272
1482970 1277
1482980 1277
1482990 1282
1483000 1286
1483010 1286
1483020 1289
1483030 1292
1483040 1292
1483050 1296
1483060 1297
1483070 1297
1483080 1294
1483090 1295
1483100 1295
1483110 1301
1483120 1310
1483130 1310
1483140 1318
1483150 1327
1483160 1327
1483170 1336
1483180 1343
1483190 1343
1483200 1348
1483210 1353
1483220 1358
1483230 1358
1483240 1362
1483250 1365
1483260 1365
1483270 1368
1483280 1371
1483290 1371
1483300 1376
1483310 1385
1483320 1385
1483330 1392
1483340 1398
1483350 1398
1483360 1404
1483370 1410
1483380 1410
1483390 1417
1483400 1424
1483410 1424
1483420 1429
1483430 1433
1483440 1433
1483450 1435
1483460 1440
1483470 1440
1483480 1448
1483490 1456
1483500 1456
1483510 1464
1483520 1472
1483530 1478
1483540 1478
1483550 1484
1483560 1490
1483570 1490
1483580 1496
1483590 1500
1483600 1500
1483610 1506
1483620 1511
1483630 1511
1483640 1516
1483650 1521
1483660 1521
1483670 1527
1483680 1533
1483690 1533
1483700 1539
1483710 1546
1483720 1546
1483730 1553
1483740 1560
1483750 1560
1483760 1567
1483770 1574
1483780 1574
1483790 1581
1483800 1588
1483810 1588
1483820 1594
1483830 1599
1483840 1599
1483850 1601
1483860 1602
1483870 1601
1483880 1601
1483890 1600
1483900 1598
1483910 1598
1483920 1595
1483930 1592
1483940 1592
1483950 1590
1483960 1587
1483970 1587
1483980 1585
1483990 1581
1484000 1581
1484010 1578
1484020 1574
1484030 1574
1484040 1570
1484050 1564
1484060 1564
1484070 1557
1484080 1549
1484090 1549
1484100 1542
1484110 1535
1484120 1535
1484130 1528
1484140 1522
1484150 1522
1484160 1514
1484170 1509
1484180 1504
1484190 1504
1484200 1498
1484210 1493
1484220 1493
1484230 1488
1484240 1482
1484250 1482
1484260 1476
1484270 1472
1484280 1472
1484290 1466
1484300 1460
1484310 1460
1484320 1453
1484330 1445
1484340 1445
1484350 1437
1484360 1429
1484370 1429
1484380 1419
1484390 1411
1484400 1411
1484410 1403
1484420 1401
1484430 1401
1484440 1402
1484450 1401
1484460 1401
1484470 1398
1484480 1388
1484490 1377
1484500 1377
1484510 1368
1484520 1363
1484530 1363
1484540 1363
1484550 1359
1484560 1359
1484570 1352
1484580 1345
1484590 1345
1484600 1340
1484610 1331
1484620 1331
1484630 1324
1484640 1318
1484650 1318
1484660 1313
1484670 1311
1484680 1311
1484690 1314
1484700 1318
1484710 1318
1484720 1320
1484730 1316
1484740 1316
1484750 1308
1484760 1305
1484770 1305
1484780 1307
1484790 1305
1484800 1300
1484810 1300
1484820 1296
1484830 1296
1484840 1296
1484850 1295
1484860 1294
1484870 1294
1484880 1293
1484890 1292
1484900 1292
1484910 1289
1484920 1289
1484930 1289
1484940 1288
1484950 1287
1484960 1287
1484970 1286
1484980 1284
1484990 1284
1485000 1281
1485010 1279
1485020 1279
1485030 1277
1485040 1278
1485050 1278
1485060 1276
1485070 1273
1485080 1273
1485090 1273
1485100 1272
1485110 1272
1485120 1269
1485130 1266
1485140 1266
1485150 1266
1485160 1266
1485170 1265
1485180 1265
1485190 1263
1485200 1262
1485210 1262
1485220 1261
1485230 1260
1485240 1260
1485250 1259
1485260 1258
1485270 1258
1485280 1257
1485290 1257
1485300 1257
1485310 1256
1485320 1256
1485330 1256
1485340 1256
1485350 1256
1485360 1256
1485370 1256
1485380 1256
1485390 1256
1485400 1254
1485410 1250
1485420 1250
1485430 1245
1485440 1239
1485450 1233
1485460 1233
1485470 1227
1485480 1222
1485490 1222
1485500 1216
1485510 1210
1485520 1210
1485530 1205
1485540 1200
1485550 1200
1485560 1194
1485570 1189
1485580 1189
1485590 1184
1485600 1178
1485610 1178
1485620 1174
1485630 1169
1485640 1169
1485650 1164
1485660 1159
1485670 1159
1485680 1154
1485690 1148
1485700 1148
1485710 1143
1485720 1138
1485730 1138
1485740 1132
1485750 1126
1485760 1120
1485770 1120
1485780 1114
1485790 1108
1485800 1108
1485810 1101
1485820 1096
1485830 1096
1485840 1095
1485850 1095
1485860 1095
1485870 1093
1485880 1090
1485890 1090
1485900 1090
1485910 1092
1485920 1092
1485930 1097
1485940 1104
1485950 1104
1485960 1112
1485970 1120
1485980 1120
1485990 1128
1486000 1133
1486010 1133
1486020 1139
1486030 1144
1486040 1144
1486050 1149
1486060 1154
1486070 1159
1486080 1159
1486090 1165
1486100 1170
1486110 1170
1486120 1176
1486130 1182
1486140 1182
1486150 1188
1486160 1194
1486170 1194
1486180 1200
1486190 1206
1486200 1206
1486210 1212
1486220 1219
1486230 1219
1486240 1226
1486250 1231
1486260 1231
1486270 1238
1486280 1245
1486290 1245
1486300 1250
1486310 1257
1486320 1257
1486330 1264
1486340 1270
1486350 1270
1486360 1276
1486370 1283
1486380 1283
1486390 1288
1486400 1294
1486410 1299
1486420 1299
1486430 1304
1486440 1309
1486450 1309
1486460 1313
1486470 1318
1486480 1318
1486490 1322
1486500 1327
1486510 1327
1486520 1331
1486530 1335
1486540 1335
1486550 1338
1486560 1340
1486570 1340
1486580 1342
1486590 1342
1486600 1342
1486610 1342
1486620 1340
1486630 1340
1486640 1337
1486650 1335
1486660 1335
1486670 1332
1486680 1330
1486690 1330
1486700 1327
1486710 1323
1486720 1319
1486730 1319
1486740 1314
1486750 1308
1486760 1308
1486770 1302
1486780 1296
1486790 1296
1486800 1291
1486810 1285
1486820 1285
1486830 1280
1486840 1274
1486850 1274
1486860 1269
1486870 1263
1486880 1263
1486890 1258
1486900 1255
1486910 1255
1486920 1252
1486930 1251
1486940 1251
1486950 1249
1486960 1245
1486970 1245
1486980 1240
1486990 1236
1487000 1236
1487010 1233
1487020 1229
1487030 1226
1487040 1226
1487050 1222
1487060 1219
1487070 1219
1487080 1217
1487090 1213
1487100 1213
1487110 1208
1487120 1203
1487130 1203
1487140 1198
1487150 1193
1487160 1193
1487170 1189
1487180 1185
1487190 1185
1487200 1180
1487210 1174
1487220 1174
1487230 1170
1487240 1167
1487250 1167
1487260 1162
1487270 1158
1487280 1158
1487290 1152
1487300 1147
1487310 1147
1487320 1142
1487330 1137
1487340 1132
1487350 1132
1487360 1126
1487370 1120
1487380 1120
1487390 1114
1487400 1108
1487410 1108
1487420 1102
1487430 1095
1487440 1095
1487450 1089
1487460 1083
1487470 1083
1487480 1076
1487490 1069
1487500 1069
1487510 1062
1487520 1059
1487530 1059
1487540 1055
1487550 1054
1487560 1054
1487570 1052
1487580 1050
1487590 1050
1487600 1046
1487610 1041
1487620 1041
1487630 1035
1487640 1030
1487650 1030
1487660 1025
1487670 1020
1487680 1014
1487690 1014
1487700 1008
1487710 1001
1487720 1001
1487730 994
1487740 991
1487750 991
1487760 995
1487770 1002
1487780 1002
1487790 1003
1487800 1001
1487810 1001
1487820 999
1487830 997
1487840 997
1487850 994
1487860 992
1487870 992
1487880 989
1487890 986
1487900 986
1487910 983
1487920 980
1487930 980
1487940 977
1487950 975
1487960 975
1487970 972
1487980 969
1487990 966
1488000 966
1488010 963
1488020 960
1488030 960
1488040 957
1488050 954
1488060 954
1488070 951
1488080 948
1488090 948
1488100 945
1488110 942
1488120 942
1488130 939
1488140 936
1488150 936
1488160 934
1488170 933
1488180 933
1488190 930
1488200 924
1488210 924
1488220 921
1488230 918
1488240 918
1488250 918
1488260 917
1488270 917
1488280 913
1488290 912
1488300 911
1488310 911
1488320 909
1488330 909
1488340 909
1488350 909
1488360 908
1488370 908
1488380 908
1488390 908
1488400 908
1488410 907
1488420 907
1488430 907
1488440 907
1488450 907
1488460 907
1488470 908
1488480 907
1488490 907
1488500 909
1488510 911
1488520 911
1488530 912
1488540 912
1488550 912
1488560 912
1488570 912
1488580 912
1488590 913
1488600 914
1488610 914
1488620 917
1488630 921
1488640 925
1488650 925
1488660 929
1488670 931
1488680 931
1488690 932
1488700 932
1488710 932
1488720 932
1488730 933
1488740 933
1488750 933
1488760 934
1488770 934
1488780 934
1488790 934
1488800 934
1488810 937
1488820 938
1488830 938
1488840 939
1488850 940
1488860 940
1488870 941
1488880 942
1488890 942
1488900 943
1488910 943
1488920 943
1488930 944
1488940 945
1488950 946
1488960 946
1488970 946
1488980 947
1488990 947
1489000 948
1489010 949
1489020 949
1489030 950
1489040 951
1489050 951
1489060 951
1489070 951
1489080 951
1489090 952
1489100 953
1489110 953
1489120 953
1489130 954
1489140 954
1489150 955
1489160 957
1489170 957
1489180 958
1489190 959
1489200 959
1489210 960
1489220 961
1489230 961
1489240 962
1489250 963
1489260 964
1489270 964
1489280 965
1489290 966
1489300 966
1489310 967
1489320 968
1489330 968
1489340 969
1489350 970
1489360 970
1489370 970
1489380 971
1489390 971
1489400 972
1489410 973
1489420 973
1489430 974
1489440 976
1489450 976
1489460 977
1489470 978
1489480 978
1489490 979
1489500 980
1489510 980
1489520 981
1489530 983
1489540 983
1489550 984
1489560 984
1489570 986
1489580 986
1489590 987
1489600 988
1489610 988
1489620 989
1489630 991
1489640 991
1489650 991
1489660 992
1489670 992
1489680 994
1489690 994
1489700 994
1489710 995
1489720 996
1489730 996
1489740 996
1489750 996
1489760 996
1489770 995
1489780 993
1489790 993
1489800 991
1489810 989
1489820 989
1489830 990
1489840 990
1489850 990
1489860 991
1489870 991
1489880 991
1489890 990
1489900 991
1489910 993
1489920 993
1489930 995
1489940 996
1489950 996
1489960 998
1489970 998
1489980 998
1489990 1000
1490000 1002
1490010 1002
1490020 1003
1490030 1005
1490040 1005
1490050 1007
1490060 1007
1490070 1007
1490080 1007
1490090 1008
1490100 1008
1490110 1008
1490120 1008
1490130 1008
1490140 1012
1490150 1019
1490160 1019
1490170 1024
1490180 1026
1490190 1026
1490200 1028
1490210 1030
1490220 1032
1490230 1032
1490240 1032
1490250 1033
1490260 1033
1490270 1034
1490280 1034
1490290 1034
1490300 1035
1490310 1036
1490320 1036
1490330 1036
1490340 1035
1490350 1035
1490360 1031
1490370 1032
1490380 1032
1490390 1034
1490400 1035
1490410 1035
1490420 1037
1490430 1039
1490440 1039
1490450 1039
1490460 1041
1490470 1041
1490480 1044
1490490 1047
1490500 1047
1490510 1052
1490520 1055
1490530 1057
1490540 1057
1490550 1061
1490560 1068
1490570 1068
1490580 1072
1490590 1075
1490600 1075
1490610 1077
1490620 1081
1490630 1081
1490640 1086
1490650 1092
1490660 1092
1490670 1098
1490680 1102
1490690 1102
1490700 1106
1490710 1109
1490720 1109
1490730 1112
1490740 1115
1490750 1115
1490760 1119
1490770 1123
1490780 1123
1490790 1127
1490800 1130
1490810 1130
1490820 1133
1490830 1136
1490840 1137
1490850 1137
1490860 1137
1490870 1135
1490880 1135
1490890 1136
1490900 1138
1490910 1138
1490920 1139
1490930 1139
1490940 1139
1490950 1140
1490960 1141
1490970 1141
1490980 1142
1490990 1143
1491000 1143
1491010 1145
1491020 1147
1491030 1147
1491040 1149
1491050 1151
1491060 1151
1491070 1152
1491080 1153
1491090 1153
1491100 1154
1491110 1154
1491120 1154
1491130 1156
1491140 1157
1491150 1157
1491160 1158
1491170 1158
1491180 1161
1491190 1161
1491200 1163
1491210 1164
1491220 1164
1491230 1165
1491240 1166
1491250 1166
1491260 1166
1491270 1165
1491280 1165
1491290 1167
1491300 1172
1491310 1172
1491320 1178
1491330 1185
1491340 1185
1491350 1193
1491360 1201
1491370 1201
1491380 1208
1491390 1214
1491400 1214
1491410 1220
1491420 1226
1491430 1226
1491440 1232
1491450 1238
1491460 1238
1491470 1245
1491480 1252
1491490 1259
1491500 1259
1491510 1266
1491520 1271
1491530 1271
1491540 1275
1491550 1280
1491560 1280
1491570 1284
1491580 1289
1491590 1289
1491600 1293
1491610 1297
1491620 1297
1491630 1301
1491640 1305
1491650 1305
1491660 1310
1491670 1314
1491680 1314
1491690 1318
1491700 1323
1491710 1323
1491720 1329
1491730 1334
1491740 1334
1491750 1339
1491760 1342
1491770 1342
1491780 1346
1491790 1349
1491800 1351
1491810 1351
1491820 1352
1491830 1354
1491840 1354
1491850 1355
1491860 1358
1491870 1358
1491880 1359
1491890 1360
1491900 1360
1491910 1360
1491920 1360
1491930 1360
1491940 1361
1491950 1362
1491960 1362
1491970 1362
1491980 1362
1491990 1362
1492000 1362
1492010 1364
1492020 1364
1492030 1367
1492040 1372
1492050 1372
1492060 1377
1492070 1381
1492080 1381
1492090 1383
1492100 1386
1492110 1391
1492120 1391
1492130 1396
1492140 1401
1492150 1401
1492160 1406
1492170 1411
1492180 1411
1492190 1416
1492200 1419
1492210 1419
1492220 1422
1492230 1426
1492240 1426
1492250 1430
1492260 1434
1492270 1434
1492280 1438
1492290 1443
1492300 1443
1492310 1447
1492320 1452
1492330 1452
1492340 1456
1492350 1460
1492360 1460
1492370 1463
1492380 1468
1492390 1468
1492400 1472
1492410 1476
1492420 1476
1492430 1481
1492440 1486
1492450 1489
1492460 1489
1492470 1495
1492480 1501
1492490 1501
1492500 1507
1492510 1512
1492520 1512
1492530 1518
1492540 1523
1492550 1523
1492560 1529
1492570 1534
1492580 1534
1492590 1540
1492600 1546
1492610 1546
1492620 1551
1492630 1557
1492640 1557
1492650 1564
1492660 1570
1492670 1570
1492680 1575
1492690 1579
1492700 1579
1492710 1581
1492720 1581
1492730 1581
1492740 1584
1492750 1588
1492760 1593
1492770 1593
1492780 1597
1492790 1601
1492800 1601
1492810 1606
1492820 1611
1492830 1611
1492840 1616
1492850 1620
1492860 1620
1492870 1625
1492880 1628
1492890 1628
1492900 1631
1492910 1633
1492920 1633
1492930 1636
1492940 1637
1492950 1637
1492960 1637
1492970 1637
1492980 1637
1492990 1637
1493000 1636
1493010 1636
1493020 1634
1493030 1633
1493040 1633
1493050 1631
1493060 1630
1493070 1628
1493080 1628
1493090 1626
1493100 1625
1493110 1625
1493120 1624
1493130 1623
1493140 1623
1493150 1622
1493160 1620
1493170 1620
1493180 1618
1493190 1615
1493200 1615
1493210 1612
1493220 1608
1493230 1608
1493240 1604
1493250 1600
1493260 1600
1493270 1596
1493280 1591
1493290 1591
1493300 1586
1493310 1581
1493320 1581
1493330 1576
1493340 1571
1493350 1571
1493360 1566
1493370 1561
1493380 1557
1493390 1557
1493400 1553
1493410 1550
1493420 1550
1493430 1547
1493440 1544
1493450 1544
1493460 1541
1493470 1539
1493480 1539
1493490 1537
1493500 1535
1493510 1535
1493520 1534
1493530 1533
1493540 1533
1493550 1532
1493560 1531
1493570 1531
1493580 1529
1493590 1527
1493600 1527
1493610 1523
1493620 1519
1493630 1519
1493640 1515
1493650 1510
1493660 1510
1493670 1506
1493680 1502
1493690 1502
1493700 1497
1493710 1494
1493720 1492
1493730 1492
1493740 1490
1493750 1489
1493760 1489
1493770 1487
1493780 1485
1493790 1485
1493800 1483
1493810 1482
1493820 1482
1493830 1481
1493840 1481
1493850 1481
1493860 1480
1493870 1479
1493880 1479
1493890 1478
1493900 1477
1493910 1477
1493920 1477
1493930 1476
1493940 1476
1493950 1477
1493960 1478
1493970 1478
1493980 1481
1493990 1484
1494000 1484
1494010 1486
1494020 1487
1494030 1489
1494040 1489
1494050 1490
1494060 1490
1494070 1490
1494080 1490
1494090 1488
1494100 1488
1494110 1485
1494120 1482
1494130 1482
1494140 1478
1494150 1475
1494160 1475
1494170 1471
1494180 1468
1494190 1468
1494200 1465
1494210 1462
1494220 1462
1494230 1459
1494240 1457
1494250 1457
1494260 1454
1494270 1450
1494280 1450
1494290 1446
1494300 1443
1494310 1443
1494320 1440
1494330 1437
1494340 1436
1494350 1436
1494360 1434
1494370 1433
1494380 1433
1494390 1431
1494400 1428
1494410 1428
1494420 1435
1494430 1439
1494440 1439
1494450 1442
1494460 1445
1494470 1445
1494480 1446
1494490 1447
1494500 1447
1494510 1449
1494520 1452
1494530 1452
1494540 1455
1494550 1459
1494560 1459
1494570 1464
1494580 1467
1494590 1467
1494600 1469
1494610 1474
1494620 1474
1494630 1479
1494640 1484
1494650 1490
1494660 1490
1494670 1495
1494680 1499
1494690 1499
1494700 1503
1494710 1509
1494720 1509
1494730 1514
1494740 1519
1494750 1519
1494760 1524
1494770 1530
1494780 1530
1494790 1536
1494800 1543
1494810 1543
1494820 1550
1494830 1557
1494840 1557
1494850 1564
1494860 1570
1494870 1570
1494880 1575
1494890 1580
1494900 1580
1494910 1586
1494920 1593
1494930 1593
1494940 1600
1494950 1607
1494960 1607
1494970 1613
1494980 1617
1494990 1622
1495000 1622
1495010 1628
1495020 1634
1495030 1634
1495040 1641
1495050 1648
1495060 1648
1495070 1654
1495080 1658
1495090 1658
1495100 1661
1495110 1663
1495120 1663
1495130 1665
1495140 1667
1495150 1667
1495160 1669
1495170 1671
1495180 1671
1495190 1671
1495200 1671
1495210 1671
1495220 1670
1495230 1668
1495240 1668
1495250 1667
1495260 1666
1495270 1666
1495280 1665
1495290 1665
1495300 1664
1495310 1664
1495320 1663
1495330 1664
1495340 1664
1495350 1665
1495360 1664
1495370 1664
1495380 1660
1495390 1654
1495400 1654
1495410 1647
1495420 1641
1495430 1641
1495440 1636
1495450 1631
1495460 1631
1495470 1628
1495480 1626
1495490 1626
1495500 1623
1495510 1621
1495520 1621
1495530 1619
1495540 1618
1495550 1618
1495560 1616
1495570 1615
1495580 1615
1495590 1614
1495600 1614
1495610 1614
1495620 1614
1495630 1613
1495640 1612
1495650 1612
1495660 1606
1495670 1605
1495680 1605
1495690 1609
1495700 1608
1495710 1608
1495720 1605
1495730 1603
1495740 1603
1495750 1601
1495760 1601
1495770 1601
1495780 1600
1495790 1598
1495800 1598
1495810 1592
1495820 1582
1495830 1582
1495840 1574
1495850 1565
1495860 1565
1495870 1557
1495880 1550
1495890 1550
1495900 1544
1495910 1538
1495920 1531
1495930 1531
1495940 1524
1495950 1517
1495960 1517
1495970 1513
1495980 1509
1495990 1509
1496000 1506
1496010 1501
1496020 1501
1496030 1495
1496040 1487
1496050 1487
1496060 1482
1496070 1476
1496080 1476
1496090 1470
1496100 1465
1496110 1465
1496120 1460
1496130 1452
1496140 1452
1496150 1445
1496160 1438
1496170 1438
1496180 1429
1496190 1421
1496200 1421
1496210 1413
1496220 1405
1496230 1405
1496240 1401
1496250 1401
1496260 1395
1496270 1395
1496280 1392
1496290 1390
1496300 1390
1496310 1388
1496320 1387
1496330 1387
1496340 1384
1496350 1377
1496360 1377
1496370 1373
1496380 1371
1496390 1371
1496400 1370
1496410 1369
1496420 1369
1496430 1369
1496440 1369
1496450 1369
1496460 1369
1496470 1369
1496480 1369
1496490 1367
1496500 1366
1496510 1366
1496520 1364
1496530 1361
1496540 1361
1496550 1359
1496560 1356
1496570 1353
1496580 1353
1496590 1351
1496600 1348
1496610 1348
1496620 1345
1496630 1341
1496640 1341
1496650 1337
1496660 1333
1496670 1333
1496680 1330
1496690 1325
1496700 1325
1496710 1319
1496720 1313
1496730 1313
1496740 1307
1496750 1301
1496760 1301
1496770 1295
1496780 1290
1496790 1290
1496800 1285
1496810 1279
1496820 1279
1496830 1274
1496840 1269
1496850 1269
1496860 1264
1496870 1259
1496880 1252
1496890 1252
1496900 1245
1496910 1241
1496920 1241
1496930 1238
1496940 1234
1496950 1234
1496960 1231
1496970 1228
1496980 1228
1496990 1225
1497000 1221
1497010 1221
1497020 1218
1497030 1215
1497040 1215
1497050 1211
1497060 1209
1497070 1209
1497080 1206
1497090 1202
1497100 1202
1497110 1197
1497120 1191
1497130 1191
1497140 1186
1497150 1181
1497160 1181
1497170 1178
1497180 1176
1497190 1176
1497200 1174
1497210 1173
1497220 1173
1497230 1173
1497240 1171
1497250 1169
1497260 1169
1497270 1168
1497280 1167
1497290 1167
1497300 1166
1497310 1167
1497320 1167
1497330 1170
1497340 1173
1497350 1173
1497360 1174
1497370 1172
1497380 1172
1497390 1170
1497400 1172
1497410 1172
1497420 1172
1497430 1171
1497440 1171
1497450 1170
1497460 1171
1497470 1171
1497480 1171
1497490 1172
1497500 1172
1497510 1173
1497520 1174
1497530 1173
1497540 1173
1497550 1167
1497560 1166
1497570 1166
1497580 1172
1497590 1175
1497600 1175
1497610 1177
1497620 1180
1497630 1180
1497640 1182
1497650 1185
1497660 1185
1497670 1186
1497680 1187
1497690 1187
1497700 1190
1497710 1191
1497720 1191
1497730 1193
1497740 1195
1497750 1195
1497760 1198
1497770 1201
1497780 1201
1497790 1203
1497800 1206
1497810 1206
1497820 1209
1497830 1211
1497840 1213
1497850 1213
1497860 1215
1497870 1218
1497880 1218
1497890 1221
1497900 1225
1497910 1225
1497920 1226
1497930 1228
1497940 1228
1497950 1232
1497960 1236
1497970 1236
1497980 1239
1497990 1242
1498000 1242
1498010 1244
1498020 1246
1498030 1246
1498040 1247
1498050 1249
1498060 1249
1498070 1252
1498080 1255
1498090 1255
1498100 1257
1498110 1260
1498120 1260
1498130 1263
1498140 1266
1498150 1266
1498160 1266
1498170 1272
1498180 1276
1498190 1276
1498200 1279
1498210 1282
1498220 1282
1498230 1284
1498240 1285
1498250 1285
1498260 1287
1498270 1288
1498280 1288
1498290 1291
1498300 1294
1498310 1294
1498320 1297
1498330 1300
1498340 1300
1498350 1302
1498360 1304
1498370 1304
1498380 1305
1498390 1306
1498400 1306
1498410 1307
1498420 1307
1498430 1307
1498440 1307
1498450 1308
1498460 1308
1498470 1309
1498480 1310
1498490 1310
1498500 1310
1498510 1311
1498520 1311
1498530 1311
1498540 1310
1498550 1310
1498560 1310
1498570 1309
1498580 1307
1498590 1307
1498600 1306
1498610 1303
1498620 1303
1498630 1302
1498640 1300
1498650 1300
1498660 1298
1498670 1296
1498680 1296
1498690 1294
1498700 1291
1498710 1291
1498720 1289
1498730 1285
1498740 1285
1498750 1281
1498760 1277
1498770 1277
1498780 1273
1498790 1271
1498800 1269
1498810 1269
1498820 1267
1498830 1264
1498840 1264
1498850 1261
1498860 1257
1498870 1257
1498880 1252
1498890 1247
1498900 1247
1498910 1242
1498920 1236
1498930 1236
1498940 1231
1498950 1226
1498960 1226
1498970 1221
1498980 1217
1498990 1217
1499000 1212
1499010 1207
1499020 1207
1499030 1202
1499040 1196
1499050 1196
1499060 1190
1499070 1183
1499080 1183
1499090 1177
1499100 1172
1499110 1166
1499120 1166
1499130 1160
1499140 1155
1499150 1155
1499160 1150
1499170 1145
1499180 1145
1499190 1139
1499200 1134
1499210 1134
1499220 1130
1499230 1125
1499240 1125
1499250 1121
1499260 1116
1499270 1116
1499280 1111
1499290 1108
1499300 1108
1499310 1104
1499320 1100
1499330 1100
1499340 1097
1499350 1094
1499360 1094
1499370 1091
1499380 1088
1499390 1088
1499400 1085
1499410 1083
1499420 1080
1499430 1080
1499440 1078
1499450 1076
1499460 1076
1499470 1074
1499480 1073
1499490 1073
1499500 1072
1499510 1068
1499520 1068
1499530 1062
1499540 1059
1499550 1059
1499560 1056
1499570 1055
1499580 1055
1499590 1057
1499600 1058
1499610 1058
1499620 1057
1499630 1060
1499640 1060
1499650 1065
1499660 1068
1499670 1068
1499680 1072
1499690 1074
1499700 1074
1499710 1074
1499720 1073
1499730 1073
1499740 1074
1499750 1075
1499760 1077
1499770 1077
1499780 1080
1499790 1085
1499800 1085
1499810 1091
1499820 1097
1499830 1097
1499840 1101
1499850 1107
1499860 1107
1499870 1112
1499880 1117
1499890 1117
1499900 1122
1499910 1128
1499920 1128
1499930 1133
1499940 1138
1499950 1138
1499960 1143
1499970 1146
1499980 1146
1499990 1149
