1480000 2051
1480010 2051
1480020 2049
1480030 2049
1480040 2049
1480050 2052
1480060 2057
1480070 2057
1480080 2065
1480090 2071
1480100 2070
1480110 2070
1480120 2073
1480130 2076
1480140 2076
1480150 2078
1480160 2080
1480170 2080
1480180 2082
1480190 2083
1480200 2083
1480210 2081
1480220 2077
1480230 2077
1480240 2072
1480250 2068
1480260 2068
1480270 2062
1480280 2058
1480290 2058
1480300 2052
1480310 2047
1480320 2047
1480330 2041
1480340 2036
1480350 2036
1480360 2030
1480370 2025
1480380 2025
1480390 2020
1480400 2015
1480410 2015
1480420 2009
1480430 2002
1480440 1993
1480450 1993
1480460 1988
1480470 1985
1480480 1985
1480490 1981
1480500 1979
1480510 1979
1480520 1979
1480530 1979
1480540 1979
1480550 1977
1480560 1977
1480570 1977
1480580 1980
1480590 1984
1480600 1984
1480610 1987
1480620 1987
1480630 1987
1480640 1982
1480650 1978
1480660 1978
1480670 1979
1480680 1985
1480690 1985
1480700 1994
1480710 2003
1480720 2003
1480730 2008
1480740 2014
1480750 2014
1480760 2024
1480770 2034
1480780 2043
1480790 2043
1480800 2045
1480810 2044
1480820 2044
1480830 2041
1480840 2039
1480850 2039
1480860 2035
1480870 2029
1480880 2029
1480890 2023
1480900 2018
1480910 2018
1480920 2016
1480930 2016
1480940 2016
1480950 2013
1480960 2006
1480970 2006
1480980 2000
1480990 1992
1481000 1992
1481010 1980
1481020 1979
1481030 1979
1481040 1982
1481050 1981
1481060 1981
1481070 1975
1481080 1962
1481090 1962
1481100 1946
1481110 1929
1481120 1877
1481130 1877
1481140 1855
1481150 1821
1481160 1821
1481170 1799
1481180 1787
1481190 1787
1481200 1771
1481210 1744
1481220 1744
1481230 1714
1481240 1653
1481250 1653
1481260 1640
1481270 1633
1481280 1633
1481290 1618
1481300 1602
1481310 1602
1481320 1593
1481330 1583
1481340 1583
1481350 1565
1481360 1549
1481370 1549
1481380 1538
1481390 1529
1481400 1529
1481410 1522
1481420 1516
1481430 1516
1481440 1510
1481450 1504
1481460 1498
1481470 1498
1481480 1492
1481490 1486
1481500 1486
1481510 1479
1481520 1473
1481530 1473
1481540 1468
1481550 1462
1481560 1462
1481570 1458
1481580 1453
1481590 1453
1481600 1448
1481610 1444
1481620 1444
1481630 1440
1481640 1436
1481650 1436
1481660 1434
1481670 1432
1481680 1432
1481690 1431
1481700 1430
1481710 1430
1481720 1429
1481730 1428
1481740 1428
1481750 1428
1481760 1431
1481770 1431
1481780 1433
1481790 1433
1481800 1434
1481810 1434
1481820 1434
1481830 1430
1481840 1430
1481850 1426
1481860 1420
1481870 1420
1481880 1417
1481890 1414
1481900 1414
1481910 1414
1481920 1416
1481930 1416
1481940 1416
1481950 1417
1481960 1417
1481970 1418
1481980 1419
1481990 1419
1482000 1421
1482010 1422
1482020 1422
1482030 1423
1482040 1426
1482050 1426
1482060 1430
1482070 1435
1482080 1435
1482090 1441
1482100 1446
1482110 1446
1482120 1452
1482130 1459
1482140 1465
1482150 1465
1482160 1471
1482170 1477
1482180 1477
1482190 1483
1482200 1489
1482210 1489
1482220 1495
1482230 1502
1482240 1502
1482250 1508
1482260 1515
1482270 1515
1482280 1520
1482290 1526
1482300 1526
1482310 1530
1482320 1533
1482330 1533
1482340 1538
1482350 1543
1482360 1543
1482370 1547
1482380 1550
1482390 1550
1482400 1553
1482410 1557
1482420 1557
1482430 1561
1482440 1566
1482450 1571
1482460 1571
1482470 1575
1482480 1581
1482490 1581
1482500 1588
1482510 1594
1482520 1594
1482530 1600
1482540 1606
1482550 1606
1482560 1610
1482570 1612
1482580 1612
1482590 1615
1482600 1618
1482610 1618
1482620 1623
1482630 1630
1482640 1630
1482650 1640
1482660 1654
1482670 1654
1482680 1663
1482690 1673
1482700 1673
1482710 1685
1482720 1703
1482730 1703
1482740 1716
1482750 1720
1482760 1720
1482770 1716
1482780 1704
1482790 1696
1482800 1696
1482810 1691
1482820 1677
1482830 1677
1482840 1653
1482850 1648
1482860 1648
1482870 1648
1482880 1646
1482890 1646
1482900 1646
1482910 1649
1482920 1649
1482930 1646
1482940 1639
1482950 1639
1482960 1629
1482970 1623
1482980 1623
1482990 1621
1483000 1620
1483010 1620
1483020 1620
1483030 1619
1483040 1619
1483050 1619
1483060 1618
1483070 1618
1483080 1617
1483090 1616
1483100 1616
1483110 1611
1483120 1604
1483130 1602
1483140 1602
1483150 1608
1483160 1613
1483170 1613
1483180 1607
1483190 1602
1483200 1602
1483210 1603
1483220 1601
1483230 1601
1483240 1598
1483250 1602
1483260 1602
1483270 1607
1483280 1611
1483290 1611
1483300 1618
1483310 1625
1483320 1625
1483330 1633
1483340 1642
1483350 1642
1483360 1655
1483370 1666
1483380 1666
1483390 1665
1483400 1658
1483410 1658
1483420 1654
1483430 1655
1483440 1655
1483450 1655
1483460 1657
1483470 1662
1483480 1662
1483490 1661
1483500 1668
1483510 1668
1483520 1676
1483530 1679
1483540 1679
1483550 1680
1483560 1678
1483570 1678
1483580 1675
1483590 1674
1483600 1674
1483610 1675
1483620 1677
1483630 1677
1483640 1679
1483650 1687
1483660 1687
1483670 1691
1483680 1689
1483690 1689
1483700 1686
1483710 1688
1483720 1688
1483730 1688
1483740 1685
1483750 1685
1483760 1687
1483770 1692
1483780 1692
1483790 1688
1483800 1687
1483810 1692
1483820 1692
1483830 1693
1483840 1681
1483850 1681
1483860 1676
1483870 1677
1483880 1677
1483890 1672
1483900 1660
1483910 1660
1483920 1647
1483930 1639
1483940 1639
1483950 1636
1483960 1629
1483970 1629
1483980 1612
1483990 1598
1484000 1598
1484010 1594
1484020 1599
1484030 1599
1484040 1602
1484050 1596
1484060 1596
1484070 1589
1484080 1575
1484090 1575
1484100 1565
1484110 1557
1484120 1557
1484130 1550
1484140 1542
1484150 1536
1484160 1536
1484170 1527
1484180 1516
1484190 1516
1484200 1502
1484210 1486
1484220 1486
1484230 1478
1484240 1472
1484250 1472
1484260 1468
1484270 1465
1484280 1465
1484290 1466
1484300 1468
1484310 1468
1484320 1513
1484330 1587
1484340 1587
1484350 1593
1484360 1584
1484370 1584
1484380 1570
1484390 1554
1484400 1554
1484410 1560
1484420 1577
1484430 1577
1484440 1582
1484450 1586
1484460 1586
1484470 1589
1484480 1591
1484490 1588
1484500 1588
1484510 1583
1484520 1574
1484530 1574
1484540 1564
1484550 1555
1484560 1555
1484570 1547
1484580 1542
1484590 1542
1484600 1543
1484610 1540
1484620 1540
1484630 1524
1484640 1512
1484650 1512
1484660 1509
1484670 1497
1484680 1497
1484690 1480
1484700 1462
1484710 1462
1484720 1453
1484730 1445
1484740 1445
1484750 1437
1484760 1429
1484770 1429
1484780 1421
1484790 1413
1484800 1413
1484810 1407
1484820 1401
1484830 1395
1484840 1395
1484850 1390
1484860 1387
1484870 1387
1484880 1384
1484890 1377
1484900 1377
1484910 1366
1484920 1356
1484930 1356
1484940 1348
1484950 1343
1484960 1343
1484970 1336
1484980 1342
1484990 1342
1485000 1343
1485010 1342
1485020 1342
1485030 1348
1485040 1355
1485050 1355
1485060 1368
1485070 1381
1485080 1381
1485090 1394
1485100 1403
1485110 1403
1485120 1413
1485130 1416
1485140 1416
1485150 1409
1485160 1402
1485170 1396
1485180 1396
1485190 1393
1485200 1390
1485210 1390
1485220 1383
1485230 1375
1485240 1375
1485250 1371
1485260 1365
1485270 1365
1485280 1359
1485290 1362
1485300 1362
1485310 1373
1485320 1381
1485330 1381
1485340 1370
1485350 1358
1485360 1358
1485370 1348
1485380 1340
1485390 1340
1485400 1330
1485410 1318
1485420 1318
1485430 1307
1485440 1297
1485450 1297
1485460 1285
1485470 1271
1485480 1271
1485490 1256
1485500 1248
1485510 1241
1485520 1241
1485530 1232
1485540 1228
1485550 1228
1485560 1226
1485570 1226
1485580 1226
1485590 1228
1485600 1236
1485610 1236
1485620 1242
1485630 1248
1485640 1248
1485650 1243
1485660 1232
1485670 1232
1485680 1225
1485690 1209
1485700 1209
1485710 1205
1485720 1201
1485730 1201
1485740 1185
1485750 1169
1485760 1169
1485770 1166
1485780 1171
1485790 1171
1485800 1179
1485810 1179
1485820 1175
1485830 1175
1485840 1179
1485850 1174
1485860 1174
1485870 1169
1485880 1167
1485890 1167
1485900 1169
1485910 1169
1485920 1169
1485930 1155
1485940 1140
1485950 1140
1485960 1141
1485970 1148
1485980 1148
1485990 1151
1486000 1149
1486010 1149
1486020 1149
1486030 1148
1486040 1148
1486050 1145
1486060 1137
1486070 1137
1486080 1129
1486090 1124
1486100 1124
1486110 1116
1486120 1112
1486130 1112
1486140 1112
1486150 1112
1486160 1108
1486170 1108
1486180 1103
1486190 1096
1486200 1096
1486210 1094
1486220 1093
1486230 1093
1486240 1090
1486250 1088
1486260 1088
1486270 1084
1486280 1081
1486290 1081
1486300 1080
1486310 1079
1486320 1079
1486330 1079
1486340 1078
1486350 1078
1486360 1076
1486370 1074
1486380 1074
1486390 1073
1486400 1071
1486410 1071
1486420 1070
1486430 1070
1486440 1070
1486450 1069
1486460 1069
1486470 1069
1486480 1069
1486490 1069
1486500 1069
1486510 1069
1486520 1068
1486530 1067
1486540 1067
1486550 1065
1486560 1062
1486570 1062
1486580 1060
1486590 1058
1486600 1058
1486610 1058
1486620 1057
1486630 1057
1486640 1055
1486650 1052
1486660 1052
1486670 1050
1486680 1051
1486690 1051
1486700 1050
1486710 1049
1486720 1049
1486730 1049
1486740 1048
1486750 1048
1486760 1047
1486770 1045
1486780 1045
1486790 1043
1486800 1040
1486810 1040
1486820 1038
1486830 1036
1486840 1035
1486850 1035
1486860 1036
1486870 1038
1486880 1038
1486890 1038
1486900 1035
1486910 1035
1486920 1034
1486930 1034
1486940 1034
1486950 1038
1486960 1042
1486970 1042
1486980 1045
1486990 1047
1487000 1047
1487010 1047
1487020 1048
1487030 1048
1487040 1047
1487050 1046
1487060 1046
1487070 1044
1487080 1039
1487090 1039
1487100 1037
1487110 1036
1487120 1036
1487130 1036
1487140 1038
1487150 1038
1487160 1040
1487170 1040
1487180 1041
1487190 1041
1487200 1042
1487210 1042
1487220 1042
1487230 1041
1487240 1040
1487250 1040
1487260 1038
1487270 1037
1487280 1037
1487290 1036
1487300 1035
1487310 1035
1487320 1034
1487330 1032
1487340 1032
1487350 1030
1487360 1030
1487370 1030
1487380 1028
1487390 1026
1487400 1026
1487410 1028
1487420 1030
1487430 1030
1487440 1030
1487450 1030
1487460 1030
1487470 1031
1487480 1031
1487490 1031
1487500 1031
1487510 1032
1487520 1033
1487530 1033
1487540 1033
1487550 1033
1487560 1033
1487570 1034
1487580 1035
1487590 1035
1487600 1036
1487610 1038
1487620 1038
1487630 1040
1487640 1041
1487650 1041
1487660 1043
1487670 1045
1487680 1045
1487690 1046
1487700 1047
1487710 1047
1487720 1046
1487730 1042
1487740 1042
1487750 1040
1487760 1039
1487770 1039
1487780 1036
1487790 1033
1487800 1033
1487810 1031
1487820 1031
1487830 1031
1487840 1034
1487850 1038
1487860 1043
1487870 1043
1487880 1041
1487890 1034
1487900 1034
1487910 1026
1487920 1021
1487930 1021
1487940 1025
1487950 1026
1487960 1026
1487970 1026
1487980 1025
1487990 1025
1488000 1025
1488010 1026
1488020 1026
1488030 1027
1488040 1027
1488050 1027
1488060 1027
1488070 1030
1488080 1030
1488090 1035
1488100 1040
1488110 1040
1488120 1044
1488130 1047
1488140 1047
1488150 1049
1488160 1050
1488170 1050
1488180 1051
1488190 1051
1488200 1051
1488210 1051
1488220 1051
1488230 1050
1488240 1050
1488250 1050
1488260 1050
1488270 1050
1488280 1049
1488290 1048
1488300 1048
1488310 1044
1488320 1037
1488330 1037
1488340 1030
1488350 1022
1488360 1022
1488370 1014
1488380 1007
1488390 1007
1488400 999
1488410 994
1488420 994
1488430 991
1488440 990
1488450 990
1488460 990
1488470 990
1488480 990
1488490 989
1488500 990
1488510 990
1488520 993
1488530 996
1488540 996
1488550 996
1488560 995
1488570 995
1488580 995
1488590 995
1488600 995
1488610 995
1488620 995
1488630 996
1488640 996
1488650 995
1488660 995
1488670 995
1488680 994
1488690 994
1488700 994
1488710 993
1488720 993
1488730 993
1488740 992
1488750 992
1488760 992
1488770 991
1488780 990
1488790 990
1488800 990
1488810 990
1488820 990
1488830 991
1488840 992
1488850 994
1488860 994
1488870 995
1488880 998
1488890 998
1488900 1001
1488910 1004
1488920 1004
1488930 1002
1488940 1006
1488950 1006
1488960 1013
1488970 1018
1488980 1018
1488990 1022
1489000 1024
1489010 1024
1489020 1027
1489030 1031
1489040 1031
1489050 1034
1489060 1037
1489070 1037
1489080 1038
1489090 1040
1489100 1040
1489110 1041
1489120 1041
1489130 1041
1489140 1042
1489150 1043
1489160 1043
1489170 1044
1489180 1044
1489190 1044
1489200 1044
1489210 1045
1489220 1046
1489230 1046
1489240 1046
1489250 1046
1489260 1046
1489270 1047
1489280 1049
1489290 1049
1489300 1049
1489310 1051
1489320 1051
1489330 1053
1489340 1055
1489350 1055
1489360 1058
1489370 1060
1489380 1060
1489390 1061
1489400 1062
1489410 1062
1489420 1063
1489430 1064
1489440 1064
1489450 1065
1489460 1066
1489470 1066
1489480 1066
1489490 1066
1489500 1066
1489510 1066
1489520 1068
1489530 1069
1489540 1069
1489550 1071
1489560 1073
1489570 1073
1489580 1075
1489590 1076
1489600 1076
1489610 1077
1489620 1077
1489630 1077
1489640 1078
1489650 1077
1489660 1077
1489670 1073
1489680 1069
1489690 1069
1489700 1065
1489710 1062
1489720 1062
1489730 1061
1489740 1059
1489750 1059
1489760 1057
1489770 1053
1489780 1053
1489790 1050
1489800 1047
1489810 1047
1489820 1043
1489830 1039
1489840 1039
1489850 1034
1489860 1030
1489870 1026
1489880 1026
1489890 1023
1489900 1021
1489910 1021
1489920 1017
1489930 1012
1489940 1012
1489950 1008
1489960 1004
1489970 1004
1489980 1001
1489990 996
1490000 996
1490010 993
1490020 988
1490030 988
1490040 983
1490050 979
1490060 979
1490070 975
1490080 971
1490090 971
1490100 968
1490110 964
1490120 964
1490130 961
1490140 956
1490150 956
1490160 949
1490170 941
1490180 941
1490190 937
1490200 937
1490210 939
1490220 939
1490230 945
1490240 949
1490250 949
1490260 952
1490270 958
1490280 958
1490290 964
1490300 963
1490310 963
1490320 961
1490330 960
1490340 960
1490350 961
1490360 963
1490370 963
1490380 971
1490390 977
1490400 977
1490410 979
1490420 982
1490430 982
1490440 986
1490450 989
1490460 989
1490470 991
1490480 992
1490490 992
1490500 992
1490510 997
1490520 997
1490530 1002
1490540 1005
1490550 1009
1490560 1009
1490570 1013
1490580 1017
1490590 1017
1490600 1020
1490610 1023
1490620 1023
1490630 1025
1490640 1026
1490650 1026
1490660 1027
1490670 1028
1490680 1028
1490690 1029
1490700 1029
1490710 1029
1490720 1028
1490730 1027
1490740 1027
1490750 1025
1490760 1024
1490770 1024
1490780 1024
1490790 1025
1490800 1025
1490810 1025
1490820 1025
1490830 1025
1490840 1025
1490850 1026
1490860 1026
1490870 1026
1490880 1027
1490890 1027
1490900 1027
1490910 1027
1490920 1028
1490930 1028
1490940 1028
1490950 1027
1490960 1027
1490970 1027
1490980 1027
1490990 1027
1491000 1026
1491010 1026
1491020 1026
1491030 1026
1491040 1025
1491050 1025
1491060 1025
1491070 1024
1491080 1024
1491090 1023
1491100 1022
1491110 1022
1491120 1023
1491130 1022
1491140 1022
1491150 1019
1491160 1016
1491170 1016
1491180 1018
1491190 1019
1491200 1019
1491210 1019
1491220 1019
1491230 1019
1491240 1019
1491250 1019
1491260 1018
1491270 1018
1491280 1018
1491290 1017
1491300 1017
1491310 1016
1491320 1014
1491330 1014
1491340 1012
1491350 1015
1491360 1015
1491370 1015
1491380 1014
1491390 1014
1491400 1013
1491410 1012
1491420 1012
1491430 1010
1491440 1008
1491450 1008
1491460 1006
1491470 1004
1491480 1004
1491490 1002
1491500 999
1491510 999
1491520 997
1491530 997
1491540 997
1491550 998
1491560 999
1491570 1000
1491580 1000
1491590 1001
1491600 1001
1491610 1001
1491620 1001
1491630 997
1491640 997
1491650 992
1491660 987
1491670 987
1491680 984
1491690 979
1491700 979
1491710 978
1491720 982
1491730 982
1491740 986
1491750 989
1491760 989
1491770 991
1491780 993
1491790 993
1491800 995
1491810 996
1491820 996
1491830 997
1491840 998
1491850 998
1491860 1000
1491870 1003
1491880 1003
1491890 1003
1491900 1004
1491910 1005
1491920 1005
1491930 1008
1491940 1011
1491950 1011
1491960 1015
1491970 1018
1491980 1018
1491990 1023
1492000 1029
1492010 1029
1492020 1035
1492030 1043
1492040 1043
1492050 1050
1492060 1057
1492070 1057
1492080 1065
1492090 1071
1492100 1071
1492110 1078
1492120 1086
1492130 1086
1492140 1093
1492150 1099
1492160 1099
1492170 1104
1492180 1108
1492190 1108
1492200 1112
1492210 1116
1492220 1119
1492230 1119
1492240 1122
1492250 1124
1492260 1124
1492270 1127
1492280 1130
1492290 1130
1492300 1134
1492310 1137
1492320 1137
1492330 1138
1492340 1139
1492350 1139
1492360 1140
1492370 1140
1492380 1140
1492390 1141
1492400 1143
1492410 1143
1492420 1145
1492430 1148
1492440 1148
1492450 1151
1492460 1152
1492470 1152
1492480 1153
1492490 1153
1492500 1153
1492510 1154
1492520 1156
1492530 1156
1492540 1158
1492550 1158
1492560 1155
1492570 1155
1492580 1151
1492590 1146
1492600 1146
1492610 1143
1492620 1141
1492630 1141
1492640 1136
1492650 1133
1492660 1133
1492670 1128
1492680 1123
1492690 1123
1492700 1119
1492710 1113
1492720 1113
1492730 1108
1492740 1104
1492750 1104
1492760 1100
1492770 1097
1492780 1097
1492790 1094
1492800 1091
1492810 1091
1492820 1088
1492830 1085
1492840 1085
1492850 1082
1492860 1080
1492870 1080
1492880 1077
1492890 1073
1492900 1070
1492910 1070
1492920 1067
1492930 1065
1492940 1065
1492950 1063
1492960 1063
1492970 1063
1492980 1062
1492990 1061
1493000 1061
1493010 1059
1493020 1058
1493030 1058
1493040 1055
1493050 1052
1493060 1052
1493070 1044
1493080 1038
1493090 1038
1493100 1035
1493110 1029
1493120 1029
1493130 1021
1493140 1014
1493150 1014
1493160 1007
1493170 1000
1493180 1000
1493190 994
1493200 989
1493210 989
1493220 985
1493230 980
1493240 975
1493250 975
1493260 971
1493270 968
1493280 968
1493290 964
1493300 959
1493310 959
1493320 954
1493330 949
1493340 949
1493350 945
1493360 941
1493370 941
1493380 936
1493390 931
1493400 931
1493410 926
1493420 921
1493430 921
1493440 916
1493450 911
1493460 911
1493470 907
1493480 902
1493490 902
1493500 898
1493510 894
1493520 894
1493530 889
1493540 884
1493550 884
1493560 880
1493570 877
1493580 873
1493590 873
1493600 869
1493610 866
1493620 866
1493630 865
1493640 864
1493650 864
1493660 862
1493670 861
1493680 861
1493690 859
1493700 857
1493710 857
1493720 856
1493730 854
1493740 854
1493750 851
1493760 847
1493770 847
1493780 843
1493790 838
1493800 838
1493810 833
1493820 830
1493830 830
1493840 828
1493850 827
1493860 827
1493870 825
1493880 824
1493890 824
1493900 822
1493910 819
1493920 819
1493930 819
1493940 816
1493950 814
1493960 814
1493970 813
1493980 805
1493990 805
1494000 802
1494010 801
1494020 801
1494030 800
1494040 800
1494050 800
1494060 801
1494070 802
1494080 802
1494090 802
1494100 802
1494110 802
1494120 804
1494130 805
1494140 805
1494150 808
1494160 807
1494170 807
1494180 806
1494190 806
1494200 806
1494210 805
1494220 803
1494230 803
1494240 800
1494250 797
1494260 796
1494270 796
1494280 794
1494290 792
1494300 792
1494310 792
1494320 792
1494330 792
1494340 792
1494350 790
1494360 790
1494370 790
1494380 789
1494390 789
1494400 790
1494410 791
1494420 791
1494430 793
1494440 798
1494450 798
1494460 807
1494470 816
1494480 816
1494490 823
1494500 827
1494510 827
1494520 826
1494530 826
1494540 826
1494550 826
1494560 830
1494570 830
1494580 837
1494590 838
1494600 839
1494610 839
1494620 840
1494630 842
1494640 842
1494650 845
1494660 845
1494670 845
1494680 846
1494690 848
1494700 848
1494710 849
1494720 851
1494730 851
1494740 851
1494750 851
1494760 851
1494770 851
1494780 852
1494790 852
1494800 853
1494810 855
1494820 855
1494830 856
1494840 858
1494850 858
1494860 860
1494870 861
1494880 861
1494890 862
1494900 864
1494910 866
1494920 866
1494930 867
1494940 869
1494950 869
1494960 870
1494970 871
1494980 871
1494990 872
1495000 873
1495010 873
1495020 873
1495030 875
1495040 875
1495050 877
1495060 877
1495070 877
1495080 873
1495090 873
1495100 873
1495110 873
1495120 872
1495130 872
1495140 875
1495150 883
1495160 883
1495170 891
1495180 896
1495190 896
1495200 898
1495210 900
1495220 900
1495230 901
1495240 900
1495250 899
1495260 899
1495270 899
1495280 903
1495290 903
1495300 905
1495310 908
1495320 908
1495330 910
1495340 912
1495350 912
1495360 915
1495370 917
1495380 917
1495390 920
1495400 923
1495410 923
1495420 926
1495430 931
1495440 931
1495450 935
1495460 940
1495470 940
1495480 944
1495490 949
1495500 949
1495510 952
1495520 955
1495530 955
1495540 956
1495550 956
1495560 956
1495570 956
1495580 956
1495590 956
1495600 956
1495610 956
1495620 957
1495630 957
1495640 958
1495650 958
1495660 958
1495670 960
1495680 961
1495690 961
1495700 962
1495710 962
1495720 962
1495730 963
1495740 962
1495750 962
1495760 961
1495770 960
1495780 960
1495790 960
1495800 959
1495810 959
1495820 959
1495830 958
1495840 958
1495850 957
1495860 957
1495870 957
1495880 956
1495890 954
1495900 954
1495910 953
1495920 952
1495930 950
1495940 950
1495950 946
1495960 941
1495970 941
1495980 939
1495990 939
1496000 939
1496010 939
1496020 941
1496030 941
1496040 944
1496050 947
1496060 947
1496070 948
1496080 949
1496090 949
1496100 950
1496110 952
1496120 952
1496130 952
1496140 950
1496150 950
1496160 949
1496170 948
1496180 948
1496190 947
1496200 947
1496210 947
1496220 946
1496230 945
1496240 945
1496250 946
1496260 947
1496270 950
1496280 950
1496290 953
1496300 956
1496310 956
1496320 958
1496330 960
1496340 960
1496350 961
1496360 962
1496370 962
1496380 959
1496390 953
1496400 953
1496410 950
1496420 947
1496430 947
1496440 939
1496450 933
1496460 933
1496470 936
1496480 935
1496490 935
1496500 930
1496510 931
1496520 931
1496530 930
1496540 927
1496550 927
1496560 927
1496570 927
1496580 927
1496590 926
1496600 925
1496610 924
1496620 924
1496630 925
1496640 923
1496650 923
1496660 919
1496670 918
1496680 918
1496690 917
1496700 917
1496710 917
1496720 918
1496730 918
1496740 918
1496750 920
1496760 921
1496770 921
1496780 924
1496790 923
1496800 923
1496810 923
1496820 924
1496830 924
1496840 924
1496850 924
1496860 924
1496870 928
1496880 930
1496890 930
1496900 932
1496910 934
1496920 934
1496930 934
1496940 935
1496950 936
1496960 936
1496970 936
1496980 937
1496990 937
1497000 939
1497010 940
1497020 940
1497030 942
1497040 944
1497050 944
1497060 942
1497070 943
1497080 943
1497090 942
1497100 942
1497110 942
1497120 943
1497130 945
1497140 945
1497150 949
1497160 951
1497170 951
1497180 954
1497190 956
1497200 956
1497210 957
1497220 954
1497230 954
1497240 954
1497250 956
1497260 956
1497270 961
1497280 964
1497290 966
1497300 966
1497310 968
1497320 970
1497330 970
1497340 973
1497350 977
1497360 977
1497370 979
1497380 980
1497390 980
1497400 979
1497410 978
1497420 978
1497430 977
1497440 975
1497450 975
1497460 975
1497470 974
1497480 974
1497490 974
1497500 974
1497510 974
1497520 975
1497530 974
1497540 974
1497550 976
1497560 976
1497570 976
1497580 975
1497590 977
1497600 977
1497610 976
1497620 972
1497630 971
1497640 971
1497650 970
1497660 970
1497670 970
1497680 972
1497690 972
1497700 972
1497710 976
1497720 982
1497730 982
1497740 985
1497750 986
1497760 986
1497770 989
1497780 987
1497790 987
1497800 986
1497810 984
1497820 984
1497830 981
1497840 975
1497850 975
1497860 972
1497870 971
1497880 971
1497890 974
1497900 980
1497910 980
1497920 987
1497930 992
1497940 992
1497950 996
1497960 995
1497970 999
1497980 999
1497990 1005
1498000 1009
1498010 1009
1498020 1008
1498030 1011
1498040 1011
1498050 1014
1498060 1015
1498070 1015
1498080 1014
1498090 1013
1498100 1013
1498110 1011
1498120 1011
1498130 1011
1498140 1012
1498150 1013
1498160 1013
1498170 1015
1498180 1016
1498190 1016
1498200 1018
1498210 1019
1498220 1019
1498230 1020
1498240 1021
1498250 1021
1498260 1022
1498270 1023
1498280 1023
1498290 1026
1498300 1029
1498310 1033
1498320 1033
1498330 1037
1498340 1041
1498350 1041
1498360 1045
1498370 1048
1498380 1048
1498390 1052
1498400 1054
1498410 1054
1498420 1055
1498430 1056
1498440 1056
1498450 1056
1498460 1056
1498470 1056
1498480 1057
1498490 1057
1498500 1057
1498510 1058
1498520 1059
1498530 1059
1498540 1062
1498550 1064
1498560 1064
1498570 1066
1498580 1067
1498590 1067
1498600 1069
1498610 1070
1498620 1070
1498630 1070
1498640 1070
1498650 1071
1498660 1071
1498670 1072
1498680 1074
1498690 1074
1498700 1076
1498710 1077
1498720 1077
1498730 1079
1498740 1080
1498750 1080
1498760 1081
1498770 1082
1498780 1082
1498790 1084
1498800 1086
1498810 1086
1498820 1088
1498830 1090
1498840 1090
1498850 1091
1498860 1093
1498870 1093
1498880 1097
1498890 1100
1498900 1100
1498910 1103
1498920 1105
1498930 1105
1498940 1107
1498950 1108
1498960 1108
1498970 1108
1498980 1107
1498990 1106
1499000 1106
1499010 1104
1499020 1101
1499030 1101
1499040 1097
1499050 1094
1499060 1094
1499070 1091
1499080 1088
1499090 1088
1499100 1084
1499110 1080
1499120 1080
1499130 1077
1499140 1075
1499150 1075
1499160 1072
1499170 1071
1499180 1071
1499190 1071
1499200 1071
1499210 1071
1499220 1072
1499230 1072
1499240 1072
1499250 1071
1499260 1070
1499270 1070
1499280 1070
1499290 1070
1499300 1070
1499310 1070
1499320 1069
1499330 1068
1499340 1068
1499350 1066
1499360 1064
1499370 1064
1499380 1062
1499390 1060
1499400 1060
1499410 1059
1499420 1058
1499430 1058
1499440 1058
1499450 1058
1499460 1058
1499470 1059
1499480 1059
1499490 1059
1499500 1059
1499510 1060
1499520 1060
1499530 1061
1499540 1062
1499550 1062
1499560 1063
1499570 1064
1499580 1064
1499590 1065
1499600 1066
1499610 1066
1499620 1066
1499630 1066
1499640 1068
1499650 1068
1499660 1069
1499670 1070
1499680 1070
1499690 1070
1499700 1073
1499710 1073
1499720 1075
1499730 1076
1499740 1076
1499750 1077
1499760 1077
1499770 1077
1499780 1080
1499790 1085
1499800 1085
1499810 1090
1499820 1094
1499830 1094
1499840 1096
1499850 1096
1499860 1096
1499870 1102
1499880 1110
1499890 1110
1499900 1117
1499910 1123
1499920 1123
1499930 1128
1499940 1133
1499950 1133
1499960 1138
1499970 1143
1499980 1149
1499990 1149
