1480000 2311
1480010 2311
1480020 2308
1480030 2305
1480040 2302
1480050 2302
1480060 2302
1480070 2304
1480080 2304
1480090 2307
1480100 2312
1480110 2312
1480120 2316
1480130 2322
1480140 2322
1480150 2328
1480160 2335
1480170 2335
1480180 2341
1480190 2347
1480200 2347
1480210 2352
1480220 2357
1480230 2357
1480240 2361
1480250 2365
1480260 2365
1480270 2366
1480280 2366
1480290 2366
1480300 2369
1480310 2371
1480320 2371
1480330 2374
1480340 2377
1480350 2377
1480360 2383
1480370 2387
1480380 2391
1480390 2391
1480400 2393
1480410 2390
1480420 2390
1480430 2372
1480440 2352
1480450 2352
1480460 2339
1480470 2324
1480480 2324
1480490 2316
1480500 2309
1480510 2309
1480520 2303
1480530 2300
1480540 2300
1480550 2296
1480560 2295
1480570 2295
1480580 2291
1480590 2286
1480600 2286
1480610 2284
1480620 2283
1480630 2283
1480640 2279
1480650 2277
1480660 2277
1480670 2272
1480680 2268
1480690 2268
1480700 2264
1480710 2261
1480720 2258
1480730 2258
1480740 2255
1480750 2253
1480760 2253
1480770 2251
1480780 2247
1480790 2247
1480800 2245
1480810 2244
1480820 2244
1480830 2244
1480840 2244
1480850 2244
1480860 2243
1480870 2244
1480880 2244
1480890 2247
1480900 2251
1480910 2251
1480920 2253
1480930 2254
1480940 2254
1480950 2254
1480960 2254
1480970 2254
1480980 2254
1480990 2253
1481000 2253
1481010 2249
1481020 2250
1481030 2250
1481040 2252
1481050 2251
1481060 2248
1481070 2248
1481080 2245
1481090 2242
1481100 2242
1481110 2243
1481120 2241
1481130 2241
1481140 2236
1481150 2232
1481160 2232
1481170 2226
1481180 2219
1481190 2219
1481200 2214
1481210 2212
1481220 2212
1481230 2211
1481240 2206
1481250 2206
1481260 2197
1481270 2190
1481280 2190
1481290 2187
1481300 2184
1481310 2184
1481320 2180
1481330 2176
1481340 2176
1481350 2172
1481360 2169
1481370 2169
1481380 2162
1481390 2163
1481400 2163
1481410 2163
1481420 2160
1481430 2156
1481440 2156
1481450 2152
1481460 2144
1481470 2144
1481480 2135
1481490 2130
1481500 2130
1481510 2129
1481520 2129
1481530 2129
1481540 2125
1481550 2121
1481560 2121
1481570 2123
1481580 2125
1481590 2125
1481600 2124
1481610 2123
1481620 2123
1481630 2119
1481640 2116
1481650 2116
1481660 2113
1481670 2108
1481680 2108
1481690 2101
1481700 2098
1481710 2098
1481720 2095
1481730 2094
1481740 2093
1481750 2093
1481760 2094
1481770 2094
1481780 2094
1481790 2095
1481800 2094
1481810 2094
1481820 2090
1481830 2086
1481840 2086
1481850 2081
1481860 2074
1481870 2074
1481880 2069
1481890 2064
1481900 2064
1481910 2060
1481920 2053
1481930 2053
1481940 2046
1481950 2042
1481960 2042
1481970 2040
1481980 2038
1481990 2038
1482000 2037
1482010 2039
1482020 2039
1482030 2040
1482040 2038
1482050 2038
1482060 2038
1482070 2039
1482080 2038
1482090 2038
1482100 2037
1482110 2038
1482120 2038
1482130 2041
1482140 2042
1482150 2042
1482160 2044
1482170 2046
1482180 2046
1482190 2053
1482200 2057
1482210 2057
1482220 2056
1482230 2055
1482240 2055
1482250 2057
1482260 2062
1482270 2062
1482280 2069
1482290 2075
1482300 2075
1482310 2080
1482320 2084
1482330 2084
1482340 2088
1482350 2092
1482360 2092
1482370 2095
1482380 2096
1482390 2096
1482400 2100
1482410 2103
1482420 2104
1482430 2104
1482440 2104
1482450 2104
1482460 2104
1482470 2104
1482480 2105
1482490 2105
1482500 2104
1482510 2099
1482520 2099
1482530 2089
1482540 2084
1482550 2084
1482560 2082
1482570 2079
1482580 2079
1482590 2073
1482600 2071
1482610 2071
1482620 2071
1482630 2069
1482640 2069
1482650 2064
1482660 2062
1482670 2062
1482680 2065
1482690 2063
1482700 2063
1482710 2058
1482720 2053
1482730 2053
1482740 2049
1482750 2048
1482760 2048
1482770 2049
1482780 2046
1482790 2044
1482800 2044
1482810 2042
1482820 2039
1482830 2039
1482840 2036
1482850 2035
1482860 2035
1482870 2032
1482880 2026
1482890 2026
1482900 2021
1482910 2017
1482920 2017
1482930 2014
1482940 2009
1482950 2009
1482960 2005
1482970 2000
1482980 2000
1482990 1992
1483000 1980
1483010 1980
1483020 1973
1483030 1971
1483040 1971
1483050 1968
1483060 1966
1483070 1966
1483080 1965
1483090 1964
1483100 1964
1483110 1962
1483120 1961
1483130 1960
1483140 1960
1483150 1960
1483160 1959
1483170 1959
1483180 1959
1483190 1961
1483200 1961
1483210 1963
1483220 1965
1483230 1965
1483240 1967
1483250 1970
1483260 1970
1483270 1973
1483280 1976
1483290 1976
1483300 1982
1483310 1988
1483320 1988
1483330 1994
1483340 1998
1483350 1998
1483360 2004
1483370 2008
1483380 2008
1483390 2011
1483400 2017
1483410 2017
1483420 2027
1483430 2044
1483440 2044
1483450 2055
1483460 2062
1483470 2062
1483480 2062
1483490 2062
1483500 2063
1483510 2063
1483520 2061
1483530 2062
1483540 2062
1483550 2063
1483560 2060
1483570 2060
1483580 2053
1483590 2050
1483600 2050
1483610 2049
1483620 2049
1483630 2049
1483640 2049
1483650 2038
1483660 2038
1483670 2047
1483680 2054
1483690 2054
1483700 2052
1483710 2046
1483720 2046
1483730 2043
1483740 2050
1483750 2050
1483760 2052
1483770 2048
1483780 2048
1483790 2057
1483800 2050
1483810 2029
1483820 2029
1483830 2027
1483840 2030
1483850 2030
1483860 2034
1483870 2040
1483880 2040
1483890 2040
1483900 2043
1483910 2043
1483920 2024
1483930 2001
1483940 2001
1483950 2001
1483960 2007
1483970 2007
1483980 1987
1483990 1960
1484000 1960
1484010 1942
1484020 1929
1484030 1929
1484040 1924
1484050 1923
1484060 1923
1484070 1923
1484080 1921
1484090 1921
1484100 1918
1484110 1915
1484120 1915
1484130 1915
1484140 1918
1484150 1923
1484160 1923
1484170 1929
1484180 1931
1484190 1931
1484200 1934
1484210 1936
1484220 1936
1484230 1936
1484240 1938
1484250 1938
1484260 1938
1484270 1938
1484280 1938
1484290 1935
1484300 1936
1484310 1936
1484320 1938
1484330 1940
1484340 1940
1484350 1938
1484360 1937
1484370 1937
1484380 1936
1484390 1933
1484400 1933
1484410 1931
1484420 1933
1484430 1933
1484440 1930
1484450 1923
1484460 1923
1484470 1923
1484480 1928
1484490 1929
1484500 1929
1484510 1926
1484520 1923
1484530 1923
1484540 1924
1484550 1925
1484560 1925
1484570 1923
1484580 1923
1484590 1923
1484600 1924
1484610 1927
1484620 1927
1484630 1931
1484640 1934
1484650 1934
1484660 1939
1484670 1938
1484680 1938
1484690 1937
1484700 1937
1484710 1937
1484720 1940
1484730 1940
1484740 1940
1484750 1938
1484760 1933
1484770 1933
1484780 1934
1484790 1936
1484800 1936
1484810 1930
1484820 1921
1484830 1909
1484840 1909
1484850 1891
1484860 1883
1484870 1883
1484880 1876
1484890 1874
1484900 1874
1484910 1873
1484920 1872
1484930 1872
1484940 1870
1484950 1870
1484960 1870
1484970 1873
1484980 1875
1484990 1875
1485000 1875
1485010 1875
1485020 1875
1485030 1876
1485040 1879
1485050 1879
1485060 1882
1485070 1882
1485080 1882
1485090 1882
1485100 1884
1485110 1884
1485120 1885
1485130 1887
1485140 1887
1485150 1890
1485160 1894
1485170 1897
1485180 1897
1485190 1901
1485200 1905
1485210 1905
1485220 1909
1485230 1913
1485240 1913
1485250 1917
1485260 1921
1485270 1921
1485280 1924
1485290 1928
1485300 1928
1485310 1931
1485320 1935
1485330 1935
1485340 1939
1485350 1943
1485360 1943
1485370 1948
1485380 1951
1485390 1951
1485400 1956
1485410 1960
1485420 1960
1485430 1964
1485440 1970
1485450 1970
1485460 1976
1485470 1981
1485480 1981
1485490 1985
1485500 1990
1485510 1994
1485520 1994
1485530 1997
1485540 2000
1485550 2000
1485560 2000
1485570 1999
1485580 1999
1485590 1998
1485600 1996
1485610 1996
1485620 1995
1485630 1994
1485640 1994
1485650 1994
1485660 1993
1485670 1993
1485680 1993
1485690 1991
1485700 1991
1485710 1990
1485720 1988
1485730 1988
1485740 1985
1485750 1984
1485760 1984
1485770 1983
1485780 1979
1485790 1979
1485800 1973
1485810 1967
1485820 1967
1485830 1962
1485840 1962
1485850 1965
1485860 1965
1485870 1970
1485880 1970
1485890 1970
1485900 1972
1485910 1975
1485920 1975
1485930 1978
1485940 1976
1485950 1976
1485960 1970
1485970 1958
1485980 1958
1485990 1935
1486000 1904
1486010 1904
1486020 1880
1486030 1852
1486040 1852
1486050 1835
1486060 1828
1486070 1828
1486080 1827
1486090 1827
1486100 1827
1486110 1825
1486120 1823
1486130 1823
1486140 1820
1486150 1820
1486160 1820
1486170 1823
1486180 1825
1486190 1828
1486200 1828
1486210 1830
1486220 1830
1486230 1830
1486240 1833
1486250 1844
1486260 1844
1486270 1872
1486280 1911
1486290 1911
1486300 1961
1486310 1984
1486320 1984
1486330 2002
1486340 2010
1486350 2010
1486360 2022
1486370 2024
1486380 2024
1486390 2001
1486400 1980
1486410 1980
1486420 1961
1486430 1941
1486440 1941
1486450 1921
1486460 1910
1486470 1910
1486480 1904
1486490 1898
1486500 1898
1486510 1897
1486520 1897
1486530 1882
1486540 1882
1486550 1860
1486560 1855
1486570 1855
1486580 1849
1486590 1848
1486600 1848
1486610 1842
1486620 1838
1486630 1838
1486640 1838
1486650 1840
1486660 1840
1486670 1841
1486680 1841
1486690 1841
1486700 1841
1486710 1841
1486720 1841
1486730 1835
1486740 1828
1486750 1828
1486760 1824
1486770 1823
1486780 1823
1486790 1822
1486800 1822
1486810 1822
1486820 1823
1486830 1823
1486840 1823
1486850 1822
1486860 1822
1486870 1826
1486880 1826
1486890 1829
1486900 1826
1486910 1826
1486920 1820
1486930 1816
1486940 1816
1486950 1811
1486960 1807
1486970 1807
1486980 1803
1486990 1800
1487000 1800
1487010 1798
1487020 1800
1487030 1800
1487040 1801
1487050 1801
1487060 1801
1487070 1805
1487080 1812
1487090 1812
1487100 1816
1487110 1819
1487120 1819
1487130 1823
1487140 1830
1487150 1830
1487160 1835
1487170 1839
1487180 1839
1487190 1846
1487200 1848
1487210 1843
1487220 1843
1487230 1846
1487240 1854
1487250 1854
1487260 1861
1487270 1869
1487280 1869
1487290 1875
1487300 1877
1487310 1877
1487320 1875
1487330 1873
1487340 1873
1487350 1871
1487360 1870
1487370 1870
1487380 1865
1487390 1861
1487400 1861
1487410 1855
1487420 1849
1487430 1849
1487440 1844
1487450 1834
1487460 1834
1487470 1820
1487480 1802
1487490 1802
1487500 1788
1487510 1781
1487520 1781
1487530 1775
1487540 1766
1487550 1754
1487560 1754
1487570 1742
1487580 1729
1487590 1729
1487600 1720
1487610 1713
1487620 1713
1487630 1706
1487640 1697
1487650 1697
1487660 1679
1487670 1672
1487680 1672
1487690 1669
1487700 1660
1487710 1660
1487720 1651
1487730 1645
1487740 1645
1487750 1630
1487760 1610
1487770 1610
1487780 1601
1487790 1594
1487800 1594
1487810 1593
1487820 1592
1487830 1592
1487840 1587
1487850 1586
1487860 1586
1487870 1584
1487880 1583
1487890 1582
1487900 1582
1487910 1581
1487920 1579
1487930 1579
1487940 1578
1487950 1577
1487960 1577
1487970 1574
1487980 1570
1487990 1570
1488000 1569
1488010 1572
1488020 1572
1488030 1572
1488040 1571
1488050 1571
1488060 1573
1488070 1577
1488080 1577
1488090 1584
1488100 1592
1488110 1592
1488120 1592
1488130 1592
1488140 1592
1488150 1606
1488160 1619
1488170 1619
1488180 1628
1488190 1634
1488200 1634
1488210 1633
1488220 1644
1488230 1651
1488240 1651
1488250 1654
1488260 1655
1488270 1655
1488280 1659
1488290 1660
1488300 1660
1488310 1660
1488320 1663
1488330 1663
1488340 1663
1488350 1662
1488360 1662
1488370 1661
1488380 1659
1488390 1659
1488400 1657
1488410 1656
1488420 1656
1488430 1653
1488440 1648
1488450 1648
1488460 1645
1488470 1643
1488480 1643
1488490 1639
1488500 1634
1488510 1634
1488520 1629
1488530 1625
1488540 1625
1488550 1620
1488560 1614
1488570 1607
1488580 1607
1488590 1601
1488600 1595
1488610 1595
1488620 1588
1488630 1584
1488640 1584
1488650 1579
1488660 1572
1488670 1572
1488680 1565
1488690 1559
1488700 1559
1488710 1553
1488720 1547
1488730 1547
1488740 1542
1488750 1535
1488760 1535
1488770 1530
1488780 1526
1488790 1526
1488800 1522
1488810 1519
1488820 1519
1488830 1518
1488840 1516
1488850 1516
1488860 1513
1488870 1508
1488880 1508
1488890 1504
1488900 1501
1488910 1499
1488920 1499
1488930 1497
1488940 1495
1488950 1495
1488960 1494
1488970 1492
1488980 1492
1488990 1488
1489000 1484
1489010 1484
1489020 1480
1489030 1477
1489040 1477
1489050 1474
1489060 1471
1489070 1471
1489080 1469
1489090 1467
1489100 1467
1489110 1465
1489120 1463
1489130 1463
1489140 1463
1489150 1464
1489160 1464
1489170 1466
1489180 1467
1489190 1467
1489200 1464
1489210 1461
1489220 1461
1489230 1458
1489240 1457
1489250 1457
1489260 1457
1489270 1453
1489280 1449
1489290 1449
1489300 1448
1489310 1445
1489320 1445
1489330 1452
1489340 1456
1489350 1456
1489360 1455
1489370 1454
1489380 1454
1489390 1456
1489400 1457
1489410 1457
1489420 1456
1489430 1456
1489440 1456
1489450 1454
1489460 1450
1489470 1450
1489480 1447
1489490 1448
1489500 1448
1489510 1449
1489520 1449
1489530 1449
1489540 1448
1489550 1445
1489560 1445
1489570 1447
1489580 1448
1489590 1448
1489600 1448
1489610 1448
1489620 1448
1489630 1448
1489640 1447
1489650 1448
1489660 1448
1489670 1450
1489680 1452
1489690 1452
1489700 1454
1489710 1456
1489720 1456
1489730 1459
1489740 1461
1489750 1461
1489760 1459
1489770 1459
1489780 1459
1489790 1459
1489800 1459
1489810 1459
1489820 1461
1489830 1461
1489840 1461
1489850 1459
1489860 1458
1489870 1458
1489880 1457
1489890 1456
1489900 1456
1489910 1458
1489920 1465
1489930 1472
1489940 1472
1489950 1475
1489960 1476
1489970 1476
1489980 1478
1489990 1478
1490000 1478
1490010 1476
1490020 1472
1490030 1472
1490040 1469
1490050 1468
1490060 1468
1490070 1466
1490080 1462
1490090 1462
1490100 1458
1490110 1456
1490120 1456
1490130 1458
1490140 1462
1490150 1462
1490160 1465
1490170 1467
1490180 1467
1490190 1469
1490200 1472
1490210 1472
1490220 1474
1490230 1478
1490240 1478
1490250 1482
1490260 1484
1490270 1484
1490280 1485
1490290 1485
1490300 1485
1490310 1485
1490320 1488
1490330 1490
1490340 1490
1490350 1493
1490360 1496
1490370 1496
1490380 1500
1490390 1508
1490400 1508
1490410 1517
1490420 1519
1490430 1519
1490440 1520
1490450 1521
1490460 1521
1490470 1522
1490480 1523
1490490 1523
1490500 1528
1490510 1533
1490520 1533
1490530 1535
1490540 1537
1490550 1537
1490560 1540
1490570 1543
1490580 1543
1490590 1545
1490600 1545
1490610 1545
1490620 1544
1490630 1543
1490640 1540
1490650 1540
1490660 1537
1490670 1534
1490680 1534
1490690 1530
1490700 1526
1490710 1526
1490720 1522
1490730 1518
1490740 1518
1490750 1516
1490760 1514
1490770 1514
1490780 1509
1490790 1506
1490800 1506
1490810 1505
1490820 1504
1490830 1504
1490840 1502
1490850 1500
1490860 1500
1490870 1499
1490880 1498
1490890 1498
1490900 1497
1490910 1497
1490920 1497
1490930 1494
1490940 1492
1490950 1492
1490960 1493
1490970 1494
1490980 1493
1490990 1493
1491000 1491
1491010 1489
1491020 1489
1491030 1487
1491040 1486
1491050 1486
1491060 1485
1491070 1483
1491080 1483
1491090 1482
1491100 1481
1491110 1481
1491120 1479
1491130 1476
1491140 1476
1491150 1474
1491160 1472
1491170 1472
1491180 1471
1491190 1468
1491200 1468
1491210 1465
1491220 1464
1491230 1464
1491240 1462
1491250 1458
1491260 1458
1491270 1454
1491280 1451
1491290 1451
1491300 1446
1491310 1441
1491320 1436
1491330 1436
1491340 1432
1491350 1431
1491360 1431
1491370 1430
1491380 1426
1491390 1426
1491400 1422
1491410 1419
1491420 1419
1491430 1416
1491440 1414
1491450 1414
1491460 1415
1491470 1412
1491480 1412
1491490 1406
1491500 1399
1491510 1399
1491520 1391
1491530 1382
1491540 1382
1491550 1376
1491560 1370
1491570 1370
1491580 1363
1491590 1356
1491600 1356
1491610 1350
1491620 1342
1491630 1342
1491640 1334
1491650 1327
1491660 1322
1491670 1322
1491680 1317
1491690 1311
1491700 1311
1491710 1306
1491720 1298
1491730 1298
1491740 1289
1491750 1282
1491760 1282
1491770 1278
1491780 1275
1491790 1275
1491800 1275
1491810 1272
1491820 1272
1491830 1269
1491840 1269
1491850 1269
1491860 1267
1491870 1262
1491880 1262
1491890 1258
1491900 1252
1491910 1252
1491920 1247
1491930 1241
1491940 1241
1491950 1235
1491960 1230
1491970 1230
1491980 1226
1491990 1220
1492000 1217
1492010 1217
1492020 1215
1492030 1213
1492040 1213
1492050 1212
1492060 1210
1492070 1210
1492080 1208
1492090 1206
1492100 1206
1492110 1205
1492120 1203
1492130 1203
1492140 1201
1492150 1199
1492160 1199
1492170 1197
1492180 1196
1492190 1196
1492200 1195
1492210 1194
1492220 1194
1492230 1193
1492240 1191
1492250 1191
1492260 1189
1492270 1187
1492280 1187
1492290 1185
1492300 1183
1492310 1183
1492320 1182
1492330 1184
1492340 1186
1492350 1186
1492360 1187
1492370 1189
1492380 1189
1492390 1191
1492400 1192
1492410 1192
1492420 1193
1492430 1194
1492440 1194
1492450 1195
1492460 1197
1492470 1197
1492480 1198
1492490 1200
1492500 1200
1492510 1202
1492520 1204
1492530 1204
1492540 1206
1492550 1208
1492560 1208
1492570 1210
1492580 1212
1492590 1212
1492600 1214
1492610 1216
1492620 1216
1492630 1218
1492640 1221
1492650 1221
1492660 1223
1492670 1225
1492680 1226
1492690 1226
1492700 1228
1492710 1230
1492720 1230
1492730 1231
1492740 1232
1492750 1232
1492760 1234
1492770 1236
1492780 1236
1492790 1238
1492800 1240
1492810 1240
1492820 1242
1492830 1244
1492840 1244
1492850 1246
1492860 1247
1492870 1247
1492880 1248
1492890 1248
1492900 1248
1492910 1247
1492920 1246
1492930 1246
1492940 1243
1492950 1239
1492960 1239
1492970 1235
1492980 1232
1492990 1232
1493000 1230
1493010 1228
1493020 1227
1493030 1227
1493040 1225
1493050 1223
1493060 1223
1493070 1220
1493080 1218
1493090 1218
1493100 1215
1493110 1212
1493120 1212
1493130 1209
1493140 1206
1493150 1206
1493160 1204
1493170 1200
1493180 1200
1493190 1195
1493200 1190
1493210 1190
1493220 1186
1493230 1183
1493240 1183
1493250 1180
1493260 1177
1493270 1177
1493280 1174
1493290 1173
1493300 1173
1493310 1172
1493320 1171
1493330 1171
1493340 1170
1493350 1168
1493360 1167
1493370 1167
1493380 1168
1493390 1169
1493400 1169
1493410 1170
1493420 1171
1493430 1171
1493440 1171
1493450 1170
1493460 1170
1493470 1170
1493480 1170
1493490 1170
1493500 1170
1493510 1171
1493520 1171
1493530 1171
1493540 1170
1493550 1170
1493560 1168
1493570 1167
1493580 1167
1493590 1164
1493600 1162
1493610 1162
1493620 1161
1493630 1159
1493640 1159
1493650 1157
1493660 1155
1493670 1155
1493680 1152
1493690 1149
1493700 1145
1493710 1145
1493720 1141
1493730 1136
1493740 1136
1493750 1131
1493760 1124
1493770 1124
1493780 1115
1493790 1106
1493800 1106
1493810 1096
1493820 1088
1493830 1088
1493840 1081
1493850 1073
1493860 1073
1493870 1071
1493880 1072
1493890 1072
1493900 1072
1493910 1074
1493920 1074
1493930 1076
1493940 1076
1493950 1076
1493960 1075
1493970 1075
1493980 1075
1493990 1077
1494000 1080
1494010 1080
1494020 1081
1494030 1084
1494040 1086
1494050 1086
1494060 1085
1494070 1080
1494080 1080
1494090 1073
1494100 1067
1494110 1067
1494120 1062
1494130 1058
1494140 1058
1494150 1054
1494160 1050
1494170 1050
1494180 1041
1494190 1030
1494200 1030
1494210 1021
1494220 1013
1494230 1013
1494240 1005
1494250 998
1494260 998
1494270 992
1494280 985
1494290 985
1494300 980
1494310 976
1494320 976
1494330 972
1494340 965
1494350 965
1494360 960
1494370 955
1494380 946
1494390 946
1494400 937
1494410 930
1494420 930
1494430 920
1494440 911
1494450 911
1494460 903
1494470 897
1494480 897
1494490 893
1494500 889
1494510 889
1494520 884
1494530 881
1494540 881
1494550 878
1494560 875
1494570 875
1494580 872
1494590 870
1494600 870
1494610 868
1494620 866
1494630 866
1494640 863
1494650 860
1494660 860
1494670 857
1494680 854
1494690 854
1494700 852
1494710 849
1494720 847
1494730 847
1494740 845
1494750 843
1494760 843
1494770 840
1494780 838
1494790 838
1494800 834
1494810 831
1494820 831
1494830 828
1494840 826
1494850 826
1494860 826
1494870 826
1494880 826
1494890 821
1494900 816
1494910 816
1494920 811
1494930 807
1494940 807
1494950 805
1494960 803
1494970 803
1494980 799
1494990 793
1495000 793
1495010 783
1495020 773
1495030 773
1495040 766
1495050 765
1495060 765
1495070 765
1495080 765
1495090 765
1495100 765
1495110 764
1495120 763
1495130 763
1495140 765
1495150 765
1495160 765
1495170 766
1495180 767
1495190 767
1495200 767
1495210 767
1495220 767
1495230 767
1495240 768
1495250 768
1495260 773
1495270 776
1495280 776
1495290 777
1495300 777
1495310 777
1495320 777
1495330 778
1495340 778
1495350 783
1495360 789
1495370 789
1495380 796
1495390 803
1495400 807
1495410 807
1495420 810
1495430 812
1495440 812
1495450 814
1495460 815
1495470 815
1495480 817
1495490 819
1495500 819
1495510 820
1495520 822
1495530 822
1495540 824
1495550 826
1495560 826
1495570 828
1495580 830
1495590 830
1495600 832
1495610 834
1495620 834
1495630 836
1495640 838
1495650 838
1495660 840
1495670 841
1495680 841
1495690 844
1495700 846
1495710 846
1495720 848
1495730 850
1495740 853
1495750 853
1495760 855
1495770 858
1495780 858
1495790 860
1495800 861
1495810 861
1495820 863
1495830 865
1495840 865
1495850 867
1495860 869
1495870 869
1495880 871
1495890 872
1495900 872
1495910 875
1495920 878
1495930 878
1495940 882
1495950 885
1495960 885
1495970 888
1495980 893
1495990 893
1496000 898
1496010 902
1496020 902
1496030 904
1496040 904
1496050 904
1496060 904
1496070 906
1496080 911
1496090 911
1496100 916
1496110 920
1496120 920
1496130 923
1496140 927
1496150 927
1496160 931
1496170 935
1496180 935
1496190 938
1496200 941
1496210 941
1496220 942
1496230 942
1496240 942
1496250 942
1496260 947
1496270 947
1496280 953
1496290 959
1496300 959
1496310 965
1496320 970
1496330 970
1496340 974
1496350 979
1496360 979
1496370 985
1496380 992
1496390 992
1496400 997
1496410 999
1496420 1001
1496430 1001
1496440 1003
1496450 1004
1496460 1004
1496470 1006
1496480 1008
1496490 1008
1496500 1009
1496510 1012
1496520 1012
1496530 1015
1496540 1017
1496550 1017
1496560 1020
1496570 1022
1496580 1022
1496590 1023
1496600 1024
1496610 1024
1496620 1024
1496630 1023
1496640 1023
1496650 1021
1496660 1020
1496670 1020
1496680 1019
1496690 1014
1496700 1014
1496710 1013
1496720 1011
1496730 1011
1496740 1007
1496750 1006
1496760 1007
1496770 1007
1496780 1007
1496790 1003
1496800 1003
1496810 997
1496820 993
1496830 993
1496840 987
1496850 982
1496860 982
1496870 982
1496880 981
1496890 981
1496900 980
1496910 980
1496920 980
1496930 983
1496940 988
1496950 988
1496960 993
1496970 996
1496980 996
1496990 993
1497000 992
1497010 992
1497020 993
1497030 991
1497040 991
1497050 990
1497060 987
1497070 987
1497080 985
1497090 984
1497100 981
1497110 981
1497120 978
1497130 976
1497140 976
1497150 973
1497160 970
1497170 970
1497180 968
1497190 965
1497200 965
1497210 961
1497220 955
1497230 955
1497240 949
1497250 945
1497260 945
1497270 940
1497280 935
1497290 935
1497300 935
1497310 939
1497320 939
1497330 940
1497340 940
1497350 940
1497360 939
1497370 938
1497380 938
1497390 937
1497400 935
1497410 935
1497420 933
1497430 929
1497440 924
1497450 924
1497460 922
1497470 918
1497480 918
1497490 914
1497500 910
1497510 910
1497520 906
1497530 901
1497540 901
1497550 901
1497560 908
1497570 908
1497580 914
1497590 919
1497600 919
1497610 922
1497620 927
1497630 927
1497640 933
1497650 936
1497660 936
1497670 935
1497680 933
1497690 933
1497700 932
1497710 930
1497720 930
1497730 928
1497740 926
1497750 926
1497760 924
1497770 920
1497780 922
1497790 922
1497800 926
1497810 928
1497820 928
1497830 929
1497840 930
1497850 930
1497860 930
1497870 926
1497880 926
1497890 921
1497900 917
1497910 917
1497920 911
1497930 905
1497940 905
1497950 900
1497960 896
1497970 896
1497980 891
1497990 887
1498000 887
1498010 886
1498020 889
1498030 889
1498040 890
1498050 891
1498060 891
1498070 893
1498080 894
1498090 894
1498100 896
1498110 898
1498120 898
1498130 899
1498140 901
1498150 902
1498160 902
1498170 904
1498180 905
1498190 905
1498200 907
1498210 908
1498220 908
1498230 910
1498240 911
1498250 911
1498260 912
1498270 915
1498280 915
1498290 920
1498300 925
1498310 925
1498320 931
1498330 936
1498340 936
1498350 941
1498360 945
1498370 945
1498380 946
1498390 943
1498400 943
1498410 942
1498420 943
1498430 943
1498440 946
1498450 948
1498460 948
1498470 950
1498480 954
1498490 959
1498500 959
1498510 962
1498520 966
1498530 966
1498540 968
1498550 969
1498560 969
1498570 971
1498580 973
1498590 973
1498600 975
1498610 977
1498620 977
1498630 979
1498640 979
1498650 979
1498660 980
1498670 982
1498680 982
1498690 983
1498700 984
1498710 984
1498720 987
1498730 990
1498740 990
1498750 990
1498760 993
1498770 993
1498780 995
1498790 998
1498800 998
1498810 1001
1498820 1004
1498830 1007
1498840 1007
1498850 1009
1498860 1012
1498870 1012
1498880 1014
1498890 1017
1498900 1017
1498910 1022
1498920 1026
1498930 1026
1498940 1030
1498950 1033
1498960 1033
1498970 1035
1498980 1039
1498990 1039
1499000 1043
1499010 1048
1499020 1048
1499030 1053
1499040 1057
1499050 1057
1499060 1062
1499070 1067
1499080 1067
1499090 1072
1499100 1076
1499110 1076
1499120 1083
1499130 1091
1499140 1091
1499150 1098
1499160 1104
1499170 1110
1499180 1110
1499190 1116
1499200 1122
1499210 1122
1499220 1127
1499230 1132
1499240 1132
1499250 1138
1499260 1143
1499270 1143
1499280 1147
1499290 1150
1499300 1150
1499310 1152
1499320 1155
1499330 1155
1499340 1158
1499350 1162
1499360 1162
1499370 1166
1499380 1169
1499390 1169
1499400 1173
1499410 1176
1499420 1176
1499430 1178
1499440 1181
1499450 1181
1499460 1185
1499470 1189
1499480 1189
1499490 1194
1499500 1194
1499510 1196
1499520 1196
1499530 1203
1499540 1206
1499550 1206
1499560 1209
1499570 1212
1499580 1212
1499590 1216
1499600 1219
1499610 1219
1499620 1222
1499630 1225
1499640 1225
1499650 1229
1499660 1233
1499670 1233
1499680 1236
1499690 1239
1499700 1239
1499710 1243
1499720 1248
1499730 1248
1499740 1252
1499750 1257
1499760 1257
1499770 1261
1499780 1265
1499790 1265
1499800 1270
1499810 1275
1499820 1275
1499830 1279
1499840 1284
1499850 1289
1499860 1289
1499870 1295
1499880 1301
1499890 1301
1499900 1306
1499910 1311
1499920 1311
1499930 1315
1499940 1319
1499950 1319
1499960 1323
1499970 1328
1499980 1328
1499990 1333
