1480000 1858
1480010 1852
1480020 1852
1480030 1846
1480040 1842
1480050 1842
1480060 1833
1480070 1826
1480080 1826
1480090 1826
1480100 1827
1480110 1827
1480120 1836
1480130 1840
1480140 1840
1480150 1838
1480160 1836
1480170 1836
1480180 1834
1480190 1834
1480200 1834
1480210 1837
1480220 1840
1480230 1841
1480240 1841
1480250 1835
1480260 1829
1480270 1829
1480280 1827
1480290 1827
1480300 1827
1480310 1828
1480320 1823
1480330 1823
1480340 1817
1480350 1812
1480360 1812
1480370 1808
1480380 1804
1480390 1804
1480400 1800
1480410 1797
1480420 1797
1480430 1793
1480440 1787
1480450 1787
1480460 1783
1480470 1784
1480480 1784
1480490 1780
1480500 1775
1480510 1775
1480520 1769
1480530 1763
1480540 1763
1480550 1754
1480560 1748
1480570 1738
1480580 1738
1480590 1724
1480600 1715
1480610 1715
1480620 1713
1480630 1725
1480640 1725
1480650 1730
1480660 1730
1480670 1730
1480680 1727
1480690 1725
1480700 1725
1480710 1724
1480720 1719
1480730 1719
1480740 1708
1480750 1699
1480760 1699
1480770 1695
1480780 1693
1480790 1693
1480800 1690
1480810 1689
1480820 1689
1480830 1688
1480840 1686
1480850 1686
1480860 1685
1480870 1683
1480880 1683
1480890 1677
1480900 1671
1480910 1671
1480920 1666
1480930 1662
1480940 1660
1480950 1660
1480960 1658
1480970 1652
1480980 1652
1480990 1644
1481000 1635
1481010 1635
1481020 1633
1481030 1630
1481040 1630
1481050 1628
1481060 1624
1481070 1624
1481080 1617
1481090 1611
1481100 1611
1481110 1610
1481120 1609
1481130 1609
1481140 1609
1481150 1606
1481160 1606
1481170 1605
1481180 1603
1481190 1603
1481200 1601
1481210 1601
1481220 1601
1481230 1604
1481240 1605
1481250 1605
1481260 1605
1481270 1606
1481280 1608
1481290 1608
1481300 1609
1481310 1612
1481320 1612
1481330 1610
1481340 1609
1481350 1609
1481360 1611
1481370 1611
1481380 1611
1481390 1611
1481400 1608
1481410 1608
1481420 1597
1481430 1586
1481440 1586
1481450 1581
1481460 1579
1481470 1579
1481480 1577
1481490 1576
1481500 1576
1481510 1575
1481520 1572
1481530 1572
1481540 1570
1481550 1569
1481560 1569
1481570 1566
1481580 1563
1481590 1563
1481600 1559
1481610 1555
1481620 1555
1481630 1552
1481640 1552
1481650 1551
1481660 1551
1481670 1554
1481680 1554
1481690 1554
1481700 1559
1481710 1565
1481720 1565
1481730 1565
1481740 1565
1481750 1565
1481760 1563
1481770 1562
1481780 1562
1481790 1558
1481800 1554
1481810 1554
1481820 1542
1481830 1540
1481840 1540
1481850 1545
1481860 1543
1481870 1543
1481880 1538
1481890 1533
1481900 1533
1481910 1527
1481920 1518
1481930 1518
1481940 1512
1481950 1508
1481960 1508
1481970 1502
1481980 1499
1481990 1495
1482000 1495
1482010 1491
1482020 1488
1482030 1488
1482040 1483
1482050 1483
1482060 1483
1482070 1484
1482080 1482
1482090 1482
1482100 1481
1482110 1480
1482120 1480
1482130 1479
1482140 1479
1482150 1479
1482160 1479
1482170 1478
1482180 1478
1482190 1478
1482200 1482
1482210 1482
1482220 1497
1482230 1505
1482240 1505
1482250 1511
1482260 1521
1482270 1521
1482280 1536
1482290 1552
1482300 1552
1482310 1567
1482320 1572
1482330 1572
1482340 1577
1482350 1581
1482360 1584
1482370 1584
1482380 1593
1482390 1598
1482400 1598
1482410 1599
1482420 1605
1482430 1605
1482440 1614
1482450 1619
1482460 1619
1482470 1626
1482480 1628
1482490 1628
1482500 1642
1482510 1668
1482520 1668
1482530 1687
1482540 1702
1482550 1702
1482560 1712
1482570 1718
1482580 1718
1482590 1722
1482600 1725
1482610 1725
1482620 1725
1482630 1724
1482640 1724
1482650 1724
1482660 1727
1482670 1727
1482680 1730
1482690 1732
1482700 1736
1482710 1736
1482720 1741
1482730 1744
1482740 1744
1482750 1746
1482760 1748
1482770 1748
1482780 1749
1482790 1749
1482800 1749
1482810 1749
1482820 1749
1482830 1749
1482840 1748
1482850 1746
1482860 1746
1482870 1743
1482880 1739
1482890 1739
1482900 1736
1482910 1732
1482920 1732
1482930 1728
1482940 1724
1482950 1724
1482960 1721
1482970 1714
1482980 1714
1482990 1709
1483000 1705
1483010 1705
1483020 1703
1483030 1702
1483040 1702
1483050 1700
1483060 1699
1483070 1696
1483080 1696
1483090 1692
1483100 1688
1483110 1688
1483120 1685
1483130 1685
1483140 1685
1483150 1683
1483160 1679
1483170 1679
1483180 1674
1483190 1670
1483200 1670
1483210 1666
1483220 1662
1483230 1662
1483240 1662
1483250 1657
1483260 1657
1483270 1650
1483280 1643
1483290 1643
1483300 1639
1483310 1636
1483320 1636
1483330 1635
1483340 1630
1483350 1630
1483360 1629
1483370 1631
1483380 1631
1483390 1628
1483400 1617
1483410 1612
1483420 1612
1483430 1613
1483440 1612
1483450 1612
1483460 1604
1483470 1589
1483480 1589
1483490 1574
1483500 1572
1483510 1572
1483520 1573
1483530 1569
1483540 1569
1483550 1560
1483560 1550
1483570 1550
1483580 1540
1483590 1536
1483600 1536
1483610 1526
1483620 1517
1483630 1517
1483640 1509
1483650 1501
1483660 1501
1483670 1491
1483680 1482
1483690 1482
1483700 1477
1483710 1476
1483720 1476
1483730 1475
1483740 1474
1483750 1474
1483760 1474
1483770 1472
1483780 1466
1483790 1466
1483800 1453
1483810 1428
1483820 1428
1483830 1373
1483840 1322
1483850 1322
1483860 1283
1483870 1202
1483880 1202
1483890 1161
1483900 1152
1483910 1152
1483920 1149
1483930 1147
1483940 1147
1483950 1145
1483960 1143
1483970 1143
1483980 1140
1483990 1139
1484000 1139
1484010 1140
1484020 1143
1484030 1143
1484040 1139
1484050 1133
1484060 1133
1484070 1128
1484080 1122
1484090 1122
1484100 1117
1484110 1113
1484120 1109
1484130 1109
1484140 1107
1484150 1109
1484160 1109
1484170 1119
1484180 1123
1484190 1123
1484200 1123
1484210 1119
1484220 1119
1484230 1119
1484240 1122
1484250 1122
1484260 1122
1484270 1120
1484280 1120
1484290 1111
1484300 1092
1484310 1092
1484320 1076
1484330 1067
1484340 1067
1484350 1064
1484360 1059
1484370 1059
1484380 1047
1484390 1048
1484400 1048
1484410 1057
1484420 1067
1484430 1067
1484440 1074
1484450 1079
1484460 1080
1484470 1080
1484480 1080
1484490 1080
1484500 1080
1484510 1083
1484520 1098
1484530 1098
1484540 1118
1484550 1126
1484560 1126
1484570 1131
1484580 1132
1484590 1132
1484600 1125
1484610 1104
1484620 1104
1484630 1051
1484640 1016
1484650 1016
1484660 997
1484670 985
1484680 985
1484690 979
1484700 972
1484710 972
1484720 964
1484730 958
1484740 958
1484750 940
1484760 931
1484770 931
1484780 926
1484790 920
1484800 920
1484810 914
1484820 909
1484830 904
1484840 904
1484850 896
1484860 885
1484870 885
1484880 874
1484890 869
1484900 869
1484910 865
1484920 863
1484930 863
1484940 859
1484950 855
1484960 855
1484970 852
1484980 848
1484990 848
1485000 843
1485010 838
1485020 838
1485030 833
1485040 828
1485050 828
1485060 824
1485070 822
1485080 822
1485090 821
1485100 820
1485110 820
1485120 818
1485130 816
1485140 816
1485150 814
1485160 812
1485170 812
1485180 812
1485190 812
1485200 813
1485210 813
1485220 815
1485230 818
1485240 818
1485250 821
1485260 823
1485270 823
1485280 825
1485290 828
1485300 828
1485310 830
1485320 833
1485330 833
1485340 835
1485350 837
1485360 837
1485370 840
1485380 843
1485390 843
1485400 846
1485410 851
1485420 851
1485430 855
1485440 860
1485450 860
1485460 866
1485470 871
1485480 871
1485490 876
1485500 881
1485510 881
1485520 886
1485530 891
1485540 895
1485550 895
1485560 899
1485570 903
1485580 903
1485590 910
1485600 914
1485610 914
1485620 919
1485630 926
1485640 926
1485650 932
1485660 938
1485670 938
1485680 950
1485690 960
1485700 960
1485710 970
1485720 980
1485730 980
1485740 987
1485750 995
1485760 995
1485770 1005
1485780 1015
1485790 1015
1485800 1025
1485810 1036
1485820 1036
1485830 1046
1485840 1058
1485850 1058
1485860 1069
1485870 1077
1485880 1084
1485890 1084
1485900 1094
1485910 1105
1485920 1105
1485930 1113
1485940 1121
1485950 1121
1485960 1128
1485970 1134
1485980 1134
1485990 1139
1486000 1143
1486010 1143
1486020 1146
1486030 1149
1486040 1149
1486050 1151
1486060 1153
1486070 1153
1486080 1156
1486090 1160
1486100 1160
1486110 1163
1486120 1164
1486130 1164
1486140 1161
1486150 1156
1486160 1156
1486170 1155
1486180 1157
1486190 1157
1486200 1157
1486210 1153
1486220 1153
1486230 1148
1486240 1144
1486250 1139
1486260 1139
1486270 1133
1486280 1128
1486290 1128
1486300 1123
1486310 1119
1486320 1119
1486330 1115
1486340 1111
1486350 1111
1486360 1107
1486370 1101
1486380 1101
1486390 1095
1486400 1089
1486410 1089
1486420 1082
1486430 1076
1486440 1076
1486450 1071
1486460 1066
1486470 1066
1486480 1060
1486490 1055
1486500 1055
1486510 1049
1486520 1043
1486530 1043
1486540 1039
1486550 1034
1486560 1034
1486570 1030
1486580 1025
1486590 1022
1486600 1022
1486610 1018
1486620 1015
1486630 1015
1486640 1012
1486650 1011
1486660 1011
1486670 1010
1486680 1008
1486690 1008
1486700 1007
1486710 1006
1486720 1006
1486730 1006
1486740 1007
1486750 1007
1486760 1009
1486770 1011
1486780 1011
1486790 1013
1486800 1015
1486810 1015
1486820 1017
1486830 1019
1486840 1019
1486850 1019
1486860 1022
1486870 1022
1486880 1025
1486890 1029
1486900 1029
1486910 1033
1486920 1038
1486930 1038
1486940 1043
1486950 1048
1486960 1054
1486970 1054
1486980 1059
1486990 1064
1487000 1064
1487010 1070
1487020 1075
1487030 1075
1487040 1080
1487050 1085
1487060 1085
1487070 1090
1487080 1094
1487090 1094
1487100 1099
1487110 1103
1487120 1103
1487130 1108
1487140 1111
1487150 1111
1487160 1115
1487170 1119
1487180 1119
1487190 1122
1487200 1125
1487210 1125
1487220 1129
1487230 1132
1487240 1132
1487250 1136
1487260 1138
1487270 1138
1487280 1140
1487290 1142
1487300 1144
1487310 1144
1487320 1147
1487330 1150
1487340 1150
1487350 1152
1487360 1155
1487370 1155
1487380 1158
1487390 1159
1487400 1159
1487410 1161
1487420 1163
1487430 1163
1487440 1165
1487450 1167
1487460 1167
1487470 1171
1487480 1175
1487490 1175
1487500 1181
1487510 1187
1487520 1187
1487530 1193
1487540 1198
1487550 1198
1487560 1201
1487570 1204
1487580 1204
1487590 1207
1487600 1209
1487610 1209
1487620 1211
1487630 1213
1487640 1213
1487650 1217
1487660 1222
1487670 1228
1487680 1228
1487690 1234
1487700 1238
1487710 1238
1487720 1244
1487730 1249
1487740 1249
1487750 1255
1487760 1261
1487770 1261
1487780 1266
1487790 1272
1487800 1272
1487810 1279
1487820 1285
1487830 1285
1487840 1291
1487850 1298
1487860 1298
1487870 1304
1487880 1311
1487890 1311
1487900 1317
1487910 1324
1487920 1324
1487930 1331
1487940 1337
1487950 1337
1487960 1342
1487970 1347
1487980 1347
1487990 1353
1488000 1359
1488010 1364
1488020 1364
1488030 1370
1488040 1376
1488050 1376
1488060 1381
1488070 1386
1488080 1386
1488090 1392
1488100 1397
1488110 1397
1488120 1402
1488130 1408
1488140 1408
1488150 1413
1488160 1418
1488170 1418
1488180 1422
1488190 1426
1488200 1426
1488210 1429
1488220 1432
1488230 1432
1488240 1435
1488250 1438
1488260 1438
1488270 1440
1488280 1442
1488290 1442
1488300 1443
1488310 1444
1488320 1444
1488330 1443
1488340 1443
1488350 1443
1488360 1442
1488370 1440
1488380 1438
1488390 1438
1488400 1436
1488410 1434
1488420 1434
1488430 1433
1488440 1432
1488450 1432
1488460 1430
1488470 1429
1488480 1429
1488490 1427
1488500 1423
1488510 1423
1488520 1418
1488530 1411
1488540 1411
1488550 1407
1488560 1404
1488570 1404
1488580 1402
1488590 1401
1488600 1401
1488610 1401
1488620 1399
1488630 1399
1488640 1396
1488650 1390
1488660 1390
1488670 1384
1488680 1378
1488690 1378
1488700 1373
1488710 1368
1488720 1363
1488730 1363
1488740 1357
1488750 1352
1488760 1352
1488770 1346
1488780 1341
1488790 1341
1488800 1335
1488810 1330
1488820 1330
1488830 1325
1488840 1320
1488850 1320
1488860 1314
1488870 1308
1488880 1308
1488890 1303
1488900 1300
1488910 1300
1488920 1297
1488930 1296
1488940 1296
1488950 1294
1488960 1292
1488970 1292
1488980 1289
1488990 1287
1489000 1287
1489010 1283
1489020 1281
1489030 1281
1489040 1276
1489050 1272
1489060 1272
1489070 1269
1489080 1266
1489090 1262
1489100 1262
1489110 1259
1489120 1255
1489130 1255
1489140 1252
1489150 1249
1489160 1249
1489170 1247
1489180 1245
1489190 1245
1489200 1244
1489210 1244
1489220 1244
1489230 1242
1489240 1241
1489250 1241
1489260 1238
1489270 1235
1489280 1235
1489290 1229
1489300 1223
1489310 1223
1489320 1218
1489330 1217
1489340 1217
1489350 1218
1489360 1221
1489370 1221
1489380 1221
1489390 1220
1489400 1220
1489410 1220
1489420 1218
1489430 1216
1489440 1216
1489450 1212
1489460 1210
1489470 1210
1489480 1210
1489490 1210
1489500 1210
1489510 1211
1489520 1208
1489530 1208
1489540 1206
1489550 1206
1489560 1206
1489570 1212
1489580 1218
1489590 1218
1489600 1224
1489610 1229
1489620 1229
1489630 1230
1489640 1231
1489650 1231
1489660 1234
1489670 1238
1489680 1238
1489690 1242
1489700 1244
1489710 1244
1489720 1245
1489730 1246
1489740 1246
1489750 1247
1489760 1249
1489770 1249
1489780 1251
1489790 1252
1489800 1254
1489810 1254
1489820 1256
1489830 1256
1489840 1256
1489850 1258
1489860 1262
1489870 1262
1489880 1266
1489890 1270
1489900 1270
1489910 1273
1489920 1276
1489930 1276
1489940 1279
1489950 1281
1489960 1281
1489970 1281
1489980 1281
1489990 1281
1490000 1281
1490010 1281
1490020 1281
1490030 1280
1490040 1280
1490050 1280
1490060 1281
1490070 1283
1490080 1283
1490090 1284
1490100 1287
1490110 1287
1490120 1289
1490130 1290
1490140 1291
1490150 1291
1490160 1291
1490170 1292
1490180 1292
1490190 1293
1490200 1293
1490210 1293
1490220 1292
1490230 1292
1490240 1292
1490250 1292
1490260 1292
1490270 1292
1490280 1293
1490290 1293
1490300 1293
1490310 1293
1490320 1292
1490330 1292
1490340 1292
1490350 1291
1490360 1291
1490370 1290
1490380 1289
1490390 1289
1490400 1288
1490410 1287
1490420 1287
1490430 1285
1490440 1284
1490450 1284
1490460 1282
1490470 1279
1490480 1277
1490490 1277
1490500 1277
1490510 1276
1490520 1276
1490530 1276
1490540 1275
1490550 1275
1490560 1273
1490570 1271
1490580 1271
1490590 1269
1490600 1267
1490610 1267
1490620 1264
1490630 1260
1490640 1260
1490650 1256
1490660 1253
1490670 1253
1490680 1249
1490690 1246
1490700 1246
1490710 1243
1490720 1241
1490730 1241
1490740 1239
1490750 1237
1490760 1237
1490770 1236
1490780 1235
1490790 1235
1490800 1233
1490810 1230
1490820 1230
1490830 1227
1490840 1224
1490850 1221
1490860 1221
1490870 1218
1490880 1215
1490890 1215
1490900 1212
1490910 1208
1490920 1208
1490930 1203
1490940 1200
1490950 1200
1490960 1198
1490970 1196
1490980 1196
1490990 1195
1491000 1194
1491010 1194
1491020 1196
1491030 1196
1491040 1196
1491050 1193
1491060 1189
1491070 1189
1491080 1182
1491090 1179
1491100 1179
1491110 1177
1491120 1175
1491130 1175
1491140 1174
1491150 1174
1491160 1174
1491170 1175
1491180 1175
1491190 1171
1491200 1171
1491210 1167
1491220 1161
1491230 1161
1491240 1158
1491250 1154
1491260 1154
1491270 1151
1491280 1147
1491290 1147
1491300 1144
1491310 1142
1491320 1142
1491330 1140
1491340 1139
1491350 1139
1491360 1137
1491370 1134
1491380 1134
1491390 1131
1491400 1128
1491410 1128
1491420 1125
1491430 1121
1491440 1121
1491450 1116
1491460 1110
1491470 1110
1491480 1105
1491490 1100
1491500 1100
1491510 1096
1491520 1093
1491530 1093
1491540 1091
1491550 1088
1491560 1084
1491570 1084
1491580 1081
1491590 1078
1491600 1078
1491610 1074
1491620 1071
1491630 1071
1491640 1068
1491650 1067
1491660 1067
1491670 1064
1491680 1062
1491690 1062
1491700 1061
1491710 1060
1491720 1060
1491730 1058
1491740 1056
1491750 1056
1491760 1053
1491770 1052
1491780 1052
1491790 1053
1491800 1054
1491810 1054
1491820 1054
1491830 1054
1491840 1054
1491850 1052
1491860 1049
1491870 1049
1491880 1046
1491890 1045
1491900 1043
1491910 1043
1491920 1041
1491930 1039
1491940 1039
1491950 1037
1491960 1037
1491970 1037
1491980 1036
1491990 1035
1492000 1035
1492010 1032
1492020 1029
1492030 1029
1492040 1025
1492050 1022
1492060 1022
1492070 1016
1492080 1009
1492090 1009
1492100 1002
1492110 994
1492120 994
1492130 985
1492140 976
1492150 976
1492160 967
1492170 957
1492180 957
1492190 949
1492200 940
1492210 940
1492220 931
1492230 924
1492240 924
1492250 917
1492260 912
1492270 907
1492280 907
1492290 902
1492300 897
1492310 897
1492320 892
1492330 886
1492340 886
1492350 880
1492360 876
1492370 876
1492380 873
1492390 869
1492400 869
1492410 865
1492420 861
1492430 861
1492440 856
1492450 851
1492460 851
1492470 846
1492480 843
1492490 843
1492500 840
1492510 837
1492520 837
1492530 835
1492540 833
1492550 833
1492560 830
1492570 829
1492580 829
1492590 827
1492600 826
1492610 825
1492620 825
1492630 823
1492640 822
1492650 822
1492660 821
1492670 818
1492680 818
1492690 815
1492700 812
1492710 812
1492720 810
1492730 808
1492740 808
1492750 806
1492760 804
1492770 804
1492780 802
1492790 799
1492800 799
1492810 797
1492820 795
1492830 795
1492840 792
1492850 789
1492860 789
1492870 787
1492880 785
1492890 785
1492900 784
1492910 783
1492920 783
1492930 782
1492940 780
1492950 780
1492960 775
1492970 771
1492980 766
1492990 766
1493000 760
1493010 755
1493020 755
1493030 751
1493040 748
1493050 748
1493060 746
1493070 744
1493080 744
1493090 743
1493100 748
1493110 748
1493120 755
1493130 761
1493140 761
1493150 767
1493160 771
1493170 771
1493180 776
1493190 780
1493200 780
1493210 783
1493220 786
1493230 786
1493240 788
1493250 789
1493260 789
1493270 789
1493280 792
1493290 792
1493300 794
1493310 795
1493320 796
1493330 796
1493340 797
1493350 799
1493360 799
1493370 801
1493380 803
1493390 803
1493400 806
1493410 811
1493420 811
1493430 814
1493440 818
1493450 818
1493460 822
1493470 826
1493480 826
1493490 831
1493500 836
1493510 836
1493520 841
1493530 846
1493540 846
1493550 851
1493560 855
1493570 855
1493580 858
1493590 857
1493600 857
1493610 857
1493620 857
1493630 857
1493640 857
1493650 857
1493660 857
1493670 860
1493680 862
1493690 861
1493700 861
1493710 857
1493720 853
1493730 853
1493740 848
1493750 843
1493760 843
1493770 839
1493780 834
1493790 834
1493800 829
1493810 824
1493820 824
1493830 820
1493840 815
1493850 815
1493860 811
1493870 806
1493880 806
1493890 802
1493900 797
1493910 797
1493920 791
1493930 784
1493940 784
1493950 777
1493960 770
1493970 770
1493980 763
1493990 757
1494000 757
1494010 752
1494020 749
1494030 746
1494040 746
1494050 746
1494060 745
1494070 745
1494080 742
1494090 739
1494100 739
1494110 734
1494120 731
1494130 731
1494140 728
1494150 715
1494160 715
1494170 709
1494180 713
1494190 713
1494200 720
1494210 726
1494220 726
1494230 728
1494240 730
1494250 730
1494260 733
1494270 736
1494280 736
1494290 740
1494300 743
1494310 743
1494320 748
1494330 753
1494340 753
1494350 757
1494360 762
1494370 762
1494380 767
1494390 770
1494400 773
1494410 773
1494420 777
1494430 782
1494440 782
1494450 787
1494460 791
1494470 791
1494480 794
1494490 797
1494500 797
1494510 800
1494520 802
1494530 802
1494540 803
1494550 804
1494560 804
1494570 805
1494580 807
1494590 807
1494600 809
1494610 812
1494620 812
1494630 814
1494640 816
1494650 816
1494660 818
1494670 821
1494680 821
1494690 823
1494700 826
1494710 826
1494720 828
1494730 828
1494740 827
1494750 827
1494760 824
1494770 822
1494780 822
1494790 819
1494800 817
1494810 817
1494820 815
1494830 814
1494840 814
1494850 812
1494860 811
1494870 811
1494880 811
1494890 811
1494900 811
1494910 809
1494920 806
1494930 806
1494940 804
1494950 803
1494960 803
1494970 798
1494980 798
1494990 798
1495000 802
1495010 806
1495020 806
1495030 810
1495040 814
1495050 814
1495060 816
1495070 819
1495080 823
1495090 823
1495100 827
1495110 832
1495120 832
1495130 839
1495140 846
1495150 846
1495160 850
1495170 853
1495180 853
1495190 856
1495200 860
1495210 860
1495220 862
1495230 864
1495240 864
1495250 866
1495260 868
1495270 868
1495280 870
1495290 872
1495300 872
1495310 874
1495320 876
1495330 876
1495340 878
1495350 880
1495360 880
1495370 882
1495380 884
1495390 884
1495400 885
1495410 886
1495420 886
1495430 886
1495440 887
1495450 887
1495460 887
1495470 887
1495480 887
1495490 887
1495500 889
1495510 892
1495520 892
1495530 894
1495540 895
1495550 895
1495560 896
1495570 898
1495580 898
1495590 899
1495600 900
1495610 900
1495620 901
1495630 902
1495640 902
1495650 903
1495660 903
1495670 903
1495680 903
1495690 903
1495700 903
1495710 904
1495720 905
1495730 905
1495740 905
1495750 906
1495760 906
1495770 907
1495780 908
1495790 909
1495800 909
1495810 909
1495820 908
1495830 908
1495840 909
1495850 909
1495860 909
1495870 902
1495880 901
1495890 901
1495900 898
1495910 899
1495920 899
1495930 898
1495940 901
1495950 901
1495960 905
1495970 904
1495980 904
1495990 903
1496000 898
1496010 898
1496020 890
1496030 882
1496040 882
1496050 879
1496060 873
1496070 873
1496080 867
1496090 867
1496100 867
1496110 868
1496120 871
1496130 871
1496140 873
1496150 874
1496160 877
1496170 877
1496180 883
1496190 888
1496200 888
1496210 893
1496220 900
1496230 900
1496240 908
1496250 913
1496260 913
1496270 917
1496280 915
1496290 915
1496300 919
1496310 926
1496320 926
1496330 930
1496340 934
1496350 934
1496360 936
1496370 939
1496380 939
1496390 942
1496400 944
1496410 944
1496420 946
1496430 947
1496440 947
1496450 950
1496460 952
1496470 952
1496480 955
1496490 958
1496500 961
1496510 961
1496520 963
1496530 965
1496540 965
1496550 967
1496560 969
1496570 969
1496580 971
1496590 973
1496600 973
1496610 975
1496620 977
1496630 977
1496640 979
1496650 980
1496660 980
1496670 982
1496680 983
1496690 983
1496700 984
1496710 984
1496720 984
1496730 985
1496740 986
1496750 986
1496760 988
1496770 990
1496780 990
1496790 992
1496800 994
1496810 994
1496820 996
1496830 998
1496840 998
1496850 1000
1496860 1002
1496870 1004
1496880 1004
1496890 1006
1496900 1009
1496910 1009
1496920 1012
1496930 1015
1496940 1015
1496950 1018
1496960 1022
1496970 1022
1496980 1027
1496990 1031
1497000 1031
1497010 1036
1497020 1040
1497030 1040
1497040 1042
1497050 1043
1497060 1043
1497070 1048
1497080 1051
1497090 1051
1497100 1054
1497110 1056
1497120 1056
1497130 1059
1497140 1061
1497150 1061
1497160 1066
1497170 1073
1497180 1073
1497190 1078
1497200 1079
1497210 1082
1497220 1082
1497230 1087
1497240 1091
1497250 1091
1497260 1096
1497270 1102
1497280 1103
1497290 1109
1497300 1115
1497310 1115
1497320 1122
1497330 1128
1497340 1128
1497350 1133
1497360 1139
1497370 1139
1497380 1145
1497390 1151
1497400 1151
1497410 1157
1497420 1162
1497430 1162
1497440 1169
1497450 1176
1497460 1176
1497470 1184
1497480 1192
1497490 1192
1497500 1201
1497510 1214
1497520 1214
1497530 1221
1497540 1225
1497550 1225
1497560 1232
1497570 1241
1497580 1249
1497590 1249
1497600 1258
1497610 1267
1497620 1267
1497630 1277
1497640 1283
1497650 1283
1497660 1288
1497670 1293
1497680 1293
1497690 1299
1497700 1305
1497710 1305
1497720 1311
1497730 1315
1497740 1315
1497750 1318
1497760 1320
1497770 1320
1497780 1322
1497790 1323
1497800 1323
1497810 1326
1497820 1327
1497830 1327
1497840 1328
1497850 1328
1497860 1328
1497870 1329
1497880 1329
1497890 1329
1497900 1327
1497910 1325
1497920 1322
1497930 1322
1497940 1319
1497950 1316
1497960 1316
1497970 1312
1497980 1308
1497990 1308
1498000 1304
1498010 1301
1498020 1301
1498030 1298
1498040 1295
1498050 1295
1498060 1293
1498070 1295
1498080 1295
1498090 1295
1498100 1294
1498110 1294
1498120 1292
1498130 1289
1498140 1289
1498150 1286
1498160 1283
1498170 1283
1498180 1281
1498190 1280
1498200 1280
1498210 1277
1498220 1274
1498230 1274
1498240 1271
1498250 1263
1498260 1253
1498270 1253
1498280 1240
1498290 1248
1498300 1248
1498310 1260
1498320 1262
1498330 1262
1498340 1262
1498350 1263
1498360 1263
1498370 1262
1498380 1258
1498390 1258
1498400 1256
1498410 1255
1498420 1255
1498430 1255
1498440 1250
1498450 1250
1498460 1245
1498470 1243
1498480 1243
1498490 1248
1498500 1254
1498510 1254
1498520 1257
1498530 1259
1498540 1259
1498550 1259
1498560 1254
1498570 1254
1498580 1256
1498590 1260
1498600 1260
1498610 1265
1498620 1272
1498630 1281
1498640 1281
1498650 1289
1498660 1295
1498670 1295
1498680 1300
1498690 1300
1498700 1300
1498710 1296
1498720 1294
1498730 1294
1498740 1292
1498750 1291
1498760 1291
1498770 1288
1498780 1296
1498790 1296
1498800 1307
1498810 1312
1498820 1312
1498830 1317
1498840 1321
1498850 1321
1498860 1324
1498870 1326
1498880 1326
1498890 1327
1498900 1328
1498910 1328
1498920 1329
1498930 1329
1498940 1329
1498950 1330
1498960 1330
1498970 1332
1498980 1332
1498990 1333
1499000 1335
1499010 1335
1499020 1338
1499030 1340
1499040 1340
1499050 1341
1499060 1343
1499070 1343
1499080 1346
1499090 1348
1499100 1348
1499110 1350
1499120 1353
1499130 1353
1499140 1355
1499150 1358
1499160 1358
1499170 1361
1499180 1364
1499190 1364
1499200 1367
1499210 1369
1499220 1369
1499230 1372
1499240 1374
1499250 1374
1499260 1377
1499270 1379
1499280 1379
1499290 1382
1499300 1386
1499310 1386
1499320 1390
1499330 1394
1499340 1399
1499350 1399
1499360 1403
1499370 1407
1499380 1407
1499390 1412
1499400 1416
1499410 1416
1499420 1420
1499430 1425
1499440 1425
1499450 1429
1499460 1434
1499470 1434
1499480 1439
1499490 1444
1499500 1444
1499510 1450
1499520 1455
1499530 1455
1499540 1461
1499550 1467
1499560 1467
1499570 1473
1499580 1478
1499590 1478
1499600 1483
1499610 1488
1499620 1488
1499630 1494
1499640 1498
1499650 1498
1499660 1503
1499670 1508
1499680 1513
1499690 1513
1499700 1517
1499710 1521
1499720 1521
1499730 1524
1499740 1528
1499750 1528
1499760 1532
1499770 1536
1499780 1536
1499790 1540
1499800 1544
1499810 1544
1499820 1547
1499830 1547
1499840 1547
1499850 1546
1499860 1545
1499870 1545
1499880 1543
1499890 1541
1499900 1541
1499910 1538
1499920 1536
1499930 1536
1499940 1535
1499950 1533
1499960 1533
1499970 1532
1499980 1530
1499990 1530
