1480000 1610
1480010 1614
1480020 1614
1480030 1616
1480040 1615
1480050 1615
1480060 1613
1480070 1614
1480080 1614
1480090 1613
1480100 1610
1480110 1610
1480120 1607
1480130 1605
1480140 1605
1480150 1604
1480160 1603
1480170 1603
1480180 1597
1480190 1593
1480200 1591
1480210 1591
1480220 1591
1480230 1587
1480240 1587
1480250 1584
1480260 1580
1480270 1580
1480280 1579
1480290 1582
1480300 1582
1480310 1583
1480320 1579
1480330 1579
1480340 1576
1480350 1573
1480360 1573
1480370 1570
1480380 1565
1480390 1565
1480400 1563
1480410 1558
1480420 1558
1480430 1553
1480440 1551
1480450 1551
1480460 1548
1480470 1546
1480480 1546
1480490 1544
1480500 1545
1480510 1545
1480520 1545
1480530 1541
1480540 1543
1480550 1543
1480560 1545
1480570 1545
1480580 1545
1480590 1546
1480600 1545
1480610 1545
1480620 1542
1480630 1534
1480640 1534
1480650 1526
1480660 1521
1480670 1521
1480680 1516
1480690 1514
1480700 1514
1480710 1517
1480720 1519
1480730 1519
1480740 1518
1480750 1516
1480760 1516
1480770 1515
1480780 1515
1480790 1515
1480800 1517
1480810 1519
1480820 1519
1480830 1519
1480840 1518
1480850 1518
1480860 1521
1480870 1526
1480880 1526
1480890 1534
1480900 1541
1480910 1543
1480920 1543
1480930 1544
1480940 1545
1480950 1545
1480960 1546
1480970 1546
1480980 1546
1480990 1545
1481000 1540
1481010 1540
1481020 1534
1481030 1526
1481040 1526
1481050 1514
1481060 1502
1481070 1502
1481080 1486
1481090 1475
1481100 1475
1481110 1467
1481120 1462
1481130 1462
1481140 1455
1481150 1439
1481160 1439
1481170 1430
1481180 1424
1481190 1424
1481200 1420
1481210 1418
1481220 1418
1481230 1417
1481240 1420
1481250 1420
1481260 1420
1481270 1417
1481280 1414
1481290 1414
1481300 1410
1481310 1403
1481320 1403
1481330 1395
1481340 1394
1481350 1394
1481360 1393
1481370 1391
1481380 1391
1481390 1387
1481400 1381
1481410 1381
1481420 1377
1481430 1373
1481440 1373
1481450 1371
1481460 1368
1481470 1368
1481480 1365
1481490 1366
1481500 1366
1481510 1366
1481520 1364
1481530 1364
1481540 1363
1481550 1362
1481560 1362
1481570 1358
1481580 1353
1481590 1353
1481600 1348
1481610 1343
1481620 1338
1481630 1338
1481640 1331
1481650 1326
1481660 1326
1481670 1323
1481680 1319
1481690 1319
1481700 1318
1481710 1315
1481720 1315
1481730 1319
1481740 1325
1481750 1325
1481760 1324
1481770 1322
1481780 1322
1481790 1321
1481800 1317
1481810 1317
1481820 1314
1481830 1307
1481840 1307
1481850 1301
1481860 1299
1481870 1299
1481880 1296
1481890 1293
1481900 1293
1481910 1288
1481920 1287
1481930 1287
1481940 1281
1481950 1270
1481960 1265
1481970 1265
1481980 1265
1481990 1264
1482000 1264
1482010 1265
1482020 1266
1482030 1266
1482040 1262
1482050 1251
1482060 1251
1482070 1248
1482080 1246
1482090 1246
1482100 1241
1482110 1232
1482120 1232
1482130 1226
1482140 1222
1482150 1222
1482160 1219
1482170 1211
1482180 1211
1482190 1204
1482200 1202
1482210 1202
1482220 1199
1482230 1188
1482240 1188
1482250 1172
1482260 1164
1482270 1164
1482280 1169
1482290 1168
1482300 1168
1482310 1163
1482320 1160
1482330 1157
1482340 1157
1482350 1153
1482360 1152
1482370 1152
1482380 1150
1482390 1148
1482400 1148
1482410 1144
1482420 1139
1482430 1139
1482440 1129
1482450 1115
1482460 1115
1482470 1109
1482480 1110
1482490 1110
1482500 1114
1482510 1116
1482520 1116
1482530 1118
1482540 1119
1482550 1119
1482560 1118
1482570 1117
1482580 1117
1482590 1118
1482600 1118
1482610 1118
1482620 1119
1482630 1118
1482640 1118
1482650 1119
1482660 1119
1482670 1119
1482680 1118
1482690 1117
1482700 1116
1482710 1116
1482720 1115
1482730 1113
1482740 1113
1482750 1111
1482760 1110
1482770 1110
1482780 1110
1482790 1109
1482800 1109
1482810 1108
1482820 1108
1482830 1108
1482840 1115
1482850 1142
1482860 1142
1482870 1167
1482880 1180
1482890 1180
1482900 1190
1482910 1195
1482920 1195
1482930 1197
1482940 1193
1482950 1193
1482960 1183
1482970 1169
1482980 1169
1482990 1163
1483000 1163
1483010 1163
1483020 1167
1483030 1168
1483040 1162
1483050 1162
1483060 1154
1483070 1150
1483080 1150
1483090 1149
1483100 1149
1483110 1149
1483120 1150
1483130 1153
1483140 1153
1483150 1154
1483160 1154
1483170 1154
1483180 1152
1483190 1150
1483200 1150
1483210 1148
1483220 1142
1483230 1142
1483240 1135
1483250 1129
1483260 1129
1483270 1125
1483280 1122
1483290 1122
1483300 1119
1483310 1114
1483320 1114
1483330 1113
1483340 1112
1483350 1112
1483360 1113
1483370 1111
1483380 1111
1483390 1107
1483400 1100
1483410 1091
1483420 1091
1483430 1082
1483440 1074
1483450 1074
1483460 1065
1483470 1055
1483480 1055
1483490 1046
1483500 1034
1483510 1034
1483520 1013
1483530 1005
1483540 1005
1483550 999
1483560 987
1483570 987
1483580 975
1483590 973
1483600 973
1483610 970
1483620 952
1483630 952
1483640 935
1483650 927
1483660 927
1483670 920
1483680 912
1483690 912
1483700 903
1483710 895
1483720 895
1483730 884
1483740 873
1483750 855
1483760 855
1483770 837
1483780 819
1483790 819
1483800 798
1483810 778
1483820 778
1483830 769
1483840 764
1483850 764
1483860 759
1483870 755
1483880 755
1483890 750
1483900 745
1483910 745
1483920 740
1483930 734
1483940 734
1483950 728
1483960 723
1483970 723
1483980 718
1483990 713
1484000 713
1484010 709
1484020 706
1484030 706
1484040 704
1484050 701
1484060 701
1484070 697
1484080 693
1484090 693
1484100 692
1484110 691
1484120 690
1484130 690
1484140 688
1484150 687
1484160 687
1484170 687
1484180 686
1484190 686
1484200 685
1484210 684
1484220 684
1484230 683
1484240 683
1484250 683
1484260 682
1484270 682
1484280 682
1484290 682
1484300 681
1484310 681
1484320 680
1484330 680
1484340 680
1484350 679
1484360 679
1484370 679
1484380 679
1484390 679
1484400 679
1484410 679
1484420 680
1484430 680
1484440 681
1484450 681
1484460 681
1484470 681
1484480 681
1484490 681
1484500 681
1484510 681
1484520 681
1484530 681
1484540 681
1484550 681
1484560 681
1484570 682
1484580 682
1484590 682
1484600 682
1484610 682
1484620 682
1484630 683
1484640 683
1484650 683
1484660 683
1484670 683
1484680 683
1484690 683
1484700 684
1484710 684
1484720 684
1484730 684
1484740 684
1484750 684
1484760 685
1484770 685
1484780 685
1484790 685
1484800 685
1484810 685
1484820 686
1484830 686
1484840 686
1484850 686
1484860 686
1484870 686
1484880 687
1484890 687
1484900 687
1484910 687
1484920 687
1484930 687
1484940 687
1484950 687
1484960 687
1484970 687
1484980 688
1484990 688
1485000 689
1485010 689
1485020 689
1485030 690
1485040 691
1485050 691
1485060 692
1485070 696
1485080 696
1485090 700
1485100 704
1485110 704
1485120 708
1485130 712
1485140 712
1485150 715
1485160 719
1485170 719
1485180 722
1485190 725
1485200 729
1485210 729
1485220 733
1485230 736
1485240 736
1485250 739
1485260 742
1485270 742
1485280 746
1485290 751
1485300 751
1485310 757
1485320 761
1485330 761
1485340 765
1485350 769
1485360 769
1485370 773
1485380 778
1485390 778
1485400 782
1485410 786
1485420 786
1485430 791
1485440 795
1485450 795
1485460 800
1485470 805
1485480 805
1485490 809
1485500 811
1485510 811
1485520 813
1485530 815
1485540 817
1485550 817
1485560 820
1485570 824
1485580 824
1485590 829
1485600 836
1485610 836
1485620 845
1485630 854
1485640 854
1485650 860
1485660 867
1485670 867
1485680 875
1485690 882
1485700 882
1485710 889
1485720 895
1485730 895
1485740 900
1485750 904
1485760 904
1485770 908
1485780 912
1485790 912
1485800 917
1485810 922
1485820 922
1485830 926
1485840 928
1485850 928
1485860 930
1485870 932
1485880 932
1485890 936
1485900 942
1485910 948
1485920 948
1485930 950
1485940 953
1485950 953
1485960 957
1485970 957
1485980 957
1485990 955
1486000 953
1486010 953
1486020 951
1486030 948
1486040 948
1486050 945
1486060 942
1486070 942
1486080 940
1486090 937
1486100 937
1486110 935
1486120 933
1486130 933
1486140 933
1486150 931
1486160 931
1486170 932
1486180 933
1486190 933
1486200 930
1486210 926
1486220 926
1486230 922
1486240 917
1486250 911
1486260 911
1486270 909
1486280 906
1486290 906
1486300 902
1486310 900
1486320 900
1486330 903
1486340 909
1486350 909
1486360 915
1486370 921
1486380 921
1486390 929
1486400 935
1486410 935
1486420 940
1486430 944
1486440 944
1486450 947
1486460 952
1486470 952
1486480 957
1486490 963
1486500 963
1486510 969
1486520 974
1486530 974
1486540 979
1486550 983
1486560 983
1486570 986
1486580 989
1486590 989
1486600 990
1486610 991
1486620 993
1486630 993
1486640 994
1486650 994
1486660 994
1486670 995
1486680 995
1486690 995
1486700 996
1486710 997
1486720 997
1486730 999
1486740 1003
1486750 1003
1486760 1006
1486770 1010
1486780 1010
1486790 1015
1486800 1019
1486810 1019
1486820 1024
1486830 1028
1486840 1028
1486850 1034
1486860 1038
1486870 1038
1486880 1044
1486890 1048
1486900 1048
1486910 1052
1486920 1057
1486930 1057
1486940 1061
1486950 1066
1486960 1071
1486970 1071
1486980 1076
1486990 1084
1487000 1084
1487010 1090
1487020 1096
1487030 1096
1487040 1102
1487050 1109
1487060 1109
1487070 1115
1487080 1121
1487090 1121
1487100 1126
1487110 1133
1487120 1133
1487130 1135
1487140 1135
1487150 1135
1487160 1135
1487170 1140
1487180 1140
1487190 1145
1487200 1149
1487210 1149
1487220 1151
1487230 1153
1487240 1153
1487250 1154
1487260 1156
1487270 1156
1487280 1159
1487290 1161
1487300 1161
1487310 1162
1487320 1164
1487330 1165
1487340 1165
1487350 1164
1487360 1163
1487370 1163
1487380 1162
1487390 1161
1487400 1161
1487410 1159
1487420 1157
1487430 1157
1487440 1155
1487450 1154
1487460 1154
1487470 1153
1487480 1152
1487490 1152
1487500 1150
1487510 1149
1487520 1149
1487530 1146
1487540 1144
1487550 1144
1487560 1141
1487570 1139
1487580 1139
1487590 1137
1487600 1135
1487610 1135
1487620 1132
1487630 1129
1487640 1129
1487650 1128
1487660 1126
1487670 1125
1487680 1125
1487690 1123
1487700 1121
1487710 1121
1487720 1120
1487730 1118
1487740 1118
1487750 1115
1487760 1113
1487770 1113
1487780 1110
1487790 1107
1487800 1107
1487810 1104
1487820 1101
1487830 1101
1487840 1100
1487850 1099
1487860 1099
1487870 1099
1487880 1099
1487890 1099
1487900 1099
1487910 1099
1487920 1099
1487930 1097
1487940 1097
1487950 1097
1487960 1096
1487970 1099
1487980 1099
1487990 1103
1488000 1103
1488010 1103
1488020 1101
1488030 1102
1488040 1106
1488050 1106
1488060 1107
1488070 1108
1488080 1108
1488090 1106
1488100 1102
1488110 1102
1488120 1099
1488130 1102
1488140 1102
1488150 1106
1488160 1110
1488170 1110
1488180 1113
1488190 1116
1488200 1116
1488210 1117
1488220 1117
1488230 1117
1488240 1117
1488250 1119
1488260 1119
1488270 1121
1488280 1123
1488290 1123
1488300 1126
1488310 1128
1488320 1128
1488330 1132
1488340 1136
1488350 1136
1488360 1141
1488370 1144
1488380 1144
1488390 1146
1488400 1148
1488410 1148
1488420 1148
1488430 1148
1488440 1148
1488450 1148
1488460 1149
1488470 1146
1488480 1146
1488490 1143
1488500 1143
1488510 1143
1488520 1145
1488530 1146
1488540 1146
1488550 1146
1488560 1147
1488570 1147
1488580 1148
1488590 1147
1488600 1147
1488610 1146
1488620 1143
1488630 1143
1488640 1141
1488650 1138
1488660 1138
1488670 1134
1488680 1129
1488690 1129
1488700 1125
1488710 1121
1488720 1121
1488730 1116
1488740 1109
1488750 1103
1488760 1103
1488770 1098
1488780 1095
1488790 1095
1488800 1092
1488810 1090
1488820 1090
1488830 1088
1488840 1086
1488850 1086
1488860 1084
1488870 1082
1488880 1082
1488890 1080
1488900 1077
1488910 1077
1488920 1072
1488930 1068
1488940 1068
1488950 1064
1488960 1061
1488970 1061
1488980 1058
1488990 1053
1489000 1053
1489010 1049
1489020 1047
1489030 1047
1489040 1044
1489050 1040
1489060 1040
1489070 1039
1489080 1039
1489090 1039
1489100 1036
1489110 1031
1489120 1027
1489130 1027
1489140 1024
1489150 1023
1489160 1023
1489170 1022
1489180 1021
1489190 1021
1489200 1021
1489210 1022
1489220 1022
1489230 1021
1489240 1021
1489250 1021
1489260 1022
1489270 1023
1489280 1023
1489290 1023
1489300 1024
1489310 1024
1489320 1027
1489330 1029
1489340 1029
1489350 1030
1489360 1032
1489370 1032
1489380 1035
1489390 1039
1489400 1039
1489410 1043
1489420 1046
1489430 1046
1489440 1046
1489450 1045
1489460 1044
1489470 1044
1489480 1046
1489490 1049
1489500 1049
1489510 1054
1489520 1060
1489530 1060
1489540 1065
1489550 1068
1489560 1068
1489570 1071
1489580 1074
1489590 1074
1489600 1079
1489610 1084
1489620 1084
1489630 1089
1489640 1094
1489650 1094
1489660 1097
1489670 1099
1489680 1099
1489690 1100
1489700 1102
1489710 1102
1489720 1105
1489730 1107
1489740 1107
1489750 1108
1489760 1111
1489770 1111
1489780 1113
1489790 1114
1489800 1114
1489810 1115
1489820 1115
1489830 1117
1489840 1117
1489850 1119
1489860 1120
1489870 1120
1489880 1121
1489890 1122
1489900 1122
1489910 1125
1489920 1127
1489930 1127
1489940 1128
1489950 1130
1489960 1130
1489970 1131
1489980 1131
1489990 1131
1490000 1132
1490010 1132
1490020 1132
1490030 1132
1490040 1132
1490050 1132
1490060 1132
1490070 1131
1490080 1131
1490090 1131
1490100 1130
1490110 1130
1490120 1129
1490130 1129
1490140 1129
1490150 1129
1490160 1128
1490170 1127
1490180 1127
1490190 1126
1490200 1124
1490210 1124
1490220 1123
1490230 1123
1490240 1123
1490250 1122
1490260 1120
1490270 1120
1490280 1119
1490290 1117
1490300 1117
1490310 1116
1490320 1114
1490330 1114
1490340 1114
1490350 1113
1490360 1113
1490370 1112
1490380 1111
1490390 1111
1490400 1110
1490410 1109
1490420 1109
1490430 1107
1490440 1105
1490450 1105
1490460 1103
1490470 1102
1490480 1102
1490490 1100
1490500 1098
1490510 1098
1490520 1097
1490530 1095
1490540 1094
1490550 1094
1490560 1092
1490570 1091
1490580 1091
1490590 1090
1490600 1087
1490610 1087
1490620 1084
1490630 1080
1490640 1080
1490650 1074
1490660 1069
1490670 1069
1490680 1063
1490690 1057
1490700 1057
1490710 1052
1490720 1048
1490730 1048
1490740 1045
1490750 1040
1490760 1040
1490770 1037
1490780 1036
1490790 1036
1490800 1036
1490810 1035
1490820 1035
1490830 1031
1490840 1025
1490850 1025
1490860 1022
1490870 1019
1490880 1018
1490890 1018
1490900 1019
1490910 1016
1490920 1016
1490930 1011
1490940 1007
1490950 1007
1490960 1006
1490970 1005
1490980 1005
1490990 1007
1491000 1008
1491010 1008
1491020 1004
1491030 1000
1491040 1000
1491050 999
1491060 998
1491070 998
1491080 996
1491090 995
1491100 995
1491110 994
1491120 992
1491130 992
1491140 990
1491150 989
1491160 989
1491170 988
1491180 986
1491190 986
1491200 984
1491210 982
1491220 982
1491230 981
1491240 979
1491250 977
1491260 977
1491270 976
1491280 975
1491290 975
1491300 973
1491310 971
1491320 971
1491330 969
1491340 968
1491350 968
1491360 967
1491370 965
1491380 965
1491390 963
1491400 962
1491410 962
1491420 960
1491430 959
1491440 959
1491450 957
1491460 955
1491470 955
1491480 953
1491490 950
1491500 950
1491510 947
1491520 945
1491530 945
1491540 943
1491550 940
1491560 940
1491570 937
1491580 936
1491590 936
1491600 938
1491610 939
1491620 940
1491630 940
1491640 940
1491650 940
1491660 940
1491670 940
1491680 940
1491690 940
1491700 940
1491710 939
1491720 939
1491730 939
1491740 938
1491750 938
1491760 937
1491770 935
1491780 935
1491790 933
1491800 931
1491810 931
1491820 929
1491830 928
1491840 928
1491850 927
1491860 926
1491870 926
1491880 925
1491890 923
1491900 923
1491910 922
1491920 921
1491930 921
1491940 919
1491950 917
1491960 915
1491970 915
1491980 913
1491990 912
1492000 912
1492010 910
1492020 908
1492030 908
1492040 906
1492050 901
1492060 901
1492070 897
1492080 898
1492090 898
1492100 898
1492110 893
1492120 893
1492130 887
1492140 881
1492150 881
1492160 874
1492170 866
1492180 866
1492190 861
1492200 856
1492210 856
1492220 858
1492230 859
1492240 859
1492250 856
1492260 852
1492270 852
1492280 848
1492290 842
1492300 842
1492310 837
1492320 831
1492330 832
1492340 832
1492350 834
1492360 841
1492370 841
1492380 847
1492390 851
1492400 851
1492410 857
1492420 862
1492430 862
1492440 861
1492450 859
1492460 859
1492470 857
1492480 855
1492490 855
1492500 853
1492510 850
1492520 850
1492530 847
1492540 844
1492550 844
1492560 842
1492570 840
1492580 840
1492590 838
1492600 836
1492610 836
1492620 834
1492630 832
1492640 832
1492650 830
1492660 827
1492670 825
1492680 825
1492690 822
1492700 819
1492710 819
1492720 816
1492730 814
1492740 814
1492750 811
1492760 809
1492770 809
1492780 806
1492790 802
1492800 802
1492810 796
1492820 791
1492830 791
1492840 787
1492850 784
1492860 784
1492870 782
1492880 780
1492890 780
1492900 776
1492910 770
1492920 770
1492930 766
1492940 763
1492950 763
1492960 759
1492970 758
1492980 758
1492990 757
1493000 751
1493010 751
1493020 743
1493030 740
1493040 741
1493050 741
1493060 741
1493070 739
1493080 739
1493090 743
1493100 739
1493110 739
1493120 731
1493130 723
1493140 723
1493150 717
1493160 711
1493170 711
1493180 705
1493190 698
1493200 698
1493210 693
1493220 692
1493230 692
1493240 692
1493250 692
1493260 692
1493270 692
1493280 692
1493290 692
1493300 692
1493310 691
1493320 691
1493330 692
1493340 692
1493350 692
1493360 692
1493370 692
1493380 692
1493390 692
1493400 692
1493410 691
1493420 691
1493430 690
1493440 689
1493450 689
1493460 689
1493470 689
1493480 689
1493490 690
1493500 690
1493510 690
1493520 691
1493530 691
1493540 691
1493550 691
1493560 692
1493570 692
1493580 693
1493590 694
1493600 694
1493610 695
1493620 697
1493630 697
1493640 699
1493650 701
1493660 701
1493670 702
1493680 705
1493690 705
1493700 707
1493710 711
1493720 711
1493730 713
1493740 713
1493750 713
1493760 713
1493770 714
1493780 715
1493790 715
1493800 716
1493810 715
1493820 715
1493830 712
1493840 708
1493850 708
1493860 704
1493870 704
1493880 704
1493890 711
1493900 717
1493910 717
1493920 721
1493930 724
1493940 724
1493950 733
1493960 740
1493970 740
1493980 746
1493990 752
1494000 752
1494010 757
1494020 760
1494030 760
1494040 762
1494050 765
1494060 765
1494070 769
1494080 771
1494090 771
1494100 771
1494110 772
1494120 773
1494130 773
1494140 775
1494150 778
1494160 778
1494170 781
1494180 781
1494190 781
1494200 782
1494210 785
1494220 785
1494230 789
1494240 794
1494250 794
1494260 798
1494270 801
1494280 801
1494290 805
1494300 809
1494310 809
1494320 813
1494330 816
1494340 816
1494350 819
1494360 822
1494370 822
1494380 824
1494390 827
1494400 827
1494410 829
1494420 830
1494430 830
1494440 831
1494450 831
1494460 831
1494470 831
1494480 831
1494490 831
1494500 831
1494510 830
1494520 831
1494530 831
1494540 831
1494550 832
1494560 832
1494570 833
1494580 834
1494590 834
1494600 835
1494610 836
1494620 836
1494630 837
1494640 838
1494650 838
1494660 838
1494670 839
1494680 839
1494690 839
1494700 839
1494710 839
1494720 840
1494730 840
1494740 840
1494750 840
1494760 839
1494770 839
1494780 838
1494790 837
1494800 836
1494810 836
1494820 835
1494830 835
1494840 835
1494850 835
1494860 836
1494870 836
1494880 835
1494890 835
1494900 835
1494910 833
1494920 831
1494930 831
1494940 831
1494950 834
1494960 834
1494970 835
1494980 834
1494990 834
1495000 829
1495010 829
1495020 829
1495030 830
1495040 828
1495050 828
1495060 828
1495070 831
1495080 831
1495090 832
1495100 832
1495110 832
1495120 831
1495130 831
1495140 831
1495150 832
1495160 834
1495170 839
1495180 839
1495190 843
1495200 842
1495210 842
1495220 841
1495230 842
1495240 842
1495250 846
1495260 849
1495270 849
1495280 850
1495290 851
1495300 851
1495310 852
1495320 854
1495330 854
1495340 857
1495350 860
1495360 860
1495370 862
1495380 862
1495390 862
1495400 861
1495410 861
1495420 861
1495430 862
1495440 863
1495450 863
1495460 863
1495470 864
1495480 864
1495490 865
1495500 867
1495510 867
1495520 869
1495530 872
1495540 874
1495550 874
1495560 877
1495570 879
1495580 879
1495590 882
1495600 885
1495610 885
1495620 887
1495630 890
1495640 890
1495650 893
1495660 896
1495670 896
1495680 898
1495690 894
1495700 894
1495710 890
1495720 885
1495730 885
1495740 881
1495750 879
1495760 879
1495770 878
1495780 876
1495790 876
1495800 875
1495810 879
1495820 879
1495830 883
1495840 887
1495850 887
1495860 892
1495870 896
1495880 901
1495890 901
1495900 906
1495910 910
1495920 910
1495930 909
1495940 907
1495950 907
1495960 906
1495970 906
1495980 906
1495990 907
1496000 909
1496010 909
1496020 910
1496030 911
1496040 911
1496050 911
1496060 911
1496070 911
1496080 912
1496090 913
1496100 913
1496110 916
1496120 918
1496130 918
1496140 920
1496150 922
1496160 922
1496170 922
1496180 919
1496190 919
1496200 920
1496210 925
1496220 925
1496230 929
1496240 930
1496250 932
1496260 932
1496270 935
1496280 936
1496290 936
1496300 936
1496310 938
1496320 938
1496330 942
1496340 945
1496350 945
1496360 948
1496370 952
1496380 952
1496390 956
1496400 957
1496410 957
1496420 959
1496430 960
1496440 960
1496450 960
1496460 959
1496470 959
1496480 958
1496490 959
1496500 959
1496510 961
1496520 962
1496530 962
1496540 967
1496550 973
1496560 973
1496570 978
1496580 981
1496590 985
1496600 985
1496610 987
1496620 988
1496630 988
1496640 990
1496650 993
1496660 993
1496670 996
1496680 998
1496690 998
1496700 999
1496710 1002
1496720 1002
1496730 1004
1496740 1007
1496750 1007
1496760 1011
1496770 1013
1496780 1013
1496790 1014
1496800 1018
1496810 1018
1496820 1023
1496830 1028
1496840 1028
1496850 1031
1496860 1033
1496870 1033
1496880 1034
1496890 1035
1496900 1035
1496910 1035
1496920 1037
1496930 1037
1496940 1039
1496950 1040
1496960 1042
1496970 1042
1496980 1043
1496990 1044
1497000 1044
1497010 1045
1497020 1046
1497030 1046
1497040 1048
1497050 1051
1497060 1051
1497070 1053
1497080 1055
1497090 1055
1497100 1055
1497110 1057
1497120 1057
1497130 1059
1497140 1065
1497150 1065
1497160 1072
1497170 1078
1497180 1078
1497190 1080
1497200 1076
1497210 1076
1497220 1072
1497230 1068
1497240 1068
1497250 1070
1497260 1078
1497270 1078
1497280 1085
1497290 1085
1497300 1085
1497310 1085
1497320 1090
1497330 1090
1497340 1090
1497350 1091
1497360 1094
1497370 1094
1497380 1096
1497390 1095
1497400 1095
1497410 1096
1497420 1098
1497430 1098
1497440 1107
1497450 1110
1497460 1110
1497470 1112
1497480 1112
1497490 1112
1497500 1108
1497510 1098
1497520 1098
1497530 1089
1497540 1078
1497550 1078
1497560 1072
1497570 1066
1497580 1066
1497590 1078
1497600 1092
1497610 1092
1497620 1103
1497630 1112
1497640 1112
1497650 1108
1497660 1107
1497670 1110
1497680 1110
1497690 1116
1497700 1122
1497710 1122
1497720 1124
1497730 1129
1497740 1129
1497750 1130
1497760 1125
1497770 1125
1497780 1123
1497790 1127
1497800 1127
1497810 1134
1497820 1147
1497830 1147
1497840 1162
1497850 1176
1497860 1176
1497870 1191
1497880 1198
1497890 1198
1497900 1204
1497910 1205
1497920 1205
1497930 1208
1497940 1216
1497950 1216
1497960 1219
1497970 1218
1497980 1218
1497990 1220
1498000 1226
1498010 1234
1498020 1234
1498030 1241
1498040 1245
1498050 1245
1498060 1252
1498070 1260
1498080 1260
1498090 1268
1498100 1272
1498110 1272
1498120 1274
1498130 1277
1498140 1277
1498150 1281
1498160 1285
1498170 1285
1498180 1291
1498190 1297
1498200 1297
1498210 1304
1498220 1310
1498230 1310
1498240 1316
1498250 1324
1498260 1324
1498270 1331
1498280 1337
1498290 1337
1498300 1343
1498310 1346
1498320 1346
1498330 1351
1498340 1353
1498350 1353
1498360 1356
1498370 1360
1498380 1362
1498390 1362
1498400 1363
1498410 1362
1498420 1362
1498430 1361
1498440 1360
1498450 1360
1498460 1360
1498470 1362
1498480 1362
1498490 1364
1498500 1366
1498510 1366
1498520 1367
1498530 1368
1498540 1368
1498550 1368
1498560 1368
1498570 1368
1498580 1369
1498590 1369
1498600 1369
1498610 1370
1498620 1371
1498630 1371
1498640 1373
1498650 1374
1498660 1374
1498670 1374
1498680 1374
1498690 1374
1498700 1375
1498710 1376
1498720 1377
1498730 1377
1498740 1378
1498750 1379
1498760 1379
1498770 1380
1498780 1380
1498790 1380
1498800 1379
1498810 1378
1498820 1378
1498830 1379
1498840 1381
1498850 1381
1498860 1384
1498870 1386
1498880 1386
1498890 1389
1498900 1393
1498910 1393
1498920 1395
1498930 1398
1498940 1398
1498950 1400
1498960 1402
1498970 1402
1498980 1404
1498990 1408
1499000 1408
1499010 1411
1499020 1415
1499030 1415
1499040 1417
1499050 1416
1499060 1416
1499070 1413
1499080 1412
1499090 1414
1499100 1414
1499110 1414
1499120 1413
1499130 1413
1499140 1411
1499150 1404
1499160 1404
1499170 1397
1499180 1392
1499190 1392
1499200 1388
1499210 1385
1499220 1385
1499230 1382
1499240 1380
1499250 1380
1499260 1377
1499270 1373
1499280 1373
1499290 1370
1499300 1366
1499310 1366
1499320 1362
1499330 1359
1499340 1359
1499350 1355
1499360 1351
1499370 1351
1499380 1349
1499390 1347
1499400 1347
1499410 1343
1499420 1344
1499430 1344
1499440 1348
1499450 1349
1499460 1349
1499470 1349
1499480 1349
1499490 1350
1499500 1350
1499510 1350
1499520 1351
1499530 1351
1499540 1352
1499550 1353
1499560 1353
1499570 1355
1499580 1356
1499590 1356
1499600 1358
1499610 1360
1499620 1360
1499630 1362
1499640 1363
1499650 1363
1499660 1364
1499670 1366
1499680 1366
1499690 1366
1499700 1366
1499710 1366
1499720 1365
1499730 1364
1499740 1364
1499750 1363
1499760 1363
1499770 1363
1499780 1362
1499790 1362
1499800 1362
1499810 1362
1499820 1363
1499830 1363
1499840 1363
1499850 1363
1499860 1363
1499870 1363
1499880 1363
1499890 1364
1499900 1364
1499910 1364
1499920 1364
1499930 1364
1499940 1364
1499950 1363
1499960 1363
1499970 1362
1499980 1359
1499990 1359
