1480000 1078
1480010 1082
1480020 1082
1480030 1087
1480040 1090
1480050 1090
1480060 1093
1480070 1095
1480080 1095
1480090 1096
1480100 1093
1480110 1093
1480120 1090
1480130 1088
1480140 1087
1480150 1087
1480160 1085
1480170 1083
1480180 1083
1480190 1078
1480200 1071
1480210 1071
1480220 1068
1480230 1067
1480240 1067
1480250 1064
1480260 1061
1480270 1061
1480280 1057
1480290 1053
1480300 1053
1480310 1048
1480320 1043
1480330 1043
1480340 1037
1480350 1029
1480360 1029
1480370 1022
1480380 1017
1480390 1017
1480400 1014
1480410 1011
1480420 1011
1480430 1005
1480440 998
1480450 998
1480460 987
1480470 979
1480480 973
1480490 973
1480500 965
1480510 959
1480520 959
1480530 959
1480540 958
1480550 958
1480560 954
1480570 950
1480580 950
1480590 949
1480600 947
1480610 947
1480620 942
1480630 936
1480640 936
1480650 931
1480660 928
1480670 928
1480680 925
1480690 922
1480700 922
1480710 918
1480720 912
1480730 912
1480740 904
1480750 900
1480760 900
1480770 898
1480780 896
1480790 896
1480800 894
1480810 887
1480820 887
1480830 880
1480840 874
1480850 868
1480860 868
1480870 863
1480880 858
1480890 858
1480900 853
1480910 845
1480920 845
1480930 837
1480940 833
1480950 833
1480960 827
1480970 823
1480980 823
1480990 821
1481000 817
1481010 817
1481020 809
1481030 806
1481040 806
1481050 805
1481060 804
1481070 804
1481080 802
1481090 802
1481100 802
1481110 802
1481120 804
1481130 804
1481140 810
1481150 816
1481160 816
1481170 818
1481180 813
1481190 813
1481200 808
1481210 807
1481220 808
1481230 808
1481240 809
1481250 810
1481260 810
1481270 811
1481280 812
1481290 812
1481300 813
1481310 816
1481320 816
1481330 818
1481340 820
1481350 820
1481360 820
1481370 820
1481380 820
1481390 822
1481400 824
1481410 824
1481420 829
1481430 832
1481440 832
1481450 833
1481460 838
1481470 838
1481480 842
1481490 843
1481500 843
1481510 843
1481520 844
1481530 844
1481540 843
1481550 841
1481560 841
1481570 841
1481580 842
1481590 843
1481600 843
1481610 842
1481620 841
1481630 841
1481640 841
1481650 840
1481660 840
1481670 837
1481680 834
1481690 834
1481700 832
1481710 831
1481720 831
1481730 832
1481740 830
1481750 830
1481760 828
1481770 829
1481780 829
1481790 829
1481800 829
1481810 829
1481820 828
1481830 828
1481840 828
1481850 826
1481860 824
1481870 824
1481880 822
1481890 820
1481900 820
1481910 818
1481920 815
1481930 812
1481940 812
1481950 808
1481960 805
1481970 805
1481980 801
1481990 796
1482000 796
1482010 791
1482020 785
1482030 785
1482040 779
1482050 773
1482060 773
1482070 767
1482080 762
1482090 762
1482100 756
1482110 752
1482120 752
1482130 747
1482140 744
1482150 744
1482160 740
1482170 737
1482180 737
1482190 734
1482200 731
1482210 731
1482220 728
1482230 725
1482240 725
1482250 723
1482260 719
1482270 719
1482280 717
1482290 715
1482300 712
1482310 712
1482320 710
1482330 708
1482340 708
1482350 706
1482360 705
1482370 705
1482380 705
1482390 704
1482400 704
1482410 704
1482420 704
1482430 704
1482440 704
1482450 703
1482460 703
1482470 703
1482480 703
1482490 703
1482500 703
1482510 703
1482520 703
1482530 703
1482540 702
1482550 702
1482560 702
1482570 702
1482580 702
1482590 702
1482600 702
1482610 702
1482620 702
1482630 701
1482640 701
1482650 701
1482660 701
1482670 701
1482680 701
1482690 701
1482700 700
1482710 700
1482720 700
1482730 700
1482740 700
1482750 701
1482760 701
1482770 701
1482780 702
1482790 703
1482800 703
1482810 704
1482820 706
1482830 706
1482840 708
1482850 710
1482860 710
1482870 711
1482880 712
1482890 712
1482900 714
1482910 715
1482920 715
1482930 718
1482940 719
1482950 719
1482960 722
1482970 724
1482980 724
1482990 727
1483000 729
1483010 730
1483020 730
1483030 731
1483040 732
1483050 732
1483060 735
1483070 738
1483080 738
1483090 740
1483100 743
1483110 743
1483120 745
1483130 748
1483140 748
1483150 750
1483160 752
1483170 752
1483180 754
1483190 756
1483200 756
1483210 757
1483220 760
1483230 760
1483240 762
1483250 765
1483260 765
1483270 769
1483280 773
1483290 773
1483300 777
1483310 782
1483320 782
1483330 787
1483340 792
1483350 792
1483360 799
1483370 809
1483380 814
1483390 814
1483400 816
1483410 814
1483420 814
1483430 830
1483440 840
1483450 840
1483460 849
1483470 863
1483480 863
1483490 868
1483500 870
1483510 870
1483520 874
1483530 880
1483540 880
1483550 886
1483560 893
1483570 893
1483580 902
1483590 908
1483600 908
1483610 909
1483620 910
1483630 910
1483640 911
1483650 911
1483660 911
1483670 911
1483680 910
1483690 910
1483700 909
1483710 907
1483720 907
1483730 905
1483740 901
1483750 897
1483760 897
1483770 894
1483780 890
1483790 890
1483800 885
1483810 881
1483820 881
1483830 877
1483840 873
1483850 873
1483860 869
1483870 864
1483880 864
1483890 860
1483900 855
1483910 855
1483920 848
1483930 843
1483940 843
1483950 839
1483960 831
1483970 831
1483980 819
1483990 807
1484000 807
1484010 797
1484020 789
1484030 789
1484040 781
1484050 772
1484060 772
1484070 763
1484080 755
1484090 755
1484100 747
1484110 738
1484120 730
1484130 730
1484140 722
1484150 713
1484160 713
1484170 707
1484180 699
1484190 699
1484200 692
1484210 679
1484220 679
1484230 663
1484240 655
1484250 655
1484260 654
1484270 655
1484280 655
1484290 655
1484300 656
1484310 656
1484320 653
1484330 651
1484340 651
1484350 651
1484360 651
1484370 651
1484380 651
1484390 651
1484400 651
1484410 651
1484420 651
1484430 651
1484440 651
1484450 652
1484460 652
1484470 652
1484480 653
1484490 654
1484500 654
1484510 655
1484520 656
1484530 656
1484540 657
1484550 657
1484560 657
1484570 657
1484580 657
1484590 657
1484600 657
1484610 658
1484620 658
1484630 658
1484640 659
1484650 659
1484660 659
1484670 660
1484680 660
1484690 660
1484700 660
1484710 660
1484720 661
1484730 661
1484740 661
1484750 661
1484760 661
1484770 661
1484780 661
1484790 661
1484800 661
1484810 662
1484820 662
1484830 662
1484840 662
1484850 663
1484860 663
1484870 663
1484880 663
1484890 663
1484900 663
1484910 663
1484920 664
1484930 664
1484940 664
1484950 664
1484960 664
1484970 664
1484980 665
1484990 665
1485000 665
1485010 666
1485020 666
1485030 666
1485040 666
1485050 666
1485060 667
1485070 667
1485080 667
1485090 668
1485100 668
1485110 668
1485120 669
1485130 670
1485140 670
1485150 671
1485160 672
1485170 672
1485180 673
1485190 675
1485200 677
1485210 677
1485220 678
1485230 681
1485240 681
1485250 684
1485260 686
1485270 686
1485280 689
1485290 691
1485300 691
1485310 692
1485320 693
1485330 693
1485340 694
1485350 694
1485360 694
1485370 695
1485380 695
1485390 695
1485400 695
1485410 696
1485420 696
1485430 697
1485440 698
1485450 698
1485460 699
1485470 701
1485480 701
1485490 703
1485500 705
1485510 705
1485520 708
1485530 711
1485540 715
1485550 715
1485560 718
1485570 722
1485580 722
1485590 725
1485600 728
1485610 728
1485620 730
1485630 732
1485640 732
1485650 734
1485660 736
1485670 736
1485680 737
1485690 737
1485700 737
1485710 737
1485720 739
1485730 739
1485740 741
1485750 742
1485760 742
1485770 743
1485780 743
1485790 743
1485800 743
1485810 743
1485820 743
1485830 743
1485840 742
1485850 742
1485860 742
1485870 742
1485880 742
1485890 742
1485900 742
1485910 742
1485920 742
1485930 743
1485940 744
1485950 744
1485960 744
1485970 746
1485980 746
1485990 747
1486000 749
1486010 749
1486020 751
1486030 753
1486040 753
1486050 754
1486060 756
1486070 756
1486080 756
1486090 757
1486100 757
1486110 757
1486120 758
1486130 758
1486140 759
1486150 760
1486160 760
1486170 759
1486180 759
1486190 759
1486200 759
1486210 759
1486220 759
1486230 758
1486240 758
1486250 758
1486260 756
1486270 756
1486280 756
1486290 756
1486300 756
1486310 754
1486320 754
1486330 753
1486340 751
1486350 751
1486360 751
1486370 751
1486380 751
1486390 751
1486400 752
1486410 752
1486420 753
1486430 754
1486440 754
1486450 755
1486460 755
1486470 755
1486480 756
1486490 757
1486500 757
1486510 757
1486520 757
1486530 757
1486540 758
1486550 758
1486560 758
1486570 758
1486580 759
1486590 759
1486600 760
1486610 761
1486620 761
1486630 762
1486640 762
1486650 763
1486660 763
1486670 763
1486680 764
1486690 764
1486700 765
1486710 766
1486720 766
1486730 766
1486740 767
1486750 767
1486760 769
1486770 774
1486780 774
1486790 779
1486800 783
1486810 783
1486820 787
1486830 792
1486840 792
1486850 796
1486860 799
1486870 799
1486880 802
1486890 806
1486900 806
1486910 809
1486920 812
1486930 812
1486940 814
1486950 817
1486960 817
1486970 819
1486980 821
1486990 824
1487000 824
1487010 825
1487020 826
1487030 826
1487040 827
1487050 829
1487060 829
1487070 829
1487080 830
1487090 830
1487100 831
1487110 831
1487120 831
1487130 831
1487140 831
1487150 831
1487160 831
1487170 830
1487180 830
1487190 830
1487200 829
1487210 829
1487220 829
1487230 828
1487240 828
1487250 828
1487260 826
1487270 826
1487280 826
1487290 825
1487300 825
1487310 823
1487320 821
1487330 821
1487340 819
1487350 818
1487360 816
1487370 816
1487380 815
1487390 813
1487400 813
1487410 812
1487420 812
1487430 812
1487440 813
1487450 814
1487460 814
1487470 815
1487480 816
1487490 816
1487500 817
1487510 817
1487520 817
1487530 818
1487540 819
1487550 819
1487560 821
1487570 823
1487580 823
1487590 825
1487600 826
1487610 826
1487620 828
1487630 828
1487640 828
1487650 829
1487660 828
1487670 828
1487680 827
1487690 827
1487700 827
1487710 826
1487720 825
1487730 824
1487740 824
1487750 824
1487760 823
1487770 823
1487780 823
1487790 824
1487800 824
1487810 826
1487820 827
1487830 827
1487840 827
1487850 828
1487860 828
1487870 829
1487880 830
1487890 830
1487900 830
1487910 831
1487920 831
1487930 831
1487940 832
1487950 832
1487960 832
1487970 833
1487980 833
1487990 834
1488000 836
1488010 836
1488020 838
1488030 840
1488040 840
1488050 842
1488060 843
1488070 843
1488080 845
1488090 846
1488100 847
1488110 847
1488120 848
1488130 850
1488140 850
1488150 851
1488160 852
1488170 852
1488180 853
1488190 850
1488200 850
1488210 845
1488220 841
1488230 841
1488240 834
1488250 828
1488260 828
1488270 827
1488280 828
1488290 828
1488300 828
1488310 828
1488320 828
1488330 829
1488340 828
1488350 828
1488360 829
1488370 829
1488380 829
1488390 829
1488400 829
1488410 829
1488420 830
1488430 830
1488440 830
1488450 830
1488460 830
1488470 830
1488480 830
1488490 831
1488500 831
1488510 831
1488520 831
1488530 831
1488540 831
1488550 831
1488560 831
1488570 831
1488580 833
1488590 834
1488600 834
1488610 834
1488620 833
1488630 833
1488640 831
1488650 832
1488660 832
1488670 832
1488680 833
1488690 833
1488700 833
1488710 833
1488720 833
1488730 833
1488740 834
1488750 834
1488760 834
1488770 834
1488780 834
1488790 835
1488800 836
1488810 837
1488820 837
1488830 838
1488840 840
1488850 840
1488860 841
1488870 841
1488880 841
1488890 842
1488900 842
1488910 842
1488920 842
1488930 842
1488940 842
1488950 843
1488960 842
1488970 842
1488980 841
1488990 841
1489000 841
1489010 841
1489020 841
1489030 841
1489040 844
1489050 850
1489060 850
1489070 853
1489080 855
1489090 855
1489100 857
1489110 859
1489120 859
1489130 861
1489140 863
1489150 863
1489160 865
1489170 867
1489180 869
1489190 869
1489200 872
1489210 874
1489220 874
1489230 876
1489240 879
1489250 879
1489260 881
1489270 883
1489280 883
1489290 886
1489300 888
1489310 888
1489320 891
1489330 893
1489340 893
1489350 896
1489360 898
1489370 898
1489380 900
1489390 903
1489400 903
1489410 905
1489420 907
1489430 907
1489440 909
1489450 911
1489460 911
1489470 914
1489480 915
1489490 915
1489500 917
1489510 919
1489520 922
1489530 922
1489540 923
1489550 925
1489560 925
1489570 926
1489580 928
1489590 928
1489600 930
1489610 933
1489620 933
1489630 935
1489640 935
1489650 935
1489660 935
1489670 935
1489680 935
1489690 935
1489700 933
1489710 933
1489720 932
1489730 931
1489740 931
1489750 930
1489760 929
1489770 929
1489780 928
1489790 928
1489800 928
1489810 927
1489820 926
1489830 926
1489840 928
1489850 930
1489860 930
1489870 932
1489880 934
1489890 935
1489900 935
1489910 936
1489920 939
1489930 939
1489940 943
1489950 949
1489960 949
1489970 954
1489980 960
1489990 960
1490000 962
1490010 962
1490020 962
1490030 962
1490040 962
1490050 962
1490060 963
1490070 965
1490080 965
1490090 967
1490100 970
1490110 970
1490120 972
1490130 974
1490140 974
1490150 975
1490160 979
1490170 979
1490180 981
1490190 984
1490200 984
1490210 987
1490220 990
1490230 990
1490240 992
1490250 993
1490260 995
1490270 995
1490280 997
1490290 999
1490300 999
1490310 1001
1490320 1004
1490330 1004
1490340 1007
1490350 1010
1490360 1010
1490370 1013
1490380 1017
1490390 1017
1490400 1021
1490410 1025
1490420 1025
1490430 1027
1490440 1029
1490450 1029
1490460 1030
1490470 1032
1490480 1032
1490490 1036
1490500 1038
1490510 1038
1490520 1039
1490530 1043
1490540 1043
1490550 1045
1490560 1047
1490570 1047
1490580 1051
1490590 1053
1490600 1053
1490610 1053
1490620 1053
1490630 1052
1490640 1052
1490650 1049
1490660 1049
1490670 1041
1490680 1041
1490690 1043
1490700 1043
1490710 1045
1490720 1044
1490730 1044
1490740 1045
1490750 1046
1490760 1046
1490770 1047
1490780 1049
1490790 1049
1490800 1051
1490810 1053
1490820 1053
1490830 1055
1490840 1055
1490850 1055
1490860 1056
1490870 1057
1490880 1057
1490890 1059
1490900 1061
1490910 1061
1490920 1063
1490930 1064
1490940 1064
1490950 1065
1490960 1064
1490970 1061
1490980 1061
1490990 1059
1491000 1058
1491010 1058
1491020 1057
1491030 1054
1491040 1054
1491050 1050
1491060 1045
1491070 1045
1491080 1040
1491090 1036
1491100 1036
1491110 1031
1491120 1027
1491130 1027
1491140 1023
1491150 1019
1491160 1019
1491170 1016
1491180 1012
1491190 1012
1491200 1008
1491210 1003
1491220 1003
1491230 998
1491240 994
1491250 994
1491260 992
1491270 991
1491280 991
1491290 992
1491300 993
1491310 993
1491320 989
1491330 983
1491340 980
1491350 980
1491360 979
1491370 978
1491380 978
1491390 978
1491400 976
1491410 976
1491420 970
1491430 966
1491440 966
1491450 960
1491460 951
1491470 951
1491480 945
1491490 944
1491500 944
1491510 943
1491520 941
1491530 941
1491540 941
1491550 937
1491560 937
1491570 933
1491580 929
1491590 929
1491600 923
1491610 915
1491620 915
1491630 907
1491640 903
1491650 903
1491660 900
1491670 897
1491680 897
1491690 893
1491700 889
1491710 883
1491720 883
1491730 876
1491740 867
1491750 867
1491760 857
1491770 849
1491780 849
1491790 841
1491800 833
1491810 833
1491820 826
1491830 816
1491840 816
1491850 804
1491860 796
1491870 796
1491880 789
1491890 784
1491900 784
1491910 779
1491920 777
1491930 777
1491940 775
1491950 773
1491960 773
1491970 770
1491980 768
1491990 768
1492000 765
1492010 762
1492020 762
1492030 759
1492040 758
1492050 756
1492060 756
1492070 753
1492080 750
1492090 750
1492100 748
1492110 745
1492120 745
1492130 742
1492140 738
1492150 738
1492160 734
1492170 730
1492180 730
1492190 729
1492200 728
1492210 728
1492220 727
1492230 727
1492240 727
1492250 727
1492260 728
1492270 728
1492280 728
1492290 728
1492300 728
1492310 728
1492320 729
1492330 729
1492340 729
1492350 729
1492360 729
1492370 729
1492380 729
1492390 729
1492400 729
1492410 729
1492420 729
1492430 729
1492440 730
1492450 729
1492460 729
1492470 728
1492480 726
1492490 726
1492500 726
1492510 726
1492520 726
1492530 724
1492540 723
1492550 723
1492560 722
1492570 722
1492580 722
1492590 722
1492600 721
1492610 721
1492620 721
1492630 719
1492640 719
1492650 716
1492660 712
1492670 712
1492680 710
1492690 709
1492700 709
1492710 707
1492720 702
1492730 702
1492740 695
1492750 685
1492760 685
1492770 675
1492780 670
1492790 669
1492800 669
1492810 670
1492820 673
1492830 673
1492840 679
1492850 689
1492860 689
1492870 697
1492880 704
1492890 704
1492900 709
1492910 713
1492920 713
1492930 718
1492940 724
1492950 724
1492960 730
1492970 734
1492980 734
1492990 736
1493000 738
1493010 738
1493020 741
1493030 744
1493040 744
1493050 746
1493060 748
1493070 748
1493080 750
1493090 754
1493100 754
1493110 758
1493120 762
1493130 762
1493140 767
1493150 771
1493160 775
1493170 775
1493180 778
1493190 780
1493200 780
1493210 781
1493220 784
1493230 784
1493240 787
1493250 791
1493260 791
1493270 795
1493280 798
1493290 798
1493300 799
1493310 800
1493320 800
1493330 802
1493340 803
1493350 803
1493360 805
1493370 807
1493380 807
1493390 808
1493400 810
1493410 810
1493420 812
1493430 813
1493440 813
1493450 814
1493460 812
1493470 812
1493480 811
1493490 809
1493500 806
1493510 806
1493520 805
1493530 804
1493540 804
1493550 803
1493560 804
1493570 804
1493580 807
1493590 811
1493600 811
1493610 815
1493620 819
1493630 819
1493640 823
1493650 828
1493660 828
1493670 832
1493680 836
1493690 836
1493700 838
1493710 838
1493720 838
1493730 840
1493740 845
1493750 845
1493760 851
1493770 855
1493780 855
1493790 857
1493800 858
1493810 858
1493820 859
1493830 862
1493840 862
1493850 866
1493860 870
1493870 874
1493880 874
1493890 879
1493900 884
1493910 884
1493920 887
1493930 892
1493940 892
1493950 896
1493960 900
1493970 900
1493980 904
1493990 907
1494000 907
1494010 909
1494020 912
1494030 912
1494040 916
1494050 921
1494060 921
1494070 926
1494080 931
1494090 931
1494100 933
1494110 934
1494120 934
1494130 939
1494140 946
1494150 946
1494160 953
1494170 959
1494180 959
1494190 963
1494200 964
1494210 964
1494220 969
1494230 976
1494240 983
1494250 983
1494260 988
1494270 994
1494280 994
1494290 999
1494300 1004
1494310 1004
1494320 1009
1494330 1013
1494340 1013
1494350 1016
1494360 1018
1494370 1018
1494380 1020
1494390 1024
1494400 1024
1494410 1029
1494420 1034
1494430 1034
1494440 1038
1494450 1041
1494460 1041
1494470 1045
1494480 1049
1494490 1049
1494500 1052
1494510 1054
1494520 1054
1494530 1056
1494540 1057
1494550 1057
1494560 1061
1494570 1062
1494580 1064
1494590 1064
1494600 1069
1494610 1072
1494620 1072
1494630 1076
1494640 1078
1494650 1078
1494660 1081
1494670 1083
1494680 1083
1494690 1085
1494700 1090
1494710 1090
1494720 1094
1494730 1099
1494740 1099
1494750 1103
1494760 1108
1494770 1108
1494780 1111
1494790 1114
1494800 1114
1494810 1117
1494820 1119
1494830 1119
1494840 1121
1494850 1123
1494860 1123
1494870 1127
1494880 1131
1494890 1131
1494900 1135
1494910 1140
1494920 1140
1494930 1144
1494940 1146
1494950 1148
1494960 1148
1494970 1149
1494980 1151
1494990 1151
1495000 1154
1495010 1156
1495020 1156
1495030 1159
1495040 1161
1495050 1161
1495060 1162
1495070 1164
1495080 1164
1495090 1166
1495100 1168
1495110 1168
1495120 1169
1495130 1171
1495140 1171
1495150 1171
1495160 1172
1495170 1172
1495180 1172
1495190 1172
1495200 1172
1495210 1172
1495220 1172
1495230 1172
1495240 1171
1495250 1169
1495260 1169
1495270 1170
1495280 1171
1495290 1171
1495300 1172
1495310 1173
1495320 1174
1495330 1174
1495340 1175
1495350 1177
1495360 1177
1495370 1178
1495380 1177
1495390 1177
1495400 1176
1495410 1175
1495420 1175
1495430 1174
1495440 1173
1495450 1173
1495460 1171
1495470 1171
1495480 1171
1495490 1174
1495500 1174
1495510 1174
1495520 1173
1495530 1173
1495540 1173
1495550 1172
1495560 1171
1495570 1171
1495580 1170
1495590 1169
1495600 1169
1495610 1167
1495620 1164
1495630 1164
1495640 1162
1495650 1159
1495660 1157
1495670 1157
1495680 1153
1495690 1145
1495700 1145
1495710 1137
1495720 1135
1495730 1135
1495740 1141
1495750 1147
1495760 1147
1495770 1153
1495780 1155
1495790 1155
1495800 1156
1495810 1158
1495820 1158
1495830 1162
1495840 1165
1495850 1165
1495860 1169
1495870 1173
1495880 1173
1495890 1176
1495900 1178
1495910 1178
1495920 1180
1495930 1182
1495940 1182
1495950 1182
1495960 1179
1495970 1179
1495980 1174
1495990 1172
1496000 1172
1496010 1174
1496020 1172
1496030 1172
1496040 1172
1496050 1177
1496060 1181
1496070 1181
1496080 1184
1496090 1187
1496100 1187
1496110 1191
1496120 1195
1496130 1195
1496140 1200
1496150 1206
1496160 1206
1496170 1212
1496180 1217
1496190 1217
1496200 1223
1496210 1228
1496220 1228
1496230 1232
1496240 1235
1496250 1235
1496260 1237
1496270 1239
1496280 1239
1496290 1239
1496300 1239
1496310 1239
1496320 1240
1496330 1243
1496340 1243
1496350 1247
1496360 1251
1496370 1251
1496380 1254
1496390 1257
1496400 1259
1496410 1259
1496420 1261
1496430 1264
1496440 1264
1496450 1268
1496460 1273
1496470 1273
1496480 1277
1496490 1278
1496500 1278
1496510 1281
1496520 1282
1496530 1282
1496540 1283
1496550 1283
1496560 1283
1496570 1284
1496580 1285
1496590 1285
1496600 1285
1496610 1285
1496620 1285
1496630 1284
1496640 1281
1496650 1281
1496660 1278
1496670 1275
1496680 1275
1496690 1271
1496700 1268
1496710 1268
1496720 1264
1496730 1260
1496740 1260
1496750 1256
1496760 1252
1496770 1247
1496780 1247
1496790 1242
1496800 1236
1496810 1236
1496820 1231
1496830 1226
1496840 1226
1496850 1221
1496860 1215
1496870 1215
1496880 1210
1496890 1206
1496900 1206
1496910 1201
1496920 1197
1496930 1197
1496940 1194
1496950 1190
1496960 1190
1496970 1187
1496980 1185
1496990 1185
1497000 1183
1497010 1180
1497020 1180
1497030 1179
1497040 1177
1497050 1177
1497060 1178
1497070 1183
1497080 1183
1497090 1186
1497100 1187
1497110 1188
1497120 1188
1497130 1188
1497140 1189
1497150 1189
1497160 1188
1497170 1187
1497180 1187
1497190 1184
1497200 1186
1497210 1186
1497220 1190
1497230 1192
1497240 1192
1497250 1193
1497260 1194
1497270 1194
1497280 1195
1497290 1196
1497300 1196
1497310 1196
1497320 1197
1497330 1197
1497340 1198
1497350 1199
1497360 1199
1497370 1200
1497380 1200
1497390 1200
1497400 1201
1497410 1201
1497420 1201
1497430 1202
1497440 1203
1497450 1203
1497460 1203
1497470 1203
1497480 1203
1497490 1203
1497500 1202
1497510 1202
1497520 1202
1497530 1202
1497540 1201
1497550 1201
1497560 1201
1497570 1200
1497580 1200
1497590 1200
1497600 1198
1497610 1198
1497620 1196
1497630 1194
1497640 1194
1497650 1188
1497660 1189
1497670 1189
1497680 1195
1497690 1199
1497700 1199
1497710 1201
1497720 1204
1497730 1204
1497740 1207
1497750 1210
1497760 1210
1497770 1213
1497780 1216
1497790 1216
1497800 1218
1497810 1221
1497820 1221
1497830 1223
1497840 1224
1497850 1225
1497860 1225
1497870 1226
1497880 1226
1497890 1226
1497900 1227
1497910 1229
1497920 1229
1497930 1231
1497940 1233
1497950 1233
1497960 1235
1497970 1237
1497980 1237
1497990 1240
1498000 1244
1498010 1244
1498020 1247
1498030 1248
1498040 1248
1498050 1248
1498060 1249
1498070 1249
1498080 1249
1498090 1250
1498100 1250
1498110 1252
1498120 1253
1498130 1253
1498140 1254
1498150 1255
1498160 1255
1498170 1257
1498180 1260
1498190 1262
1498200 1262
1498210 1265
1498220 1267
1498230 1267
1498240 1270
1498250 1273
1498260 1273
1498270 1276
1498280 1280
1498290 1280
1498300 1284
1498310 1287
1498320 1287
1498330 1289
1498340 1291
1498350 1291
1498360 1292
1498370 1294
1498380 1294
1498390 1296
1498400 1297
1498410 1297
1498420 1297
1498430 1296
1498440 1296
1498450 1294
1498460 1292
1498470 1292
1498480 1290
1498490 1287
1498500 1287
1498510 1285
1498520 1285
1498530 1285
1498540 1286
1498550 1288
1498560 1290
1498570 1290
1498580 1291
1498590 1293
1498600 1293
1498610 1295
1498620 1295
1498630 1295
1498640 1294
1498650 1293
1498660 1293
1498670 1291
1498680 1289
1498690 1289
1498700 1286
1498710 1284
1498720 1284
1498730 1281
1498740 1279
1498750 1279
1498760 1277
1498770 1275
1498780 1275
1498790 1273
1498800 1272
1498810 1272
1498820 1271
1498830 1270
1498840 1270
1498850 1268
1498860 1268
1498870 1268
1498880 1267
1498890 1266
1498900 1266
1498910 1266
1498920 1265
1498930 1265
1498940 1265
1498950 1265
1498960 1267
1498970 1267
1498980 1269
1498990 1270
1499000 1270
1499010 1271
1499020 1272
1499030 1272
1499040 1273
1499050 1275
1499060 1275
1499070 1275
1499080 1275
1499090 1275
1499100 1273
1499110 1270
1499120 1270
1499130 1267
1499140 1264
1499150 1264
1499160 1261
1499170 1259
1499180 1259
1499190 1258
1499200 1257
1499210 1257
1499220 1256
1499230 1252
1499240 1252
1499250 1246
1499260 1247
1499270 1247
1499280 1246
1499290 1246
1499300 1246
1499310 1246
1499320 1246
1499330 1246
1499340 1246
1499350 1247
1499360 1249
1499370 1249
1499380 1250
1499390 1250
1499400 1250
1499410 1250
1499420 1251
1499430 1251
1499440 1250
1499450 1250
1499460 1250
1499470 1253
1499480 1254
1499490 1254
1499500 1255
1499510 1254
1499520 1254
1499530 1253
1499540 1253
1499550 1253
1499560 1253
1499570 1253
1499580 1253
1499590 1254
1499600 1253
1499610 1253
1499620 1253
1499630 1253
1499640 1250
1499650 1250
1499660 1245
1499670 1251
1499680 1251
1499690 1251
1499700 1251
1499710 1251
1499720 1252
1499730 1255
1499740 1255
1499750 1256
1499760 1257
1499770 1257
1499780 1257
1499790 1259
1499800 1259
1499810 1261
1499820 1264
1499830 1264
1499840 1266
1499850 1268
1499860 1268
1499870 1271
1499880 1275
1499890 1275
1499900 1278
1499910 1280
1499920 1280
1499930 1279
1499940 1278
1499950 1278
1499960 1278
1499970 1279
1499980 1279
1499990 1281
