1480000 779
1480010 785
1480020 785
1480030 791
1480040 796
1480050 796
1480060 802
1480070 808
1480080 814
1480090 814
1480100 822
1480110 829
1480120 829
1480130 836
1480140 842
1480150 842
1480160 846
1480170 851
1480180 851
1480190 857
1480200 867
1480210 867
1480220 877
1480230 877
1480240 877
1480250 877
1480260 885
1480270 885
1480280 896
1480290 909
1480300 909
1480310 927
1480320 942
1480330 942
1480340 953
1480350 959
1480360 959
1480370 964
1480380 968
1480390 968
1480400 972
1480410 977
1480420 977
1480430 981
1480440 985
1480450 987
1480460 987
1480470 992
1480480 996
1480490 996
1480500 1005
1480510 1008
1480520 1008
1480530 1010
1480540 1015
1480550 1015
1480560 1019
1480570 1020
1480580 1020
1480590 1023
1480600 1026
1480610 1026
1480620 1030
1480630 1033
1480640 1033
1480650 1037
1480660 1041
1480670 1041
1480680 1044
1480690 1047
1480700 1047
1480710 1052
1480720 1054
1480730 1054
1480740 1056
1480750 1059
1480760 1059
1480770 1061
1480780 1062
1480790 1062
1480800 1063
1480810 1066
1480820 1069
1480830 1069
1480840 1074
1480850 1079
1480860 1079
1480870 1083
1480880 1088
1480890 1088
1480900 1095
1480910 1100
1480920 1100
1480930 1105
1480940 1108
1480950 1108
1480960 1110
1480970 1111
1480980 1111
1480990 1111
1481000 1111
1481010 1111
1481020 1108
1481030 1104
1481040 1104
1481050 1099
1481060 1095
1481070 1095
1481080 1091
1481090 1087
1481100 1087
1481110 1082
1481120 1078
1481130 1078
1481140 1075
1481150 1072
1481160 1072
1481170 1067
1481180 1063
1481190 1058
1481200 1058
1481210 1052
1481220 1047
1481230 1047
1481240 1040
1481250 1033
1481260 1033
1481270 1027
1481280 1022
1481290 1022
1481300 1017
1481310 1012
1481320 1012
1481330 1007
1481340 1003
1481350 1003
1481360 999
1481370 995
1481380 995
1481390 989
1481400 983
1481410 983
1481420 977
1481430 972
1481440 972
1481450 967
1481460 962
1481470 962
1481480 958
1481490 953
1481500 953
1481510 949
1481520 944
1481530 944
1481540 939
1481550 934
1481560 928
1481570 928
1481580 923
1481590 918
1481600 918
1481610 912
1481620 906
1481630 906
1481640 901
1481650 896
1481660 896
1481670 893
1481680 888
1481690 888
1481700 883
1481710 879
1481720 879
1481730 875
1481740 872
1481750 872
1481760 867
1481770 863
1481780 863
1481790 859
1481800 853
1481810 853
1481820 844
1481830 835
1481840 835
1481850 831
1481860 829
1481870 829
1481880 822
1481890 815
1481900 810
1481910 810
1481920 809
1481930 809
1481940 809
1481950 810
1481960 809
1481970 809
1481980 804
1481990 796
1482000 796
1482010 788
1482020 782
1482030 782
1482040 777
1482050 770
1482060 770
1482070 765
1482080 760
1482090 760
1482100 757
1482110 756
1482120 756
1482130 756
1482140 760
1482150 760
1482160 767
1482170 773
1482180 773
1482190 778
1482200 781
1482210 781
1482220 785
1482230 785
1482240 785
1482250 790
1482260 794
1482270 796
1482280 796
1482290 796
1482300 796
1482310 796
1482320 795
1482330 792
1482340 792
1482350 791
1482360 790
1482370 790
1482380 788
1482390 788
1482400 788
1482410 788
1482420 788
1482430 788
1482440 788
1482450 789
1482460 789
1482470 791
1482480 793
1482490 793
1482500 796
1482510 800
1482520 800
1482530 806
1482540 807
1482550 807
1482560 810
1482570 813
1482580 813
1482590 817
1482600 819
1482610 819
1482620 820
1482630 821
1482640 821
1482650 821
1482660 822
1482670 825
1482680 825
1482690 831
1482700 838
1482710 838
1482720 839
1482730 841
1482740 841
1482750 836
1482760 825
1482770 825
1482780 824
1482790 827
1482800 827
1482810 829
1482820 829
1482830 829
1482840 825
1482850 819
1482860 819
1482870 812
1482880 806
1482890 806
1482900 803
1482910 799
1482920 799
1482930 790
1482940 781
1482950 781
1482960 774
1482970 769
1482980 769
1482990 762
1483000 756
1483010 752
1483020 752
1483030 748
1483040 744
1483050 744
1483060 741
1483070 738
1483080 738
1483090 733
1483100 728
1483110 728
1483120 725
1483130 722
1483140 722
1483150 719
1483160 717
1483170 717
1483180 716
1483190 716
1483200 716
1483210 714
1483220 712
1483230 712
1483240 709
1483250 706
1483260 706
1483270 702
1483280 700
1483290 700
1483300 698
1483310 696
1483320 696
1483330 695
1483340 693
1483350 693
1483360 692
1483370 691
1483380 689
1483390 689
1483400 687
1483410 683
1483420 683
1483430 679
1483440 675
1483450 675
1483460 671
1483470 670
1483480 670
1483490 669
1483500 669
1483510 669
1483520 669
1483530 668
1483540 668
1483550 666
1483560 660
1483570 660
1483580 661
1483590 663
1483600 663
1483610 661
1483620 657
1483630 657
1483640 656
1483650 655
1483660 655
1483670 653
1483680 656
1483690 656
1483700 659
1483710 662
1483720 662
1483730 662
1483740 661
1483750 657
1483760 657
1483770 651
1483780 650
1483790 650
1483800 649
1483810 647
1483820 647
1483830 645
1483840 645
1483850 645
1483860 645
1483870 645
1483880 645
1483890 645
1483900 645
1483910 645
1483920 645
1483930 645
1483940 645
1483950 645
1483960 645
1483970 645
1483980 645
1483990 647
1484000 647
1484010 649
1484020 648
1484030 648
1484040 649
1484050 649
1484060 649
1484070 649
1484080 649
1484090 648
1484100 648
1484110 648
1484120 648
1484130 648
1484140 648
1484150 648
1484160 648
1484170 648
1484180 649
1484190 649
1484200 650
1484210 651
1484220 651
1484230 652
1484240 653
1484250 653
1484260 654
1484270 656
1484280 656
1484290 659
1484300 663
1484310 663
1484320 666
1484330 667
1484340 667
1484350 667
1484360 668
1484370 668
1484380 668
1484390 668
1484400 668
1484410 669
1484420 669
1484430 669
1484440 670
1484450 670
1484460 670
1484470 670
1484480 670
1484490 670
1484500 670
1484510 670
1484520 670
1484530 670
1484540 670
1484550 669
1484560 669
1484570 669
1484580 668
1484590 668
1484600 667
1484610 666
1484620 666
1484630 667
1484640 667
1484650 667
1484660 666
1484670 666
1484680 666
1484690 665
1484700 665
1484710 665
1484720 664
1484730 663
1484740 663
1484750 661
1484760 659
1484770 659
1484780 657
1484790 657
1484800 657
1484810 656
1484820 656
1484830 657
1484840 657
1484850 657
1484860 657
1484870 657
1484880 658
1484890 660
1484900 660
1484910 661
1484920 660
1484930 660
1484940 660
1484950 660
1484960 660
1484970 661
1484980 663
1484990 663
1485000 666
1485010 668
1485020 668
1485030 669
1485040 670
1485050 670
1485060 672
1485070 674
1485080 674
1485090 675
1485100 678
1485110 678
1485120 680
1485130 682
1485140 682
1485150 685
1485160 687
1485170 687
1485180 689
1485190 690
1485200 692
1485210 692
1485220 696
1485230 699
1485240 699
1485250 701
1485260 704
1485270 704
1485280 706
1485290 708
1485300 708
1485310 711
1485320 712
1485330 712
1485340 712
1485350 713
1485360 713
1485370 714
1485380 719
1485390 719
1485400 722
1485410 724
1485420 724
1485430 726
1485440 729
1485450 729
1485460 729
1485470 730
1485480 730
1485490 731
1485500 732
1485510 732
1485520 733
1485530 734
1485540 734
1485550 735
1485560 736
1485570 737
1485580 737
1485590 738
1485600 738
1485610 738
1485620 739
1485630 740
1485640 740
1485650 740
1485660 740
1485670 740
1485680 739
1485690 739
1485700 739
1485710 739
1485720 738
1485730 738
1485740 736
1485750 736
1485760 736
1485770 735
1485780 733
1485790 733
1485800 732
1485810 729
1485820 729
1485830 727
1485840 726
1485850 726
1485860 724
1485870 722
1485880 722
1485890 721
1485900 720
1485910 720
1485920 719
1485930 719
1485940 719
1485950 719
1485960 719
1485970 720
1485980 720
1485990 720
1486000 720
1486010 720
1486020 721
1486030 722
1486040 722
1486050 722
1486060 723
1486070 723
1486080 724
1486090 725
1486100 725
1486110 726
1486120 727
1486130 727
1486140 729
1486150 731
1486160 731
1486170 732
1486180 734
1486190 734
1486200 736
1486210 739
1486220 739
1486230 740
1486240 741
1486250 741
1486260 743
1486270 743
1486280 743
1486290 743
1486300 744
1486310 745
1486320 745
1486330 747
1486340 748
1486350 748
1486360 748
1486370 746
1486380 746
1486390 744
1486400 740
1486410 740
1486420 736
1486430 733
1486440 733
1486450 732
1486460 732
1486470 732
1486480 733
1486490 733
1486500 733
1486510 734
1486520 734
1486530 734
1486540 735
1486550 735
1486560 735
1486570 735
1486580 736
1486590 736
1486600 737
1486610 738
1486620 738
1486630 739
1486640 740
1486650 742
1486660 742
1486670 743
1486680 744
1486690 744
1486700 746
1486710 747
1486720 747
1486730 748
1486740 749
1486750 749
1486760 751
1486770 752
1486780 752
1486790 755
1486800 757
1486810 757
1486820 759
1486830 761
1486840 761
1486850 762
1486860 764
1486870 764
1486880 766
1486890 768
1486900 768
1486910 770
1486920 771
1486930 771
1486940 773
1486950 775
1486960 775
1486970 776
1486980 777
1486990 777
1487000 778
1487010 778
1487020 778
1487030 778
1487040 778
1487050 777
1487060 777
1487070 776
1487080 775
1487090 775
1487100 773
1487110 771
1487120 771
1487130 769
1487140 767
1487150 767
1487160 764
1487170 760
1487180 760
1487190 754
1487200 753
1487210 753
1487220 754
1487230 755
1487240 755
1487250 757
1487260 759
1487270 759
1487280 761
1487290 763
1487300 763
1487310 765
1487320 766
1487330 766
1487340 768
1487350 769
1487360 769
1487370 769
1487380 770
1487390 771
1487400 771
1487410 771
1487420 772
1487430 772
1487440 772
1487450 772
1487460 772
1487470 773
1487480 773
1487490 773
1487500 773
1487510 773
1487520 773
1487530 772
1487540 772
1487550 772
1487560 771
1487570 771
1487580 771
1487590 770
1487600 769
1487610 769
1487620 768
1487630 768
1487640 768
1487650 768
1487660 768
1487670 768
1487680 769
1487690 769
1487700 769
1487710 771
1487720 770
1487730 770
1487740 770
1487750 770
1487760 770
1487770 770
1487780 770
1487790 770
1487800 770
1487810 770
1487820 770
1487830 770
1487840 771
1487850 771
1487860 771
1487870 771
1487880 771
1487890 771
1487900 770
1487910 770
1487920 770
1487930 769
1487940 769
1487950 769
1487960 769
1487970 769
1487980 769
1487990 769
1488000 769
1488010 769
1488020 768
1488030 768
1488040 768
1488050 768
1488060 768
1488070 768
1488080 767
1488090 767
1488100 767
1488110 767
1488120 767
1488130 767
1488140 767
1488150 766
1488160 766
1488170 766
1488180 766
1488190 766
1488200 766
1488210 766
1488220 765
1488230 765
1488240 765
1488250 765
1488260 765
1488270 765
1488280 765
1488290 765
1488300 765
1488310 765
1488320 765
1488330 765
1488340 765
1488350 765
1488360 765
1488370 765
1488380 765
1488390 765
1488400 765
1488410 765
1488420 766
1488430 766
1488440 766
1488450 766
1488460 767
1488470 767
1488480 767
1488490 767
1488500 767
1488510 767
1488520 767
1488530 767
1488540 767
1488550 768
1488560 768
1488570 768
1488580 768
1488590 769
1488600 769
1488610 769
1488620 768
1488630 768
1488640 769
1488650 769
1488660 769
1488670 769
1488680 769
1488690 769
1488700 769
1488710 769
1488720 769
1488730 769
1488740 769
1488750 769
1488760 769
1488770 769
1488780 769
1488790 769
1488800 769
1488810 769
1488820 769
1488830 769
1488840 769
1488850 769
1488860 769
1488870 769
1488880 769
1488890 770
1488900 769
1488910 769
1488920 769
1488930 769
1488940 769
1488950 768
1488960 768
1488970 768
1488980 768
1488990 768
1489000 768
1489010 768
1489020 768
1489030 768
1489040 767
1489050 767
1489060 767
1489070 767
1489080 767
1489090 767
1489100 767
1489110 767
1489120 767
1489130 766
1489140 766
1489150 766
1489160 766
1489170 766
1489180 766
1489190 766
1489200 765
1489210 765
1489220 765
1489230 765
1489240 765
1489250 765
1489260 764
1489270 764
1489280 764
1489290 763
1489300 762
1489310 762
1489320 762
1489330 763
1489340 763
1489350 763
1489360 763
1489370 763
1489380 762
1489390 762
1489400 762
1489410 762
1489420 764
1489430 764
1489440 766
1489450 768
1489460 768
1489470 769
1489480 770
1489490 770
1489500 771
1489510 773
1489520 773
1489530 775
1489540 777
1489550 777
1489560 779
1489570 780
1489580 781
1489590 781
1489600 780
1489610 780
1489620 780
1489630 781
1489640 782
1489650 782
1489660 783
1489670 783
1489680 783
1489690 784
1489700 785
1489710 785
1489720 785
1489730 785
1489740 785
1489750 786
1489760 788
1489770 788
1489780 789
1489790 790
1489800 790
1489810 791
1489820 792
1489830 792
1489840 793
1489850 794
1489860 794
1489870 796
1489880 798
1489890 798
1489900 799
1489910 801
1489920 801
1489930 802
1489940 802
1489950 802
1489960 802
1489970 804
1489980 805
1489990 805
1490000 808
1490010 811
1490020 811
1490030 812
1490040 810
1490050 810
1490060 807
1490070 806
1490080 806
1490090 806
1490100 807
1490110 807
1490120 807
1490130 806
1490140 806
1490150 806
1490160 804
1490170 804
1490180 802
1490190 801
1490200 801
1490210 800
1490220 798
1490230 798
1490240 797
1490250 795
1490260 795
1490270 793
1490280 791
1490290 791
1490300 790
1490310 789
1490320 788
1490330 788
1490340 788
1490350 787
1490360 787
1490370 787
1490380 787
1490390 787
1490400 787
1490410 786
1490420 786
1490430 786
1490440 786
1490450 786
1490460 786
1490470 786
1490480 786
1490490 786
1490500 786
1490510 786
1490520 786
1490530 786
1490540 786
1490550 786
1490560 786
1490570 786
1490580 786
1490590 786
1490600 786
1490610 785
1490620 784
1490630 784
1490640 783
1490650 782
1490660 782
1490670 782
1490680 781
1490690 780
1490700 780
1490710 779
1490720 778
1490730 778
1490740 776
1490750 775
1490760 775
1490770 774
1490780 771
1490790 771
1490800 770
1490810 768
1490820 768
1490830 766
1490840 764
1490850 764
1490860 762
1490870 759
1490880 759
1490890 757
1490900 755
1490910 755
1490920 753
1490930 752
1490940 752
1490950 751
1490960 749
1490970 749
1490980 748
1490990 747
1491000 747
1491010 746
1491020 744
1491030 743
1491040 743
1491050 742
1491060 741
1491070 741
1491080 740
1491090 738
1491100 738
1491110 737
1491120 735
1491130 735
1491140 733
1491150 731
1491160 731
1491170 729
1491180 729
1491190 729
1491200 729
1491210 728
1491220 728
1491230 728
1491240 728
1491250 728
1491260 728
1491270 728
1491280 728
1491290 726
1491300 724
1491310 724
1491320 720
1491330 714
1491340 714
1491350 709
1491360 704
1491370 704
1491380 700
1491390 697
1491400 695
1491410 695
1491420 693
1491430 695
1491440 695
1491450 700
1491460 702
1491470 702
1491480 690
1491490 672
1491500 672
1491510 666
1491520 660
1491530 660
1491540 654
1491550 651
1491560 651
1491570 650
1491580 650
1491590 650
1491600 649
1491610 650
1491620 650
1491630 650
1491640 652
1491650 652
1491660 655
1491670 657
1491680 657
1491690 658
1491700 661
1491710 661
1491720 665
1491730 666
1491740 666
1491750 666
1491760 667
1491770 670
1491780 670
1491790 669
1491800 672
1491810 672
1491820 679
1491830 684
1491840 684
1491850 693
1491860 701
1491870 701
1491880 705
1491890 706
1491900 706
1491910 706
1491920 707
1491930 707
1491940 708
1491950 708
1491960 708
1491970 708
1491980 709
1491990 709
1492000 711
1492010 713
1492020 713
1492030 714
1492040 715
1492050 715
1492060 716
1492070 719
1492080 719
1492090 723
1492100 725
1492110 725
1492120 727
1492130 731
1492140 733
1492150 733
1492160 735
1492170 738
1492180 738
1492190 740
1492200 742
1492210 742
1492220 744
1492230 746
1492240 746
1492250 747
1492260 746
1492270 746
1492280 742
1492290 739
1492300 739
1492310 736
1492320 731
1492330 731
1492340 726
1492350 721
1492360 721
1492370 719
1492380 715
1492390 715
1492400 709
1492410 711
1492420 711
1492430 722
1492440 730
1492450 730
1492460 736
1492470 743
1492480 743
1492490 750
1492500 757
1492510 764
1492520 764
1492530 770
1492540 775
1492550 775
1492560 780
1492570 783
1492580 783
1492590 784
1492600 786
1492610 786
1492620 787
1492630 789
1492640 789
1492650 791
1492660 793
1492670 793
1492680 796
1492690 798
1492700 798
1492710 800
1492720 801
1492730 801
1492740 802
1492750 803
1492760 803
1492770 804
1492780 804
1492790 804
1492800 805
1492810 806
1492820 806
1492830 808
1492840 810
1492850 812
1492860 812
1492870 814
1492880 816
1492890 816
1492900 819
1492910 822
1492920 822
1492930 824
1492940 826
1492950 826
1492960 829
1492970 831
1492980 831
1492990 834
1493000 838
1493010 838
1493020 840
1493030 840
1493040 840
1493050 842
1493060 845
1493070 845
1493080 848
1493090 851
1493100 851
1493110 853
1493120 856
1493130 856
1493140 859
1493150 862
1493160 862
1493170 865
1493180 868
1493190 868
1493200 871
1493210 874
1493220 877
1493230 877
1493240 879
1493250 881
1493260 881
1493270 884
1493280 885
1493290 885
1493300 885
1493310 886
1493320 886
1493330 886
1493340 885
1493350 885
1493360 884
1493370 884
1493380 884
1493390 886
1493400 888
1493410 888
1493420 891
1493430 894
1493440 894
1493450 896
1493460 899
1493470 899
1493480 901
1493490 903
1493500 903
1493510 904
1493520 904
1493530 904
1493540 902
1493550 900
1493560 900
1493570 898
1493580 898
1493590 898
1493600 898
1493610 900
1493620 904
1493630 904
1493640 908
1493650 913
1493660 913
1493670 918
1493680 924
1493690 924
1493700 929
1493710 933
1493720 933
1493730 938
1493740 943
1493750 943
1493760 947
1493770 949
1493780 949
1493790 952
1493800 954
1493810 954
1493820 957
1493830 960
1493840 960
1493850 962
1493860 964
1493870 964
1493880 967
1493890 969
1493900 969
1493910 972
1493920 974
1493930 974
1493940 977
1493950 980
1493960 982
1493970 982
1493980 983
1493990 987
1494000 987
1494010 991
1494020 996
1494030 996
1494040 1002
1494050 1008
1494060 1008
1494070 1015
1494080 1024
1494090 1024
1494100 1032
1494110 1040
1494120 1040
1494130 1049
1494140 1056
1494150 1056
1494160 1059
1494170 1063
1494180 1063
1494190 1071
1494200 1079
1494210 1079
1494220 1082
1494230 1084
1494240 1084
1494250 1086
1494260 1088
1494270 1088
1494280 1091
1494290 1092
1494300 1092
1494310 1094
1494320 1095
1494330 1097
1494340 1097
1494350 1098
1494360 1101
1494370 1101
1494380 1102
1494390 1106
1494400 1106
1494410 1110
1494420 1112
1494430 1112
1494440 1114
1494450 1117
1494460 1117
1494470 1120
1494480 1124
1494490 1124
1494500 1128
1494510 1130
1494520 1130
1494530 1133
1494540 1135
1494550 1135
1494560 1137
1494570 1139
1494580 1139
1494590 1142
1494600 1146
1494610 1146
1494620 1149
1494630 1153
1494640 1153
1494650 1156
1494660 1158
1494670 1160
1494680 1160
1494690 1160
1494700 1161
1494710 1161
1494720 1162
1494730 1162
1494740 1162
1494750 1164
1494760 1165
1494770 1165
1494780 1164
1494790 1162
1494800 1162
1494810 1162
1494820 1161
1494830 1161
1494840 1161
1494850 1160
1494860 1160
1494870 1158
1494880 1158
1494890 1158
1494900 1163
1494910 1168
1494920 1168
1494930 1173
1494940 1179
1494950 1179
1494960 1184
1494970 1190
1494980 1190
1494990 1196
1495000 1201
1495010 1201
1495020 1206
1495030 1210
1495040 1213
1495050 1213
1495060 1217
1495070 1219
1495080 1219
1495090 1221
1495100 1223
1495110 1223
1495120 1223
1495130 1222
1495140 1222
1495150 1221
1495160 1219
1495170 1219
1495180 1216
1495190 1213
1495200 1213
1495210 1210
1495220 1208
1495230 1208
1495240 1206
1495250 1204
1495260 1204
1495270 1204
1495280 1202
1495290 1202
1495300 1201
1495310 1199
1495320 1199
1495330 1198
1495340 1197
1495350 1197
1495360 1196
1495370 1196
1495380 1196
1495390 1195
1495400 1194
1495410 1193
1495420 1193
1495430 1193
1495440 1192
1495450 1192
1495460 1191
1495470 1190
1495480 1190
1495490 1190
1495500 1189
1495510 1189
1495520 1189
1495530 1188
1495540 1188
1495550 1188
1495560 1188
1495570 1188
1495580 1189
1495590 1189
1495600 1189
1495610 1190
1495620 1190
1495630 1190
1495640 1190
1495650 1190
1495660 1190
1495670 1189
1495680 1187
1495690 1187
1495700 1186
1495710 1185
1495720 1185
1495730 1184
1495740 1183
1495750 1183
1495760 1182
1495770 1180
1495780 1178
1495790 1178
1495800 1176
1495810 1174
1495820 1174
1495830 1172
1495840 1171
1495850 1171
1495860 1171
1495870 1170
1495880 1170
1495890 1169
1495900 1168
1495910 1168
1495920 1166
1495930 1162
1495940 1162
1495950 1159
1495960 1157
1495970 1157
1495980 1155
1495990 1153
1496000 1153
1496010 1150
1496020 1148
1496030 1148
1496040 1146
1496050 1145
1496060 1145
1496070 1143
1496080 1141
1496090 1141
1496100 1139
1496110 1137
1496120 1137
1496130 1136
1496140 1134
1496150 1132
1496160 1132
1496170 1129
1496180 1127
1496190 1127
1496200 1124
1496210 1122
1496220 1122
1496230 1121
1496240 1120
1496250 1120
1496260 1119
1496270 1119
1496280 1119
1496290 1119
1496300 1118
1496310 1118
1496320 1118
1496330 1118
1496340 1118
1496350 1117
1496360 1117
1496370 1117
1496380 1117
1496390 1117
1496400 1117
1496410 1117
1496420 1117
1496430 1117
1496440 1117
1496450 1116
1496460 1116
1496470 1115
1496480 1114
1496490 1114
1496500 1114
1496510 1113
1496520 1116
1496530 1116
1496540 1118
1496550 1119
1496560 1119
1496570 1121
1496580 1122
1496590 1122
1496600 1123
1496610 1124
1496620 1124
1496630 1125
1496640 1126
1496650 1126
1496660 1127
1496670 1128
1496680 1128
1496690 1129
1496700 1129
1496710 1129
1496720 1129
1496730 1129
1496740 1129
1496750 1128
1496760 1127
1496770 1127
1496780 1126
1496790 1124
1496800 1124
1496810 1124
1496820 1123
1496830 1123
1496840 1122
1496850 1121
1496860 1120
1496870 1120
1496880 1120
1496890 1121
1496900 1121
1496910 1122
1496920 1122
1496930 1122
1496940 1122
1496950 1122
1496960 1122
1496970 1123
1496980 1124
1496990 1124
1497000 1125
1497010 1126
1497020 1126
1497030 1127
1497040 1128
1497050 1128
1497060 1129
1497070 1129
1497080 1129
1497090 1130
1497100 1130
1497110 1130
1497120 1130
1497130 1131
1497140 1131
1497150 1131
1497160 1132
1497170 1132
1497180 1132
1497190 1131
1497200 1131
1497210 1131
1497220 1131
1497230 1131
1497240 1131
1497250 1132
1497260 1132
1497270 1132
1497280 1132
1497290 1133
1497300 1133
1497310 1133
1497320 1133
1497330 1133
1497340 1134
1497350 1135
1497360 1135
1497370 1135
1497380 1135
1497390 1135
1497400 1137
1497410 1139
1497420 1139
1497430 1140
1497440 1142
1497450 1142
1497460 1144
1497470 1146
1497480 1146
1497490 1148
1497500 1150
1497510 1150
1497520 1151
1497530 1153
1497540 1153
1497550 1154
1497560 1155
1497570 1155
1497580 1156
1497590 1157
1497600 1156
1497610 1156
1497620 1157
1497630 1158
1497640 1158
1497650 1157
1497660 1157
1497670 1157
1497680 1157
1497690 1157
1497700 1157
1497710 1156
1497720 1155
1497730 1155
1497740 1155
1497750 1153
1497760 1153
1497770 1153
1497780 1153
1497790 1153
1497800 1151
1497810 1150
1497820 1150
1497830 1148
1497840 1147
1497850 1147
1497860 1147
1497870 1147
1497880 1147
1497890 1146
1497900 1144
1497910 1144
1497920 1142
1497930 1139
1497940 1139
1497950 1138
1497960 1137
1497970 1135
1497980 1135
1497990 1133
1498000 1130
1498010 1130
1498020 1129
1498030 1128
1498040 1128
1498050 1128
1498060 1127
1498070 1127
1498080 1126
1498090 1125
1498100 1125
1498110 1123
1498120 1121
1498130 1121
1498140 1119
1498150 1118
1498160 1118
1498170 1117
1498180 1117
1498190 1117
1498200 1117
1498210 1116
1498220 1116
1498230 1116
1498240 1116
1498250 1116
1498260 1116
1498270 1116
1498280 1113
1498290 1112
1498300 1110
1498310 1110
1498320 1109
1498330 1108
1498340 1106
1498350 1106
1498360 1106
1498370 1104
1498380 1104
1498390 1103
1498400 1100
1498410 1100
1498420 1099
1498430 1098
1498440 1098
1498450 1097
1498460 1094
1498470 1094
1498480 1093
1498490 1092
1498500 1092
1498510 1090
1498520 1089
1498530 1089
1498540 1088
1498550 1088
1498560 1088
1498570 1088
1498580 1087
1498590 1087
1498600 1086
1498610 1086
1498620 1086
1498630 1086
1498640 1084
1498650 1084
1498660 1081
1498670 1078
1498680 1075
1498690 1075
1498700 1072
1498710 1071
1498720 1071
1498730 1071
1498740 1072
1498750 1072
1498760 1073
1498770 1076
1498780 1076
1498790 1074
1498800 1076
1498810 1076
1498820 1076
1498830 1072
1498840 1072
1498850 1069
1498860 1068
1498870 1068
1498880 1067
1498890 1066
1498900 1066
1498910 1061
1498920 1057
1498930 1057
1498940 1056
1498950 1060
1498960 1060
1498970 1063
1498980 1065
1498990 1065
1499000 1064
1499010 1055
1499020 1055
1499030 1044
1499040 1038
1499050 1042
1499060 1042
1499070 1051
1499080 1060
1499090 1060
1499100 1066
1499110 1074
1499120 1074
1499130 1080
1499140 1085
1499150 1085
1499160 1089
1499170 1093
1499180 1093
1499190 1097
1499200 1101
1499210 1101
1499220 1104
1499230 1107
1499240 1107
1499250 1111
1499260 1115
1499270 1115
1499280 1118
1499290 1121
1499300 1121
1499310 1126
1499320 1130
1499330 1130
1499340 1134
1499350 1139
1499360 1139
1499370 1142
1499380 1146
1499390 1146
1499400 1150
1499410 1150
1499420 1150
1499430 1150
1499440 1152
1499450 1153
1499460 1153
1499470 1156
1499480 1159
1499490 1159
1499500 1163
1499510 1167
1499520 1167
1499530 1171
1499540 1174
1499550 1174
1499560 1177
1499570 1181
1499580 1181
1499590 1184
1499600 1187
1499610 1187
1499620 1189
1499630 1190
1499640 1190
1499650 1192
1499660 1195
1499670 1195
1499680 1197
1499690 1199
1499700 1199
1499710 1201
1499720 1203
1499730 1203
1499740 1205
1499750 1209
1499760 1209
1499770 1212
1499780 1215
1499790 1217
1499800 1217
1499810 1219
1499820 1221
1499830 1221
1499840 1225
1499850 1229
1499860 1229
1499870 1231
1499880 1235
1499890 1235
1499900 1239
1499910 1242
1499920 1242
1499930 1246
1499940 1249
1499950 1249
1499960 1253
1499970 1255
1499980 1255
1499990 1258
