1480000 1055
1480010 1057
1480020 1057
1480030 1061
1480040 1066
1480050 1071
1480060 1071
1480070 1075
1480080 1081
1480090 1081
1480100 1089
1480110 1098
1480120 1098
1480130 1104
1480140 1110
1480150 1110
1480160 1117
1480170 1123
1480180 1123
1480190 1126
1480200 1130
1480210 1130
1480220 1135
1480230 1140
1480240 1140
1480250 1147
1480260 1151
1480270 1151
1480280 1158
1480290 1164
1480300 1164
1480310 1169
1480320 1175
1480330 1175
1480340 1181
1480350 1187
1480360 1187
1480370 1193
1480380 1197
1480390 1197
1480400 1198
1480410 1196
1480420 1193
1480430 1193
1480440 1193
1480450 1196
1480460 1196
1480470 1196
1480480 1195
1480490 1195
1480500 1193
1480510 1190
1480520 1190
1480530 1183
1480540 1174
1480550 1174
1480560 1164
1480570 1156
1480580 1156
1480590 1150
1480600 1145
1480610 1145
1480620 1140
1480630 1136
1480640 1136
1480650 1130
1480660 1123
1480670 1123
1480680 1116
1480690 1111
1480700 1111
1480710 1107
1480720 1104
1480730 1104
1480740 1100
1480750 1095
1480760 1095
1480770 1090
1480780 1085
1480790 1080
1480800 1080
1480810 1075
1480820 1070
1480830 1070
1480840 1064
1480850 1058
1480860 1058
1480870 1052
1480880 1046
1480890 1046
1480900 1041
1480910 1036
1480920 1036
1480930 1031
1480940 1027
1480950 1027
1480960 1022
1480970 1018
1480980 1018
1480990 1013
1481000 1009
1481010 1009
1481020 1005
1481030 1000
1481040 1000
1481050 996
1481060 991
1481070 991
1481080 986
1481090 981
1481100 981
1481110 977
1481120 971
1481130 971
1481140 965
1481150 960
1481160 954
1481170 954
1481180 948
1481190 943
1481200 943
1481210 938
1481220 935
1481230 935
1481240 930
1481250 926
1481260 926
1481270 924
1481280 921
1481290 921
1481300 918
1481310 914
1481320 914
1481330 910
1481340 906
1481350 906
1481360 903
1481370 900
1481380 900
1481390 894
1481400 889
1481410 889
1481420 884
1481430 880
1481440 880
1481450 877
1481460 871
1481470 871
1481480 862
1481490 854
1481500 854
1481510 846
1481520 839
1481530 839
1481540 839
1481550 847
1481560 853
1481570 853
1481580 859
1481590 865
1481600 865
1481610 871
1481620 873
1481630 873
1481640 876
1481650 878
1481660 878
1481670 879
1481680 881
1481690 881
1481700 886
1481710 891
1481720 891
1481730 892
1481740 893
1481750 893
1481760 893
1481770 894
1481780 894
1481790 895
1481800 896
1481810 896
1481820 898
1481830 901
1481840 901
1481850 904
1481860 907
1481870 907
1481880 910
1481890 913
1481900 916
1481910 916
1481920 917
1481930 918
1481940 918
1481950 920
1481960 922
1481970 922
1481980 925
1481990 927
1482000 927
1482010 930
1482020 932
1482030 932
1482040 933
1482050 935
1482060 935
1482070 937
1482080 943
1482090 943
1482100 949
1482110 954
1482120 954
1482130 958
1482140 962
1482150 962
1482160 966
1482170 972
1482180 972
1482190 980
1482200 981
1482210 981
1482220 977
1482230 989
1482240 989
1482250 1002
1482260 1007
1482270 1009
1482280 1009
1482290 1011
1482300 1014
1482310 1014
1482320 1016
1482330 1017
1482340 1017
1482350 1017
1482360 1017
1482370 1017
1482380 1014
1482390 1013
1482400 1013
1482410 1012
1482420 1009
1482430 1009
1482440 1002
1482450 996
1482460 996
1482470 992
1482480 986
1482490 986
1482500 980
1482510 974
1482520 974
1482530 967
1482540 961
1482550 961
1482560 957
1482570 953
1482580 953
1482590 949
1482600 946
1482610 946
1482620 942
1482630 939
1482640 937
1482650 937
1482660 937
1482670 933
1482680 933
1482690 927
1482700 921
1482710 921
1482720 916
1482730 909
1482740 909
1482750 904
1482760 899
1482770 899
1482780 893
1482790 882
1482800 882
1482810 870
1482820 861
1482830 861
1482840 852
1482850 844
1482860 844
1482870 838
1482880 832
1482890 832
1482900 825
1482910 816
1482920 816
1482930 807
1482940 801
1482950 801
1482960 796
1482970 789
1482980 789
1482990 781
1483000 773
1483010 765
1483020 765
1483030 758
1483040 751
1483050 751
1483060 743
1483070 734
1483080 734
1483090 725
1483100 715
1483110 715
1483120 701
1483130 692
1483140 692
1483150 684
1483160 677
1483170 677
1483180 672
1483190 668
1483200 668
1483210 664
1483220 662
1483230 662
1483240 657
1483250 654
1483260 654
1483270 651
1483280 648
1483290 648
1483300 647
1483310 645
1483320 645
1483330 644
1483340 643
1483350 643
1483360 643
1483370 642
1483380 642
1483390 642
1483400 641
1483410 642
1483420 642
1483430 642
1483440 642
1483450 642
1483460 642
1483470 642
1483480 642
1483490 641
1483500 641
1483510 641
1483520 641
1483530 642
1483540 642
1483550 642
1483560 643
1483570 643
1483580 643
1483590 643
1483600 643
1483610 643
1483620 643
1483630 643
1483640 643
1483650 643
1483660 643
1483670 643
1483680 644
1483690 644
1483700 644
1483710 644
1483720 644
1483730 644
1483740 645
1483750 645
1483760 645
1483770 645
1483780 645
1483790 645
1483800 645
1483810 645
1483820 645
1483830 645
1483840 644
1483850 644
1483860 645
1483870 645
1483880 645
1483890 646
1483900 648
1483910 648
1483920 652
1483930 656
1483940 656
1483950 661
1483960 664
1483970 664
1483980 665
1483990 666
1484000 666
1484010 667
1484020 667
1484030 667
1484040 668
1484050 668
1484060 668
1484070 669
1484080 670
1484090 672
1484100 672
1484110 674
1484120 677
1484130 677
1484140 679
1484150 680
1484160 680
1484170 680
1484180 681
1484190 681
1484200 682
1484210 686
1484220 686
1484230 688
1484240 690
1484250 690
1484260 692
1484270 693
1484280 693
1484290 692
1484300 691
1484310 691
1484320 692
1484330 694
1484340 694
1484350 695
1484360 696
1484370 696
1484380 697
1484390 698
1484400 698
1484410 699
1484420 700
1484430 700
1484440 701
1484450 701
1484460 702
1484470 702
1484480 703
1484490 702
1484500 702
1484510 702
1484520 704
1484530 704
1484540 706
1484550 708
1484560 708
1484570 711
1484580 713
1484590 713
1484600 713
1484610 711
1484620 711
1484630 709
1484640 709
1484650 709
1484660 710
1484670 711
1484680 711
1484690 714
1484700 715
1484710 715
1484720 717
1484730 717
1484740 717
1484750 718
1484760 720
1484770 720
1484780 722
1484790 723
1484800 723
1484810 724
1484820 725
1484830 726
1484840 726
1484850 727
1484860 728
1484870 728
1484880 728
1484890 729
1484900 729
1484910 729
1484920 730
1484930 730
1484940 730
1484950 730
1484960 730
1484970 730
1484980 730
1484990 730
1485000 729
1485010 729
1485020 729
1485030 728
1485040 727
1485050 727
1485060 725
1485070 723
1485080 723
1485090 722
1485100 720
1485110 720
1485120 719
1485130 717
1485140 717
1485150 716
1485160 715
1485170 715
1485180 714
1485190 714
1485200 714
1485210 714
1485220 712
1485230 711
1485240 711
1485250 711
1485260 711
1485270 711
1485280 710
1485290 711
1485300 711
1485310 711
1485320 711
1485330 711
1485340 711
1485350 711
1485360 711
1485370 711
1485380 711
1485390 711
1485400 710
1485410 710
1485420 710
1485430 711
1485440 711
1485450 711
1485460 711
1485470 711
1485480 711
1485490 711
1485500 711
1485510 711
1485520 711
1485530 711
1485540 711
1485550 711
1485560 711
1485570 711
1485580 711
1485590 711
1485600 711
1485610 711
1485620 711
1485630 711
1485640 711
1485650 712
1485660 712
1485670 712
1485680 712
1485690 712
1485700 712
1485710 712
1485720 712
1485730 712
1485740 712
1485750 712
1485760 712
1485770 713
1485780 713
1485790 713
1485800 713
1485810 712
1485820 712
1485830 713
1485840 714
1485850 714
1485860 715
1485870 716
1485880 716
1485890 715
1485900 715
1485910 715
1485920 715
1485930 715
1485940 715
1485950 715
1485960 715
1485970 715
1485980 715
1485990 715
1486000 715
1486010 715
1486020 716
1486030 716
1486040 716
1486050 716
1486060 717
1486070 717
1486080 717
1486090 718
1486100 718
1486110 719
1486120 720
1486130 720
1486140 721
1486150 723
1486160 723
1486170 725
1486180 728
1486190 728
1486200 730
1486210 733
1486220 733
1486230 737
1486240 740
1486250 740
1486260 742
1486270 745
1486280 745
1486290 747
1486300 750
1486310 752
1486320 752
1486330 755
1486340 757
1486350 757
1486360 759
1486370 762
1486380 762
1486390 764
1486400 767
1486410 767
1486420 769
1486430 771
1486440 771
1486450 773
1486460 775
1486470 775
1486480 776
1486490 777
1486500 777
1486510 778
1486520 779
1486530 779
1486540 780
1486550 781
1486560 781
1486570 782
1486580 782
1486590 782
1486600 783
1486610 783
1486620 783
1486630 783
1486640 783
1486650 783
1486660 783
1486670 783
1486680 782
1486690 782
1486700 781
1486710 780
1486720 780
1486730 779
1486740 778
1486750 778
1486760 778
1486770 779
1486780 779
1486790 779
1486800 780
1486810 780
1486820 780
1486830 780
1486840 780
1486850 780
1486860 780
1486870 780
1486880 779
1486890 777
1486900 777
1486910 775
1486920 774
1486930 774
1486940 772
1486950 772
1486960 772
1486970 772
1486980 773
1486990 773
1487000 774
1487010 775
1487020 775
1487030 775
1487040 775
1487050 776
1487060 776
1487070 776
1487080 775
1487090 775
1487100 775
1487110 774
1487120 774
1487130 774
1487140 773
1487150 773
1487160 772
1487170 772
1487180 772
1487190 772
1487200 772
1487210 772
1487220 772
1487230 772
1487240 772
1487250 772
1487260 773
1487270 773
1487280 773
1487290 774
1487300 774
1487310 774
1487320 775
1487330 775
1487340 776
1487350 777
1487360 777
1487370 778
1487380 779
1487390 781
1487400 781
1487410 782
1487420 783
1487430 783
1487440 785
1487450 786
1487460 786
1487470 788
1487480 790
1487490 790
1487500 791
1487510 793
1487520 793
1487530 795
1487540 797
1487550 797
1487560 799
1487570 800
1487580 800
1487590 802
1487600 803
1487610 803
1487620 804
1487630 805
1487640 805
1487650 805
1487660 806
1487670 806
1487680 806
1487690 806
1487700 806
1487710 806
1487720 806
1487730 806
1487740 806
1487750 806
1487760 805
1487770 805
1487780 804
1487790 803
1487800 803
1487810 802
1487820 801
1487830 801
1487840 799
1487850 798
1487860 798
1487870 796
1487880 795
1487890 795
1487900 793
1487910 792
1487920 792
1487930 791
1487940 791
1487950 791
1487960 790
1487970 790
1487980 790
1487990 789
1488000 789
1488010 789
1488020 789
1488030 789
1488040 789
1488050 788
1488060 788
1488070 788
1488080 787
1488090 787
1488100 787
1488110 787
1488120 787
1488130 788
1488140 788
1488150 788
1488160 788
1488170 788
1488180 789
1488190 789
1488200 789
1488210 789
1488220 790
1488230 790
1488240 791
1488250 792
1488260 792
1488270 793
1488280 794
1488290 794
1488300 795
1488310 795
1488320 795
1488330 796
1488340 796
1488350 796
1488360 797
1488370 797
1488380 797
1488390 797
1488400 798
1488410 798
1488420 798
1488430 798
1488440 798
1488450 798
1488460 798
1488470 798
1488480 798
1488490 798
1488500 798
1488510 798
1488520 798
1488530 797
1488540 797
1488550 797
1488560 797
1488570 797
1488580 797
1488590 796
1488600 796
1488610 796
1488620 796
1488630 796
1488640 796
1488650 796
1488660 796
1488670 796
1488680 796
1488690 796
1488700 796
1488710 796
1488720 796
1488730 795
1488740 795
1488750 795
1488760 794
1488770 793
1488780 793
1488790 792
1488800 791
1488810 791
1488820 789
1488830 787
1488840 787
1488850 785
1488860 782
1488870 780
1488880 780
1488890 778
1488900 775
1488910 775
1488920 773
1488930 771
1488940 771
1488950 770
1488960 768
1488970 768
1488980 767
1488990 766
1489000 766
1489010 765
1489020 764
1489030 764
1489040 764
1489050 763
1489060 763
1489070 763
1489080 762
1489090 762
1489100 762
1489110 762
1489120 762
1489130 762
1489140 762
1489150 762
1489160 761
1489170 761
1489180 761
1489190 760
1489200 760
1489210 760
1489220 759
1489230 758
1489240 757
1489250 757
1489260 757
1489270 757
1489280 757
1489290 756
1489300 756
1489310 756
1489320 755
1489330 754
1489340 754
1489350 753
1489360 752
1489370 752
1489380 750
1489390 745
1489400 745
1489410 740
1489420 733
1489430 733
1489440 727
1489450 727
1489460 727
1489470 728
1489480 735
1489490 735
1489500 740
1489510 743
1489520 743
1489530 747
1489540 749
1489550 749
1489560 751
1489570 752
1489580 752
1489590 754
1489600 755
1489610 755
1489620 755
1489630 756
1489640 756
1489650 756
1489660 757
1489670 758
1489680 758
1489690 759
1489700 760
1489710 760
1489720 761
1489730 761
1489740 761
1489750 763
1489760 765
1489770 765
1489780 766
1489790 767
1489800 767
1489810 767
1489820 768
1489830 768
1489840 767
1489850 766
1489860 766
1489870 765
1489880 765
1489890 765
1489900 765
1489910 765
1489920 765
1489930 765
1489940 764
1489950 764
1489960 764
1489970 764
1489980 765
1489990 765
1490000 765
1490010 762
1490020 762
1490030 759
1490040 757
1490050 757
1490060 753
1490070 753
1490080 753
1490090 756
1490100 758
1490110 758
1490120 758
1490130 757
1490140 757
1490150 756
1490160 755
1490170 755
1490180 754
1490190 753
1490200 753
1490210 752
1490220 750
1490230 750
1490240 749
1490250 748
1490260 748
1490270 747
1490280 746
1490290 746
1490300 745
1490310 744
1490320 744
1490330 742
1490340 741
1490350 740
1490360 740
1490370 738
1490380 737
1490390 737
1490400 735
1490410 733
1490420 733
1490430 730
1490440 728
1490450 728
1490460 727
1490470 726
1490480 726
1490490 725
1490500 725
1490510 725
1490520 724
1490530 723
1490540 723
1490550 723
1490560 722
1490570 722
1490580 721
1490590 720
1490600 720
1490610 720
1490620 719
1490630 719
1490640 719
1490650 718
1490660 718
1490670 718
1490680 719
1490690 719
1490700 719
1490710 719
1490720 718
1490730 718
1490740 711
1490750 702
1490760 702
1490770 701
1490780 711
1490790 711
1490800 717
1490810 721
1490820 721
1490830 723
1490840 724
1490850 724
1490860 726
1490870 727
1490880 727
1490890 728
1490900 728
1490910 728
1490920 729
1490930 729
1490940 729
1490950 729
1490960 726
1490970 726
1490980 721
1490990 717
1491000 717
1491010 711
1491020 705
1491030 705
1491040 698
1491050 692
1491060 686
1491070 686
1491080 679
1491090 672
1491100 672
1491110 665
1491120 660
1491130 660
1491140 654
1491150 649
1491160 649
1491170 647
1491180 646
1491190 646
1491200 646
1491210 646
1491220 646
1491230 646
1491240 644
1491250 644
1491260 644
1491270 647
1491280 647
1491290 652
1491300 655
1491310 655
1491320 656
1491330 657
1491340 657
1491350 660
1491360 664
1491370 664
1491380 669
1491390 674
1491400 674
1491410 680
1491420 687
1491430 693
1491440 693
1491450 699
1491460 705
1491470 705
1491480 707
1491490 705
1491500 705
1491510 701
1491520 697
1491530 697
1491540 695
1491550 692
1491560 692
1491570 688
1491580 683
1491590 683
1491600 678
1491610 676
1491620 676
1491630 675
1491640 673
1491650 673
1491660 672
1491670 676
1491680 676
1491690 682
1491700 689
1491710 689
1491720 694
1491730 696
1491740 696
1491750 701
1491760 708
1491770 708
1491780 714
1491790 718
1491800 722
1491810 722
1491820 722
1491830 725
1491840 725
1491850 730
1491860 732
1491870 732
1491880 737
1491890 737
1491900 737
1491910 738
1491920 739
1491930 739
1491940 745
1491950 748
1491960 748
1491970 761
1491980 771
1491990 771
1492000 776
1492010 778
1492020 778
1492030 780
1492040 781
1492050 781
1492060 782
1492070 783
1492080 783
1492090 784
1492100 785
1492110 785
1492120 787
1492130 788
1492140 788
1492150 790
1492160 791
1492170 791
1492180 791
1492190 792
1492200 792
1492210 792
1492220 794
1492230 797
1492240 797
1492250 801
1492260 804
1492270 804
1492280 808
1492290 811
1492300 811
1492310 815
1492320 818
1492330 818
1492340 820
1492350 822
1492360 822
1492370 821
1492380 824
1492390 824
1492400 830
1492410 834
1492420 834
1492430 839
1492440 842
1492450 842
1492460 844
1492470 846
1492480 846
1492490 848
1492500 849
1492510 849
1492520 850
1492530 852
1492540 853
1492550 853
1492560 854
1492570 855
1492580 855
1492590 855
1492600 856
1492610 856
1492620 856
1492630 856
1492640 856
1492650 856
1492660 856
1492670 856
1492680 856
1492690 856
1492700 856
1492710 856
1492720 855
1492730 855
1492740 855
1492750 855
1492760 855
1492770 855
1492780 855
1492790 855
1492800 856
1492810 857
1492820 857
1492830 857
1492840 858
1492850 858
1492860 859
1492870 859
1492880 859
1492890 860
1492900 860
1492910 861
1492920 861
1492930 862
1492940 863
1492950 863
1492960 864
1492970 866
1492980 866
1492990 867
1493000 867
1493010 867
1493020 868
1493030 869
1493040 869
1493050 870
1493060 870
1493070 870
1493080 870
1493090 870
1493100 870
1493110 869
1493120 868
1493130 868
1493140 867
1493150 867
1493160 867
1493170 867
1493180 866
1493190 866
1493200 865
1493210 866
1493220 866
1493230 867
1493240 867
1493250 867
1493260 868
1493270 868
1493280 869
1493290 869
1493300 870
1493310 872
1493320 872
1493330 873
1493340 876
1493350 876
1493360 878
1493370 880
1493380 880
1493390 883
1493400 885
1493410 885
1493420 888
1493430 891
1493440 891
1493450 895
1493460 900
1493470 900
1493480 903
1493490 906
1493500 906
1493510 909
1493520 912
1493530 912
1493540 915
1493550 919
1493560 919
1493570 923
1493580 924
1493590 924
1493600 923
1493610 922
1493620 922
1493630 921
1493640 921
1493650 920
1493660 920
1493670 922
1493680 922
1493690 922
1493700 922
1493710 921
1493720 921
1493730 920
1493740 920
1493750 920
1493760 922
1493770 924
1493780 924
1493790 926
1493800 927
1493810 927
1493820 928
1493830 928
1493840 928
1493850 930
1493860 931
1493870 931
1493880 932
1493890 932
1493900 932
1493910 933
1493920 933
1493930 933
1493940 934
1493950 938
1493960 938
1493970 944
1493980 948
1493990 951
1494000 951
1494010 954
1494020 958
1494030 958
1494040 961
1494050 964
1494060 964
1494070 966
1494080 969
1494090 969
1494100 971
1494110 973
1494120 973
1494130 975
1494140 977
1494150 977
1494160 980
1494170 983
1494180 983
1494190 987
1494200 989
1494210 989
1494220 991
1494230 996
1494240 996
1494250 1001
1494260 1004
1494270 1004
1494280 1008
1494290 1012
1494300 1012
1494310 1015
1494320 1018
1494330 1018
1494340 1022
1494350 1028
1494360 1033
1494370 1033
1494380 1039
1494390 1044
1494400 1044
1494410 1050
1494420 1055
1494430 1055
1494440 1061
1494450 1067
1494460 1067
1494470 1072
1494480 1077
1494490 1077
1494500 1082
1494510 1086
1494520 1086
1494530 1091
1494540 1096
1494550 1096
1494560 1101
1494570 1106
1494580 1106
1494590 1111
1494600 1116
1494610 1116
1494620 1119
1494630 1121
1494640 1121
1494650 1123
1494660 1125
1494670 1125
1494680 1127
1494690 1127
1494700 1127
1494710 1126
1494720 1128
1494730 1131
1494740 1131
1494750 1136
1494760 1141
1494770 1141
1494780 1146
1494790 1150
1494800 1150
1494810 1154
1494820 1159
1494830 1159
1494840 1163
1494850 1165
1494860 1165
1494870 1167
1494880 1168
1494890 1168
1494900 1169
1494910 1171
1494920 1171
1494930 1172
1494940 1173
1494950 1173
1494960 1174
1494970 1176
1494980 1176
1494990 1176
1495000 1177
1495010 1177
1495020 1177
1495030 1178
1495040 1178
1495050 1178
1495060 1178
1495070 1178
1495080 1179
1495090 1179
1495100 1180
1495110 1180
1495120 1180
1495130 1181
1495140 1181
1495150 1181
1495160 1181
1495170 1181
1495180 1181
1495190 1182
1495200 1182
1495210 1182
1495220 1182
1495230 1182
1495240 1182
1495250 1181
1495260 1181
1495270 1181
1495280 1180
1495290 1180
1495300 1179
1495310 1176
1495320 1176
1495330 1172
1495340 1168
1495350 1168
1495360 1164
1495370 1160
1495380 1160
1495390 1157
1495400 1154
1495410 1154
1495420 1152
1495430 1149
1495440 1149
1495450 1146
1495460 1144
1495470 1142
1495480 1142
1495490 1140
1495500 1139
1495510 1139
1495520 1138
1495530 1138
1495540 1138
1495550 1137
1495560 1137
1495570 1137
1495580 1136
1495590 1135
1495600 1135
1495610 1132
1495620 1128
1495630 1128
1495640 1125
1495650 1122
1495660 1122
1495670 1118
1495680 1118
1495690 1118
1495700 1120
1495710 1121
1495720 1121
1495730 1121
1495740 1120
1495750 1120
1495760 1120
1495770 1119
1495780 1119
1495790 1118
1495800 1119
1495810 1119
1495820 1119
1495830 1120
1495840 1121
1495850 1121
1495860 1121
1495870 1122
1495880 1122
1495890 1122
1495900 1122
1495910 1122
1495920 1122
1495930 1123
1495940 1123
1495950 1124
1495960 1125
1495970 1125
1495980 1127
1495990 1129
1496000 1129
1496010 1131
1496020 1131
1496030 1131
1496040 1131
1496050 1131
1496060 1131
1496070 1131
1496080 1130
1496090 1130
1496100 1129
1496110 1128
1496120 1128
1496130 1128
1496140 1127
1496150 1127
1496160 1128
1496170 1129
1496180 1129
1496190 1132
1496200 1135
1496210 1139
1496220 1139
1496230 1145
1496240 1150
1496250 1150
1496260 1150
1496270 1149
1496280 1149
1496290 1149
1496300 1148
1496310 1148
1496320 1145
1496330 1143
1496340 1143
1496350 1140
1496360 1137
1496370 1137
1496380 1131
1496390 1128
1496400 1128
1496410 1125
1496420 1123
1496430 1123
1496440 1122
1496450 1121
1496460 1121
1496470 1120
1496480 1119
1496490 1119
1496500 1118
1496510 1117
1496520 1117
1496530 1115
1496540 1114
1496550 1114
1496560 1111
1496570 1104
1496580 1097
1496590 1097
1496600 1092
1496610 1087
1496620 1087
1496630 1081
1496640 1077
1496650 1077
1496660 1071
1496670 1073
1496680 1073
1496690 1082
1496700 1087
1496710 1087
1496720 1092
1496730 1090
1496740 1090
1496750 1092
1496760 1094
1496770 1094
1496780 1097
1496790 1102
1496800 1102
1496810 1104
1496820 1103
1496830 1103
1496840 1102
1496850 1101
1496860 1101
1496870 1099
1496880 1096
1496890 1096
1496900 1094
1496910 1092
1496920 1088
1496930 1088
1496940 1088
1496950 1087
1496960 1087
1496970 1087
1496980 1085
1496990 1085
1497000 1085
1497010 1084
1497020 1084
1497030 1083
1497040 1081
1497050 1081
1497060 1078
1497070 1075
1497080 1075
1497090 1073
1497100 1070
1497110 1070
1497120 1068
1497130 1066
1497140 1066
1497150 1065
1497160 1064
1497170 1064
1497180 1062
1497190 1059
1497200 1059
1497210 1057
1497220 1056
1497230 1056
1497240 1055
1497250 1053
1497260 1053
1497270 1052
1497280 1051
1497290 1049
1497300 1049
1497310 1049
1497320 1049
1497330 1049
1497340 1049
1497350 1048
1497360 1048
1497370 1048
1497380 1047
1497390 1047
1497400 1046
1497410 1046
1497420 1046
1497430 1044
1497440 1045
1497450 1045
1497460 1045
1497470 1046
1497480 1046
1497490 1047
1497500 1047
1497510 1047
1497520 1047
1497530 1047
1497540 1047
1497550 1046
1497560 1046
1497570 1046
1497580 1045
1497590 1044
1497600 1044
1497610 1043
1497620 1043
1497630 1043
1497640 1043
1497650 1042
1497660 1042
1497670 1042
1497680 1041
1497690 1041
1497700 1041
1497710 1041
1497720 1040
1497730 1040
1497740 1039
1497750 1038
1497760 1038
1497770 1038
1497780 1036
1497790 1036
1497800 1035
1497810 1035
1497820 1035
1497830 1035
1497840 1035
1497850 1035
1497860 1035
1497870 1035
1497880 1035
1497890 1035
1497900 1035
1497910 1035
1497920 1036
1497930 1036
1497940 1036
1497950 1036
1497960 1035
1497970 1035
1497980 1032
1497990 1031
1498000 1031
1498010 1029
1498020 1026
1498030 1024
1498040 1024
1498050 1025
1498060 1028
1498070 1028
1498080 1029
1498090 1029
1498100 1029
1498110 1025
1498120 1021
1498130 1021
1498140 1016
1498150 1013
1498160 1013
1498170 1013
1498180 1014
1498190 1014
1498200 1014
1498210 1014
1498220 1014
1498230 1016
1498240 1016
1498250 1016
1498260 1015
1498270 1014
1498280 1014
1498290 1010
1498300 1007
1498310 1007
1498320 1004
1498330 1001
1498340 1001
1498350 999
1498360 997
1498370 997
1498380 996
1498390 994
1498400 993
1498410 993
1498420 992
1498430 992
1498440 992
1498450 991
1498460 991
1498470 991
1498480 988
1498490 985
1498500 985
1498510 983
1498520 980
1498530 980
1498540 979
1498550 977
1498560 977
1498570 975
1498580 973
1498590 973
1498600 970
1498610 961
1498620 961
1498630 954
1498640 957
1498650 957
1498660 966
1498670 975
1498680 975
1498690 983
1498700 991
1498710 991
1498720 999
1498730 1008
1498740 1008
1498750 1016
1498760 1025
1498770 1035
1498780 1035
1498790 1046
1498800 1052
1498810 1052
1498820 1057
1498830 1062
1498840 1062
1498850 1067
1498860 1073
1498870 1073
1498880 1078
1498890 1083
1498900 1083
1498910 1088
1498920 1091
1498930 1091
1498940 1092
1498950 1094
1498960 1094
1498970 1095
1498980 1098
1498990 1098
1499000 1099
1499010 1102
1499020 1102
1499030 1107
1499040 1110
1499050 1110
1499060 1112
1499070 1117
1499080 1117
1499090 1121
1499100 1127
1499110 1127
1499120 1132
1499130 1137
1499140 1141
1499150 1141
1499160 1146
1499170 1151
1499180 1151
1499190 1154
1499200 1155
1499210 1155
1499220 1158
1499230 1161
1499240 1161
1499250 1165
1499260 1169
1499270 1169
1499280 1173
1499290 1176
1499300 1176
1499310 1180
1499320 1184
1499330 1184
1499340 1188
1499350 1192
1499360 1192
1499370 1195
1499380 1199
1499390 1199
1499400 1202
1499410 1205
1499420 1205
1499430 1209
1499440 1212
1499450 1212
1499460 1215
1499470 1219
1499480 1219
1499490 1222
1499500 1225
1499510 1227
1499520 1227
1499530 1230
1499540 1232
1499550 1232
1499560 1234
1499570 1237
1499580 1237
1499590 1238
1499600 1239
1499610 1239
1499620 1239
1499630 1238
1499640 1238
1499650 1237
1499660 1237
1499670 1237
1499680 1237
1499690 1239
1499700 1239
1499710 1240
1499720 1240
1499730 1240
1499740 1238
1499750 1234
1499760 1234
1499770 1238
1499780 1237
1499790 1237
1499800 1237
1499810 1237
1499820 1237
1499830 1238
1499840 1240
1499850 1240
1499860 1244
1499870 1247
1499880 1248
1499890 1248
1499900 1249
1499910 1250
1499920 1250
1499930 1250
1499940 1251
1499950 1251
1499960 1252
1499970 1243
1499980 1243
1499990 1241
