1480000 961
1480010 967
1480020 967
1480030 975
1480040 989
1480050 989
1480060 1003
1480070 1014
1480080 1020
1480090 1020
1480100 1023
1480110 1027
1480120 1027
1480130 1031
1480140 1037
1480150 1037
1480160 1044
1480170 1048
1480180 1048
1480190 1053
1480200 1061
1480210 1061
1480220 1070
1480230 1079
1480240 1079
1480250 1082
1480260 1086
1480270 1086
1480280 1090
1480290 1094
1480300 1094
1480310 1098
1480320 1103
1480330 1103
1480340 1110
1480350 1119
1480360 1119
1480370 1126
1480380 1130
1480390 1130
1480400 1132
1480410 1136
1480420 1136
1480430 1140
1480440 1141
1480450 1143
1480460 1143
1480470 1144
1480480 1144
1480490 1144
1480500 1145
1480510 1147
1480520 1147
1480530 1151
1480540 1155
1480550 1155
1480560 1159
1480570 1163
1480580 1163
1480590 1166
1480600 1168
1480610 1168
1480620 1168
1480630 1168
1480640 1168
1480650 1168
1480660 1164
1480670 1164
1480680 1161
1480690 1157
1480700 1157
1480710 1154
1480720 1149
1480730 1149
1480740 1144
1480750 1140
1480760 1140
1480770 1135
1480780 1126
1480790 1118
1480800 1118
1480810 1111
1480820 1105
1480830 1105
1480840 1101
1480850 1098
1480860 1098
1480870 1095
1480880 1091
1480890 1091
1480900 1087
1480910 1082
1480920 1082
1480930 1077
1480940 1074
1480950 1074
1480960 1070
1480970 1066
1480980 1066
1480990 1059
1481000 1050
1481010 1050
1481020 1043
1481030 1036
1481040 1036
1481050 1028
1481060 1021
1481070 1021
1481080 1013
1481090 1006
1481100 1006
1481110 999
1481120 993
1481130 993
1481140 987
1481150 981
1481160 976
1481170 976
1481180 971
1481190 965
1481200 965
1481210 961
1481220 956
1481230 956
1481240 953
1481250 950
1481260 950
1481270 946
1481280 943
1481290 943
1481300 939
1481310 935
1481320 935
1481330 930
1481340 925
1481350 925
1481360 921
1481370 917
1481380 917
1481390 914
1481400 912
1481410 912
1481420 909
1481430 907
1481440 907
1481450 903
1481460 900
1481470 900
1481480 899
1481490 896
1481500 896
1481510 893
1481520 888
1481530 884
1481540 884
1481550 879
1481560 875
1481570 875
1481580 871
1481590 867
1481600 867
1481610 862
1481620 856
1481630 856
1481640 850
1481650 844
1481660 844
1481670 838
1481680 832
1481690 832
1481700 825
1481710 820
1481720 820
1481730 816
1481740 810
1481750 810
1481760 804
1481770 801
1481780 801
1481790 802
1481800 808
1481810 808
1481820 814
1481830 823
1481840 823
1481850 831
1481860 838
1481870 838
1481880 845
1481890 850
1481900 854
1481910 854
1481920 857
1481930 858
1481940 858
1481950 859
1481960 862
1481970 862
1481980 864
1481990 865
1482000 865
1482010 868
1482020 872
1482030 872
1482040 876
1482050 879
1482060 879
1482070 882
1482080 885
1482090 885
1482100 889
1482110 892
1482120 892
1482130 895
1482140 898
1482150 898
1482160 901
1482170 903
1482180 903
1482190 905
1482200 906
1482210 906
1482220 907
1482230 909
1482240 909
1482250 912
1482260 915
1482270 917
1482280 917
1482290 920
1482300 924
1482310 924
1482320 930
1482330 936
1482340 936
1482350 942
1482360 946
1482370 946
1482380 953
1482390 959
1482400 959
1482410 965
1482420 973
1482430 973
1482440 977
1482450 979
1482460 979
1482470 980
1482480 979
1482490 979
1482500 977
1482510 975
1482520 975
1482530 973
1482540 971
1482550 971
1482560 967
1482570 961
1482580 961
1482590 957
1482600 955
1482610 955
1482620 953
1482630 953
1482640 953
1482650 953
1482660 952
1482670 949
1482680 949
1482690 945
1482700 942
1482710 942
1482720 939
1482730 935
1482740 935
1482750 931
1482760 927
1482770 927
1482780 925
1482790 919
1482800 919
1482810 910
1482820 901
1482830 901
1482840 894
1482850 889
1482860 889
1482870 887
1482880 882
1482890 882
1482900 875
1482910 868
1482920 868
1482930 861
1482940 855
1482950 855
1482960 849
1482970 845
1482980 845
1482990 840
1483000 833
1483010 825
1483020 825
1483030 816
1483040 804
1483050 804
1483060 791
1483070 778
1483080 778
1483090 768
1483100 755
1483110 755
1483120 743
1483130 733
1483140 733
1483150 723
1483160 715
1483170 715
1483180 710
1483190 705
1483200 705
1483210 699
1483220 694
1483230 694
1483240 689
1483250 684
1483260 684
1483270 680
1483280 676
1483290 676
1483300 673
1483310 671
1483320 671
1483330 669
1483340 668
1483350 668
1483360 667
1483370 665
1483380 663
1483390 663
1483400 659
1483410 656
1483420 656
1483430 652
1483440 649
1483450 649
1483460 646
1483470 643
1483480 643
1483490 642
1483500 643
1483510 643
1483520 643
1483530 643
1483540 643
1483550 643
1483560 643
1483570 643
1483580 643
1483590 643
1483600 643
1483610 643
1483620 643
1483630 643
1483640 643
1483650 643
1483660 643
1483670 643
1483680 643
1483690 643
1483700 643
1483710 644
1483720 644
1483730 644
1483740 644
1483750 644
1483760 644
1483770 644
1483780 645
1483790 645
1483800 645
1483810 645
1483820 645
1483830 645
1483840 645
1483850 645
1483860 645
1483870 645
1483880 645
1483890 645
1483900 645
1483910 645
1483920 647
1483930 649
1483940 649
1483950 652
1483960 654
1483970 654
1483980 656
1483990 657
1484000 657
1484010 659
1484020 661
1484030 661
1484040 663
1484050 664
1484060 664
1484070 665
1484080 666
1484090 667
1484100 667
1484110 667
1484120 667
1484130 667
1484140 667
1484150 667
1484160 667
1484170 667
1484180 668
1484190 668
1484200 668
1484210 668
1484220 668
1484230 668
1484240 668
1484250 668
1484260 669
1484270 669
1484280 669
1484290 669
1484300 669
1484310 669
1484320 669
1484330 669
1484340 669
1484350 669
1484360 669
1484370 669
1484380 669
1484390 669
1484400 669
1484410 670
1484420 673
1484430 673
1484440 675
1484450 677
1484460 679
1484470 679
1484480 681
1484490 683
1484500 683
1484510 685
1484520 686
1484530 686
1484540 688
1484550 689
1484560 689
1484570 690
1484580 691
1484590 691
1484600 692
1484610 693
1484620 693
1484630 694
1484640 695
1484650 695
1484660 696
1484670 697
1484680 697
1484690 697
1484700 698
1484710 698
1484720 698
1484730 700
1484740 700
1484750 702
1484760 702
1484770 702
1484780 702
1484790 701
1484800 701
1484810 701
1484820 701
1484830 704
1484840 704
1484850 706
1484860 708
1484870 708
1484880 710
1484890 711
1484900 711
1484910 712
1484920 713
1484930 713
1484940 714
1484950 715
1484960 715
1484970 716
1484980 716
1484990 716
1485000 717
1485010 718
1485020 718
1485030 718
1485040 719
1485050 719
1485060 720
1485070 722
1485080 722
1485090 723
1485100 724
1485110 724
1485120 726
1485130 727
1485140 727
1485150 729
1485160 730
1485170 730
1485180 730
1485190 731
1485200 732
1485210 732
1485220 732
1485230 732
1485240 732
1485250 732
1485260 732
1485270 732
1485280 731
1485290 731
1485300 731
1485310 730
1485320 729
1485330 729
1485340 728
1485350 727
1485360 727
1485370 726
1485380 724
1485390 724
1485400 722
1485410 720
1485420 720
1485430 719
1485440 717
1485450 717
1485460 716
1485470 716
1485480 716
1485490 715
1485500 715
1485510 715
1485520 715
1485530 714
1485540 714
1485550 714
1485560 714
1485570 714
1485580 714
1485590 714
1485600 714
1485610 714
1485620 714
1485630 714
1485640 714
1485650 714
1485660 714
1485670 714
1485680 714
1485690 714
1485700 714
1485710 715
1485720 715
1485730 715
1485740 715
1485750 715
1485760 715
1485770 715
1485780 715
1485790 715
1485800 716
1485810 716
1485820 716
1485830 716
1485840 716
1485850 716
1485860 716
1485870 716
1485880 716
1485890 717
1485900 717
1485910 717
1485920 718
1485930 719
1485940 720
1485950 720
1485960 723
1485970 724
1485980 724
1485990 726
1486000 728
1486010 728
1486020 730
1486030 731
1486040 731
1486050 733
1486060 735
1486070 735
1486080 736
1486090 736
1486100 736
1486110 737
1486120 739
1486130 739
1486140 740
1486150 741
1486160 741
1486170 742
1486180 743
1486190 743
1486200 743
1486210 744
1486220 744
1486230 745
1486240 746
1486250 746
1486260 748
1486270 749
1486280 749
1486290 750
1486300 752
1486310 753
1486320 753
1486330 754
1486340 755
1486350 755
1486360 756
1486370 757
1486380 757
1486390 757
1486400 758
1486410 758
1486420 758
1486430 758
1486440 758
1486450 759
1486460 760
1486470 760
1486480 761
1486490 763
1486500 763
1486510 764
1486520 765
1486530 765
1486540 765
1486550 767
1486560 767
1486570 769
1486580 770
1486590 770
1486600 770
1486610 772
1486620 772
1486630 773
1486640 774
1486650 775
1486660 775
1486670 775
1486680 775
1486690 775
1486700 775
1486710 776
1486720 776
1486730 776
1486740 775
1486750 775
1486760 775
1486770 774
1486780 774
1486790 774
1486800 773
1486810 773
1486820 772
1486830 770
1486840 770
1486850 769
1486860 768
1486870 768
1486880 766
1486890 765
1486900 765
1486910 764
1486920 763
1486930 763
1486940 763
1486950 762
1486960 762
1486970 762
1486980 762
1486990 762
1487000 762
1487010 762
1487020 762
1487030 762
1487040 762
1487050 761
1487060 761
1487070 761
1487080 761
1487090 761
1487100 762
1487110 762
1487120 762
1487130 762
1487140 763
1487150 763
1487160 763
1487170 764
1487180 764
1487190 764
1487200 765
1487210 765
1487220 765
1487230 765
1487240 765
1487250 766
1487260 767
1487270 767
1487280 768
1487290 768
1487300 768
1487310 769
1487320 769
1487330 769
1487340 769
1487350 769
1487360 769
1487370 769
1487380 770
1487390 771
1487400 771
1487410 771
1487420 772
1487430 772
1487440 773
1487450 774
1487460 774
1487470 775
1487480 776
1487490 776
1487500 776
1487510 777
1487520 777
1487530 778
1487540 778
1487550 778
1487560 779
1487570 779
1487580 779
1487590 780
1487600 780
1487610 780
1487620 780
1487630 781
1487640 781
1487650 781
1487660 781
1487670 781
1487680 782
1487690 782
1487700 782
1487710 782
1487720 782
1487730 782
1487740 782
1487750 782
1487760 782
1487770 782
1487780 783
1487790 783
1487800 783
1487810 783
1487820 783
1487830 783
1487840 783
1487850 783
1487860 783
1487870 783
1487880 783
1487890 783
1487900 783
1487910 783
1487920 783
1487930 782
1487940 781
1487950 781
1487960 781
1487970 781
1487980 781
1487990 781
1488000 780
1488010 780
1488020 779
1488030 780
1488040 780
1488050 781
1488060 780
1488070 780
1488080 778
1488090 777
1488100 777
1488110 777
1488120 776
1488130 776
1488140 776
1488150 775
1488160 775
1488170 775
1488180 774
1488190 774
1488200 774
1488210 773
1488220 773
1488230 773
1488240 773
1488250 773
1488260 773
1488270 773
1488280 773
1488290 773
1488300 773
1488310 773
1488320 773
1488330 774
1488340 775
1488350 775
1488360 776
1488370 776
1488380 776
1488390 776
1488400 776
1488410 776
1488420 775
1488430 776
1488440 776
1488450 777
1488460 778
1488470 778
1488480 778
1488490 779
1488500 779
1488510 779
1488520 780
1488530 780
1488540 780
1488550 781
1488560 782
1488570 782
1488580 782
1488590 783
1488600 783
1488610 783
1488620 784
1488630 784
1488640 784
1488650 785
1488660 785
1488670 785
1488680 786
1488690 786
1488700 786
1488710 786
1488720 786
1488730 786
1488740 786
1488750 786
1488760 786
1488770 785
1488780 785
1488790 785
1488800 784
1488810 784
1488820 784
1488830 783
1488840 783
1488850 783
1488860 782
1488870 783
1488880 783
1488890 783
1488900 783
1488910 783
1488920 783
1488930 783
1488940 783
1488950 782
1488960 781
1488970 781
1488980 781
1488990 780
1489000 780
1489010 779
1489020 778
1489030 778
1489040 776
1489050 775
1489060 775
1489070 773
1489080 772
1489090 772
1489100 771
1489110 770
1489120 770
1489130 768
1489140 767
1489150 767
1489160 766
1489170 764
1489180 764
1489190 764
1489200 764
1489210 764
1489220 763
1489230 762
1489240 761
1489250 761
1489260 760
1489270 759
1489280 759
1489290 757
1489300 756
1489310 756
1489320 755
1489330 754
1489340 754
1489350 753
1489360 750
1489370 750
1489380 746
1489390 742
1489400 742
1489410 742
1489420 742
1489430 742
1489440 744
1489450 745
1489460 745
1489470 746
1489480 749
1489490 749
1489500 752
1489510 755
1489520 755
1489530 756
1489540 756
1489550 756
1489560 756
1489570 757
1489580 757
1489590 757
1489600 758
1489610 759
1489620 759
1489630 760
1489640 761
1489650 761
1489660 762
1489670 764
1489680 764
1489690 765
1489700 767
1489710 767
1489720 769
1489730 770
1489740 770
1489750 772
1489760 773
1489770 773
1489780 775
1489790 776
1489800 776
1489810 776
1489820 777
1489830 777
1489840 777
1489850 777
1489860 777
1489870 777
1489880 777
1489890 777
1489900 777
1489910 776
1489920 776
1489930 776
1489940 776
1489950 773
1489960 773
1489970 771
1489980 769
1489990 769
1490000 770
1490010 772
1490020 772
1490030 775
1490040 777
1490050 777
1490060 777
1490070 777
1490080 777
1490090 777
1490100 778
1490110 778
1490120 779
1490130 779
1490140 779
1490150 780
1490160 780
1490170 780
1490180 780
1490190 779
1490200 779
1490210 778
1490220 776
1490230 776
1490240 774
1490250 773
1490260 773
1490270 772
1490280 770
1490290 770
1490300 768
1490310 767
1490320 766
1490330 766
1490340 764
1490350 763
1490360 763
1490370 762
1490380 761
1490390 761
1490400 759
1490410 758
1490420 758
1490430 756
1490440 754
1490450 754
1490460 752
1490470 751
1490480 751
1490490 749
1490500 746
1490510 746
1490520 743
1490530 741
1490540 741
1490550 740
1490560 739
1490570 739
1490580 737
1490590 735
1490600 735
1490610 734
1490620 732
1490630 732
1490640 730
1490650 728
1490660 728
1490670 727
1490680 728
1490690 728
1490700 728
1490710 728
1490720 727
1490730 727
1490740 727
1490750 726
1490760 726
1490770 726
1490780 726
1490790 726
1490800 726
1490810 726
1490820 726
1490830 726
1490840 726
1490850 726
1490860 725
1490870 725
1490880 725
1490890 725
1490900 726
1490910 726
1490920 726
1490930 727
1490940 727
1490950 727
1490960 726
1490970 726
1490980 725
1490990 724
1491000 724
1491010 721
1491020 719
1491030 719
1491040 717
1491050 715
1491060 714
1491070 714
1491080 711
1491090 707
1491100 707
1491110 705
1491120 695
1491130 695
1491140 686
1491150 679
1491160 679
1491170 671
1491180 664
1491190 664
1491200 659
1491210 655
1491220 655
1491230 652
1491240 652
1491250 652
1491260 649
1491270 645
1491280 645
1491290 645
1491300 646
1491310 646
1491320 647
1491330 648
1491340 648
1491350 649
1491360 650
1491370 650
1491380 651
1491390 651
1491400 651
1491410 652
1491420 653
1491430 654
1491440 654
1491450 654
1491460 656
1491470 656
1491480 659
1491490 666
1491500 666
1491510 675
1491520 684
1491530 684
1491540 690
1491550 695
1491560 695
1491570 700
1491580 703
1491590 703
1491600 706
1491610 708
1491620 708
1491630 711
1491640 714
1491650 714
1491660 717
1491670 718
1491680 718
1491690 720
1491700 723
1491710 723
1491720 725
1491730 727
1491740 727
1491750 728
1491760 730
1491770 730
1491780 731
1491790 733
1491800 735
1491810 735
1491820 738
1491830 742
1491840 742
1491850 746
1491860 749
1491870 749
1491880 753
1491890 755
1491900 755
1491910 757
1491920 760
1491930 760
1491940 762
1491950 765
1491960 765
1491970 767
1491980 770
1491990 770
1492000 773
1492010 775
1492020 775
1492030 778
1492040 779
1492050 779
1492060 779
1492070 779
1492080 779
1492090 781
1492100 781
1492110 781
1492120 782
1492130 783
1492140 783
1492150 783
1492160 784
1492170 784
1492180 784
1492190 785
1492200 785
1492210 785
1492220 786
1492230 787
1492240 787
1492250 787
1492260 788
1492270 788
1492280 789
1492290 791
1492300 791
1492310 791
1492320 791
1492330 791
1492340 792
1492350 794
1492360 794
1492370 796
1492380 798
1492390 798
1492400 800
1492410 803
1492420 803
1492430 805
1492440 806
1492450 806
1492460 808
1492470 811
1492480 811
1492490 813
1492500 815
1492510 817
1492520 817
1492530 819
1492540 821
1492550 821
1492560 823
1492570 823
1492580 823
1492590 824
1492600 825
1492610 825
1492620 824
1492630 822
1492640 822
1492650 821
1492660 817
1492670 817
1492680 823
1492690 827
1492700 827
1492710 831
1492720 835
1492730 835
1492740 837
1492750 835
1492760 835
1492770 835
1492780 837
1492790 837
1492800 838
1492810 838
1492820 838
1492830 838
1492840 839
1492850 839
1492860 842
1492870 844
1492880 847
1492890 847
1492900 848
1492910 849
1492920 849
1492930 850
1492940 851
1492950 851
1492960 853
1492970 855
1492980 855
1492990 856
1493000 858
1493010 858
1493020 859
1493030 860
1493040 860
1493050 862
1493060 864
1493070 864
1493080 866
1493090 869
1493100 869
1493110 872
1493120 875
1493130 875
1493140 878
1493150 881
1493160 881
1493170 883
1493180 885
1493190 885
1493200 885
1493210 886
1493220 886
1493230 886
1493240 887
1493250 887
1493260 887
1493270 887
1493280 888
1493290 888
1493300 889
1493310 890
1493320 890
1493330 891
1493340 892
1493350 892
1493360 892
1493370 893
1493380 893
1493390 894
1493400 896
1493410 896
1493420 897
1493430 898
1493440 898
1493450 899
1493460 901
1493470 901
1493480 902
1493490 904
1493500 904
1493510 906
1493520 907
1493530 907
1493540 909
1493550 910
1493560 910
1493570 912
1493580 915
1493590 915
1493600 918
1493610 920
1493620 924
1493630 924
1493640 928
1493650 931
1493660 931
1493670 935
1493680 939
1493690 939
1493700 942
1493710 946
1493720 946
1493730 950
1493740 954
1493750 954
1493760 958
1493770 961
1493780 961
1493790 965
1493800 967
1493810 967
1493820 970
1493830 972
1493840 972
1493850 974
1493860 975
1493870 975
1493880 975
1493890 973
1493900 973
1493910 972
1493920 970
1493930 970
1493940 969
1493950 967
1493960 967
1493970 964
1493980 963
1493990 965
1494000 965
1494010 970
1494020 974
1494030 974
1494040 979
1494050 979
1494060 979
1494070 977
1494080 976
1494090 976
1494100 976
1494110 978
1494120 978
1494130 980
1494140 980
1494150 980
1494160 981
1494170 982
1494180 982
1494190 984
1494200 987
1494210 987
1494220 991
1494230 995
1494240 995
1494250 998
1494260 1001
1494270 1001
1494280 1006
1494290 1010
1494300 1010
1494310 1014
1494320 1018
1494330 1018
1494340 1021
1494350 1024
1494360 1027
1494370 1027
1494380 1032
1494390 1037
1494400 1037
1494410 1043
1494420 1049
1494430 1049
1494440 1056
1494450 1061
1494460 1061
1494470 1067
1494480 1073
1494490 1073
1494500 1079
1494510 1084
1494520 1084
1494530 1089
1494540 1094
1494550 1094
1494560 1100
1494570 1106
1494580 1106
1494590 1111
1494600 1115
1494610 1115
1494620 1119
1494630 1123
1494640 1123
1494650 1126
1494660 1130
1494670 1130
1494680 1134
1494690 1139
1494700 1139
1494710 1144
1494720 1150
1494730 1155
1494740 1155
1494750 1160
1494760 1163
1494770 1163
1494780 1162
1494790 1163
1494800 1163
1494810 1164
1494820 1163
1494830 1163
1494840 1162
1494850 1161
1494860 1161
1494870 1160
1494880 1160
1494890 1160
1494900 1161
1494910 1162
1494920 1162
1494930 1164
1494940 1167
1494950 1167
1494960 1170
1494970 1173
1494980 1173
1494990 1174
1495000 1176
1495010 1176
1495020 1177
1495030 1177
1495040 1177
1495050 1178
1495060 1179
1495070 1178
1495080 1178
1495090 1180
1495100 1182
1495110 1182
1495120 1184
1495130 1184
1495140 1184
1495150 1183
1495160 1184
1495170 1184
1495180 1184
1495190 1187
1495200 1187
1495210 1190
1495220 1191
1495230 1191
1495240 1192
1495250 1193
1495260 1193
1495270 1193
1495280 1194
1495290 1194
1495300 1195
1495310 1194
1495320 1194
1495330 1193
1495340 1192
1495350 1192
1495360 1191
1495370 1190
1495380 1190
1495390 1188
1495400 1186
1495410 1186
1495420 1185
1495430 1183
1495440 1182
1495450 1182
1495460 1181
1495470 1180
1495480 1180
1495490 1178
1495500 1176
1495510 1176
1495520 1174
1495530 1172
1495540 1172
1495550 1171
1495560 1170
1495570 1170
1495580 1168
1495590 1166
1495600 1166
1495610 1162
1495620 1158
1495630 1158
1495640 1155
1495650 1154
1495660 1154
1495670 1153
1495680 1152
1495690 1152
1495700 1152
1495710 1150
1495720 1150
1495730 1149
1495740 1148
1495750 1148
1495760 1147
1495770 1145
1495780 1145
1495790 1142
1495800 1139
1495810 1137
1495820 1137
1495830 1137
1495840 1136
1495850 1136
1495860 1134
1495870 1132
1495880 1132
1495890 1130
1495900 1129
1495910 1129
1495920 1128
1495930 1128
1495940 1128
1495950 1129
1495960 1131
1495970 1131
1495980 1133
1495990 1134
1496000 1134
1496010 1135
1496020 1136
1496030 1136
1496040 1137
1496050 1138
1496060 1138
1496070 1138
1496080 1137
1496090 1137
1496100 1137
1496110 1137
1496120 1137
1496130 1136
1496140 1136
1496150 1136
1496160 1136
1496170 1135
1496180 1134
1496190 1134
1496200 1133
1496210 1130
1496220 1130
1496230 1129
1496240 1128
1496250 1128
1496260 1129
1496270 1129
1496280 1129
1496290 1129
1496300 1128
1496310 1128
1496320 1129
1496330 1131
1496340 1131
1496350 1133
1496360 1135
1496370 1135
1496380 1135
1496390 1135
1496400 1135
1496410 1134
1496420 1131
1496430 1131
1496440 1128
1496450 1126
1496460 1126
1496470 1123
1496480 1120
1496490 1120
1496500 1117
1496510 1115
1496520 1115
1496530 1111
1496540 1108
1496550 1104
1496560 1104
1496570 1099
1496580 1095
1496590 1095
1496600 1092
1496610 1094
1496620 1094
1496630 1100
1496640 1108
1496650 1108
1496660 1113
1496670 1118
1496680 1118
1496690 1118
1496700 1118
1496710 1118
1496720 1119
1496730 1118
1496740 1118
1496750 1117
1496760 1116
1496770 1116
1496780 1115
1496790 1114
1496800 1114
1496810 1114
1496820 1114
1496830 1114
1496840 1114
1496850 1114
1496860 1114
1496870 1113
1496880 1112
1496890 1112
1496900 1112
1496910 1112
1496920 1111
1496930 1111
1496940 1111
1496950 1110
1496960 1110
1496970 1109
1496980 1109
1496990 1109
1497000 1108
1497010 1107
1497020 1107
1497030 1107
1497040 1107
1497050 1107
1497060 1105
1497070 1104
1497080 1104
1497090 1104
1497100 1103
1497110 1103
1497120 1102
1497130 1100
1497140 1100
1497150 1098
1497160 1096
1497170 1096
1497180 1093
1497190 1090
1497200 1090
1497210 1087
1497220 1086
1497230 1086
1497240 1084
1497250 1083
1497260 1083
1497270 1081
1497280 1079
1497290 1079
1497300 1079
1497310 1078
1497320 1075
1497330 1075
1497340 1072
1497350 1072
1497360 1072
1497370 1070
1497380 1067
1497390 1067
1497400 1065
1497410 1063
1497420 1063
1497430 1063
1497440 1063
1497450 1063
1497460 1061
1497470 1061
1497480 1061
1497490 1061
1497500 1061
1497510 1061
1497520 1060
1497530 1060
1497540 1060
1497550 1060
1497560 1059
1497570 1059
1497580 1059
1497590 1059
1497600 1059
1497610 1059
1497620 1058
1497630 1056
1497640 1056
1497650 1055
1497660 1054
1497670 1054
1497680 1053
1497690 1054
1497700 1054
1497710 1055
1497720 1054
1497730 1054
1497740 1051
1497750 1050
1497760 1050
1497770 1049
1497780 1049
1497790 1049
1497800 1048
1497810 1048
1497820 1048
1497830 1048
1497840 1047
1497850 1047
1497860 1048
1497870 1048
1497880 1048
1497890 1048
1497900 1050
1497910 1050
1497920 1050
1497930 1049
1497940 1049
1497950 1048
1497960 1047
1497970 1047
1497980 1047
1497990 1047
1498000 1047
1498010 1047
1498020 1047
1498030 1047
1498040 1047
1498050 1047
1498060 1048
1498070 1048
1498080 1048
1498090 1048
1498100 1048
1498110 1048
1498120 1047
1498130 1047
1498140 1047
1498150 1048
1498160 1048
1498170 1047
1498180 1046
1498190 1046
1498200 1047
1498210 1047
1498220 1047
1498230 1048
1498240 1048
1498250 1048
1498260 1048
1498270 1048
1498280 1048
1498290 1049
1498300 1049
1498310 1049
1498320 1049
1498330 1049
1498340 1049
1498350 1046
1498360 1041
1498370 1037
1498380 1037
1498390 1033
1498400 1029
1498410 1029
1498420 1027
1498430 1025
1498440 1025
1498450 1024
1498460 1022
1498470 1022
1498480 1020
1498490 1017
1498500 1017
1498510 1014
1498520 1013
1498530 1013
1498540 1010
1498550 1007
1498560 1007
1498570 1004
1498580 1003
1498590 1003
1498600 1003
1498610 1002
1498620 1002
1498630 1000
1498640 997
1498650 997
1498660 996
1498670 994
1498680 994
1498690 990
1498700 985
1498710 985
1498720 980
1498730 976
1498740 977
1498750 977
1498760 981
1498770 988
1498780 988
1498790 996
1498800 1004
1498810 1004
1498820 1011
1498830 1019
1498840 1019
1498850 1027
1498860 1034
1498870 1034
1498880 1042
1498890 1051
1498900 1051
1498910 1060
1498920 1069
1498930 1069
1498940 1077
1498950 1085
1498960 1085
1498970 1092
1498980 1096
1498990 1096
1499000 1100
1499010 1105
1499020 1105
1499030 1109
1499040 1114
1499050 1114
1499060 1118
1499070 1123
1499080 1123
1499090 1127
1499100 1131
1499110 1134
1499120 1134
1499130 1138
1499140 1141
1499150 1141
1499160 1143
1499170 1145
1499180 1145
1499190 1148
1499200 1150
1499210 1150
1499220 1151
1499230 1153
1499240 1153
1499250 1157
1499260 1161
1499270 1161
1499280 1164
1499290 1166
1499300 1166
1499310 1165
1499320 1165
1499330 1165
1499340 1166
1499350 1166
1499360 1166
1499370 1165
1499380 1163
1499390 1163
1499400 1155
1499410 1143
1499420 1143
1499430 1138
1499440 1139
1499450 1139
1499460 1144
1499470 1146
1499480 1143
1499490 1143
1499500 1143
1499510 1149
1499520 1149
1499530 1151
1499540 1152
1499550 1152
1499560 1156
1499570 1158
1499580 1158
1499590 1161
1499600 1163
1499610 1163
1499620 1163
1499630 1160
1499640 1160
1499650 1164
1499660 1167
1499670 1167
1499680 1168
1499690 1162
1499700 1162
1499710 1166
1499720 1170
1499730 1170
1499740 1168
1499750 1165
1499760 1165
1499770 1162
1499780 1162
1499790 1162
1499800 1165
1499810 1171
1499820 1171
1499830 1179
1499840 1186
1499850 1192
1499860 1192
1499870 1199
1499880 1205
1499890 1205
1499900 1211
1499910 1215
1499920 1215
1499930 1220
1499940 1224
1499950 1224
1499960 1228
1499970 1232
1499980 1232
1499990 1234
