1480000 1200
1480010 1199
1480020 1199
1480030 1198
1480040 1196
1480050 1195
1480060 1195
1480070 1194
1480080 1192
1480090 1192
1480100 1190
1480110 1188
1480120 1188
1480130 1187
1480140 1187
1480150 1187
1480160 1188
1480170 1187
1480180 1187
1480190 1185
1480200 1183
1480210 1183
1480220 1180
1480230 1180
1480240 1180
1480250 1179
1480260 1179
1480270 1179
1480280 1177
1480290 1175
1480300 1175
1480310 1172
1480320 1167
1480330 1167
1480340 1162
1480350 1155
1480360 1155
1480370 1149
1480380 1143
1480390 1143
1480400 1138
1480410 1135
1480420 1132
1480430 1132
1480440 1129
1480450 1126
1480460 1126
1480470 1121
1480480 1116
1480490 1116
1480500 1111
1480510 1105
1480520 1105
1480530 1099
1480540 1094
1480550 1094
1480560 1088
1480570 1081
1480580 1081
1480590 1076
1480600 1075
1480610 1075
1480620 1073
1480630 1068
1480640 1068
1480650 1062
1480660 1058
1480670 1058
1480680 1053
1480690 1048
1480700 1048
1480710 1041
1480720 1035
1480730 1035
1480740 1029
1480750 1023
1480760 1023
1480770 1018
1480780 1013
1480790 1009
1480800 1009
1480810 1005
1480820 1000
1480830 1000
1480840 997
1480850 994
1480860 994
1480870 992
1480880 992
1480890 992
1480900 993
1480910 992
1480920 992
1480930 989
1480940 990
1480950 990
1480960 990
1480970 990
1480980 990
1480990 991
1481000 990
1481010 990
1481020 990
1481030 990
1481040 990
1481050 993
1481060 992
1481070 992
1481080 989
1481090 991
1481100 991
1481110 991
1481120 991
1481130 991
1481140 991
1481150 991
1481160 992
1481170 992
1481180 993
1481190 995
1481200 995
1481210 996
1481220 996
1481230 996
1481240 996
1481250 999
1481260 999
1481270 1000
1481280 1001
1481290 1001
1481300 1000
1481310 1002
1481320 1002
1481330 1005
1481340 1005
1481350 1005
1481360 1005
1481370 1008
1481380 1008
1481390 1011
1481400 1013
1481410 1013
1481420 1016
1481430 1021
1481440 1021
1481450 1025
1481460 1028
1481470 1028
1481480 1031
1481490 1034
1481500 1034
1481510 1036
1481520 1037
1481530 1037
1481540 1037
1481550 1037
1481560 1037
1481570 1037
1481580 1037
1481590 1037
1481600 1037
1481610 1039
1481620 1041
1481630 1041
1481640 1044
1481650 1046
1481660 1046
1481670 1048
1481680 1049
1481690 1049
1481700 1051
1481710 1052
1481720 1052
1481730 1056
1481740 1059
1481750 1059
1481760 1064
1481770 1081
1481780 1081
1481790 1086
1481800 1085
1481810 1085
1481820 1093
1481830 1102
1481840 1102
1481850 1105
1481860 1109
1481870 1112
1481880 1112
1481890 1111
1481900 1111
1481910 1111
1481920 1110
1481930 1108
1481940 1108
1481950 1107
1481960 1104
1481970 1104
1481980 1100
1481990 1097
1482000 1097
1482010 1095
1482020 1094
1482030 1094
1482040 1093
1482050 1091
1482060 1091
1482070 1087
1482080 1084
1482090 1084
1482100 1081
1482110 1079
1482120 1079
1482130 1076
1482140 1073
1482150 1073
1482160 1069
1482170 1067
1482180 1067
1482190 1065
1482200 1060
1482210 1060
1482220 1055
1482230 1046
1482240 1030
1482250 1030
1482260 1020
1482270 1012
1482280 1012
1482290 1005
1482300 996
1482310 996
1482320 988
1482330 980
1482340 980
1482350 972
1482360 965
1482370 965
1482380 959
1482390 954
1482400 954
1482410 950
1482420 947
1482430 947
1482440 943
1482450 937
1482460 937
1482470 934
1482480 933
1482490 933
1482500 933
1482510 933
1482520 933
1482530 931
1482540 926
1482550 926
1482560 922
1482570 918
1482580 918
1482590 912
1482600 904
1482610 897
1482620 897
1482630 890
1482640 876
1482650 876
1482660 865
1482670 858
1482680 858
1482690 851
1482700 846
1482710 846
1482720 841
1482730 836
1482740 836
1482750 830
1482760 825
1482770 825
1482780 819
1482790 812
1482800 812
1482810 805
1482820 799
1482830 799
1482840 792
1482850 785
1482860 785
1482870 777
1482880 771
1482890 771
1482900 766
1482910 761
1482920 761
1482930 756
1482940 750
1482950 750
1482960 744
1482970 733
1482980 722
1482990 722
1483000 713
1483010 705
1483020 705
1483030 698
1483040 692
1483050 692
1483060 686
1483070 681
1483080 681
1483090 676
1483100 670
1483110 670
1483120 666
1483130 662
1483140 662
1483150 658
1483160 654
1483170 654
1483180 651
1483190 648
1483200 648
1483210 646
1483220 644
1483230 644
1483240 641
1483250 640
1483260 640
1483270 640
1483280 640
1483290 640
1483300 639
1483310 639
1483320 639
1483330 639
1483340 639
1483350 639
1483360 639
1483370 639
1483380 638
1483390 638
1483400 639
1483410 639
1483420 639
1483430 639
1483440 639
1483450 639
1483460 640
1483470 640
1483480 640
1483490 643
1483500 645
1483510 645
1483520 645
1483530 646
1483540 646
1483550 646
1483560 644
1483570 644
1483580 644
1483590 646
1483600 646
1483610 647
1483620 648
1483630 648
1483640 648
1483650 649
1483660 649
1483670 649
1483680 650
1483690 650
1483700 652
1483710 653
1483720 655
1483730 655
1483740 658
1483750 662
1483760 662
1483770 665
1483780 666
1483790 666
1483800 667
1483810 668
1483820 668
1483830 670
1483840 671
1483850 671
1483860 673
1483870 674
1483880 674
1483890 676
1483900 679
1483910 679
1483920 680
1483930 681
1483940 681
1483950 682
1483960 683
1483970 683
1483980 686
1483990 688
1484000 688
1484010 691
1484020 693
1484030 693
1484040 694
1484050 695
1484060 695
1484070 697
1484080 699
1484090 701
1484100 701
1484110 704
1484120 706
1484130 706
1484140 711
1484150 713
1484160 713
1484170 713
1484180 712
1484190 712
1484200 713
1484210 716
1484220 716
1484230 716
1484240 715
1484250 715
1484260 714
1484270 713
1484280 713
1484290 714
1484300 714
1484310 714
1484320 714
1484330 712
1484340 712
1484350 712
1484360 714
1484370 714
1484380 714
1484390 714
1484400 714
1484410 714
1484420 712
1484430 712
1484440 711
1484450 709
1484460 708
1484470 708
1484480 706
1484490 705
1484500 705
1484510 705
1484520 704
1484530 704
1484540 704
1484550 704
1484560 704
1484570 704
1484580 703
1484590 703
1484600 702
1484610 701
1484620 701
1484630 701
1484640 701
1484650 701
1484660 701
1484670 701
1484680 701
1484690 702
1484700 703
1484710 703
1484720 703
1484730 703
1484740 703
1484750 703
1484760 703
1484770 703
1484780 704
1484790 704
1484800 704
1484810 704
1484820 705
1484830 705
1484840 705
1484850 705
1484860 706
1484870 706
1484880 706
1484890 707
1484900 707
1484910 708
1484920 708
1484930 708
1484940 709
1484950 710
1484960 710
1484970 710
1484980 712
1484990 712
1485000 713
1485010 713
1485020 713
1485030 714
1485040 714
1485050 714
1485060 715
1485070 715
1485080 715
1485090 716
1485100 716
1485110 716
1485120 716
1485130 717
1485140 717
1485150 717
1485160 717
1485170 717
1485180 717
1485190 718
1485200 718
1485210 718
1485220 717
1485230 717
1485240 717
1485250 717
1485260 716
1485270 716
1485280 716
1485290 716
1485300 716
1485310 716
1485320 715
1485330 715
1485340 715
1485350 715
1485360 715
1485370 715
1485380 715
1485390 715
1485400 715
1485410 716
1485420 716
1485430 717
1485440 717
1485450 717
1485460 717
1485470 717
1485480 717
1485490 717
1485500 717
1485510 717
1485520 718
1485530 718
1485540 718
1485550 718
1485560 718
1485570 719
1485580 719
1485590 720
1485600 721
1485610 721
1485620 722
1485630 722
1485640 722
1485650 723
1485660 724
1485670 724
1485680 724
1485690 725
1485700 725
1485710 725
1485720 726
1485730 726
1485740 727
1485750 728
1485760 728
1485770 729
1485780 730
1485790 730
1485800 731
1485810 732
1485820 732
1485830 733
1485840 734
1485850 734
1485860 735
1485870 735
1485880 735
1485890 736
1485900 736
1485910 736
1485920 736
1485930 736
1485940 736
1485950 736
1485960 736
1485970 735
1485980 735
1485990 734
1486000 733
1486010 733
1486020 737
1486030 738
1486040 738
1486050 739
1486060 739
1486070 739
1486080 740
1486090 741
1486100 741
1486110 743
1486120 744
1486130 744
1486140 746
1486150 748
1486160 748
1486170 750
1486180 753
1486190 753
1486200 755
1486210 758
1486220 758
1486230 761
1486240 763
1486250 763
1486260 765
1486270 767
1486280 767
1486290 768
1486300 769
1486310 770
1486320 770
1486330 772
1486340 775
1486350 775
1486360 778
1486370 780
1486380 780
1486390 782
1486400 784
1486410 784
1486420 786
1486430 788
1486440 788
1486450 789
1486460 791
1486470 791
1486480 792
1486490 793
1486500 793
1486510 795
1486520 796
1486530 796
1486540 797
1486550 799
1486560 799
1486570 800
1486580 801
1486590 801
1486600 802
1486610 802
1486620 802
1486630 803
1486640 804
1486650 804
1486660 804
1486670 805
1486680 805
1486690 805
1486700 804
1486710 803
1486720 803
1486730 803
1486740 802
1486750 802
1486760 801
1486770 801
1486780 801
1486790 801
1486800 804
1486810 804
1486820 806
1486830 808
1486840 808
1486850 812
1486860 818
1486870 818
1486880 822
1486890 825
1486900 825
1486910 829
1486920 833
1486930 833
1486940 837
1486950 841
1486960 841
1486970 845
1486980 849
1486990 849
1487000 852
1487010 856
1487020 856
1487030 858
1487040 859
1487050 858
1487060 858
1487070 860
1487080 860
1487090 860
1487100 858
1487110 856
1487120 856
1487130 854
1487140 853
1487150 853
1487160 853
1487170 852
1487180 852
1487190 848
1487200 845
1487210 845
1487220 843
1487230 841
1487240 841
1487250 839
1487260 837
1487270 837
1487280 836
1487290 834
1487300 834
1487310 832
1487320 831
1487330 831
1487340 829
1487350 827
1487360 827
1487370 825
1487380 822
1487390 822
1487400 820
1487410 817
1487420 815
1487430 815
1487440 813
1487450 812
1487460 812
1487470 811
1487480 810
1487490 810
1487500 809
1487510 809
1487520 809
1487530 809
1487540 809
1487550 809
1487560 809
1487570 808
1487580 808
1487590 806
1487600 804
1487610 804
1487620 802
1487630 801
1487640 801
1487650 799
1487660 797
1487670 797
1487680 793
1487690 790
1487700 790
1487710 788
1487720 786
1487730 786
1487740 784
1487750 782
1487760 782
1487770 782
1487780 784
1487790 786
1487800 786
1487810 788
1487820 791
1487830 791
1487840 793
1487850 795
1487860 795
1487870 795
1487880 797
1487890 797
1487900 797
1487910 796
1487920 796
1487930 796
1487940 796
1487950 796
1487960 796
1487970 797
1487980 797
1487990 797
1488000 797
1488010 797
1488020 797
1488030 797
1488040 797
1488050 798
1488060 798
1488070 798
1488080 798
1488090 798
1488100 798
1488110 799
1488120 799
1488130 799
1488140 799
1488150 799
1488160 799
1488170 799
1488180 799
1488190 801
1488200 801
1488210 801
1488220 800
1488230 800
1488240 800
1488250 799
1488260 799
1488270 799
1488280 798
1488290 798
1488300 798
1488310 797
1488320 797
1488330 797
1488340 796
1488350 796
1488360 795
1488370 793
1488380 793
1488390 792
1488400 791
1488410 791
1488420 789
1488430 788
1488440 788
1488450 787
1488460 785
1488470 785
1488480 784
1488490 783
1488500 783
1488510 782
1488520 780
1488530 779
1488540 779
1488550 778
1488560 776
1488570 776
1488580 774
1488590 773
1488600 773
1488610 771
1488620 770
1488630 770
1488640 769
1488650 767
1488660 767
1488670 766
1488680 764
1488690 764
1488700 762
1488710 760
1488720 760
1488730 759
1488740 758
1488750 758
1488760 757
1488770 756
1488780 756
1488790 755
1488800 754
1488810 754
1488820 754
1488830 753
1488840 753
1488850 752
1488860 752
1488870 752
1488880 751
1488890 751
1488900 750
1488910 750
1488920 749
1488930 748
1488940 748
1488950 746
1488960 745
1488970 745
1488980 743
1488990 742
1489000 742
1489010 741
1489020 742
1489030 742
1489040 741
1489050 741
1489060 741
1489070 739
1489080 738
1489090 738
1489100 737
1489110 738
1489120 738
1489130 737
1489140 736
1489150 736
1489160 734
1489170 732
1489180 732
1489190 729
1489200 724
1489210 724
1489220 720
1489230 719
1489240 719
1489250 716
1489260 714
1489270 714
1489280 714
1489290 712
1489300 708
1489310 708
1489320 702
1489330 696
1489340 696
1489350 693
1489360 694
1489370 694
1489380 696
1489390 701
1489400 701
1489410 705
1489420 709
1489430 709
1489440 713
1489450 717
1489460 717
1489470 719
1489480 722
1489490 722
1489500 726
1489510 732
1489520 732
1489530 733
1489540 734
1489550 734
1489560 734
1489570 734
1489580 734
1489590 734
1489600 735
1489610 735
1489620 736
1489630 736
1489640 737
1489650 737
1489660 737
1489670 737
1489680 737
1489690 737
1489700 737
1489710 737
1489720 737
1489730 737
1489740 737
1489750 738
1489760 738
1489770 738
1489780 738
1489790 738
1489800 738
1489810 738
1489820 738
1489830 738
1489840 737
1489850 737
1489860 737
1489870 738
1489880 737
1489890 737
1489900 737
1489910 736
1489920 736
1489930 734
1489940 734
1489950 734
1489960 733
1489970 733
1489980 733
1489990 733
1490000 733
1490010 733
1490020 733
1490030 733
1490040 733
1490050 733
1490060 733
1490070 733
1490080 733
1490090 733
1490100 733
1490110 733
1490120 733
1490130 733
1490140 733
1490150 733
1490160 733
1490170 733
1490180 734
1490190 734
1490200 734
1490210 736
1490220 736
1490230 736
1490240 736
1490250 736
1490260 736
1490270 736
1490280 736
1490290 736
1490300 736
1490310 736
1490320 736
1490330 736
1490340 735
1490350 735
1490360 735
1490370 735
1490380 736
1490390 736
1490400 736
1490410 736
1490420 736
1490430 736
1490440 736
1490450 736
1490460 737
1490470 737
1490480 737
1490490 737
1490500 737
1490510 737
1490520 737
1490530 738
1490540 738
1490550 738
1490560 737
1490570 737
1490580 736
1490590 735
1490600 735
1490610 734
1490620 732
1490630 732
1490640 729
1490650 727
1490660 727
1490670 726
1490680 719
1490690 719
1490700 714
1490710 708
1490720 700
1490730 700
1490740 692
1490750 684
1490760 684
1490770 676
1490780 667
1490790 667
1490800 659
1490810 652
1490820 652
1490830 645
1490840 639
1490850 639
1490860 638
1490870 639
1490880 639
1490890 640
1490900 640
1490910 640
1490920 642
1490930 643
1490940 643
1490950 644
1490960 646
1490970 646
1490980 647
1490990 647
1491000 647
1491010 647
1491020 649
1491030 649
1491040 653
1491050 657
1491060 657
1491070 662
1491080 668
1491090 678
1491100 678
1491110 686
1491120 691
1491130 691
1491140 696
1491150 702
1491160 702
1491170 708
1491180 713
1491190 713
1491200 720
1491210 728
1491220 728
1491230 735
1491240 740
1491250 740
1491260 747
1491270 751
1491280 751
1491290 753
1491300 756
1491310 756
1491320 759
1491330 761
1491340 761
1491350 763
1491360 764
1491370 764
1491380 766
1491390 767
1491400 767
1491410 768
1491420 769
1491430 769
1491440 771
1491450 773
1491460 774
1491470 774
1491480 776
1491490 777
1491500 777
1491510 780
1491520 783
1491530 783
1491540 786
1491550 789
1491560 789
1491570 791
1491580 792
1491590 792
1491600 794
1491610 795
1491620 795
1491630 795
1491640 796
1491650 796
1491660 796
1491670 797
1491680 797
1491690 797
1491700 797
1491710 797
1491720 797
1491730 797
1491740 797
1491750 798
1491760 798
1491770 798
1491780 798
1491790 799
1491800 799
1491810 800
1491820 800
1491830 801
1491840 801
1491850 801
1491860 802
1491870 802
1491880 803
1491890 805
1491900 805
1491910 806
1491920 807
1491930 807
1491940 808
1491950 809
1491960 809
1491970 810
1491980 810
1491990 810
1492000 811
1492010 811
1492020 811
1492030 811
1492040 811
1492050 811
1492060 813
1492070 814
1492080 814
1492090 814
1492100 815
1492110 815
1492120 817
1492130 818
1492140 818
1492150 820
1492160 822
1492170 822
1492180 825
1492190 827
1492200 830
1492210 830
1492220 833
1492230 836
1492240 836
1492250 838
1492260 840
1492270 840
1492280 842
1492290 843
1492300 843
1492310 843
1492320 843
1492330 843
1492340 843
1492350 843
1492360 843
1492370 843
1492380 842
1492390 842
1492400 842
1492410 843
1492420 843
1492430 844
1492440 847
1492450 847
1492460 848
1492470 850
1492480 850
1492490 851
1492500 852
1492510 852
1492520 852
1492530 852
1492540 852
1492550 852
1492560 853
1492570 853
1492580 853
1492590 853
1492600 854
1492610 854
1492620 855
1492630 855
1492640 855
1492650 854
1492660 853
1492670 853
1492680 852
1492690 850
1492700 850
1492710 848
1492720 846
1492730 846
1492740 844
1492750 842
1492760 842
1492770 841
1492780 842
1492790 842
1492800 844
1492810 846
1492820 846
1492830 847
1492840 849
1492850 849
1492860 850
1492870 853
1492880 853
1492890 856
1492900 861
1492910 861
1492920 866
1492930 870
1492940 874
1492950 874
1492960 878
1492970 881
1492980 881
1492990 884
1493000 887
1493010 887
1493020 889
1493030 891
1493040 891
1493050 894
1493060 896
1493070 896
1493080 899
1493090 902
1493100 902
1493110 903
1493120 905
1493130 905
1493140 907
1493150 908
1493160 908
1493170 909
1493180 912
1493190 912
1493200 915
1493210 917
1493220 917
1493230 919
1493240 920
1493250 920
1493260 922
1493270 923
1493280 923
1493290 925
1493300 925
1493310 927
1493320 927
1493330 928
1493340 931
1493350 931
1493360 933
1493370 935
1493380 935
1493390 936
1493400 938
1493410 938
1493420 939
1493430 941
1493440 941
1493450 942
1493460 942
1493470 942
1493480 943
1493490 944
1493500 944
1493510 946
1493520 947
1493530 947
1493540 947
1493550 948
1493560 948
1493570 949
1493580 950
1493590 950
1493600 951
1493610 952
1493620 952
1493630 953
1493640 954
1493650 954
1493660 954
1493670 955
1493680 956
1493690 956
1493700 957
1493710 957
1493720 957
1493730 957
1493740 956
1493750 956
1493760 957
1493770 959
1493780 959
1493790 961
1493800 962
1493810 962
1493820 963
1493830 965
1493840 965
1493850 967
1493860 968
1493870 968
1493880 970
1493890 971
1493900 971
1493910 973
1493920 974
1493930 974
1493940 976
1493950 978
1493960 978
1493970 980
1493980 982
1493990 982
1494000 984
1494010 986
1494020 986
1494030 988
1494040 990
1494050 991
1494060 991
1494070 992
1494080 993
1494090 993
1494100 996
1494110 999
1494120 999
1494130 1002
1494140 1005
1494150 1005
1494160 1008
1494170 1010
1494180 1010
1494190 1012
1494200 1014
1494210 1014
1494220 1016
1494230 1020
1494240 1020
1494250 1023
1494260 1027
1494270 1027
1494280 1032
1494290 1035
1494300 1035
1494310 1039
1494320 1042
1494330 1042
1494340 1046
1494350 1049
1494360 1049
1494370 1054
1494380 1058
1494390 1058
1494400 1060
1494410 1061
1494420 1062
1494430 1062
1494440 1064
1494450 1066
1494460 1066
1494470 1067
1494480 1069
1494490 1069
1494500 1071
1494510 1073
1494520 1073
1494530 1075
1494540 1076
1494550 1076
1494560 1078
1494570 1080
1494580 1080
1494590 1082
1494600 1085
1494610 1085
1494620 1087
1494630 1087
1494640 1087
1494650 1087
1494660 1086
1494670 1086
1494680 1087
1494690 1087
1494700 1087
1494710 1089
1494720 1091
1494730 1091
1494740 1093
1494750 1095
1494760 1095
1494770 1098
1494780 1102
1494790 1106
1494800 1106
1494810 1108
1494820 1110
1494830 1110
1494840 1111
1494850 1111
1494860 1111
1494870 1111
1494880 1111
1494890 1111
1494900 1112
1494910 1113
1494920 1113
1494930 1111
1494940 1109
1494950 1109
1494960 1108
1494970 1106
1494980 1106
1494990 1103
1495000 1100
1495010 1100
1495020 1096
1495030 1093
1495040 1093
1495050 1089
1495060 1085
1495070 1085
1495080 1082
1495090 1080
1495100 1080
1495110 1077
1495120 1075
1495130 1075
1495140 1073
1495150 1071
1495160 1069
1495170 1069
1495180 1066
1495190 1061
1495200 1061
1495210 1055
1495220 1053
1495230 1053
1495240 1054
1495250 1051
1495260 1051
1495270 1057
1495280 1061
1495290 1061
1495300 1065
1495310 1069
1495320 1069
1495330 1072
1495340 1073
1495350 1073
1495360 1076
1495370 1079
1495380 1079
1495390 1082
1495400 1085
1495410 1085
1495420 1089
1495430 1092
1495440 1092
1495450 1094
1495460 1096
1495470 1096
1495480 1100
1495490 1104
1495500 1104
1495510 1105
1495520 1106
1495530 1106
1495540 1106
1495550 1105
1495560 1105
1495570 1105
1495580 1106
1495590 1108
1495600 1108
1495610 1110
1495620 1113
1495630 1113
1495640 1114
1495650 1115
1495660 1115
1495670 1115
1495680 1116
1495690 1116
1495700 1116
1495710 1115
1495720 1115
1495730 1114
1495740 1113
1495750 1113
1495760 1112
1495770 1112
1495780 1112
1495790 1112
1495800 1113
1495810 1113
1495820 1111
1495830 1110
1495840 1110
1495850 1109
1495860 1108
1495870 1108
1495880 1107
1495890 1106
1495900 1105
1495910 1105
1495920 1104
1495930 1102
1495940 1102
1495950 1100
1495960 1097
1495970 1097
1495980 1094
1495990 1090
1496000 1090
1496010 1087
1496020 1083
1496030 1083
1496040 1082
1496050 1080
1496060 1080
1496070 1077
1496080 1076
1496090 1076
1496100 1075
1496110 1073
1496120 1073
1496130 1072
1496140 1070
1496150 1070
1496160 1069
1496170 1067
1496180 1067
1496190 1065
1496200 1063
1496210 1063
1496220 1062
1496230 1060
1496240 1060
1496250 1059
1496260 1059
1496270 1058
1496280 1058
1496290 1058
1496300 1058
1496310 1058
1496320 1058
1496330 1057
1496340 1057
1496350 1056
1496360 1054
1496370 1054
1496380 1053
1496390 1052
1496400 1052
1496410 1051
1496420 1050
1496430 1050
1496440 1048
1496450 1046
1496460 1046
1496470 1045
1496480 1042
1496490 1042
1496500 1040
1496510 1036
1496520 1036
1496530 1035
1496540 1032
1496550 1032
1496560 1030
1496570 1027
1496580 1027
1496590 1023
1496600 1020
1496610 1020
1496620 1018
1496630 1017
1496640 1013
1496650 1013
1496660 1009
1496670 1004
1496680 1004
1496690 998
1496700 993
1496710 993
1496720 988
1496730 982
1496740 982
1496750 975
1496760 968
1496770 968
1496780 961
1496790 955
1496800 955
1496810 951
1496820 946
1496830 946
1496840 946
1496850 952
1496860 952
1496870 956
1496880 960
1496890 960
1496900 964
1496910 969
1496920 969
1496930 973
1496940 978
1496950 978
1496960 983
1496970 989
1496980 989
1496990 995
1497000 1001
1497010 1002
1497020 1002
1497030 1001
1497040 1001
1497050 1001
1497060 1001
1497070 1001
1497080 1001
1497090 1001
1497100 1000
1497110 1000
1497120 1000
1497130 998
1497140 998
1497150 996
1497160 996
1497170 996
1497180 995
1497190 995
1497200 995
1497210 994
1497220 992
1497230 992
1497240 992
1497250 991
1497260 991
1497270 991
1497280 990
1497290 990
1497300 989
1497310 987
1497320 987
1497330 987
1497340 986
1497350 984
1497360 984
1497370 985
1497380 984
1497390 984
1497400 983
1497410 981
1497420 981
1497430 979
1497440 978
1497450 978
1497460 976
1497470 974
1497480 974
1497490 973
1497500 972
1497510 972
1497520 969
1497530 966
1497540 966
1497550 965
1497560 964
1497570 964
1497580 961
1497590 958
1497600 958
1497610 953
1497620 947
1497630 947
1497640 944
1497650 944
1497660 944
1497670 944
1497680 940
1497690 940
1497700 939
1497710 934
1497720 931
1497730 931
1497740 929
1497750 928
1497760 928
1497770 927
1497780 924
1497790 924
1497800 920
1497810 916
1497820 916
1497830 912
1497840 918
1497850 918
1497860 922
1497870 927
1497880 927
1497890 930
1497900 934
1497910 934
1497920 940
1497930 945
1497940 945
1497950 949
1497960 949
1497970 949
1497980 948
1497990 947
1498000 947
1498010 944
1498020 940
1498030 940
1498040 933
1498050 929
1498060 929
1498070 927
1498080 924
1498090 919
1498100 919
1498110 913
1498120 905
1498130 905
1498140 894
1498150 888
1498160 888
1498170 890
1498180 893
1498190 893
1498200 894
1498210 900
1498220 900
1498230 905
1498240 911
1498250 911
1498260 916
1498270 921
1498280 921
1498290 925
1498300 929
1498310 929
1498320 933
1498330 936
1498340 936
1498350 940
1498360 943
1498370 943
1498380 946
1498390 949
1498400 949
1498410 952
1498420 956
1498430 956
1498440 959
1498450 960
1498460 959
1498470 959
1498480 959
1498490 960
1498500 960
1498510 960
1498520 960
1498530 960
1498540 961
1498550 962
1498560 962
1498570 963
1498580 964
1498590 964
1498600 965
1498610 966
1498620 966
1498630 967
1498640 968
1498650 968
1498660 970
1498670 973
1498680 973
1498690 975
1498700 976
1498710 976
1498720 978
1498730 981
1498740 981
1498750 981
1498760 982
1498770 982
1498780 983
1498790 984
1498800 984
1498810 987
1498820 989
1498830 991
1498840 991
1498850 994
1498860 994
1498870 994
1498880 996
1498890 999
1498900 999
1498910 1003
1498920 1006
1498930 1006
1498940 1009
1498950 1012
1498960 1012
1498970 1016
1498980 1020
1498990 1020
1499000 1024
1499010 1030
1499020 1030
1499030 1036
1499040 1043
1499050 1043
1499060 1052
1499070 1061
1499080 1061
1499090 1068
1499100 1075
1499110 1075
1499120 1081
1499130 1085
1499140 1085
1499150 1087
1499160 1088
1499170 1088
1499180 1092
1499190 1094
1499200 1096
1499210 1096
1499220 1098
1499230 1101
1499240 1101
1499250 1103
1499260 1106
1499270 1106
1499280 1109
1499290 1111
1499300 1111
1499310 1113
1499320 1114
1499330 1114
1499340 1116
1499350 1119
1499360 1119
1499370 1126
1499380 1137
1499390 1137
1499400 1145
1499410 1151
1499420 1151
1499430 1155
1499440 1156
1499450 1156
1499460 1159
1499470 1165
1499480 1165
1499490 1172
1499500 1178
1499510 1178
1499520 1183
1499530 1188
1499540 1188
1499550 1193
1499560 1199
1499570 1207
1499580 1207
1499590 1213
1499600 1218
1499610 1218
1499620 1223
1499630 1227
1499640 1227
1499650 1230
1499660 1235
1499670 1235
1499680 1244
1499690 1252
1499700 1252
1499710 1259
1499720 1266
1499730 1266
1499740 1272
1499750 1277
1499760 1277
1499770 1283
1499780 1291
1499790 1291
1499800 1297
1499810 1303
1499820 1303
1499830 1309
1499840 1315
1499850 1315
1499860 1322
1499870 1329
1499880 1329
1499890 1335
1499900 1340
1499910 1340
1499920 1346
1499930 1351
1499940 1357
1499950 1357
1499960 1362
1499970 1367
1499980 1367
1499990 1371
