1480000 993
1480010 988
1480020 983
1480030 983
1480040 978
1480050 973
1480060 973
1480070 967
1480080 962
1480090 962
1480100 956
1480110 950
1480120 950
1480130 942
1480140 936
1480150 936
1480160 928
1480170 919
1480180 919
1480190 910
1480200 902
1480210 902
1480220 894
1480230 896
1480240 896
1480250 900
1480260 898
1480270 898
1480280 894
1480290 892
1480300 892
1480310 892
1480320 889
1480330 889
1480340 884
1480350 879
1480360 879
1480370 879
1480380 878
1480390 875
1480400 875
1480410 870
1480420 859
1480430 859
1480440 857
1480450 864
1480460 864
1480470 869
1480480 870
1480490 870
1480500 871
1480510 872
1480520 872
1480530 869
1480540 861
1480550 861
1480560 853
1480570 854
1480580 854
1480590 862
1480600 871
1480610 871
1480620 881
1480630 890
1480640 890
1480650 897
1480660 901
1480670 901
1480680 907
1480690 913
1480700 913
1480710 917
1480720 922
1480730 927
1480740 927
1480750 933
1480760 938
1480770 938
1480780 943
1480790 948
1480800 948
1480810 952
1480820 956
1480830 956
1480840 957
1480850 959
1480860 959
1480870 962
1480880 965
1480890 965
1480900 969
1480910 973
1480920 973
1480930 977
1480940 980
1480950 980
1480960 983
1480970 988
1480980 988
1480990 992
1481000 997
1481010 997
1481020 1003
1481030 1009
1481040 1009
1481050 1016
1481060 1024
1481070 1024
1481080 1033
1481090 1042
1481100 1059
1481110 1059
1481120 1094
1481130 1103
1481140 1103
1481150 1114
1481160 1122
1481170 1122
1481180 1126
1481190 1128
1481200 1128
1481210 1130
1481220 1130
1481230 1130
1481240 1130
1481250 1130
1481260 1130
1481270 1130
1481280 1130
1481290 1130
1481300 1128
1481310 1124
1481320 1124
1481330 1118
1481340 1111
1481350 1111
1481360 1107
1481370 1103
1481380 1103
1481390 1098
1481400 1095
1481410 1095
1481420 1096
1481430 1098
1481440 1098
1481450 1100
1481460 1100
1481470 1097
1481480 1097
1481490 1089
1481500 1082
1481510 1082
1481520 1074
1481530 1068
1481540 1068
1481550 1062
1481560 1055
1481570 1055
1481580 1049
1481590 1040
1481600 1040
1481610 1032
1481620 1028
1481630 1028
1481640 1026
1481650 1026
1481660 1026
1481670 1030
1481680 1036
1481690 1036
1481700 1040
1481710 1039
1481720 1039
1481730 1034
1481740 1034
1481750 1034
1481760 1030
1481770 1018
1481780 1018
1481790 1013
1481800 1002
1481810 1002
1481820 994
1481830 990
1481840 990
1481850 982
1481860 974
1481870 965
1481880 965
1481890 956
1481900 952
1481910 952
1481920 945
1481930 939
1481940 939
1481950 932
1481960 926
1481970 926
1481980 920
1481990 915
1482000 915
1482010 909
1482020 903
1482030 903
1482040 897
1482050 890
1482060 890
1482070 884
1482080 877
1482090 877
1482100 872
1482110 870
1482120 870
1482130 866
1482140 861
1482150 861
1482160 856
1482170 850
1482180 850
1482190 845
1482200 841
1482210 841
1482220 837
1482230 833
1482240 828
1482250 828
1482260 822
1482270 816
1482280 816
1482290 810
1482300 804
1482310 804
1482320 799
1482330 794
1482340 794
1482350 788
1482360 784
1482370 784
1482380 779
1482390 775
1482400 775
1482410 769
1482420 765
1482430 765
1482440 760
1482450 755
1482460 755
1482470 751
1482480 746
1482490 746
1482500 740
1482510 735
1482520 735
1482530 729
1482540 724
1482550 724
1482560 720
1482570 716
1482580 716
1482590 712
1482600 707
1482610 703
1482620 703
1482630 701
1482640 698
1482650 698
1482660 695
1482670 692
1482680 692
1482690 689
1482700 686
1482710 686
1482720 683
1482730 679
1482740 679
1482750 675
1482760 669
1482770 669
1482780 663
1482790 656
1482800 656
1482810 653
1482820 650
1482830 650
1482840 648
1482850 645
1482860 645
1482870 643
1482880 641
1482890 641
1482900 637
1482910 633
1482920 633
1482930 632
1482940 629
1482950 629
1482960 628
1482970 627
1482980 626
1482990 626
1483000 629
1483010 634
1483020 634
1483030 640
1483040 647
1483050 647
1483060 654
1483070 662
1483080 662
1483090 668
1483100 670
1483110 670
1483120 670
1483130 669
1483140 669
1483150 670
1483160 670
1483170 670
1483180 671
1483190 671
1483200 671
1483210 671
1483220 671
1483230 671
1483240 672
1483250 673
1483260 673
1483270 675
1483280 677
1483290 677
1483300 678
1483310 677
1483320 677
1483330 676
1483340 675
1483350 674
1483360 674
1483370 674
1483380 673
1483390 673
1483400 673
1483410 673
1483420 673
1483430 673
1483440 673
1483450 673
1483460 672
1483470 671
1483480 671
1483490 671
1483500 671
1483510 671
1483520 671
1483530 671
1483540 671
1483550 671
1483560 671
1483570 671
1483580 671
1483590 671
1483600 671
1483610 671
1483620 672
1483630 672
1483640 672
1483650 673
1483660 673
1483670 674
1483680 675
1483690 675
1483700 676
1483710 678
1483720 679
1483730 679
1483740 679
1483750 680
1483760 680
1483770 681
1483780 682
1483790 682
1483800 683
1483810 685
1483820 685
1483830 686
1483840 689
1483850 689
1483860 690
1483870 690
1483880 690
1483890 691
1483900 692
1483910 692
1483920 693
1483930 695
1483940 695
1483950 698
1483960 700
1483970 700
1483980 702
1483990 703
1484000 703
1484010 705
1484020 706
1484030 706
1484040 706
1484050 706
1484060 706
1484070 706
1484080 707
1484090 708
1484100 708
1484110 710
1484120 711
1484130 711
1484140 712
1484150 713
1484160 713
1484170 714
1484180 715
1484190 715
1484200 716
1484210 717
1484220 717
1484230 717
1484240 718
1484250 718
1484260 718
1484270 719
1484280 719
1484290 719
1484300 719
1484310 719
1484320 719
1484330 719
1484340 719
1484350 720
1484360 720
1484370 720
1484380 721
1484390 723
1484400 723
1484410 726
1484420 728
1484430 728
1484440 729
1484450 731
1484460 731
1484470 731
1484480 732
1484490 733
1484500 733
1484510 734
1484520 734
1484530 734
1484540 734
1484550 734
1484560 734
1484570 735
1484580 735
1484590 735
1484600 736
1484610 736
1484620 736
1484630 736
1484640 736
1484650 736
1484660 735
1484670 735
1484680 735
1484690 736
1484700 737
1484710 737
1484720 736
1484730 736
1484740 736
1484750 735
1484760 736
1484770 736
1484780 735
1484790 735
1484800 735
1484810 735
1484820 735
1484830 735
1484840 735
1484850 735
1484860 735
1484870 735
1484880 734
1484890 733
1484900 733
1484910 735
1484920 737
1484930 737
1484940 738
1484950 738
1484960 738
1484970 739
1484980 739
1484990 739
1485000 740
1485010 742
1485020 742
1485030 742
1485040 742
1485050 742
1485060 741
1485070 740
1485080 740
1485090 739
1485100 738
1485110 738
1485120 737
1485130 737
1485140 737
1485150 738
1485160 739
1485170 739
1485180 740
1485190 742
1485200 743
1485210 743
1485220 745
1485230 746
1485240 746
1485250 747
1485260 748
1485270 748
1485280 748
1485290 747
1485300 747
1485310 746
1485320 745
1485330 745
1485340 744
1485350 743
1485360 743
1485370 743
1485380 744
1485390 744
1485400 744
1485410 744
1485420 744
1485430 745
1485440 745
1485450 745
1485460 745
1485470 745
1485480 745
1485490 745
1485500 744
1485510 744
1485520 742
1485530 742
1485540 742
1485550 741
1485560 742
1485570 742
1485580 742
1485590 743
1485600 742
1485610 742
1485620 740
1485630 738
1485640 738
1485650 738
1485660 737
1485670 737
1485680 736
1485690 736
1485700 736
1485710 736
1485720 736
1485730 736
1485740 735
1485750 735
1485760 735
1485770 735
1485780 735
1485790 735
1485800 736
1485810 736
1485820 736
1485830 736
1485840 737
1485850 737
1485860 737
1485870 737
1485880 737
1485890 737
1485900 737
1485910 737
1485920 737
1485930 736
1485940 736
1485950 736
1485960 736
1485970 736
1485980 736
1485990 736
1486000 736
1486010 736
1486020 736
1486030 737
1486040 737
1486050 737
1486060 738
1486070 738
1486080 739
1486090 739
1486100 739
1486110 740
1486120 740
1486130 740
1486140 741
1486150 742
1486160 742
1486170 742
1486180 743
1486190 743
1486200 744
1486210 745
1486220 745
1486230 746
1486240 747
1486250 747
1486260 748
1486270 749
1486280 749
1486290 750
1486300 752
1486310 752
1486320 754
1486330 757
1486340 758
1486350 758
1486360 760
1486370 761
1486380 761
1486390 761
1486400 762
1486410 762
1486420 763
1486430 765
1486440 765
1486450 766
1486460 767
1486470 767
1486480 767
1486490 767
1486500 767
1486510 767
1486520 768
1486530 768
1486540 769
1486550 770
1486560 770
1486570 771
1486580 772
1486590 772
1486600 772
1486610 772
1486620 772
1486630 772
1486640 771
1486650 771
1486660 771
1486670 770
1486680 770
1486690 770
1486700 769
1486710 768
1486720 768
1486730 766
1486740 765
1486750 765
1486760 764
1486770 763
1486780 763
1486790 762
1486800 761
1486810 761
1486820 761
1486830 760
1486840 760
1486850 760
1486860 760
1486870 760
1486880 760
1486890 758
1486900 758
1486910 756
1486920 754
1486930 754
1486940 754
1486950 752
1486960 752
1486970 749
1486980 748
1486990 748
1487000 748
1487010 747
1487020 747
1487030 748
1487040 749
1487050 749
1487060 749
1487070 749
1487080 749
1487090 749
1487100 748
1487110 747
1487120 747
1487130 746
1487140 744
1487150 744
1487160 743
1487170 741
1487180 741
1487190 738
1487200 735
1487210 735
1487220 731
1487230 727
1487240 727
1487250 724
1487260 722
1487270 722
1487280 720
1487290 718
1487300 718
1487310 717
1487320 716
1487330 716
1487340 717
1487350 719
1487360 719
1487370 719
1487380 716
1487390 716
1487400 715
1487410 711
1487420 711
1487430 713
1487440 705
1487450 698
1487460 698
1487470 703
1487480 708
1487490 708
1487500 712
1487510 713
1487520 713
1487530 716
1487540 720
1487550 720
1487560 725
1487570 731
1487580 731
1487590 736
1487600 740
1487610 740
1487620 742
1487630 744
1487640 744
1487650 747
1487660 748
1487670 748
1487680 749
1487690 749
1487700 749
1487710 750
1487720 749
1487730 749
1487740 749
1487750 748
1487760 748
1487770 747
1487780 746
1487790 746
1487800 744
1487810 741
1487820 740
1487830 740
1487840 739
1487850 739
1487860 739
1487870 737
1487880 735
1487890 735
1487900 734
1487910 732
1487920 732
1487930 729
1487940 725
1487950 725
1487960 722
1487970 721
1487980 721
1487990 724
1488000 726
1488010 726
1488020 726
1488030 724
1488040 724
1488050 721
1488060 718
1488070 718
1488080 718
1488090 715
1488100 715
1488110 710
1488120 706
1488130 706
1488140 704
1488150 706
1488160 706
1488170 708
1488180 709
1488190 708
1488200 708
1488210 705
1488220 702
1488230 702
1488240 699
1488250 696
1488260 696
1488270 693
1488280 691
1488290 691
1488300 693
1488310 695
1488320 695
1488330 695
1488340 694
1488350 694
1488360 691
1488370 687
1488380 687
1488390 686
1488400 684
1488410 684
1488420 682
1488430 679
1488440 679
1488450 671
1488460 662
1488470 662
1488480 657
1488490 654
1488500 654
1488510 652
1488520 651
1488530 651
1488540 649
1488550 648
1488560 646
1488570 646
1488580 644
1488590 643
1488600 643
1488610 642
1488620 641
1488630 641
1488640 639
1488650 638
1488660 638
1488670 636
1488680 635
1488690 635
1488700 632
1488710 627
1488720 627
1488730 625
1488740 624
1488750 624
1488760 624
1488770 624
1488780 624
1488790 624
1488800 624
1488810 624
1488820 624
1488830 622
1488840 622
1488850 621
1488860 622
1488870 622
1488880 622
1488890 622
1488900 622
1488910 623
1488920 622
1488930 621
1488940 621
1488950 621
1488960 621
1488970 621
1488980 621
1488990 622
1489000 622
1489010 622
1489020 622
1489030 622
1489040 621
1489050 620
1489060 620
1489070 619
1489080 620
1489090 620
1489100 621
1489110 623
1489120 623
1489130 622
1489140 622
1489150 622
1489160 622
1489170 622
1489180 622
1489190 623
1489200 626
1489210 626
1489220 630
1489230 630
1489240 630
1489250 630
1489260 630
1489270 630
1489280 630
1489290 630
1489300 630
1489310 630
1489320 630
1489330 631
1489340 631
1489350 631
1489360 631
1489370 631
1489380 631
1489390 631
1489400 631
1489410 632
1489420 632
1489430 632
1489440 632
1489450 632
1489460 632
1489470 632
1489480 632
1489490 632
1489500 631
1489510 631
1489520 631
1489530 632
1489540 632
1489550 632
1489560 633
1489570 634
1489580 634
1489590 635
1489600 635
1489610 635
1489620 635
1489630 634
1489640 634
1489650 634
1489660 634
1489670 635
1489680 635
1489690 635
1489700 636
1489710 636
1489720 634
1489730 635
1489740 635
1489750 636
1489760 637
1489770 637
1489780 637
1489790 637
1489800 637
1489810 638
1489820 639
1489830 639
1489840 642
1489850 643
1489860 643
1489870 644
1489880 644
1489890 644
1489900 644
1489910 646
1489920 646
1489930 647
1489940 649
1489950 649
1489960 650
1489970 651
1489980 651
1489990 653
1490000 655
1490010 655
1490020 658
1490030 660
1490040 664
1490050 664
1490060 669
1490070 673
1490080 673
1490090 675
1490100 677
1490110 677
1490120 677
1490130 675
1490140 675
1490150 673
1490160 671
1490170 671
1490180 672
1490190 673
1490200 673
1490210 674
1490220 676
1490230 676
1490240 679
1490250 681
1490260 681
1490270 682
1490280 684
1490290 684
1490300 686
1490310 688
1490320 688
1490330 690
1490340 691
1490350 691
1490360 693
1490370 695
1490380 695
1490390 698
1490400 701
1490410 704
1490420 704
1490430 707
1490440 709
1490450 709
1490460 710
1490470 709
1490480 709
1490490 705
1490500 700
1490510 700
1490520 694
1490530 689
1490540 689
1490550 689
1490560 691
1490570 691
1490580 692
1490590 690
1490600 690
1490610 688
1490620 688
1490630 688
1490640 690
1490650 690
1490660 690
1490670 689
1490680 692
1490690 692
1490700 695
1490710 701
1490720 701
1490730 707
1490740 710
1490750 710
1490760 709
1490770 708
1490780 708
1490790 709
1490800 709
1490810 709
1490820 709
1490830 708
1490840 706
1490850 706
1490860 704
1490870 705
1490880 705
1490890 704
1490900 700
1490910 700
1490920 697
1490930 696
1490940 696
1490950 698
1490960 701
1490970 701
1490980 700
1490990 700
1491000 700
1491010 698
1491020 691
1491030 691
1491040 683
1491050 678
1491060 678
1491070 673
1491080 670
1491090 670
1491100 666
1491110 664
1491120 664
1491130 666
1491140 668
1491150 668
1491160 667
1491170 663
1491180 660
1491190 660
1491200 657
1491210 654
1491220 654
1491230 654
1491240 654
1491250 654
1491260 655
1491270 654
1491280 654
1491290 654
1491300 653
1491310 653
1491320 653
1491330 653
1491340 653
1491350 653
1491360 653
1491370 653
1491380 653
1491390 653
1491400 653
1491410 652
1491420 652
1491430 652
1491440 652
1491450 653
1491460 653
1491470 653
1491480 652
1491490 652
1491500 652
1491510 652
1491520 652
1491530 654
1491540 655
1491550 656
1491560 656
1491570 656
1491580 657
1491590 657
1491600 658
1491610 660
1491620 660
1491630 661
1491640 661
1491650 661
1491660 663
1491670 666
1491680 666
1491690 668
1491700 670
1491710 670
1491720 672
1491730 674
1491740 674
1491750 674
1491760 675
1491770 675
1491780 675
1491790 677
1491800 677
1491810 679
1491820 680
1491830 680
1491840 681
1491850 684
1491860 684
1491870 686
1491880 690
1491890 690
1491900 695
1491910 698
1491920 701
1491930 701
1491940 706
1491950 711
1491960 711
1491970 717
1491980 721
1491990 721
1492000 722
1492010 724
1492020 724
1492030 726
1492040 728
1492050 728
1492060 731
1492070 732
1492080 732
1492090 734
1492100 735
1492110 735
1492120 737
1492130 739
1492140 739
1492150 742
1492160 745
1492170 745
1492180 748
1492190 751
1492200 751
1492210 754
1492220 757
1492230 757
1492240 759
1492250 762
1492260 762
1492270 764
1492280 766
1492290 768
1492300 768
1492310 771
1492320 774
1492330 774
1492340 777
1492350 780
1492360 780
1492370 783
1492380 788
1492390 788
1492400 792
1492410 794
1492420 794
1492430 797
1492440 799
1492450 799
1492460 802
1492470 804
1492480 804
1492490 806
1492500 808
1492510 808
1492520 810
1492530 813
1492540 813
1492550 815
1492560 816
1492570 816
1492580 817
1492590 818
1492600 818
1492610 819
1492620 820
1492630 820
1492640 821
1492650 822
1492660 823
1492670 823
1492680 824
1492690 824
1492700 824
1492710 824
1492720 824
1492730 824
1492740 824
1492750 823
1492760 823
1492770 822
1492780 821
1492790 821
1492800 819
1492810 818
1492820 818
1492830 816
1492840 813
1492850 813
1492860 810
1492870 807
1492880 807
1492890 805
1492900 803
1492910 803
1492920 802
1492930 802
1492940 802
1492950 802
1492960 802
1492970 802
1492980 802
1492990 802
1493000 802
1493010 802
1493020 803
1493030 802
1493040 802
1493050 802
1493060 801
1493070 801
1493080 800
1493090 799
1493100 799
1493110 801
1493120 801
1493130 801
1493140 801
1493150 801
1493160 801
1493170 801
1493180 800
1493190 800
1493200 800
1493210 800
1493220 800
1493230 800
1493240 800
1493250 800
1493260 800
1493270 799
1493280 799
1493290 799
1493300 799
1493310 799
1493320 799
1493330 798
1493340 798
1493350 798
1493360 797
1493370 797
1493380 797
1493390 797
1493400 797
1493410 797
1493420 796
1493430 797
1493440 797
1493450 799
1493460 801
1493470 801
1493480 803
1493490 805
1493500 805
1493510 808
1493520 809
1493530 809
1493540 810
1493550 810
1493560 810
1493570 811
1493580 812
1493590 812
1493600 813
1493610 814
1493620 814
1493630 815
1493640 815
1493650 815
1493660 815
1493670 815
1493680 815
1493690 814
1493700 814
1493710 814
1493720 814
1493730 814
1493740 814
1493750 814
1493760 815
1493770 816
1493780 816
1493790 817
1493800 817
1493810 817
1493820 817
1493830 817
1493840 817
1493850 817
1493860 817
1493870 817
1493880 816
1493890 815
1493900 815
1493910 808
1493920 809
1493930 809
1493940 813
1493950 815
1493960 815
1493970 815
1493980 815
1493990 815
1494000 815
1494010 814
1494020 814
1494030 814
1494040 813
1494050 813
1494060 812
1494070 810
1494080 810
1494090 807
1494100 806
1494110 806
1494120 804
1494130 799
1494140 798
1494150 798
1494160 802
1494170 805
1494180 805
1494190 805
1494200 805
1494210 805
1494220 805
1494230 805
1494240 805
1494250 804
1494260 802
1494270 802
1494280 801
1494290 802
1494300 802
1494310 799
1494320 795
1494330 795
1494340 800
1494350 803
1494360 803
1494370 805
1494380 806
1494390 806
1494400 805
1494410 805
1494420 805
1494430 805
1494440 801
1494450 801
1494460 799
1494470 798
1494480 798
1494490 802
1494500 807
1494510 809
1494520 809
1494530 809
1494540 811
1494550 811
1494560 813
1494570 814
1494580 814
1494590 814
1494600 815
1494610 815
1494620 815
1494630 815
1494640 815
1494650 816
1494660 815
1494670 811
1494680 809
1494690 808
1494700 808
1494710 804
1494720 804
1494730 804
1494740 802
1494750 800
1494760 800
1494770 799
1494780 796
1494790 796
1494800 799
1494810 806
1494820 806
1494830 814
1494840 816
1494850 816
1494860 814
1494870 814
1494880 815
1494890 815
1494900 815
1494910 814
1494920 814
1494930 814
1494940 815
1494950 815
1494960 816
1494970 815
1494980 815
1494990 816
1495000 816
1495010 816
1495020 816
1495030 814
1495040 814
1495050 815
1495060 820
1495070 820
1495080 822
1495090 824
1495100 824
1495110 824
1495120 825
1495130 825
1495140 826
1495150 827
1495160 827
1495170 826
1495180 822
1495190 822
1495200 818
1495210 813
1495220 813
1495230 807
1495240 805
1495250 811
1495260 811
1495270 816
1495280 822
1495290 822
1495300 825
1495310 825
1495320 825
1495330 823
1495340 821
1495350 821
1495360 818
1495370 816
1495380 816
1495390 814
1495400 811
1495410 811
1495420 807
1495430 808
1495440 808
1495450 811
1495460 814
1495470 814
1495480 814
1495490 812
1495500 812
1495510 808
1495520 803
1495530 803
1495540 801
1495550 803
1495560 803
1495570 809
1495580 815
1495590 815
1495600 817
1495610 819
1495620 821
1495630 821
1495640 822
1495650 823
1495660 823
1495670 824
1495680 825
1495690 825
1495700 826
1495710 827
1495720 827
1495730 827
1495740 828
1495750 828
1495760 828
1495770 829
1495780 829
1495790 830
1495800 830
1495810 830
1495820 831
1495830 831
1495840 831
1495850 831
1495860 832
1495870 832
1495880 832
1495890 833
1495900 833
1495910 833
1495920 831
1495930 831
1495940 828
1495950 826
1495960 826
1495970 822
1495980 824
1495990 828
1496000 828
1496010 831
1496020 830
1496030 830
1496040 828
1496050 826
1496060 826
1496070 824
1496080 822
1496090 822
1496100 820
1496110 816
1496120 816
1496130 817
1496140 818
1496150 818
1496160 820
1496170 821
1496180 821
1496190 819
1496200 816
1496210 816
1496220 819
1496230 822
1496240 822
1496250 823
1496260 824
1496270 824
1496280 823
1496290 823
1496300 823
1496310 823
1496320 824
1496330 824
1496340 824
1496350 823
1496360 823
1496370 823
1496380 821
1496390 821
1496400 821
1496410 821
1496420 822
1496430 822
1496440 821
1496450 819
1496460 819
1496470 818
1496480 818
1496490 818
1496500 819
1496510 819
1496520 819
1496530 822
1496540 823
1496550 823
1496560 824
1496570 824
1496580 824
1496590 824
1496600 824
1496610 824
1496620 823
1496630 822
1496640 822
1496650 821
1496660 820
1496670 820
1496680 818
1496690 817
1496700 817
1496710 815
1496720 814
1496730 814
1496740 812
1496750 811
1496760 811
1496770 811
1496780 810
1496790 809
1496800 809
1496810 809
1496820 809
1496830 809
1496840 809
1496850 809
1496860 809
1496870 809
1496880 808
1496890 808
1496900 807
1496910 806
1496920 806
1496930 806
1496940 805
1496950 805
1496960 804
1496970 805
1496980 805
1496990 805
1497000 803
1497010 803
1497020 801
1497030 800
1497040 800
1497050 800
1497060 802
1497070 802
1497080 804
1497090 804
1497100 804
1497110 805
1497120 804
1497130 804
1497140 804
1497150 803
1497160 802
1497170 802
1497180 800
1497190 797
1497200 797
1497210 797
1497220 796
1497230 796
1497240 796
1497250 796
1497260 796
1497270 797
1497280 799
1497290 799
1497300 802
1497310 807
1497320 807
1497330 812
1497340 815
1497350 815
1497360 816
1497370 815
1497380 815
1497390 818
1497400 822
1497410 822
1497420 825
1497430 827
1497440 827
1497450 831
1497460 834
1497470 834
1497480 838
1497490 841
1497500 844
1497510 844
1497520 845
1497530 847
1497540 847
1497550 851
1497560 855
1497570 855
1497580 859
1497590 864
1497600 864
1497610 869
1497620 871
1497630 871
1497640 873
1497650 874
1497660 874
1497670 875
1497680 878
1497690 878
1497700 881
1497710 885
1497720 885
1497730 889
1497740 892
1497750 892
1497760 894
1497770 896
1497780 896
1497790 900
1497800 903
1497810 903
1497820 907
1497830 910
1497840 910
1497850 912
1497860 915
1497870 917
1497880 917
1497890 918
1497900 919
1497910 919
1497920 919
1497930 921
1497940 921
1497950 923
1497960 923
1497970 923
1497980 923
1497990 924
1498000 924
1498010 924
1498020 924
1498030 924
1498040 925
1498050 925
1498060 925
1498070 926
1498080 926
1498090 926
1498100 927
1498110 927
1498120 927
1498130 927
1498140 927
1498150 927
1498160 928
1498170 928
1498180 928
1498190 929
1498200 929
1498210 929
1498220 930
1498230 931
1498240 933
1498250 933
1498260 934
1498270 934
1498280 934
1498290 934
1498300 935
1498310 935
1498320 936
1498330 937
1498340 937
1498350 939
1498360 941
1498370 941
1498380 943
1498390 946
1498400 946
1498410 949
1498420 951
1498430 951
1498440 953
1498450 955
1498460 955
1498470 956
1498480 958
1498490 958
1498500 960
1498510 962
1498520 962
1498530 964
1498540 966
1498550 966
1498560 968
1498570 969
1498580 969
1498590 971
1498600 972
1498610 973
1498620 973
1498630 974
1498640 976
1498650 976
1498660 977
1498670 978
1498680 978
1498690 978
1498700 978
1498710 978
1498720 979
1498730 980
1498740 980
1498750 980
1498760 981
1498770 981
1498780 981
1498790 981
1498800 981
1498810 981
1498820 980
1498830 980
1498840 978
1498850 977
1498860 977
1498870 976
1498880 975
1498890 975
1498900 974
1498910 971
1498920 971
1498930 970
1498940 966
1498950 966
1498960 961
1498970 956
1498980 953
1498990 953
1499000 951
1499010 949
1499020 949
1499030 949
1499040 947
1499050 947
1499060 944
1499070 946
1499080 946
1499090 948
1499100 951
1499110 951
1499120 953
1499130 955
1499140 955
1499150 958
1499160 962
1499170 962
1499180 966
1499190 968
1499200 968
1499210 971
1499220 975
1499230 975
1499240 978
1499250 982
1499260 982
1499270 985
1499280 990
1499290 990
1499300 994
1499310 998
1499320 998
1499330 1001
1499340 1003
1499350 1003
1499360 1003
1499370 1000
1499380 998
1499390 998
1499400 998
1499410 998
1499420 998
1499430 997
1499440 995
1499450 995
1499460 996
1499470 1000
1499480 1000
1499490 1004
1499500 1008
1499510 1008
1499520 1013
1499530 1017
1499540 1017
1499550 1021
1499560 1026
1499570 1026
1499580 1031
1499590 1034
1499600 1034
1499610 1037
1499620 1039
1499630 1039
1499640 1042
1499650 1046
1499660 1046
1499670 1049
1499680 1053
1499690 1053
1499700 1057
1499710 1062
1499720 1063
1499730 1063
1499740 1063
1499750 1066
1499760 1066
1499770 1071
1499780 1076
1499790 1076
1499800 1082
1499810 1086
1499820 1086
1499830 1091
1499840 1097
1499850 1097
1499860 1103
1499870 1109
1499880 1109
1499890 1113
1499900 1117
1499910 1117
1499920 1119
1499930 1122
1499940 1122
1499950 1124
1499960 1127
1499970 1127
1499980 1128
1499990 1130
