1480000 1016
1480010 1010
1480020 1002
1480030 1002
1480040 995
1480050 990
1480060 990
1480070 984
1480080 978
1480090 978
1480100 971
1480110 964
1480120 964
1480130 957
1480140 950
1480150 950
1480160 943
1480170 935
1480180 935
1480190 926
1480200 918
1480210 918
1480220 913
1480230 916
1480240 916
1480250 915
1480260 911
1480270 911
1480280 908
1480290 905
1480300 905
1480310 903
1480320 899
1480330 899
1480340 896
1480350 893
1480360 892
1480370 892
1480380 887
1480390 882
1480400 882
1480410 872
1480420 864
1480430 864
1480440 867
1480450 875
1480460 875
1480470 879
1480480 879
1480490 879
1480500 880
1480510 880
1480520 880
1480530 878
1480540 871
1480550 871
1480560 862
1480570 858
1480580 858
1480590 866
1480600 876
1480610 876
1480620 884
1480630 891
1480640 891
1480650 898
1480660 905
1480670 905
1480680 910
1480690 916
1480700 916
1480710 921
1480720 926
1480730 931
1480740 931
1480750 936
1480760 941
1480770 941
1480780 946
1480790 951
1480800 951
1480810 955
1480820 960
1480830 960
1480840 964
1480850 967
1480860 967
1480870 970
1480880 972
1480890 972
1480900 974
1480910 976
1480920 976
1480930 980
1480940 983
1480950 983
1480960 986
1480970 990
1480980 990
1480990 996
1481000 1000
1481010 1000
1481020 1006
1481030 1012
1481040 1012
1481050 1018
1481060 1025
1481070 1025
1481080 1033
1481090 1041
1481100 1050
1481110 1050
1481120 1063
1481130 1074
1481140 1074
1481150 1083
1481160 1095
1481170 1095
1481180 1119
1481190 1136
1481200 1136
1481210 1141
1481220 1143
1481230 1143
1481240 1142
1481250 1140
1481260 1140
1481270 1139
1481280 1136
1481290 1136
1481300 1135
1481310 1132
1481320 1132
1481330 1129
1481340 1124
1481350 1124
1481360 1119
1481370 1113
1481380 1113
1481390 1110
1481400 1108
1481410 1108
1481420 1105
1481430 1102
1481440 1102
1481450 1100
1481460 1098
1481470 1098
1481480 1094
1481490 1091
1481500 1088
1481510 1088
1481520 1084
1481530 1076
1481540 1076
1481550 1066
1481560 1057
1481570 1057
1481580 1052
1481590 1048
1481600 1048
1481610 1046
1481620 1045
1481630 1045
1481640 1044
1481650 1046
1481660 1046
1481670 1052
1481680 1059
1481690 1059
1481700 1063
1481710 1058
1481720 1058
1481730 1052
1481740 1048
1481750 1048
1481760 1044
1481770 1038
1481780 1038
1481790 1029
1481800 1020
1481810 1020
1481820 1012
1481830 1003
1481840 1003
1481850 998
1481860 992
1481870 985
1481880 985
1481890 974
1481900 963
1481910 963
1481920 956
1481930 952
1481940 952
1481950 945
1481960 937
1481970 937
1481980 930
1481990 924
1482000 924
1482010 924
1482020 925
1482030 925
1482040 921
1482050 913
1482060 913
1482070 903
1482080 897
1482090 897
1482100 889
1482110 883
1482120 883
1482130 878
1482140 873
1482150 873
1482160 867
1482170 860
1482180 860
1482190 855
1482200 851
1482210 851
1482220 847
1482230 841
1482240 838
1482250 838
1482260 834
1482270 827
1482280 827
1482290 820
1482300 815
1482310 815
1482320 810
1482330 804
1482340 804
1482350 798
1482360 791
1482370 791
1482380 786
1482390 779
1482400 779
1482410 774
1482420 769
1482430 769
1482440 764
1482450 759
1482460 759
1482470 755
1482480 750
1482490 750
1482500 744
1482510 737
1482520 737
1482530 731
1482540 726
1482550 726
1482560 722
1482570 717
1482580 717
1482590 712
1482600 708
1482610 704
1482620 704
1482630 701
1482640 697
1482650 697
1482660 693
1482670 688
1482680 688
1482690 683
1482700 680
1482710 680
1482720 679
1482730 679
1482740 679
1482750 675
1482760 671
1482770 671
1482780 666
1482790 658
1482800 658
1482810 652
1482820 650
1482830 650
1482840 648
1482850 643
1482860 643
1482870 642
1482880 641
1482890 641
1482900 639
1482910 636
1482920 636
1482930 633
1482940 630
1482950 630
1482960 629
1482970 627
1482980 627
1482990 627
1483000 630
1483010 637
1483020 637
1483030 644
1483040 651
1483050 651
1483060 658
1483070 665
1483080 665
1483090 670
1483100 671
1483110 671
1483120 670
1483130 670
1483140 670
1483150 671
1483160 672
1483170 672
1483180 672
1483190 672
1483200 672
1483210 672
1483220 672
1483230 672
1483240 673
1483250 674
1483260 674
1483270 674
1483280 675
1483290 675
1483300 677
1483310 678
1483320 678
1483330 678
1483340 677
1483350 676
1483360 676
1483370 675
1483380 674
1483390 674
1483400 673
1483410 673
1483420 673
1483430 672
1483440 672
1483450 672
1483460 672
1483470 672
1483480 672
1483490 672
1483500 672
1483510 672
1483520 672
1483530 672
1483540 672
1483550 673
1483560 673
1483570 673
1483580 672
1483590 672
1483600 672
1483610 672
1483620 672
1483630 672
1483640 672
1483650 673
1483660 673
1483670 673
1483680 673
1483690 673
1483700 674
1483710 675
1483720 676
1483730 676
1483740 677
1483750 678
1483760 678
1483770 679
1483780 679
1483790 679
1483800 681
1483810 683
1483820 683
1483830 685
1483840 686
1483850 686
1483860 687
1483870 688
1483880 688
1483890 689
1483900 690
1483910 690
1483920 690
1483930 693
1483940 693
1483950 694
1483960 696
1483970 696
1483980 698
1483990 700
1484000 700
1484010 702
1484020 703
1484030 703
1484040 704
1484050 704
1484060 704
1484070 704
1484080 704
1484090 706
1484100 706
1484110 708
1484120 709
1484130 709
1484140 711
1484150 712
1484160 712
1484170 713
1484180 714
1484190 714
1484200 715
1484210 717
1484220 717
1484230 718
1484240 720
1484250 720
1484260 721
1484270 721
1484280 721
1484290 722
1484300 722
1484310 722
1484320 723
1484330 723
1484340 723
1484350 723
1484360 723
1484370 723
1484380 723
1484390 724
1484400 724
1484410 726
1484420 728
1484430 728
1484440 729
1484450 731
1484460 733
1484470 733
1484480 734
1484490 735
1484500 735
1484510 737
1484520 738
1484530 738
1484540 739
1484550 738
1484560 738
1484570 738
1484580 740
1484590 740
1484600 742
1484610 742
1484620 742
1484630 742
1484640 741
1484650 741
1484660 742
1484670 743
1484680 743
1484690 743
1484700 743
1484710 743
1484720 743
1484730 743
1484740 743
1484750 743
1484760 743
1484770 743
1484780 742
1484790 741
1484800 741
1484810 740
1484820 739
1484830 738
1484840 738
1484850 738
1484860 737
1484870 737
1484880 736
1484890 736
1484900 736
1484910 737
1484920 739
1484930 739
1484940 740
1484950 741
1484960 741
1484970 742
1484980 742
1484990 742
1485000 743
1485010 744
1485020 744
1485030 744
1485040 745
1485050 745
1485060 744
1485070 743
1485080 743
1485090 743
1485100 742
1485110 742
1485120 741
1485130 741
1485140 741
1485150 741
1485160 741
1485170 741
1485180 740
1485190 740
1485200 743
1485210 743
1485220 746
1485230 748
1485240 748
1485250 749
1485260 750
1485270 750
1485280 750
1485290 750
1485300 750
1485310 749
1485320 749
1485330 749
1485340 748
1485350 748
1485360 748
1485370 748
1485380 748
1485390 748
1485400 749
1485410 749
1485420 749
1485430 750
1485440 751
1485450 751
1485460 751
1485470 751
1485480 751
1485490 751
1485500 751
1485510 751
1485520 749
1485530 749
1485540 749
1485550 749
1485560 748
1485570 749
1485580 749
1485590 749
1485600 748
1485610 748
1485620 745
1485630 744
1485640 744
1485650 745
1485660 745
1485670 745
1485680 744
1485690 743
1485700 743
1485710 741
1485720 740
1485730 740
1485740 740
1485750 740
1485760 740
1485770 740
1485780 739
1485790 739
1485800 738
1485810 738
1485820 738
1485830 738
1485840 738
1485850 738
1485860 738
1485870 738
1485880 738
1485890 738
1485900 738
1485910 738
1485920 737
1485930 737
1485940 737
1485950 737
1485960 737
1485970 737
1485980 737
1485990 737
1486000 737
1486010 737
1486020 737
1486030 738
1486040 738
1486050 738
1486060 739
1486070 739
1486080 740
1486090 740
1486100 740
1486110 741
1486120 742
1486130 742
1486140 742
1486150 743
1486160 743
1486170 744
1486180 745
1486190 745
1486200 746
1486210 746
1486220 746
1486230 747
1486240 747
1486250 747
1486260 748
1486270 749
1486280 749
1486290 751
1486300 752
1486310 752
1486320 754
1486330 755
1486340 757
1486350 757
1486360 759
1486370 761
1486380 761
1486390 762
1486400 764
1486410 764
1486420 765
1486430 766
1486440 766
1486450 767
1486460 769
1486470 769
1486480 770
1486490 771
1486500 771
1486510 771
1486520 772
1486530 772
1486540 773
1486550 774
1486560 774
1486570 775
1486580 776
1486590 776
1486600 776
1486610 776
1486620 776
1486630 776
1486640 775
1486650 775
1486660 775
1486670 774
1486680 774
1486690 774
1486700 774
1486710 773
1486720 773
1486730 772
1486740 771
1486750 771
1486760 770
1486770 769
1486780 769
1486790 766
1486800 765
1486810 765
1486820 764
1486830 764
1486840 764
1486850 763
1486860 762
1486870 762
1486880 762
1486890 761
1486900 761
1486910 760
1486920 759
1486930 759
1486940 757
1486950 754
1486960 754
1486970 752
1486980 752
1486990 752
1487000 752
1487010 751
1487020 751
1487030 752
1487040 753
1487050 753
1487060 753
1487070 753
1487080 753
1487090 753
1487100 752
1487110 751
1487120 751
1487130 751
1487140 750
1487150 750
1487160 749
1487170 747
1487180 747
1487190 746
1487200 743
1487210 743
1487220 740
1487230 737
1487240 737
1487250 734
1487260 731
1487270 731
1487280 730
1487290 729
1487300 729
1487310 728
1487320 728
1487330 728
1487340 728
1487350 728
1487360 728
1487370 726
1487380 725
1487390 725
1487400 725
1487410 724
1487420 724
1487430 722
1487440 719
1487450 710
1487460 710
1487470 705
1487480 703
1487490 703
1487500 711
1487510 718
1487520 718
1487530 722
1487540 727
1487550 727
1487560 731
1487570 732
1487580 732
1487590 731
1487600 731
1487610 731
1487620 735
1487630 741
1487640 741
1487650 744
1487660 745
1487670 745
1487680 747
1487690 748
1487700 748
1487710 748
1487720 749
1487730 749
1487740 749
1487750 750
1487760 750
1487770 750
1487780 750
1487790 750
1487800 749
1487810 749
1487820 748
1487830 748
1487840 747
1487850 746
1487860 746
1487870 745
1487880 743
1487890 743
1487900 741
1487910 738
1487920 738
1487930 737
1487940 735
1487950 735
1487960 734
1487970 734
1487980 734
1487990 733
1488000 732
1488010 732
1488020 731
1488030 729
1488040 729
1488050 728
1488060 726
1488070 726
1488080 723
1488090 719
1488100 719
1488110 716
1488120 713
1488130 713
1488140 712
1488150 716
1488160 716
1488170 718
1488180 717
1488190 714
1488200 714
1488210 710
1488220 706
1488230 706
1488240 701
1488250 701
1488260 701
1488270 703
1488280 705
1488290 705
1488300 704
1488310 705
1488320 705
1488330 702
1488340 699
1488350 699
1488360 699
1488370 696
1488380 696
1488390 690
1488400 683
1488410 683
1488420 677
1488430 673
1488440 673
1488450 670
1488460 675
1488470 675
1488480 673
1488490 670
1488500 670
1488510 666
1488520 664
1488530 664
1488540 661
1488550 659
1488560 658
1488570 658
1488580 657
1488590 656
1488600 656
1488610 654
1488620 652
1488630 652
1488640 650
1488650 647
1488660 647
1488670 645
1488680 643
1488690 643
1488700 641
1488710 638
1488720 638
1488730 634
1488740 632
1488750 632
1488760 629
1488770 627
1488780 627
1488790 626
1488800 626
1488810 626
1488820 626
1488830 626
1488840 626
1488850 625
1488860 625
1488870 625
1488880 624
1488890 624
1488900 624
1488910 625
1488920 623
1488930 623
1488940 623
1488950 622
1488960 622
1488970 622
1488980 621
1488990 621
1489000 621
1489010 621
1489020 621
1489030 621
1489040 621
1489050 622
1489060 622
1489070 622
1489080 622
1489090 622
1489100 622
1489110 620
1489120 620
1489130 620
1489140 621
1489150 621
1489160 623
1489170 623
1489180 623
1489190 623
1489200 622
1489210 622
1489220 622
1489230 626
1489240 626
1489250 629
1489260 629
1489270 629
1489280 630
1489290 630
1489300 630
1489310 630
1489320 630
1489330 629
1489340 629
1489350 628
1489360 628
1489370 628
1489380 627
1489390 630
1489400 630
1489410 628
1489420 628
1489430 628
1489440 627
1489450 627
1489460 627
1489470 628
1489480 628
1489490 628
1489500 629
1489510 629
1489520 629
1489530 629
1489540 629
1489550 629
1489560 629
1489570 630
1489580 630
1489590 630
1489600 631
1489610 631
1489620 631
1489630 631
1489640 631
1489650 632
1489660 632
1489670 632
1489680 632
1489690 633
1489700 633
1489710 633
1489720 633
1489730 634
1489740 634
1489750 635
1489760 635
1489770 635
1489780 635
1489790 636
1489800 636
1489810 635
1489820 636
1489830 636
1489840 636
1489850 638
1489860 638
1489870 638
1489880 638
1489890 638
1489900 639
1489910 640
1489920 640
1489930 641
1489940 641
1489950 641
1489960 642
1489970 644
1489980 644
1489990 645
1490000 648
1490010 648
1490020 651
1490030 655
1490040 659
1490050 659
1490060 664
1490070 670
1490080 670
1490090 674
1490100 676
1490110 676
1490120 676
1490130 674
1490140 674
1490150 672
1490160 672
1490170 672
1490180 672
1490190 674
1490200 674
1490210 675
1490220 677
1490230 677
1490240 679
1490250 680
1490260 680
1490270 680
1490280 681
1490290 681
1490300 683
1490310 684
1490320 684
1490330 685
1490340 686
1490350 686
1490360 687
1490370 689
1490380 689
1490390 691
1490400 694
1490410 697
1490420 697
1490430 700
1490440 701
1490450 701
1490460 702
1490470 700
1490480 700
1490490 698
1490500 695
1490510 695
1490520 690
1490530 683
1490540 683
1490550 682
1490560 683
1490570 683
1490580 683
1490590 683
1490600 683
1490610 683
1490620 681
1490630 681
1490640 682
1490650 682
1490660 682
1490670 684
1490680 689
1490690 689
1490700 694
1490710 697
1490720 697
1490730 699
1490740 701
1490750 701
1490760 701
1490770 703
1490780 703
1490790 703
1490800 702
1490810 699
1490820 699
1490830 695
1490840 691
1490850 691
1490860 688
1490870 687
1490880 687
1490890 687
1490900 684
1490910 684
1490920 680
1490930 679
1490940 679
1490950 681
1490960 686
1490970 686
1490980 686
1490990 685
1491000 685
1491010 684
1491020 685
1491030 685
1491040 687
1491050 688
1491060 688
1491070 691
1491080 684
1491090 684
1491100 676
1491110 668
1491120 668
1491130 661
1491140 657
1491150 657
1491160 657
1491170 656
1491180 655
1491190 655
1491200 654
1491210 654
1491220 654
1491230 652
1491240 650
1491250 650
1491260 649
1491270 649
1491280 649
1491290 649
1491300 649
1491310 649
1491320 650
1491330 650
1491340 650
1491350 651
1491360 651
1491370 651
1491380 651
1491390 652
1491400 652
1491410 652
1491420 652
1491430 652
1491440 652
1491450 651
1491460 651
1491470 652
1491480 652
1491490 652
1491500 653
1491510 654
1491520 654
1491530 654
1491540 656
1491550 657
1491560 657
1491570 659
1491580 661
1491590 661
1491600 660
1491610 660
1491620 660
1491630 662
1491640 667
1491650 667
1491660 671
1491670 676
1491680 676
1491690 680
1491700 683
1491710 683
1491720 687
1491730 689
1491740 689
1491750 689
1491760 687
1491770 687
1491780 688
1491790 688
1491800 688
1491810 687
1491820 689
1491830 689
1491840 692
1491850 692
1491860 692
1491870 690
1491880 688
1491890 688
1491900 689
1491910 688
1491920 690
1491930 690
1491940 695
1491950 701
1491960 701
1491970 704
1491980 706
1491990 706
1492000 710
1492010 715
1492020 715
1492030 722
1492040 728
1492050 728
1492060 730
1492070 732
1492080 732
1492090 734
1492100 736
1492110 736
1492120 738
1492130 740
1492140 740
1492150 743
1492160 747
1492170 747
1492180 750
1492190 753
1492200 753
1492210 755
1492220 757
1492230 757
1492240 759
1492250 762
1492260 762
1492270 764
1492280 766
1492290 768
1492300 768
1492310 770
1492320 772
1492330 772
1492340 775
1492350 778
1492360 778
1492370 781
1492380 784
1492390 784
1492400 788
1492410 791
1492420 791
1492430 794
1492440 797
1492450 797
1492460 800
1492470 802
1492480 802
1492490 805
1492500 807
1492510 807
1492520 808
1492530 810
1492540 810
1492550 813
1492560 815
1492570 815
1492580 817
1492590 818
1492600 818
1492610 820
1492620 822
1492630 822
1492640 824
1492650 825
1492660 825
1492670 825
1492680 826
1492690 826
1492700 826
1492710 825
1492720 825
1492730 825
1492740 825
1492750 825
1492760 825
1492770 824
1492780 823
1492790 823
1492800 822
1492810 820
1492820 820
1492830 818
1492840 816
1492850 816
1492860 812
1492870 809
1492880 809
1492890 807
1492900 806
1492910 806
1492920 806
1492930 806
1492940 806
1492950 806
1492960 805
1492970 805
1492980 805
1492990 806
1493000 806
1493010 805
1493020 805
1493030 805
1493040 805
1493050 804
1493060 804
1493070 804
1493080 803
1493090 802
1493100 802
1493110 804
1493120 804
1493130 804
1493140 804
1493150 804
1493160 804
1493170 804
1493180 804
1493190 804
1493200 804
1493210 804
1493220 804
1493230 804
1493240 804
1493250 804
1493260 804
1493270 804
1493280 804
1493290 804
1493300 804
1493310 804
1493320 804
1493330 804
1493340 804
1493350 803
1493360 802
1493370 802
1493380 802
1493390 803
1493400 803
1493410 803
1493420 804
1493430 805
1493440 805
1493450 806
1493460 806
1493470 806
1493480 807
1493490 806
1493500 806
1493510 807
1493520 810
1493530 810
1493540 813
1493550 815
1493560 815
1493570 816
1493580 817
1493590 817
1493600 817
1493610 818
1493620 818
1493630 819
1493640 820
1493650 820
1493660 820
1493670 819
1493680 819
1493690 818
1493700 818
1493710 818
1493720 820
1493730 821
1493740 821
1493750 820
1493760 820
1493770 820
1493780 820
1493790 822
1493800 823
1493810 823
1493820 824
1493830 824
1493840 824
1493850 824
1493860 824
1493870 824
1493880 824
1493890 823
1493900 823
1493910 817
1493920 822
1493930 822
1493940 824
1493950 824
1493960 824
1493970 824
1493980 824
1493990 824
1494000 824
1494010 824
1494020 824
1494030 824
1494040 824
1494050 824
1494060 824
1494070 822
1494080 822
1494090 820
1494100 819
1494110 819
1494120 814
1494130 808
1494140 805
1494150 805
1494160 808
1494170 811
1494180 811
1494190 812
1494200 813
1494210 813
1494220 812
1494230 813
1494240 813
1494250 812
1494260 810
1494270 810
1494280 809
1494290 808
1494300 808
1494310 805
1494320 801
1494330 801
1494340 800
1494350 804
1494360 804
1494370 810
1494380 812
1494390 812
1494400 812
1494410 813
1494420 813
1494430 811
1494440 806
1494450 806
1494460 804
1494470 806
1494480 806
1494490 807
1494500 809
1494510 814
1494520 814
1494530 817
1494540 818
1494550 818
1494560 819
1494570 821
1494580 821
1494590 822
1494600 823
1494610 823
1494620 823
1494630 823
1494640 823
1494650 823
1494660 823
1494670 823
1494680 822
1494690 821
1494700 821
1494710 818
1494720 817
1494730 817
1494740 816
1494750 814
1494760 814
1494770 813
1494780 810
1494790 810
1494800 807
1494810 810
1494820 810
1494830 815
1494840 821
1494850 821
1494860 823
1494870 822
1494880 822
1494890 822
1494900 821
1494910 820
1494920 820
1494930 822
1494940 823
1494950 823
1494960 824
1494970 821
1494980 821
1494990 821
1495000 822
1495010 822
1495020 823
1495030 823
1495040 823
1495050 822
1495060 823
1495070 823
1495080 828
1495090 831
1495100 831
1495110 833
1495120 835
1495130 835
1495140 835
1495150 835
1495160 835
1495170 833
1495180 828
1495190 828
1495200 822
1495210 817
1495220 817
1495230 814
1495240 811
1495250 812
1495260 812
1495270 816
1495280 822
1495290 822
1495300 827
1495310 831
1495320 831
1495330 832
1495340 831
1495350 831
1495360 830
1495370 828
1495380 828
1495390 825
1495400 822
1495410 822
1495420 815
1495430 817
1495440 817
1495450 817
1495460 818
1495470 818
1495480 819
1495490 823
1495500 823
1495510 821
1495520 817
1495530 817
1495540 816
1495550 813
1495560 813
1495570 807
1495580 808
1495590 808
1495600 810
1495610 811
1495620 812
1495630 812
1495640 813
1495650 815
1495660 815
1495670 817
1495680 820
1495690 820
1495700 822
1495710 824
1495720 824
1495730 825
1495740 826
1495750 826
1495760 827
1495770 828
1495780 828
1495790 830
1495800 832
1495810 832
1495820 833
1495830 834
1495840 834
1495850 834
1495860 835
1495870 835
1495880 835
1495890 836
1495900 836
1495910 836
1495920 836
1495930 836
1495940 836
1495950 835
1495960 835
1495970 832
1495980 829
1495990 833
1496000 833
1496010 835
1496020 836
1496030 836
1496040 835
1496050 834
1496060 834
1496070 833
1496080 828
1496090 828
1496100 823
1496110 821
1496120 821
1496130 823
1496140 826
1496150 826
1496160 828
1496170 829
1496180 829
1496190 828
1496200 826
1496210 826
1496220 830
1496230 832
1496240 832
1496250 833
1496260 832
1496270 832
1496280 832
1496290 831
1496300 831
1496310 829
1496320 828
1496330 828
1496340 827
1496350 827
1496360 827
1496370 827
1496380 827
1496390 828
1496400 828
1496410 828
1496420 829
1496430 829
1496440 830
1496450 829
1496460 829
1496470 828
1496480 826
1496490 826
1496500 826
1496510 828
1496520 828
1496530 827
1496540 826
1496550 826
1496560 827
1496570 828
1496580 828
1496590 829
1496600 828
1496610 828
1496620 828
1496630 827
1496640 827
1496650 826
1496660 825
1496670 825
1496680 824
1496690 824
1496700 824
1496710 823
1496720 822
1496730 821
1496740 821
1496750 821
1496760 820
1496770 820
1496780 820
1496790 819
1496800 819
1496810 818
1496820 818
1496830 818
1496840 818
1496850 817
1496860 817
1496870 818
1496880 819
1496890 819
1496900 818
1496910 816
1496920 816
1496930 815
1496940 814
1496950 814
1496960 813
1496970 811
1496980 811
1496990 810
1497000 807
1497010 807
1497020 805
1497030 805
1497040 805
1497050 805
1497060 808
1497070 808
1497080 810
1497090 809
1497100 809
1497110 808
1497120 807
1497130 806
1497140 806
1497150 806
1497160 805
1497170 805
1497180 804
1497190 801
1497200 801
1497210 801
1497220 800
1497230 800
1497240 799
1497250 799
1497260 799
1497270 799
1497280 799
1497290 799
1497300 801
1497310 802
1497320 802
1497330 803
1497340 810
1497350 810
1497360 813
1497370 814
1497380 814
1497390 817
1497400 818
1497410 818
1497420 821
1497430 824
1497440 824
1497450 827
1497460 831
1497470 831
1497480 834
1497490 838
1497500 840
1497510 840
1497520 843
1497530 846
1497540 846
1497550 848
1497560 851
1497570 851
1497580 854
1497590 857
1497600 857
1497610 861
1497620 867
1497630 867
1497640 870
1497650 872
1497660 872
1497670 873
1497680 875
1497690 875
1497700 877
1497710 881
1497720 881
1497730 883
1497740 886
1497750 886
1497760 889
1497770 892
1497780 892
1497790 896
1497800 899
1497810 899
1497820 902
1497830 904
1497840 904
1497850 906
1497860 907
1497870 907
1497880 907
1497890 909
1497900 912
1497910 912
1497920 914
1497930 916
1497940 916
1497950 918
1497960 919
1497970 919
1497980 920
1497990 920
1498000 920
1498010 920
1498020 921
1498030 921
1498040 923
1498050 925
1498060 925
1498070 926
1498080 927
1498090 927
1498100 927
1498110 928
1498120 928
1498130 928
1498140 928
1498150 928
1498160 929
1498170 929
1498180 929
1498190 929
1498200 930
1498210 930
1498220 931
1498230 932
1498240 932
1498250 932
1498260 932
1498270 932
1498280 932
1498290 933
1498300 934
1498310 934
1498320 937
1498330 938
1498340 938
1498350 941
1498360 943
1498370 943
1498380 945
1498390 947
1498400 947
1498410 949
1498420 952
1498430 952
1498440 954
1498450 956
1498460 956
1498470 958
1498480 961
1498490 961
1498500 964
1498510 966
1498520 966
1498530 969
1498540 971
1498550 971
1498560 974
1498570 976
1498580 976
1498590 979
1498600 981
1498610 982
1498620 982
1498630 984
1498640 986
1498650 986
1498660 987
1498670 989
1498680 989
1498690 989
1498700 989
1498710 989
1498720 989
1498730 990
1498740 990
1498750 990
1498760 990
1498770 990
1498780 990
1498790 991
1498800 991
1498810 991
1498820 991
1498830 991
1498840 990
1498850 990
1498860 990
1498870 990
1498880 989
1498890 989
1498900 988
1498910 986
1498920 986
1498930 982
1498940 977
1498950 977
1498960 980
1498970 978
1498980 974
1498990 974
1499000 972
1499010 970
1499020 970
1499030 967
1499040 964
1499050 964
1499060 959
1499070 955
1499080 955
1499090 952
1499100 955
1499110 955
1499120 958
1499130 958
1499140 958
1499150 957
1499160 956
1499170 956
1499180 958
1499190 960
1499200 960
1499210 963
1499220 967
1499230 967
1499240 971
1499250 976
1499260 976
1499270 980
1499280 983
1499290 983
1499300 987
1499310 991
1499320 991
1499330 994
1499340 997
1499350 1001
1499360 1001
1499370 1005
1499380 1009
1499390 1009
1499400 1012
1499410 1014
1499420 1014
1499430 1015
1499440 1014
1499450 1014
1499460 1013
1499470 1011
1499480 1011
1499490 1010
1499500 1008
1499510 1008
1499520 1007
1499530 1011
1499540 1011
1499550 1016
1499560 1021
1499570 1021
1499580 1025
1499590 1028
1499600 1028
1499610 1031
1499620 1035
1499630 1035
1499640 1040
1499650 1044
1499660 1044
1499670 1049
1499680 1054
1499690 1054
1499700 1059
1499710 1064
1499720 1068
1499730 1068
1499740 1073
1499750 1079
1499760 1079
1499770 1083
1499780 1086
1499790 1086
1499800 1090
1499810 1095
1499820 1095
1499830 1101
1499840 1105
1499850 1105
1499860 1108
1499870 1111
1499880 1111
1499890 1115
1499900 1117
1499910 1117
1499920 1120
1499930 1122
1499940 1122
1499950 1124
1499960 1127
1499970 1127
1499980 1129
1499990 1130
