1480000 762
1480010 762
1480020 759
1480030 759
1480040 753
1480050 752
1480060 752
1480070 756
1480080 753
1480090 753
1480100 749
1480110 745
1480120 745
1480130 739
1480140 738
1480150 738
1480160 741
1480170 745
1480180 745
1480190 752
1480200 762
1480210 762
1480220 770
1480230 776
1480240 776
1480250 782
1480260 787
1480270 787
1480280 793
1480290 799
1480300 799
1480310 804
1480320 809
1480330 814
1480340 814
1480350 819
1480360 824
1480370 824
1480380 829
1480390 833
1480400 833
1480410 838
1480420 842
1480430 842
1480440 847
1480450 851
1480460 851
1480470 856
1480480 863
1480490 863
1480500 869
1480510 875
1480520 875
1480530 880
1480540 885
1480550 885
1480560 889
1480570 891
1480580 891
1480590 894
1480600 899
1480610 899
1480620 905
1480630 909
1480640 909
1480650 914
1480660 920
1480670 920
1480680 925
1480690 931
1480700 931
1480710 937
1480720 944
1480730 950
1480740 950
1480750 956
1480760 963
1480770 963
1480780 971
1480790 978
1480800 978
1480810 985
1480820 993
1480830 993
1480840 1002
1480850 1010
1480860 1010
1480870 1020
1480880 1030
1480890 1030
1480900 1038
1480910 1043
1480920 1043
1480930 1045
1480940 1046
1480950 1046
1480960 1046
1480970 1046
1480980 1046
1480990 1045
1481000 1043
1481010 1043
1481020 1042
1481030 1040
1481040 1040
1481050 1039
1481060 1038
1481070 1038
1481080 1038
1481090 1037
1481100 1037
1481110 1037
1481120 1037
1481130 1037
1481140 1037
1481150 1037
1481160 1036
1481170 1036
1481180 1036
1481190 1036
1481200 1036
1481210 1036
1481220 1037
1481230 1037
1481240 1037
1481250 1037
1481260 1037
1481270 1036
1481280 1033
1481290 1033
1481300 1033
1481310 1035
1481320 1035
1481330 1037
1481340 1036
1481350 1036
1481360 1033
1481370 1030
1481380 1030
1481390 1026
1481400 1022
1481410 1022
1481420 1020
1481430 1019
1481440 1019
1481450 1019
1481460 1017
1481470 1016
1481480 1016
1481490 1014
1481500 1012
1481510 1012
1481520 1008
1481530 1003
1481540 1003
1481550 1000
1481560 996
1481570 996
1481580 992
1481590 988
1481600 988
1481610 984
1481620 979
1481630 979
1481640 976
1481650 972
1481660 972
1481670 970
1481680 967
1481690 967
1481700 963
1481710 957
1481720 957
1481730 952
1481740 948
1481750 948
1481760 943
1481770 940
1481780 940
1481790 936
1481800 931
1481810 931
1481820 927
1481830 923
1481840 916
1481850 916
1481860 909
1481870 904
1481880 904
1481890 899
1481900 893
1481910 893
1481920 889
1481930 883
1481940 883
1481950 879
1481960 874
1481970 874
1481980 869
1481990 864
1482000 864
1482010 859
1482020 854
1482030 854
1482040 850
1482050 846
1482060 846
1482070 842
1482080 837
1482090 837
1482100 833
1482110 829
1482120 829
1482130 825
1482140 821
1482150 821
1482160 816
1482170 811
1482180 811
1482190 808
1482200 805
1482210 801
1482220 801
1482230 797
1482240 793
1482250 793
1482260 790
1482270 786
1482280 786
1482290 782
1482300 778
1482310 778
1482320 773
1482330 768
1482340 768
1482350 763
1482360 759
1482370 759
1482380 754
1482390 749
1482400 749
1482410 744
1482420 740
1482430 740
1482440 735
1482450 731
1482460 731
1482470 726
1482480 721
1482490 721
1482500 716
1482510 710
1482520 710
1482530 704
1482540 699
1482550 699
1482560 696
1482570 692
1482580 690
1482590 690
1482600 688
1482610 686
1482620 686
1482630 684
1482640 681
1482650 681
1482660 677
1482670 673
1482680 673
1482690 670
1482700 669
1482710 669
1482720 667
1482730 662
1482740 662
1482750 655
1482760 644
1482770 644
1482780 637
1482790 630
1482800 630
1482810 620
1482820 614
1482830 614
1482840 611
1482850 610
1482860 610
1482870 613
1482880 618
1482890 618
1482900 624
1482910 632
1482920 632
1482930 648
1482940 659
1482950 659
1482960 663
1482970 664
1482980 664
1482990 664
1483000 666
1483010 667
1483020 667
1483030 668
1483040 667
1483050 667
1483060 667
1483070 667
1483080 667
1483090 667
1483100 667
1483110 667
1483120 667
1483130 668
1483140 668
1483150 668
1483160 669
1483170 669
1483180 668
1483190 668
1483200 668
1483210 669
1483220 669
1483230 669
1483240 669
1483250 670
1483260 670
1483270 670
1483280 671
1483290 671
1483300 672
1483310 673
1483320 673
1483330 674
1483340 675
1483350 677
1483360 677
1483370 679
1483380 680
1483390 680
1483400 680
1483410 682
1483420 682
1483430 683
1483440 684
1483450 684
1483460 685
1483470 686
1483480 686
1483490 687
1483500 687
1483510 687
1483520 688
1483530 689
1483540 689
1483550 690
1483560 691
1483570 691
1483580 692
1483590 693
1483600 693
1483610 694
1483620 695
1483630 695
1483640 696
1483650 698
1483660 698
1483670 700
1483680 702
1483690 702
1483700 704
1483710 706
1483720 709
1483730 709
1483740 710
1483750 710
1483760 710
1483770 711
1483780 711
1483790 711
1483800 711
1483810 712
1483820 712
1483830 712
1483840 713
1483850 713
1483860 714
1483870 714
1483880 714
1483890 714
1483900 715
1483910 715
1483920 717
1483930 718
1483940 718
1483950 718
1483960 719
1483970 719
1483980 721
1483990 723
1484000 723
1484010 725
1484020 727
1484030 727
1484040 729
1484050 731
1484060 731
1484070 733
1484080 734
1484090 736
1484100 736
1484110 737
1484120 739
1484130 739
1484140 740
1484150 741
1484160 741
1484170 742
1484180 743
1484190 743
1484200 744
1484210 746
1484220 746
1484230 747
1484240 748
1484250 748
1484260 749
1484270 750
1484280 750
1484290 750
1484300 750
1484310 750
1484320 750
1484330 749
1484340 749
1484350 749
1484360 749
1484370 749
1484380 748
1484390 748
1484400 748
1484410 748
1484420 747
1484430 747
1484440 746
1484450 745
1484460 745
1484470 745
1484480 745
1484490 745
1484500 745
1484510 742
1484520 742
1484530 742
1484540 742
1484550 742
1484560 742
1484570 741
1484580 740
1484590 740
1484600 740
1484610 739
1484620 739
1484630 739
1484640 739
1484650 739
1484660 739
1484670 740
1484680 740
1484690 741
1484700 742
1484710 742
1484720 743
1484730 745
1484740 745
1484750 745
1484760 746
1484770 746
1484780 746
1484790 746
1484800 746
1484810 747
1484820 747
1484830 746
1484840 746
1484850 746
1484860 745
1484870 745
1484880 744
1484890 744
1484900 744
1484910 743
1484920 743
1484930 743
1484940 743
1484950 742
1484960 742
1484970 741
1484980 741
1484990 741
1485000 740
1485010 740
1485020 740
1485030 739
1485040 739
1485050 739
1485060 738
1485070 738
1485080 738
1485090 737
1485100 736
1485110 736
1485120 735
1485130 734
1485140 734
1485150 732
1485160 731
1485170 731
1485180 729
1485190 727
1485200 725
1485210 725
1485220 724
1485230 723
1485240 723
1485250 722
1485260 721
1485270 721
1485280 720
1485290 719
1485300 719
1485310 718
1485320 718
1485330 718
1485340 718
1485350 716
1485360 716
1485370 710
1485380 703
1485390 703
1485400 697
1485410 691
1485420 691
1485430 684
1485440 679
1485450 679
1485460 674
1485470 669
1485480 669
1485490 665
1485500 668
1485510 668
1485520 675
1485530 682
1485540 682
1485550 688
1485560 694
1485570 694
1485580 699
1485590 706
1485600 713
1485610 713
1485620 715
1485630 716
1485640 716
1485650 717
1485660 718
1485670 718
1485680 719
1485690 719
1485700 719
1485710 719
1485720 718
1485730 718
1485740 716
1485750 714
1485760 714
1485770 711
1485780 709
1485790 709
1485800 708
1485810 706
1485820 706
1485830 705
1485840 704
1485850 704
1485860 703
1485870 703
1485880 703
1485890 703
1485900 702
1485910 702
1485920 701
1485930 701
1485940 701
1485950 700
1485960 700
1485970 699
1485980 699
1485990 699
1486000 699
1486010 699
1486020 699
1486030 699
1486040 699
1486050 700
1486060 701
1486070 701
1486080 701
1486090 701
1486100 701
1486110 702
1486120 703
1486130 703
1486140 705
1486150 705
1486160 705
1486170 706
1486180 706
1486190 706
1486200 707
1486210 709
1486220 709
1486230 710
1486240 711
1486250 711
1486260 711
1486270 712
1486280 712
1486290 713
1486300 714
1486310 714
1486320 715
1486330 717
1486340 719
1486350 719
1486360 721
1486370 723
1486380 723
1486390 724
1486400 725
1486410 725
1486420 725
1486430 722
1486440 722
1486450 718
1486460 716
1486470 716
1486480 714
1486490 712
1486500 712
1486510 708
1486520 703
1486530 703
1486540 705
1486550 707
1486560 707
1486570 707
1486580 708
1486590 708
1486600 707
1486610 706
1486620 706
1486630 704
1486640 702
1486650 702
1486660 701
1486670 700
1486680 700
1486690 699
1486700 698
1486710 694
1486720 694
1486730 691
1486740 688
1486750 688
1486760 684
1486770 678
1486780 678
1486790 672
1486800 673
1486810 673
1486820 673
1486830 675
1486840 675
1486850 678
1486860 677
1486870 677
1486880 676
1486890 674
1486900 674
1486910 672
1486920 671
1486930 671
1486940 669
1486950 667
1486960 667
1486970 666
1486980 665
1486990 665
1487000 664
1487010 659
1487020 659
1487030 650
1487040 642
1487050 642
1487060 635
1487070 631
1487080 636
1487090 636
1487100 643
1487110 647
1487120 647
1487130 653
1487140 663
1487150 663
1487160 671
1487170 674
1487180 674
1487190 674
1487200 675
1487210 675
1487220 675
1487230 676
1487240 676
1487250 676
1487260 676
1487270 676
1487280 676
1487290 676
1487300 676
1487310 676
1487320 676
1487330 676
1487340 676
1487350 676
1487360 676
1487370 676
1487380 673
1487390 673
1487400 667
1487410 661
1487420 661
1487430 657
1487440 654
1487450 648
1487460 648
1487470 642
1487480 638
1487490 638
1487500 634
1487510 630
1487520 630
1487530 626
1487540 622
1487550 622
1487560 618
1487570 613
1487580 613
1487590 612
1487600 612
1487610 612
1487620 612
1487630 612
1487640 612
1487650 612
1487660 612
1487670 612
1487680 612
1487690 613
1487700 613
1487710 613
1487720 610
1487730 610
1487740 607
1487750 607
1487760 607
1487770 608
1487780 610
1487790 610
1487800 610
1487810 610
1487820 610
1487830 611
1487840 612
1487850 613
1487860 613
1487870 615
1487880 616
1487890 616
1487900 618
1487910 618
1487920 618
1487930 618
1487940 618
1487950 618
1487960 619
1487970 622
1487980 622
1487990 624
1488000 625
1488010 625
1488020 628
1488030 631
1488040 631
1488050 633
1488060 634
1488070 634
1488080 637
1488090 641
1488100 641
1488110 642
1488120 644
1488130 644
1488140 649
1488150 653
1488160 653
1488170 651
1488180 653
1488190 653
1488200 652
1488210 652
1488220 654
1488230 654
1488240 655
1488250 657
1488260 657
1488270 658
1488280 659
1488290 659
1488300 662
1488310 665
1488320 665
1488330 668
1488340 671
1488350 671
1488360 673
1488370 676
1488380 676
1488390 679
1488400 681
1488410 681
1488420 683
1488430 687
1488440 687
1488450 691
1488460 695
1488470 695
1488480 693
1488490 693
1488500 693
1488510 696
1488520 697
1488530 697
1488540 696
1488550 697
1488560 697
1488570 698
1488580 699
1488590 702
1488600 702
1488610 706
1488620 710
1488630 710
1488640 713
1488650 716
1488660 716
1488670 719
1488680 719
1488690 719
1488700 720
1488710 719
1488720 719
1488730 719
1488740 718
1488750 718
1488760 718
1488770 718
1488780 718
1488790 718
1488800 720
1488810 720
1488820 721
1488830 722
1488840 722
1488850 720
1488860 718
1488870 718
1488880 719
1488890 720
1488900 720
1488910 721
1488920 723
1488930 723
1488940 725
1488950 727
1488960 729
1488970 729
1488980 730
1488990 730
1489000 730
1489010 729
1489020 728
1489030 728
1489040 729
1489050 730
1489060 730
1489070 729
1489080 725
1489090 725
1489100 727
1489110 730
1489120 730
1489130 734
1489140 737
1489150 737
1489160 740
1489170 744
1489180 744
1489190 745
1489200 747
1489210 747
1489220 748
1489230 749
1489240 749
1489250 753
1489260 759
1489270 759
1489280 762
1489290 765
1489300 765
1489310 767
1489320 770
1489330 773
1489340 773
1489350 775
1489360 775
1489370 775
1489380 775
1489390 774
1489400 774
1489410 774
1489420 773
1489430 773
1489440 772
1489450 770
1489460 770
1489470 767
1489480 764
1489490 764
1489500 761
1489510 757
1489520 757
1489530 753
1489540 749
1489550 749
1489560 745
1489570 747
1489580 747
1489590 750
1489600 751
1489610 751
1489620 751
1489630 751
1489640 751
1489650 752
1489660 752
1489670 752
1489680 753
1489690 754
1489700 755
1489710 755
1489720 756
1489730 756
1489740 756
1489750 757
1489760 757
1489770 757
1489780 757
1489790 757
1489800 757
1489810 757
1489820 757
1489830 757
1489840 757
1489850 757
1489860 757
1489870 757
1489880 758
1489890 758
1489900 760
1489910 762
1489920 762
1489930 761
1489940 755
1489950 755
1489960 751
1489970 746
1489980 746
1489990 740
1490000 734
1490010 734
1490020 728
1490030 729
1490040 729
1490050 734
1490060 738
1490070 741
1490080 741
1490090 747
1490100 750
1490110 750
1490120 751
1490130 751
1490140 751
1490150 750
1490160 749
1490170 749
1490180 749
1490190 749
1490200 749
1490210 749
1490220 749
1490230 749
1490240 750
1490250 751
1490260 751
1490270 752
1490280 754
1490290 754
1490300 755
1490310 757
1490320 757
1490330 761
1490340 764
1490350 764
1490360 766
1490370 768
1490380 768
1490390 771
1490400 774
1490410 774
1490420 777
1490430 780
1490440 780
1490450 784
1490460 786
1490470 789
1490480 789
1490490 791
1490500 794
1490510 794
1490520 796
1490530 799
1490540 799
1490550 801
1490560 803
1490570 803
1490580 805
1490590 807
1490600 807
1490610 808
1490620 809
1490630 809
1490640 811
1490650 812
1490660 812
1490670 813
1490680 813
1490690 813
1490700 814
1490710 814
1490720 814
1490730 815
1490740 815
1490750 815
1490760 815
1490770 814
1490780 814
1490790 813
1490800 811
1490810 811
1490820 809
1490830 806
1490840 802
1490850 802
1490860 799
1490870 795
1490880 795
1490890 792
1490900 790
1490910 790
1490920 788
1490930 782
1490940 782
1490950 775
1490960 770
1490970 770
1490980 764
1490990 758
1491000 758
1491010 760
1491020 765
1491030 765
1491040 769
1491050 771
1491060 771
1491070 775
1491080 778
1491090 778
1491100 779
1491110 779
1491120 779
1491130 779
1491140 778
1491150 778
1491160 778
1491170 777
1491180 777
1491190 777
1491200 776
1491210 775
1491220 775
1491230 775
1491240 775
1491250 775
1491260 775
1491270 775
1491280 775
1491290 776
1491300 776
1491310 776
1491320 776
1491330 776
1491340 776
1491350 776
1491360 776
1491370 776
1491380 776
1491390 776
1491400 776
1491410 776
1491420 776
1491430 776
1491440 776
1491450 776
1491460 776
1491470 776
1491480 776
1491490 776
1491500 775
1491510 772
1491520 772
1491530 767
1491540 762
1491550 762
1491560 759
1491570 756
1491580 754
1491590 754
1491600 750
1491610 745
1491620 745
1491630 741
1491640 737
1491650 737
1491660 735
1491670 730
1491680 730
1491690 721
1491700 710
1491710 710
1491720 700
1491730 696
1491740 696
1491750 699
1491760 702
1491770 702
1491780 704
1491790 707
1491800 707
1491810 711
1491820 716
1491830 716
1491840 717
1491850 715
1491860 715
1491870 715
1491880 718
1491890 718
1491900 719
1491910 717
1491920 717
1491930 715
1491940 714
1491950 713
1491960 713
1491970 711
1491980 710
1491990 710
1492000 709
1492010 708
1492020 708
1492030 707
1492040 706
1492050 706
1492060 706
1492070 706
1492080 706
1492090 706
1492100 705
1492110 705
1492120 704
1492130 703
1492140 703
1492150 702
1492160 701
1492170 701
1492180 699
1492190 699
1492200 699
1492210 697
1492220 696
1492230 696
1492240 696
1492250 696
1492260 696
1492270 696
1492280 696
1492290 696
1492300 696
1492310 694
1492320 692
1492330 692
1492340 691
1492350 688
1492360 688
1492370 687
1492380 686
1492390 686
1492400 684
1492410 683
1492420 683
1492430 683
1492440 682
1492450 682
1492460 681
1492470 682
1492480 682
1492490 683
1492500 683
1492510 683
1492520 685
1492530 688
1492540 688
1492550 691
1492560 691
1492570 691
1492580 690
1492590 694
1492600 694
1492610 697
1492620 699
1492630 699
1492640 702
1492650 704
1492660 704
1492670 706
1492680 708
1492690 711
1492700 711
1492710 715
1492720 719
1492730 719
1492740 722
1492750 722
1492760 722
1492770 723
1492780 727
1492790 727
1492800 732
1492810 739
1492820 739
1492830 744
1492840 749
1492850 749
1492860 750
1492870 752
1492880 752
1492890 756
1492900 755
1492910 755
1492920 754
1492930 755
1492940 755
1492950 755
1492960 753
1492970 753
1492980 750
1492990 744
1493000 744
1493010 737
1493020 733
1493030 733
1493040 730
1493050 727
1493060 727
1493070 725
1493080 723
1493090 720
1493100 720
1493110 715
1493120 715
1493130 715
1493140 716
1493150 714
1493160 714
1493170 713
1493180 713
1493190 713
1493200 714
1493210 712
1493220 712
1493230 712
1493240 713
1493250 713
1493260 714
1493270 715
1493280 715
1493290 716
1493300 718
1493310 718
1493320 719
1493330 720
1493340 720
1493350 720
1493360 719
1493370 719
1493380 719
1493390 718
1493400 718
1493410 717
1493420 719
1493430 719
1493440 717
1493450 714
1493460 710
1493470 710
1493480 708
1493490 706
1493500 706
1493510 705
1493520 703
1493530 703
1493540 702
1493550 702
1493560 702
1493570 701
1493580 700
1493590 700
1493600 700
1493610 699
1493620 699
1493630 699
1493640 698
1493650 698
1493660 698
1493670 698
1493680 698
1493690 696
1493700 697
1493710 697
1493720 696
1493730 695
1493740 695
1493750 695
1493760 695
1493770 695
1493780 695
1493790 695
1493800 695
1493810 697
1493820 697
1493830 698
1493840 698
1493850 701
1493860 705
1493870 705
1493880 706
1493890 705
1493900 705
1493910 705
1493920 704
1493930 704
1493940 699
1493950 698
1493960 698
1493970 699
1493980 698
1493990 698
1494000 699
1494010 699
1494020 699
1494030 700
1494040 708
1494050 708
1494060 712
1494070 713
1494080 713
1494090 713
1494100 714
1494110 714
1494120 715
1494130 718
1494140 718
1494150 721
1494160 725
1494170 725
1494180 724
1494190 727
1494200 729
1494210 729
1494220 729
1494230 730
1494240 730
1494250 730
1494260 731
1494270 731
1494280 732
1494290 735
1494300 735
1494310 736
1494320 736
1494330 736
1494340 738
1494350 738
1494360 738
1494370 744
1494380 748
1494390 748
1494400 749
1494410 749
1494420 749
1494430 749
1494440 748
1494450 748
1494460 749
1494470 749
1494480 749
1494490 749
1494500 749
1494510 749
1494520 749
1494530 750
1494540 750
1494550 750
1494560 750
1494570 750
1494580 750
1494590 748
1494600 746
1494610 746
1494620 745
1494630 746
1494640 746
1494650 742
1494660 735
1494670 735
1494680 730
1494690 733
1494700 733
1494710 740
1494720 749
1494730 749
1494740 751
1494750 751
1494760 751
1494770 751
1494780 751
1494790 751
1494800 751
1494810 751
1494820 751
1494830 751
1494840 752
1494850 752
1494860 752
1494870 752
1494880 752
1494890 751
1494900 747
1494910 747
1494920 742
1494930 736
1494940 729
1494950 729
1494960 725
1494970 723
1494980 723
1494990 722
1495000 722
1495010 722
1495020 725
1495030 727
1495040 727
1495050 725
1495060 726
1495070 726
1495080 726
1495090 727
1495100 727
1495110 728
1495120 729
1495130 729
1495140 729
1495150 729
1495160 729
1495170 730
1495180 730
1495190 730
1495200 727
1495210 723
1495220 723
1495230 722
1495240 721
1495250 721
1495260 722
1495270 724
1495280 724
1495290 725
1495300 725
1495310 726
1495320 726
1495330 726
1495340 726
1495350 726
1495360 727
1495370 727
1495380 727
1495390 726
1495400 726
1495410 726
1495420 726
1495430 727
1495440 727
1495450 727
1495460 727
1495470 727
1495480 728
1495490 728
1495500 728
1495510 728
1495520 728
1495530 728
1495540 728
1495550 729
1495560 729
1495570 729
1495580 729
1495590 729
1495600 729
1495610 729
1495620 729
1495630 729
1495640 730
1495650 730
1495660 730
1495670 730
1495680 731
1495690 731
1495700 731
1495710 731
1495720 731
1495730 731
1495740 731
1495750 731
1495760 732
1495770 732
1495780 732
1495790 731
1495800 731
1495810 731
1495820 732
1495830 732
1495840 732
1495850 733
1495860 733
1495870 733
1495880 734
1495890 735
1495900 735
1495910 735
1495920 735
1495930 735
1495940 735
1495950 736
1495960 736
1495970 736
1495980 736
1495990 736
1496000 737
1496010 737
1496020 737
1496030 738
1496040 738
1496050 738
1496060 739
1496070 739
1496080 740
1496090 740
1496100 741
1496110 741
1496120 741
1496130 741
1496140 742
1496150 742
1496160 742
1496170 743
1496180 743
1496190 743
1496200 743
1496210 743
1496220 743
1496230 743
1496240 743
1496250 743
1496260 744
1496270 744
1496280 745
1496290 746
1496300 746
1496310 746
1496320 747
1496330 747
1496340 748
1496350 749
1496360 749
1496370 750
1496380 752
1496390 752
1496400 753
1496410 754
1496420 754
1496430 754
1496440 755
1496450 755
1496460 755
1496470 756
1496480 757
1496490 757
1496500 758
1496510 758
1496520 758
1496530 758
1496540 759
1496550 759
1496560 759
1496570 760
1496580 760
1496590 761
1496600 762
1496610 762
1496620 763
1496630 763
1496640 763
1496650 764
1496660 765
1496670 765
1496680 765
1496690 767
1496700 767
1496710 769
1496720 771
1496730 771
1496740 774
1496750 776
1496760 776
1496770 778
1496780 779
1496790 779
1496800 779
1496810 779
1496820 780
1496830 780
1496840 780
1496850 781
1496860 781
1496870 781
1496880 781
1496890 781
1496900 780
1496910 780
1496920 780
1496930 780
1496940 781
1496950 781
1496960 781
1496970 782
1496980 782
1496990 783
1497000 783
1497010 783
1497020 784
1497030 786
1497040 786
1497050 788
1497060 790
1497070 790
1497080 791
1497090 793
1497100 793
1497110 795
1497120 798
1497130 798
1497140 801
1497150 804
1497160 804
1497170 807
1497180 810
1497190 813
1497200 810
1497210 812
1497220 814
1497230 814
1497240 817
1497250 819
1497260 819
1497270 822
1497280 826
1497290 826
1497300 827
1497310 828
1497320 828
1497330 829
1497340 829
1497350 829
1497360 829
1497370 829
1497380 829
1497390 831
1497400 833
1497410 833
1497420 834
1497430 835
1497440 835
1497450 836
1497460 837
1497470 837
1497480 839
1497490 841
1497500 841
1497510 842
1497520 843
1497530 843
1497540 845
1497550 848
1497560 851
1497570 851
1497580 853
1497590 855
1497600 855
1497610 858
1497620 861
1497630 861
1497640 862
1497650 864
1497660 864
1497670 865
1497680 867
1497690 867
1497700 867
1497710 868
1497720 868
1497730 869
1497740 869
1497750 869
1497760 869
1497770 869
1497780 869
1497790 869
1497800 869
1497810 869
1497820 869
1497830 869
1497840 869
1497850 869
1497860 869
1497870 869
1497880 869
1497890 868
1497900 868
1497910 868
1497920 867
1497930 867
1497940 867
1497950 866
1497960 861
1497970 861
1497980 855
1497990 849
1498000 849
1498010 843
1498020 844
1498030 844
1498040 846
1498050 851
1498060 851
1498070 855
1498080 852
1498090 852
1498100 848
1498110 846
1498120 846
1498130 842
1498140 843
1498150 843
1498160 843
1498170 843
1498180 843
1498190 844
1498200 842
1498210 842
1498220 840
1498230 839
1498240 839
1498250 840
1498260 842
1498270 842
1498280 846
1498290 848
1498300 848
1498310 847
1498320 847
1498330 846
1498340 846
1498350 847
1498360 850
1498370 850
1498380 850
1498390 852
1498400 852
1498410 860
1498420 865
1498430 865
1498440 865
1498450 861
1498460 861
1498470 860
1498480 859
1498490 859
1498500 860
1498510 863
1498520 863
1498530 870
1498540 879
1498550 879
1498560 883
1498570 885
1498580 885
1498590 885
1498600 888
1498610 888
1498620 891
1498630 893
1498640 893
1498650 894
1498660 896
1498670 896
1498680 896
1498690 898
1498700 900
1498710 900
1498720 904
1498730 908
1498740 908
1498750 911
1498760 916
1498770 916
1498780 919
1498790 921
1498800 921
1498810 923
1498820 926
1498830 926
1498840 927
1498850 928
1498860 928
1498870 930
1498880 931
1498890 931
1498900 934
1498910 936
1498920 936
1498930 938
1498940 940
1498950 940
1498960 942
1498970 945
1498980 945
1498990 947
1499000 949
1499010 949
1499020 951
1499030 953
1499040 953
1499050 955
1499060 957
1499070 959
1499080 959
1499090 962
1499100 964
1499110 964
1499120 967
1499130 969
1499140 969
1499150 972
1499160 975
1499170 975
1499180 978
1499190 980
1499200 980
1499210 983
1499220 985
1499230 985
1499240 987
1499250 989
1499260 989
1499270 991
1499280 993
1499290 993
1499300 994
1499310 996
1499320 996
1499330 997
1499340 998
1499350 998
1499360 1000
1499370 1003
1499380 1003
1499390 1007
1499400 1007
1499410 1007
1499420 1010
1499430 1013
1499440 1015
1499450 1015
1499460 1019
1499470 1022
1499480 1022
1499490 1024
1499500 1026
1499510 1026
1499520 1028
1499530 1031
1499540 1031
1499550 1037
1499560 1042
1499570 1042
1499580 1045
1499590 1045
1499600 1045
1499610 1045
1499620 1045
1499630 1045
1499640 1045
1499650 1044
1499660 1044
1499670 1043
1499680 1042
1499690 1042
1499700 1042
1499710 1043
1499720 1043
1499730 1043
1499740 1044
1499750 1044
1499760 1045
1499770 1046
1499780 1046
1499790 1045
1499800 1044
1499810 1043
1499820 1043
1499830 1043
1499840 1043
1499850 1043
1499860 1047
1499870 1051
1499880 1051
1499890 1054
1499900 1057
1499910 1057
1499920 1059
1499930 1061
1499940 1061
1499950 1063
1499960 1063
1499970 1063
1499980 1062
1499990 1060
