1480000 781
1480010 779
1480020 773
1480030 773
1480040 767
1480050 769
1480060 769
1480070 774
1480080 774
1480090 774
1480100 774
1480110 770
1480120 770
1480130 768
1480140 765
1480150 765
1480160 760
1480170 752
1480180 752
1480190 749
1480200 750
1480210 750
1480220 754
1480230 761
1480240 761
1480250 769
1480260 776
1480270 776
1480280 783
1480290 788
1480300 788
1480310 792
1480320 797
1480330 803
1480340 803
1480350 808
1480360 812
1480370 812
1480380 817
1480390 822
1480400 822
1480410 827
1480420 833
1480430 833
1480440 839
1480450 845
1480460 845
1480470 850
1480480 855
1480490 855
1480500 860
1480510 866
1480520 866
1480530 872
1480540 877
1480550 877
1480560 882
1480570 887
1480580 887
1480590 891
1480600 895
1480610 895
1480620 897
1480630 900
1480640 900
1480650 904
1480660 908
1480670 908
1480680 913
1480690 918
1480700 918
1480710 923
1480720 928
1480730 934
1480740 934
1480750 940
1480760 946
1480770 946
1480780 953
1480790 961
1480800 961
1480810 969
1480820 977
1480830 977
1480840 994
1480850 1001
1480860 1001
1480870 1010
1480880 1019
1480890 1019
1480900 1030
1480910 1039
1480920 1039
1480930 1043
1480940 1044
1480950 1044
1480960 1046
1480970 1047
1480980 1047
1480990 1047
1481000 1047
1481010 1047
1481020 1047
1481030 1046
1481040 1046
1481050 1046
1481060 1045
1481070 1045
1481080 1045
1481090 1045
1481100 1044
1481110 1044
1481120 1044
1481130 1043
1481140 1043
1481150 1043
1481160 1044
1481170 1044
1481180 1046
1481190 1048
1481200 1048
1481210 1048
1481220 1046
1481230 1046
1481240 1044
1481250 1042
1481260 1042
1481270 1039
1481280 1037
1481290 1037
1481300 1035
1481310 1032
1481320 1032
1481330 1031
1481340 1029
1481350 1029
1481360 1028
1481370 1027
1481380 1027
1481390 1026
1481400 1025
1481410 1025
1481420 1024
1481430 1023
1481440 1023
1481450 1023
1481460 1022
1481470 1021
1481480 1021
1481490 1019
1481500 1016
1481510 1016
1481520 1013
1481530 1009
1481540 1009
1481550 1004
1481560 999
1481570 999
1481580 994
1481590 989
1481600 989
1481610 984
1481620 980
1481630 980
1481640 976
1481650 973
1481660 973
1481670 969
1481680 966
1481690 966
1481700 965
1481710 963
1481720 963
1481730 956
1481740 948
1481750 948
1481760 941
1481770 934
1481780 934
1481790 927
1481800 921
1481810 921
1481820 917
1481830 913
1481840 909
1481850 909
1481860 905
1481870 900
1481880 900
1481890 895
1481900 891
1481910 891
1481920 887
1481930 883
1481940 883
1481950 880
1481960 874
1481970 874
1481980 870
1481990 868
1482000 868
1482010 865
1482020 863
1482030 863
1482040 860
1482050 857
1482060 857
1482070 854
1482080 850
1482090 850
1482100 846
1482110 843
1482120 843
1482130 841
1482140 838
1482150 838
1482160 835
1482170 831
1482180 831
1482190 826
1482200 821
1482210 814
1482220 814
1482230 810
1482240 807
1482250 807
1482260 804
1482270 800
1482280 800
1482290 796
1482300 791
1482310 791
1482320 785
1482330 780
1482340 780
1482350 775
1482360 771
1482370 771
1482380 767
1482390 762
1482400 762
1482410 757
1482420 752
1482430 752
1482440 747
1482450 743
1482460 743
1482470 738
1482480 733
1482490 733
1482500 728
1482510 721
1482520 721
1482530 714
1482540 710
1482550 710
1482560 706
1482570 701
1482580 698
1482590 698
1482600 695
1482610 691
1482620 691
1482630 688
1482640 684
1482650 684
1482660 681
1482670 678
1482680 678
1482690 676
1482700 673
1482710 673
1482720 666
1482730 660
1482740 660
1482750 654
1482760 653
1482770 653
1482780 652
1482790 645
1482800 645
1482810 639
1482820 637
1482830 637
1482840 631
1482850 623
1482860 623
1482870 618
1482880 613
1482890 613
1482900 614
1482910 618
1482920 618
1482930 628
1482940 648
1482950 648
1482960 656
1482970 661
1482980 664
1482990 664
1483000 664
1483010 664
1483020 664
1483030 665
1483040 666
1483050 666
1483060 667
1483070 666
1483080 666
1483090 667
1483100 668
1483110 668
1483120 667
1483130 667
1483140 667
1483150 667
1483160 667
1483170 667
1483180 667
1483190 667
1483200 667
1483210 667
1483220 668
1483230 668
1483240 668
1483250 669
1483260 669
1483270 670
1483280 672
1483290 672
1483300 673
1483310 674
1483320 674
1483330 674
1483340 675
1483350 676
1483360 676
1483370 677
1483380 679
1483390 679
1483400 680
1483410 682
1483420 682
1483430 683
1483440 683
1483450 683
1483460 684
1483470 684
1483480 684
1483490 685
1483500 686
1483510 686
1483520 687
1483530 688
1483540 688
1483550 689
1483560 690
1483570 690
1483580 691
1483590 692
1483600 692
1483610 693
1483620 694
1483630 694
1483640 696
1483650 698
1483660 698
1483670 700
1483680 702
1483690 702
1483700 704
1483710 705
1483720 707
1483730 707
1483740 708
1483750 709
1483760 709
1483770 709
1483780 710
1483790 710
1483800 711
1483810 711
1483820 711
1483830 711
1483840 711
1483850 711
1483860 711
1483870 711
1483880 711
1483890 711
1483900 712
1483910 712
1483920 714
1483930 716
1483940 716
1483950 717
1483960 718
1483970 718
1483980 718
1483990 718
1484000 718
1484010 718
1484020 719
1484030 719
1484040 720
1484050 720
1484060 720
1484070 721
1484080 722
1484090 723
1484100 723
1484110 724
1484120 725
1484130 725
1484140 726
1484150 727
1484160 727
1484170 728
1484180 729
1484190 729
1484200 730
1484210 731
1484220 731
1484230 731
1484240 732
1484250 732
1484260 732
1484270 733
1484280 733
1484290 734
1484300 734
1484310 734
1484320 735
1484330 736
1484340 736
1484350 737
1484360 738
1484370 738
1484380 739
1484390 739
1484400 739
1484410 739
1484420 739
1484430 739
1484440 740
1484450 740
1484460 740
1484470 740
1484480 740
1484490 740
1484500 740
1484510 741
1484520 741
1484530 741
1484540 742
1484550 742
1484560 742
1484570 742
1484580 742
1484590 742
1484600 741
1484610 741
1484620 741
1484630 740
1484640 739
1484650 739
1484660 737
1484670 737
1484680 737
1484690 736
1484700 735
1484710 735
1484720 734
1484730 734
1484740 734
1484750 734
1484760 734
1484770 734
1484780 734
1484790 734
1484800 734
1484810 734
1484820 734
1484830 734
1484840 734
1484850 734
1484860 734
1484870 734
1484880 734
1484890 733
1484900 733
1484910 733
1484920 733
1484930 733
1484940 732
1484950 732
1484960 732
1484970 732
1484980 732
1484990 732
1485000 732
1485010 731
1485020 731
1485030 731
1485040 731
1485050 731
1485060 730
1485070 730
1485080 730
1485090 731
1485100 731
1485110 731
1485120 731
1485130 731
1485140 731
1485150 731
1485160 730
1485170 730
1485180 730
1485190 730
1485200 730
1485210 730
1485220 730
1485230 729
1485240 729
1485250 729
1485260 727
1485270 727
1485280 725
1485290 720
1485300 720
1485310 715
1485320 710
1485330 710
1485340 708
1485350 706
1485360 706
1485370 704
1485380 702
1485390 702
1485400 700
1485410 699
1485420 699
1485430 698
1485440 696
1485450 696
1485460 693
1485470 689
1485480 689
1485490 688
1485500 686
1485510 686
1485520 684
1485530 683
1485540 683
1485550 681
1485560 682
1485570 682
1485580 688
1485590 695
1485600 702
1485610 702
1485620 708
1485630 712
1485640 712
1485650 713
1485660 715
1485670 715
1485680 716
1485690 718
1485700 718
1485710 719
1485720 720
1485730 720
1485740 720
1485750 720
1485760 720
1485770 720
1485780 719
1485790 719
1485800 719
1485810 719
1485820 719
1485830 718
1485840 717
1485850 717
1485860 714
1485870 714
1485880 714
1485890 715
1485900 715
1485910 715
1485920 714
1485930 713
1485940 713
1485950 712
1485960 712
1485970 711
1485980 711
1485990 711
1486000 710
1486010 710
1486020 710
1486030 710
1486040 710
1486050 711
1486060 712
1486070 712
1486080 713
1486090 712
1486100 712
1486110 711
1486120 712
1486130 712
1486140 713
1486150 714
1486160 714
1486170 715
1486180 716
1486190 716
1486200 716
1486210 717
1486220 717
1486230 718
1486240 718
1486250 718
1486260 719
1486270 720
1486280 720
1486290 721
1486300 723
1486310 723
1486320 724
1486330 726
1486340 727
1486350 727
1486360 729
1486370 730
1486380 730
1486390 732
1486400 734
1486410 734
1486420 736
1486430 736
1486440 736
1486450 736
1486460 734
1486470 734
1486480 731
1486490 727
1486500 727
1486510 724
1486520 720
1486530 720
1486540 717
1486550 719
1486560 719
1486570 721
1486580 722
1486590 722
1486600 722
1486610 719
1486620 719
1486630 718
1486640 717
1486650 717
1486660 716
1486670 714
1486680 714
1486690 712
1486700 709
1486710 704
1486720 704
1486730 699
1486740 703
1486750 703
1486760 706
1486770 704
1486780 704
1486790 701
1486800 699
1486810 699
1486820 696
1486830 696
1486840 696
1486850 696
1486860 695
1486870 695
1486880 692
1486890 690
1486900 690
1486910 687
1486920 685
1486930 685
1486940 682
1486950 679
1486960 679
1486970 677
1486980 675
1486990 675
1487000 674
1487010 673
1487020 673
1487030 672
1487040 669
1487050 669
1487060 661
1487070 652
1487080 640
1487090 640
1487100 637
1487110 644
1487120 644
1487130 651
1487140 658
1487150 658
1487160 666
1487170 674
1487180 674
1487190 677
1487200 677
1487210 677
1487220 678
1487230 678
1487240 678
1487250 678
1487260 678
1487270 678
1487280 678
1487290 677
1487300 677
1487310 677
1487320 676
1487330 676
1487340 676
1487350 675
1487360 675
1487370 671
1487380 666
1487390 666
1487400 662
1487410 656
1487420 656
1487430 646
1487440 639
1487450 633
1487460 633
1487470 630
1487480 626
1487490 626
1487500 623
1487510 619
1487520 619
1487530 617
1487540 616
1487550 616
1487560 615
1487570 614
1487580 614
1487590 614
1487600 614
1487610 614
1487620 614
1487630 614
1487640 614
1487650 613
1487660 613
1487670 613
1487680 613
1487690 614
1487700 614
1487710 614
1487720 614
1487730 614
1487740 614
1487750 614
1487760 614
1487770 614
1487780 615
1487790 615
1487800 614
1487810 612
1487820 611
1487830 611
1487840 610
1487850 609
1487860 609
1487870 608
1487880 608
1487890 608
1487900 608
1487910 609
1487920 609
1487930 609
1487940 609
1487950 609
1487960 610
1487970 610
1487980 610
1487990 610
1488000 610
1488010 610
1488020 611
1488030 611
1488040 611
1488050 611
1488060 611
1488070 611
1488080 612
1488090 612
1488100 612
1488110 612
1488120 612
1488130 612
1488140 612
1488150 612
1488160 612
1488170 611
1488180 611
1488190 611
1488200 612
1488210 614
1488220 618
1488230 618
1488240 621
1488250 625
1488260 625
1488270 630
1488280 632
1488290 632
1488300 635
1488310 638
1488320 638
1488330 641
1488340 644
1488350 644
1488360 648
1488370 650
1488380 650
1488390 652
1488400 654
1488410 654
1488420 656
1488430 660
1488440 660
1488450 663
1488460 668
1488470 668
1488480 673
1488490 675
1488500 675
1488510 677
1488520 678
1488530 678
1488540 679
1488550 680
1488560 680
1488570 680
1488580 679
1488590 679
1488600 679
1488610 680
1488620 682
1488630 682
1488640 685
1488650 687
1488660 687
1488670 688
1488680 688
1488690 688
1488700 689
1488710 691
1488720 691
1488730 694
1488740 697
1488750 697
1488760 698
1488770 700
1488780 700
1488790 700
1488800 701
1488810 701
1488820 701
1488830 702
1488840 702
1488850 703
1488860 704
1488870 704
1488880 704
1488890 704
1488900 704
1488910 703
1488920 703
1488930 703
1488940 704
1488950 707
1488960 710
1488970 710
1488980 708
1488990 708
1489000 708
1489010 707
1489020 707
1489030 707
1489040 707
1489050 706
1489060 706
1489070 704
1489080 706
1489090 706
1489100 709
1489110 712
1489120 712
1489130 717
1489140 719
1489150 719
1489160 722
1489170 726
1489180 726
1489190 728
1489200 729
1489210 729
1489220 731
1489230 732
1489240 732
1489250 734
1489260 737
1489270 737
1489280 740
1489290 744
1489300 744
1489310 749
1489320 752
1489330 754
1489340 754
1489350 758
1489360 762
1489370 762
1489380 766
1489390 767
1489400 767
1489410 767
1489420 768
1489430 768
1489440 767
1489450 766
1489460 766
1489470 765
1489480 765
1489490 765
1489500 764
1489510 762
1489520 762
1489530 760
1489540 755
1489550 755
1489560 751
1489570 747
1489580 747
1489590 745
1489600 742
1489610 742
1489620 736
1489630 733
1489640 733
1489650 737
1489660 739
1489670 739
1489680 739
1489690 739
1489700 739
1489710 739
1489720 738
1489730 736
1489740 736
1489750 734
1489760 734
1489770 734
1489780 735
1489790 735
1489800 735
1489810 735
1489820 734
1489830 734
1489840 734
1489850 735
1489860 735
1489870 735
1489880 736
1489890 736
1489900 737
1489910 739
1489920 739
1489930 741
1489940 739
1489950 739
1489960 733
1489970 728
1489980 728
1489990 723
1490000 717
1490010 717
1490020 712
1490030 714
1490040 714
1490050 718
1490060 722
1490070 726
1490080 726
1490090 731
1490100 734
1490110 734
1490120 734
1490130 734
1490140 734
1490150 733
1490160 733
1490170 733
1490180 734
1490190 732
1490200 732
1490210 732
1490220 734
1490230 734
1490240 736
1490250 739
1490260 739
1490270 742
1490280 744
1490290 744
1490300 746
1490310 749
1490320 749
1490330 751
1490340 753
1490350 753
1490360 756
1490370 759
1490380 759
1490390 760
1490400 762
1490410 762
1490420 765
1490430 768
1490440 770
1490450 770
1490460 772
1490470 774
1490480 774
1490490 776
1490500 778
1490510 778
1490520 780
1490530 782
1490540 782
1490550 785
1490560 786
1490570 786
1490580 788
1490590 790
1490600 790
1490610 792
1490620 793
1490630 793
1490640 794
1490650 796
1490660 796
1490670 797
1490680 799
1490690 799
1490700 800
1490710 800
1490720 800
1490730 803
1490740 804
1490750 804
1490760 806
1490770 807
1490780 807
1490790 807
1490800 808
1490810 808
1490820 808
1490830 807
1490840 807
1490850 807
1490860 806
1490870 804
1490880 804
1490890 801
1490900 797
1490910 797
1490920 793
1490930 790
1490940 790
1490950 786
1490960 781
1490970 781
1490980 775
1490990 769
1491000 769
1491010 763
1491020 756
1491030 756
1491040 751
1491050 748
1491060 748
1491070 752
1491080 755
1491090 755
1491100 758
1491110 762
1491120 762
1491130 766
1491140 767
1491150 767
1491160 767
1491170 767
1491180 767
1491190 767
1491200 767
1491210 767
1491220 767
1491230 767
1491240 766
1491250 766
1491260 766
1491270 765
1491280 765
1491290 765
1491300 765
1491310 765
1491320 765
1491330 764
1491340 764
1491350 763
1491360 762
1491370 762
1491380 762
1491390 761
1491400 761
1491410 760
1491420 760
1491430 760
1491440 759
1491450 759
1491460 759
1491470 758
1491480 757
1491490 757
1491500 757
1491510 755
1491520 755
1491530 753
1491540 750
1491550 750
1491560 746
1491570 740
1491580 735
1491590 735
1491600 732
1491610 729
1491620 729
1491630 726
1491640 723
1491650 723
1491660 720
1491670 718
1491680 718
1491690 717
1491700 715
1491710 715
1491720 707
1491730 700
1491740 700
1491750 693
1491760 688
1491770 688
1491780 688
1491790 689
1491800 689
1491810 689
1491820 691
1491830 691
1491840 693
1491850 694
1491860 694
1491870 694
1491880 693
1491890 693
1491900 692
1491910 692
1491920 692
1491930 692
1491940 692
1491950 692
1491960 692
1491970 692
1491980 692
1491990 692
1492000 691
1492010 690
1492020 690
1492030 688
1492040 688
1492050 688
1492060 688
1492070 688
1492080 688
1492090 686
1492100 683
1492110 683
1492120 683
1492130 682
1492140 682
1492150 682
1492160 681
1492170 681
1492180 679
1492190 677
1492200 677
1492210 677
1492220 676
1492230 676
1492240 676
1492250 678
1492260 678
1492270 679
1492280 679
1492290 679
1492300 677
1492310 675
1492320 674
1492330 674
1492340 674
1492350 674
1492360 674
1492370 673
1492380 672
1492390 672
1492400 671
1492410 671
1492420 671
1492430 671
1492440 671
1492450 671
1492460 672
1492470 672
1492480 672
1492490 672
1492500 672
1492510 672
1492520 673
1492530 674
1492540 674
1492550 675
1492560 677
1492570 677
1492580 678
1492590 679
1492600 679
1492610 680
1492620 682
1492630 682
1492640 685
1492650 687
1492660 687
1492670 689
1492680 692
1492690 695
1492700 695
1492710 700
1492720 703
1492730 703
1492740 705
1492750 705
1492760 705
1492770 708
1492780 708
1492790 708
1492800 710
1492810 713
1492820 713
1492830 717
1492840 719
1492850 719
1492860 719
1492870 721
1492880 721
1492890 723
1492900 723
1492910 723
1492920 721
1492930 721
1492940 721
1492950 719
1492960 717
1492970 717
1492980 716
1492990 713
1493000 713
1493010 708
1493020 704
1493030 704
1493040 702
1493050 698
1493060 695
1493070 695
1493080 692
1493090 690
1493100 690
1493110 690
1493120 690
1493130 690
1493140 690
1493150 691
1493160 691
1493170 691
1493180 691
1493190 691
1493200 691
1493210 691
1493220 691
1493230 692
1493240 693
1493250 693
1493260 694
1493270 694
1493280 694
1493290 694
1493300 694
1493310 694
1493320 694
1493330 695
1493340 695
1493350 695
1493360 696
1493370 696
1493380 696
1493390 697
1493400 697
1493410 697
1493420 697
1493430 697
1493440 697
1493450 696
1493460 695
1493470 695
1493480 694
1493490 692
1493500 692
1493510 689
1493520 688
1493530 688
1493540 692
1493550 699
1493560 699
1493570 704
1493580 707
1493590 707
1493600 711
1493610 713
1493620 713
1493630 714
1493640 715
1493650 715
1493660 717
1493670 719
1493680 719
1493690 719
1493700 718
1493710 718
1493720 716
1493730 716
1493740 716
1493750 717
1493760 717
1493770 717
1493780 717
1493790 717
1493800 717
1493810 718
1493820 718
1493830 717
1493840 717
1493850 721
1493860 721
1493870 721
1493880 720
1493890 721
1493900 721
1493910 721
1493920 722
1493930 722
1493940 724
1493950 723
1493960 723
1493970 721
1493980 719
1493990 719
1494000 721
1494010 723
1494020 723
1494030 721
1494040 717
1494050 717
1494060 721
1494070 728
1494080 728
1494090 733
1494100 739
1494110 739
1494120 742
1494130 743
1494140 743
1494150 745
1494160 746
1494170 746
1494180 747
1494190 747
1494200 745
1494210 745
1494220 742
1494230 746
1494240 746
1494250 748
1494260 749
1494270 749
1494280 749
1494290 749
1494300 749
1494310 750
1494320 750
1494330 750
1494340 750
1494350 750
1494360 750
1494370 750
1494380 750
1494390 750
1494400 750
1494410 750
1494420 750
1494430 750
1494440 750
1494450 750
1494460 750
1494470 750
1494480 750
1494490 751
1494500 751
1494510 751
1494520 751
1494530 751
1494540 751
1494550 751
1494560 751
1494570 751
1494580 751
1494590 752
1494600 752
1494610 752
1494620 752
1494630 752
1494640 752
1494650 752
1494660 752
1494670 752
1494680 752
1494690 749
1494700 749
1494710 741
1494720 741
1494730 741
1494740 750
1494750 752
1494760 752
1494770 752
1494780 752
1494790 752
1494800 753
1494810 753
1494820 753
1494830 753
1494840 753
1494850 753
1494860 753
1494870 753
1494880 753
1494890 754
1494900 754
1494910 754
1494920 754
1494930 754
1494940 754
1494950 754
1494960 754
1494970 754
1494980 754
1494990 753
1495000 753
1495010 753
1495020 749
1495030 742
1495040 742
1495050 735
1495060 732
1495070 732
1495080 733
1495090 733
1495100 733
1495110 732
1495120 732
1495130 732
1495140 732
1495150 732
1495160 732
1495170 731
1495180 729
1495190 729
1495200 727
1495210 728
1495220 728
1495230 728
1495240 727
1495250 727
1495260 725
1495270 723
1495280 723
1495290 722
1495300 723
1495310 724
1495320 724
1495330 724
1495340 725
1495350 725
1495360 724
1495370 724
1495380 724
1495390 725
1495400 725
1495410 725
1495420 725
1495430 726
1495440 726
1495450 727
1495460 727
1495470 727
1495480 727
1495490 728
1495500 728
1495510 728
1495520 728
1495530 728
1495540 728
1495550 727
1495560 727
1495570 728
1495580 729
1495590 729
1495600 729
1495610 729
1495620 729
1495630 729
1495640 729
1495650 729
1495660 729
1495670 729
1495680 730
1495690 730
1495700 731
1495710 732
1495720 732
1495730 732
1495740 732
1495750 732
1495760 733
1495770 734
1495780 734
1495790 735
1495800 736
1495810 736
1495820 738
1495830 740
1495840 740
1495850 742
1495860 743
1495870 743
1495880 741
1495890 737
1495900 737
1495910 736
1495920 736
1495930 736
1495940 736
1495950 737
1495960 737
1495970 737
1495980 737
1495990 737
1496000 738
1496010 738
1496020 738
1496030 740
1496040 741
1496050 742
1496060 742
1496070 743
1496080 743
1496090 743
1496100 743
1496110 744
1496120 744
1496130 747
1496140 747
1496150 747
1496160 747
1496170 748
1496180 748
1496190 748
1496200 747
1496210 747
1496220 748
1496230 748
1496240 748
1496250 750
1496260 750
1496270 750
1496280 749
1496290 750
1496300 750
1496310 753
1496320 758
1496330 758
1496340 766
1496350 769
1496360 769
1496370 766
1496380 762
1496390 762
1496400 756
1496410 752
1496420 752
1496430 752
1496440 753
1496450 753
1496460 753
1496470 753
1496480 753
1496490 753
1496500 754
1496510 754
1496520 754
1496530 754
1496540 754
1496550 754
1496560 755
1496570 755
1496580 755
1496590 756
1496600 756
1496610 756
1496620 758
1496630 760
1496640 760
1496650 762
1496660 764
1496670 764
1496680 765
1496690 766
1496700 766
1496710 767
1496720 768
1496730 768
1496740 769
1496750 770
1496760 770
1496770 771
1496780 773
1496790 773
1496800 774
1496810 777
1496820 780
1496830 780
1496840 781
1496850 782
1496860 782
1496870 782
1496880 784
1496890 784
1496900 785
1496910 786
1496920 786
1496930 786
1496940 787
1496950 787
1496960 788
1496970 790
1496980 790
1496990 791
1497000 792
1497010 792
1497020 793
1497030 794
1497040 794
1497050 794
1497060 795
1497070 795
1497080 796
1497090 796
1497100 796
1497110 797
1497120 800
1497130 800
1497140 805
1497150 809
1497160 809
1497170 815
1497180 821
1497190 825
1497200 825
1497210 829
1497220 832
1497230 832
1497240 834
1497250 836
1497260 836
1497270 839
1497280 840
1497290 840
1497300 841
1497310 842
1497320 842
1497330 843
1497340 843
1497350 843
1497360 843
1497370 842
1497380 842
1497390 842
1497400 842
1497410 842
1497420 842
1497430 841
1497440 841
1497450 840
1497460 839
1497470 839
1497480 840
1497490 842
1497500 842
1497510 847
1497520 851
1497530 851
1497540 854
1497550 856
1497560 858
1497570 858
1497580 860
1497590 863
1497600 863
1497610 865
1497620 867
1497630 867
1497640 869
1497650 870
1497660 870
1497670 870
1497680 871
1497690 871
1497700 871
1497710 870
1497720 870
1497730 870
1497740 869
1497750 869
1497760 869
1497770 868
1497780 868
1497790 867
1497800 867
1497810 867
1497820 867
1497830 866
1497840 866
1497850 866
1497860 865
1497870 865
1497880 865
1497890 865
1497900 865
1497910 864
1497920 863
1497930 862
1497940 862
1497950 857
1497960 859
1497970 859
1497980 864
1497990 867
1498000 867
1498010 868
1498020 868
1498030 868
1498040 869
1498050 869
1498060 869
1498070 870
1498080 870
1498090 870
1498100 870
1498110 871
1498120 871
1498130 872
1498140 873
1498150 873
1498160 873
1498170 874
1498180 874
1498190 875
1498200 876
1498210 876
1498220 876
1498230 875
1498240 875
1498250 877
1498260 879
1498270 879
1498280 879
1498290 880
1498300 882
1498310 882
1498320 882
1498330 882
1498340 882
1498350 880
1498360 878
1498370 878
1498380 880
1498390 883
1498400 883
1498410 885
1498420 887
1498430 887
1498440 889
1498450 891
1498460 891
1498470 892
1498480 888
1498490 888
1498500 882
1498510 878
1498520 878
1498530 872
1498540 866
1498550 866
1498560 869
1498570 876
1498580 876
1498590 882
1498600 886
1498610 886
1498620 890
1498630 894
1498640 894
1498650 899
1498660 904
1498670 908
1498680 908
1498690 912
1498700 917
1498710 917
1498720 919
1498730 921
1498740 921
1498750 922
1498760 923
1498770 923
1498780 924
1498790 925
1498800 925
1498810 925
1498820 927
1498830 927
1498840 927
1498850 928
1498860 928
1498870 929
1498880 928
1498890 928
1498900 929
1498910 931
1498920 931
1498930 933
1498940 935
1498950 935
1498960 936
1498970 937
1498980 937
1498990 939
1499000 941
1499010 941
1499020 943
1499030 944
1499040 946
1499050 946
1499060 948
1499070 950
1499080 950
1499090 952
1499100 954
1499110 954
1499120 956
1499130 958
1499140 958
1499150 960
1499160 963
1499170 963
1499180 967
1499190 971
1499200 971
1499210 974
1499220 978
1499230 978
1499240 982
1499250 986
1499260 986
1499270 990
1499280 993
1499290 993
1499300 996
1499310 999
1499320 999
1499330 1002
1499340 1005
1499350 1005
1499360 1008
1499370 1011
1499380 1011
1499390 1014
1499400 1017
1499410 1017
1499420 1019
1499430 1022
1499440 1025
1499450 1025
1499460 1027
1499470 1030
1499480 1030
1499490 1032
1499500 1034
1499510 1034
1499520 1036
1499530 1038
1499540 1038
1499550 1040
1499560 1042
1499570 1042
1499580 1044
1499590 1045
1499600 1045
1499610 1047
1499620 1049
1499630 1049
1499640 1050
1499650 1052
1499660 1052
1499670 1054
1499680 1056
1499690 1056
1499700 1058
1499710 1059
1499720 1059
1499730 1060
1499740 1061
1499750 1061
1499760 1062
1499770 1063
1499780 1063
1499790 1063
1499800 1064
1499810 1065
1499820 1065
1499830 1065
1499840 1065
1499850 1065
1499860 1064
1499870 1063
1499880 1063
1499890 1061
1499900 1064
1499910 1064
1499920 1069
1499930 1071
1499940 1071
1499950 1072
1499960 1073
1499970 1073
1499980 1074
1499990 1074
