1480000 697
1480010 702
1480020 706
1480030 706
1480040 711
1480050 716
1480060 716
1480070 721
1480080 725
1480090 725
1480100 730
1480110 735
1480120 735
1480130 741
1480140 747
1480150 747
1480160 752
1480170 759
1480180 759
1480190 765
1480200 771
1480210 771
1480220 778
1480230 784
1480240 784
1480250 791
1480260 798
1480270 798
1480280 805
1480290 813
1480300 821
1480310 821
1480320 829
1480330 837
1480340 837
1480350 845
1480360 854
1480370 854
1480380 862
1480390 866
1480400 866
1480410 870
1480420 872
1480430 872
1480440 875
1480450 877
1480460 877
1480470 879
1480480 884
1480490 884
1480500 889
1480510 894
1480520 894
1480530 897
1480540 896
1480550 896
1480560 894
1480570 891
1480580 891
1480590 887
1480600 882
1480610 882
1480620 878
1480630 877
1480640 877
1480650 877
1480660 877
1480670 877
1480680 877
1480690 877
1480700 876
1480710 876
1480720 874
1480730 872
1480740 872
1480750 871
1480760 870
1480770 870
1480780 868
1480790 867
1480800 867
1480810 867
1480820 866
1480830 866
1480840 866
1480850 864
1480860 864
1480870 860
1480880 857
1480890 857
1480900 855
1480910 852
1480920 852
1480930 849
1480940 845
1480950 845
1480960 842
1480970 839
1480980 839
1480990 836
1481000 834
1481010 834
1481020 832
1481030 830
1481040 828
1481050 828
1481060 826
1481070 824
1481080 824
1481090 822
1481100 820
1481110 820
1481120 818
1481130 815
1481140 815
1481150 812
1481160 811
1481170 811
1481180 810
1481190 809
1481200 809
1481210 807
1481220 806
1481230 806
1481240 804
1481250 803
1481260 803
1481270 801
1481280 800
1481290 800
1481300 798
1481310 795
1481320 795
1481330 793
1481340 792
1481350 792
1481360 790
1481370 787
1481380 787
1481390 785
1481400 782
1481410 782
1481420 778
1481430 774
1481440 770
1481450 770
1481460 766
1481470 759
1481480 759
1481490 753
1481500 745
1481510 745
1481520 743
1481530 748
1481540 748
1481550 751
1481560 752
1481570 752
1481580 752
1481590 751
1481600 751
1481610 750
1481620 748
1481630 748
1481640 746
1481650 744
1481660 744
1481670 742
1481680 740
1481690 740
1481700 738
1481710 735
1481720 735
1481730 732
1481740 728
1481750 728
1481760 723
1481770 718
1481780 718
1481790 714
1481800 710
1481810 707
1481820 707
1481830 704
1481840 700
1481850 700
1481860 697
1481870 695
1481880 695
1481890 693
1481900 690
1481910 690
1481920 687
1481930 684
1481940 684
1481950 681
1481960 677
1481970 677
1481980 674
1481990 670
1482000 670
1482010 666
1482020 662
1482030 662
1482040 660
1482050 658
1482060 658
1482070 655
1482080 653
1482090 653
1482100 652
1482110 651
1482120 651
1482130 649
1482140 648
1482150 648
1482160 647
1482170 645
1482180 644
1482190 644
1482200 643
1482210 642
1482220 642
1482230 640
1482240 639
1482250 639
1482260 638
1482270 639
1482280 639
1482290 638
1482300 638
1482310 638
1482320 636
1482330 630
1482340 630
1482350 623
1482360 610
1482370 610
1482380 604
1482390 598
1482400 598
1482410 592
1482420 584
1482430 584
1482440 579
1482450 578
1482460 578
1482470 581
1482480 586
1482490 586
1482500 589
1482510 592
1482520 592
1482530 596
1482540 601
1482550 601
1482560 606
1482570 610
1482580 611
1482590 611
1482600 614
1482610 618
1482620 618
1482630 623
1482640 628
1482650 628
1482660 632
1482670 637
1482680 637
1482690 641
1482700 646
1482710 646
1482720 652
1482730 654
1482740 654
1482750 656
1482760 658
1482770 658
1482780 660
1482790 661
1482800 661
1482810 662
1482820 663
1482830 663
1482840 664
1482850 664
1482860 664
1482870 665
1482880 666
1482890 666
1482900 669
1482910 671
1482920 671
1482930 674
1482940 676
1482950 678
1482960 678
1482970 681
1482980 683
1482990 683
1483000 685
1483010 686
1483020 686
1483030 685
1483040 684
1483050 684
1483060 682
1483070 680
1483080 680
1483090 678
1483100 676
1483110 676
1483120 674
1483130 673
1483140 673
1483150 672
1483160 670
1483170 670
1483180 669
1483190 668
1483200 668
1483210 668
1483220 667
1483230 667
1483240 666
1483250 665
1483260 665
1483270 665
1483280 665
1483290 665
1483300 665
1483310 665
1483320 664
1483330 664
1483340 663
1483350 662
1483360 662
1483370 661
1483380 661
1483390 661
1483400 660
1483410 659
1483420 659
1483430 659
1483440 658
1483450 658
1483460 658
1483470 657
1483480 657
1483490 657
1483500 657
1483510 657
1483520 656
1483530 655
1483540 655
1483550 655
1483560 655
1483570 655
1483580 655
1483590 655
1483600 655
1483610 656
1483620 656
1483630 656
1483640 656
1483650 656
1483660 656
1483670 655
1483680 655
1483690 655
1483700 655
1483710 656
1483720 657
1483730 657
1483740 658
1483750 659
1483760 659
1483770 659
1483780 660
1483790 660
1483800 661
1483810 660
1483820 660
1483830 657
1483840 652
1483850 652
1483860 650
1483870 650
1483880 650
1483890 651
1483900 656
1483910 656
1483920 659
1483930 661
1483940 661
1483950 662
1483960 665
1483970 665
1483980 668
1483990 669
1484000 669
1484010 670
1484020 670
1484030 670
1484040 669
1484050 667
1484060 667
1484070 666
1484080 665
1484090 665
1484100 665
1484110 666
1484120 666
1484130 666
1484140 667
1484150 667
1484160 667
1484170 666
1484180 665
1484190 665
1484200 664
1484210 663
1484220 663
1484230 662
1484240 661
1484250 661
1484260 658
1484270 654
1484280 654
1484290 652
1484300 651
1484310 651
1484320 651
1484330 650
1484340 650
1484350 650
1484360 650
1484370 650
1484380 650
1484390 651
1484400 651
1484410 652
1484420 652
1484430 652
1484440 652
1484450 651
1484460 651
1484470 651
1484480 651
1484490 650
1484500 650
1484510 650
1484520 649
1484530 649
1484540 649
1484550 649
1484560 649
1484570 648
1484580 648
1484590 648
1484600 648
1484610 647
1484620 647
1484630 647
1484640 646
1484650 646
1484660 645
1484670 644
1484680 644
1484690 641
1484700 632
1484710 632
1484720 623
1484730 616
1484740 616
1484750 609
1484760 604
1484770 604
1484780 599
1484790 596
1484800 596
1484810 595
1484820 594
1484830 596
1484840 596
1484850 596
1484860 596
1484870 596
1484880 595
1484890 595
1484900 595
1484910 595
1484920 595
1484930 595
1484940 594
1484950 593
1484960 593
1484970 593
1484980 592
1484990 592
1485000 592
1485010 592
1485020 592
1485030 592
1485040 592
1485050 592
1485060 592
1485070 592
1485080 592
1485090 592
1485100 592
1485110 592
1485120 592
1485130 592
1485140 592
1485150 592
1485160 591
1485170 591
1485180 588
1485190 587
1485200 587
1485210 587
1485220 587
1485230 587
1485240 587
1485250 588
1485260 587
1485270 587
1485280 585
1485290 585
1485300 585
1485310 586
1485320 588
1485330 588
1485340 589
1485350 591
1485360 591
1485370 592
1485380 592
1485390 592
1485400 592
1485410 593
1485420 593
1485430 594
1485440 595
1485450 595
1485460 595
1485470 595
1485480 595
1485490 595
1485500 595
1485510 595
1485520 595
1485530 595
1485540 595
1485550 595
1485560 595
1485570 595
1485580 595
1485590 596
1485600 596
1485610 596
1485620 596
1485630 596
1485640 596
1485650 596
1485660 596
1485670 596
1485680 596
1485690 597
1485700 597
1485710 598
1485720 600
1485730 600
1485740 602
1485750 604
1485760 604
1485770 606
1485780 609
1485790 609
1485800 612
1485810 612
1485820 612
1485830 614
1485840 614
1485850 614
1485860 614
1485870 617
1485880 617
1485890 622
1485900 626
1485910 626
1485920 627
1485930 628
1485940 628
1485950 631
1485960 634
1485970 637
1485980 637
1485990 638
1486000 636
1486010 636
1486020 631
1486030 626
1486040 626
1486050 622
1486060 617
1486070 617
1486080 612
1486090 608
1486100 608
1486110 605
1486120 603
1486130 603
1486140 602
1486150 601
1486160 601
1486170 601
1486180 602
1486190 602
1486200 602
1486210 602
1486220 602
1486230 602
1486240 601
1486250 601
1486260 602
1486270 602
1486280 602
1486290 602
1486300 602
1486310 602
1486320 603
1486330 606
1486340 610
1486350 610
1486360 616
1486370 621
1486380 621
1486390 625
1486400 631
1486410 631
1486420 637
1486430 640
1486440 640
1486450 641
1486460 644
1486470 644
1486480 648
1486490 650
1486500 650
1486510 654
1486520 658
1486530 658
1486540 659
1486550 661
1486560 661
1486570 662
1486580 663
1486590 663
1486600 661
1486610 660
1486620 660
1486630 659
1486640 658
1486650 658
1486660 658
1486670 658
1486680 658
1486690 658
1486700 659
1486710 659
1486720 661
1486730 663
1486740 663
1486750 663
1486760 662
1486770 662
1486780 662
1486790 660
1486800 658
1486810 658
1486820 658
1486830 659
1486840 659
1486850 663
1486860 667
1486870 667
1486880 667
1486890 666
1486900 666
1486910 665
1486920 662
1486930 662
1486940 660
1486950 661
1486960 661
1486970 662
1486980 662
1486990 662
1487000 661
1487010 663
1487020 663
1487030 666
1487040 665
1487050 665
1487060 664
1487070 665
1487080 665
1487090 666
1487100 670
1487110 673
1487120 673
1487130 674
1487140 675
1487150 675
1487160 676
1487170 677
1487180 677
1487190 678
1487200 679
1487210 679
1487220 679
1487230 679
1487240 679
1487250 680
1487260 680
1487270 680
1487280 680
1487290 681
1487300 681
1487310 682
1487320 684
1487330 684
1487340 686
1487350 688
1487360 688
1487370 688
1487380 688
1487390 688
1487400 688
1487410 686
1487420 686
1487430 683
1487440 681
1487450 681
1487460 681
1487470 681
1487480 681
1487490 681
1487500 681
1487510 682
1487520 682
1487530 682
1487540 682
1487550 682
1487560 683
1487570 683
1487580 683
1487590 686
1487600 690
1487610 690
1487620 695
1487630 698
1487640 698
1487650 696
1487660 694
1487670 694
1487680 697
1487690 700
1487700 700
1487710 703
1487720 705
1487730 705
1487740 707
1487750 709
1487760 709
1487770 710
1487780 712
1487790 712
1487800 714
1487810 714
1487820 714
1487830 715
1487840 716
1487850 716
1487860 718
1487870 720
1487880 723
1487890 723
1487900 725
1487910 726
1487920 726
1487930 728
1487940 730
1487950 730
1487960 731
1487970 733
1487980 733
1487990 734
1488000 734
1488010 734
1488020 736
1488030 739
1488040 739
1488050 741
1488060 744
1488070 744
1488080 744
1488090 745
1488100 745
1488110 747
1488120 749
1488130 749
1488140 750
1488150 752
1488160 752
1488170 754
1488180 755
1488190 755
1488200 754
1488210 750
1488220 750
1488230 744
1488240 739
1488250 739
1488260 739
1488270 743
1488280 749
1488290 749
1488300 755
1488310 758
1488320 758
1488330 759
1488340 760
1488350 760
1488360 760
1488370 759
1488380 759
1488390 756
1488400 748
1488410 748
1488420 745
1488430 746
1488440 746
1488450 748
1488460 751
1488470 751
1488480 753
1488490 755
1488500 755
1488510 755
1488520 756
1488530 756
1488540 756
1488550 756
1488560 756
1488570 756
1488580 756
1488590 756
1488600 756
1488610 756
1488620 756
1488630 756
1488640 756
1488650 756
1488660 756
1488670 756
1488680 757
1488690 757
1488700 757
1488710 758
1488720 758
1488730 758
1488740 759
1488750 759
1488760 760
1488770 761
1488780 761
1488790 762
1488800 764
1488810 764
1488820 766
1488830 768
1488840 768
1488850 770
1488860 772
1488870 772
1488880 774
1488890 776
1488900 776
1488910 777
1488920 779
1488930 779
1488940 781
1488950 784
1488960 784
1488970 786
1488980 788
1488990 788
1489000 790
1489010 791
1489020 792
1489030 792
1489040 792
1489050 791
1489060 791
1489070 790
1489080 788
1489090 788
1489100 786
1489110 785
1489120 785
1489130 784
1489140 785
1489150 785
1489160 787
1489170 790
1489180 790
1489190 794
1489200 797
1489210 797
1489220 800
1489230 803
1489240 803
1489250 805
1489260 808
1489270 808
1489280 810
1489290 812
1489300 812
1489310 813
1489320 814
1489330 814
1489340 815
1489350 815
1489360 815
1489370 816
1489380 817
1489390 818
1489400 818
1489410 819
1489420 820
1489430 820
1489440 821
1489450 822
1489460 822
1489470 824
1489480 825
1489490 825
1489500 827
1489510 828
1489520 828
1489530 830
1489540 832
1489550 832
1489560 834
1489570 835
1489580 835
1489590 837
1489600 839
1489610 839
1489620 841
1489630 843
1489640 843
1489650 845
1489660 847
1489670 847
1489680 849
1489690 851
1489700 851
1489710 854
1489720 856
1489730 856
1489740 858
1489750 860
1489760 861
1489770 861
1489780 863
1489790 864
1489800 864
1489810 866
1489820 867
1489830 867
1489840 869
1489850 870
1489860 870
1489870 871
1489880 872
1489890 872
1489900 873
1489910 873
1489920 873
1489930 874
1489940 874
1489950 874
1489960 874
1489970 874
1489980 874
1489990 874
1490000 874
1490010 874
1490020 873
1490030 873
1490040 873
1490050 872
1490060 871
1490070 871
1490080 870
1490090 870
1490100 870
1490110 869
1490120 868
1490130 868
1490140 868
1490150 867
1490160 867
1490170 867
1490180 866
1490190 865
1490200 865
1490210 865
1490220 864
1490230 864
1490240 863
1490250 862
1490260 862
1490270 861
1490280 859
1490290 859
1490300 859
1490310 859
1490320 859
1490330 860
1490340 861
1490350 861
1490360 862
1490370 863
1490380 863
1490390 865
1490400 866
1490410 866
1490420 868
1490430 869
1490440 869
1490450 871
1490460 873
1490470 873
1490480 875
1490490 876
1490500 876
1490510 877
1490520 878
1490530 879
1490540 879
1490550 880
1490560 880
1490570 880
1490580 881
1490590 881
1490600 881
1490610 881
1490620 881
1490630 881
1490640 881
1490650 881
1490660 881
1490670 881
1490680 881
1490690 881
1490700 881
1490710 881
1490720 881
1490730 881
1490740 881
1490750 881
1490760 881
1490770 881
1490780 881
1490790 882
1490800 882
1490810 882
1490820 883
1490830 883
1490840 883
1490850 884
1490860 884
1490870 884
1490880 885
1490890 886
1490900 887
1490910 887
1490920 887
1490930 888
1490940 888
1490950 888
1490960 889
1490970 889
1490980 889
1490990 890
1491000 890
1491010 890
1491020 890
1491030 890
1491040 891
1491050 891
1491060 891
1491070 891
1491080 892
1491090 892
1491100 892
1491110 892
1491120 892
1491130 892
1491140 893
1491150 893
1491160 893
1491170 893
1491180 893
1491190 893
1491200 894
1491210 894
1491220 895
1491230 896
1491240 896
1491250 897
1491260 897
1491270 898
1491280 898
1491290 899
1491300 899
1491310 899
1491320 900
1491330 900
1491340 900
1491350 900
1491360 900
1491370 900
1491380 900
1491390 900
1491400 900
1491410 900
1491420 900
1491430 900
1491440 900
1491450 899
1491460 899
1491470 899
1491480 899
1491490 899
1491500 899
1491510 898
1491520 898
1491530 898
1491540 897
1491550 897
1491560 896
1491570 895
1491580 895
1491590 895
1491600 895
1491610 895
1491620 895
1491630 894
1491640 893
1491650 893
1491660 893
1491670 892
1491680 892
1491690 892
1491700 892
1491710 892
1491720 893
1491730 894
1491740 894
1491750 894
1491760 894
1491770 894
1491780 895
1491790 895
1491800 895
1491810 895
1491820 895
1491830 895
1491840 895
1491850 895
1491860 895
1491870 895
1491880 895
1491890 895
1491900 895
1491910 894
1491920 894
1491930 894
1491940 894
1491950 894
1491960 894
1491970 893
1491980 893
1491990 892
1492000 892
1492010 892
1492020 892
1492030 891
1492040 891
1492050 891
1492060 890
1492070 890
1492080 890
1492090 889
1492100 889
1492110 889
1492120 889
1492130 888
1492140 888
1492150 888
1492160 888
1492170 888
1492180 887
1492190 887
1492200 887
1492210 886
1492220 885
1492230 885
1492240 885
1492250 884
1492260 884
1492270 885
1492280 885
1492290 885
1492300 885
1492310 885
1492320 885
1492330 886
1492340 885
1492350 885
1492360 885
1492370 883
1492380 883
1492390 882
1492400 884
1492410 884
1492420 884
1492430 884
1492440 884
1492450 884
1492460 884
1492470 884
1492480 884
1492490 884
1492500 884
1492510 884
1492520 884
1492530 884
1492540 884
1492550 884
1492560 884
1492570 884
1492580 884
1492590 884
1492600 884
1492610 885
1492620 886
1492630 886
1492640 886
1492650 886
1492660 886
1492670 885
1492680 884
1492690 884
1492700 883
1492710 882
1492720 882
1492730 881
1492740 881
1492750 881
1492760 880
1492770 877
1492780 874
1492790 874
1492800 870
1492810 868
1492820 868
1492830 867
1492840 865
1492850 865
1492860 864
1492870 864
1492880 864
1492890 863
1492900 862
1492910 862
1492920 861
1492930 860
1492940 860
1492950 859
1492960 858
1492970 858
1492980 857
1492990 856
1493000 856
1493010 855
1493020 853
1493030 853
1493040 850
1493050 848
1493060 848
1493070 842
1493080 836
1493090 836
1493100 830
1493110 824
1493120 824
1493130 824
1493140 824
1493150 824
1493160 824
1493170 823
1493180 821
1493190 821
1493200 823
1493210 829
1493220 829
1493230 831
1493240 835
1493250 835
1493260 840
1493270 847
1493280 847
1493290 852
1493300 856
1493310 856
1493320 859
1493330 861
1493340 861
1493350 862
1493360 863
1493370 863
1493380 863
1493390 863
1493400 863
1493410 864
1493420 865
1493430 865
1493440 866
1493450 866
1493460 866
1493470 865
1493480 863
1493490 863
1493500 861
1493510 859
1493520 859
1493530 858
1493540 856
1493550 855
1493560 855
1493570 854
1493580 854
1493590 854
1493600 855
1493610 855
1493620 855
1493630 854
1493640 854
1493650 854
1493660 855
1493670 854
1493680 854
1493690 853
1493700 854
1493710 854
1493720 858
1493730 858
1493740 858
1493750 859
1493760 861
1493770 861
1493780 862
1493790 863
1493800 863
1493810 868
1493820 877
1493830 877
1493840 885
1493850 894
1493860 894
1493870 900
1493880 902
1493890 902
1493900 907
1493910 911
1493920 916
1493930 916
1493940 922
1493950 926
1493960 926
1493970 931
1493980 936
1493990 936
1494000 942
1494010 945
1494020 945
1494030 947
1494040 948
1494050 948
1494060 951
1494070 958
1494080 958
1494090 966
1494100 974
1494110 974
1494120 982
1494130 989
1494140 989
1494150 997
1494160 1005
1494170 1005
1494180 1014
1494190 1023
1494200 1023
1494210 1032
1494220 1039
1494230 1039
1494240 1047
1494250 1054
1494260 1054
1494270 1061
1494280 1068
1494290 1074
1494300 1074
1494310 1079
1494320 1082
1494330 1082
1494340 1083
1494350 1085
1494360 1085
1494370 1088
1494380 1092
1494390 1092
1494400 1099
1494410 1106
1494420 1106
1494430 1113
1494440 1121
1494450 1121
1494460 1129
1494470 1136
1494480 1136
1494490 1140
1494500 1144
1494510 1144
1494520 1147
1494530 1152
1494540 1152
1494550 1158
1494560 1167
1494570 1167
1494580 1176
1494590 1182
1494600 1182
1494610 1188
1494620 1194
1494630 1194
1494640 1201
1494650 1209
1494660 1209
1494670 1215
1494680 1221
1494690 1226
1494700 1226
1494710 1229
1494720 1233
1494730 1233
1494740 1235
1494750 1237
1494760 1237
1494770 1239
1494780 1241
1494790 1241
1494800 1242
1494810 1243
1494820 1243
1494830 1244
1494840 1244
1494850 1244
1494860 1243
1494870 1245
1494880 1245
1494890 1247
1494900 1247
1494910 1247
1494920 1249
1494930 1247
1494940 1247
1494950 1242
1494960 1237
1494970 1237
1494980 1234
1494990 1231
1495000 1231
1495010 1229
1495020 1227
1495030 1227
1495040 1227
1495050 1226
1495060 1225
1495070 1225
1495080 1223
1495090 1221
1495100 1221
1495110 1219
1495120 1216
1495130 1216
1495140 1211
1495150 1205
1495160 1205
1495170 1199
1495180 1193
1495190 1193
1495200 1186
1495210 1178
1495220 1178
1495230 1171
1495240 1167
1495250 1167
1495260 1159
1495270 1151
1495280 1151
1495290 1145
1495300 1137
1495310 1137
1495320 1130
1495330 1124
1495340 1124
1495350 1118
1495360 1113
1495370 1113
1495380 1106
1495390 1100
1495400 1100
1495410 1092
1495420 1084
1495430 1076
1495440 1076
1495450 1069
1495460 1061
1495470 1061
1495480 1052
1495490 1046
1495500 1046
1495510 1039
1495520 1032
1495530 1032
1495540 1024
1495550 1015
1495560 1015
1495570 1006
1495580 996
1495590 996
1495600 989
1495610 998
1495620 998
1495630 1009
1495640 1019
1495650 1019
1495660 1027
1495670 1037
1495680 1037
1495690 1047
1495700 1053
1495710 1053
1495720 1061
1495730 1066
1495740 1066
1495750 1071
1495760 1078
1495770 1078
1495780 1085
1495790 1093
1495800 1100
1495810 1100
1495820 1106
1495830 1112
1495840 1112
1495850 1116
1495860 1123
1495870 1123
1495880 1129
1495890 1135
1495900 1135
1495910 1140
1495920 1145
1495930 1145
1495940 1150
1495950 1154
1495960 1154
1495970 1157
1495980 1160
1495990 1160
1496000 1164
1496010 1169
1496020 1169
1496030 1174
1496040 1177
1496050 1177
1496060 1180
1496070 1183
1496080 1183
1496090 1183
1496100 1184
1496110 1184
1496120 1183
1496130 1183
1496140 1183
1496150 1181
1496160 1178
1496170 1178
1496180 1176
1496190 1172
1496200 1167
1496210 1167
1496220 1161
1496230 1154
1496240 1154
1496250 1146
1496260 1137
1496270 1137
1496280 1128
1496290 1119
1496300 1119
1496310 1111
1496320 1102
1496330 1102
1496340 1094
1496350 1086
1496360 1086
1496370 1076
1496380 1067
1496390 1067
1496400 1058
1496410 1049
1496420 1049
1496430 1041
1496440 1032
1496450 1032
1496460 1025
1496470 1017
1496480 1017
1496490 1010
1496500 1005
1496510 1005
1496520 1000
1496530 995
1496540 995
1496550 989
1496560 984
1496570 981
1496580 981
1496590 975
1496600 971
1496610 971
1496620 967
1496630 965
1496640 965
1496650 964
1496660 963
1496670 963
1496680 961
1496690 957
1496700 957
1496710 948
1496720 938
1496730 938
1496740 931
1496750 927
1496760 927
1496770 929
1496780 922
1496790 922
1496800 920
1496810 926
1496820 926
1496830 932
1496840 936
1496850 936
1496860 935
1496870 931
1496880 931
1496890 930
1496900 928
1496910 928
1496920 926
1496930 923
1496940 920
1496950 920
1496960 917
1496970 915
1496980 915
1496990 915
1497000 915
1497010 915
1497020 914
1497030 913
1497040 913
1497050 909
1497060 906
1497070 906
1497080 904
1497090 901
1497100 901
1497110 899
1497120 897
1497130 897
1497140 895
1497150 892
1497160 892
1497170 890
1497180 887
1497190 887
1497200 883
1497210 880
1497220 880
1497230 877
1497240 873
1497250 873
1497260 871
1497270 870
1497280 870
1497290 867
1497300 861
1497310 861
1497320 858
1497330 854
1497340 849
1497350 849
1497360 845
1497370 843
1497380 843
1497390 842
1497400 839
1497410 839
1497420 836
1497430 834
1497440 834
1497450 831
1497460 827
1497470 827
1497480 820
1497490 816
1497500 816
1497510 813
1497520 811
1497530 811
1497540 809
1497550 807
1497560 807
1497570 806
1497580 804
1497590 804
1497600 802
1497610 801
1497620 801
1497630 801
1497640 800
1497650 800
1497660 798
1497670 795
1497680 795
1497690 793
1497700 792
1497710 790
1497720 790
1497730 790
1497740 789
1497750 789
1497760 788
1497770 788
1497780 788
1497790 788
1497800 785
1497810 785
1497820 780
1497830 779
1497840 779
1497850 778
1497860 778
1497870 778
1497880 779
1497890 779
1497900 779
1497910 779
1497920 779
1497930 779
1497940 778
1497950 778
1497960 778
1497970 778
1497980 778
1497990 778
1498000 778
1498010 778
1498020 778
1498030 779
1498040 781
1498050 781
1498060 785
1498070 785
1498080 785
1498090 785
1498100 786
1498110 786
1498120 786
1498130 789
1498140 793
1498150 793
1498160 798
1498170 804
1498180 804
1498190 808
1498200 813
1498210 813
1498220 817
1498230 821
1498240 821
1498250 824
1498260 827
1498270 827
1498280 831
1498290 834
1498300 834
1498310 836
1498320 838
1498330 838
1498340 838
1498350 838
1498360 838
1498370 838
1498380 838
1498390 838
1498400 839
1498410 839
1498420 839
1498430 838
1498440 837
1498450 836
1498460 836
1498470 835
1498480 834
1498490 834
1498500 833
1498510 832
1498520 832
1498530 830
1498540 829
1498550 829
1498560 827
1498570 825
1498580 825
1498590 823
1498600 822
1498610 822
1498620 821
1498630 821
1498640 821
1498650 821
1498660 821
1498670 821
1498680 821
1498690 819
1498700 819
1498710 818
1498720 816
1498730 816
1498740 814
1498750 810
1498760 810
1498770 809
1498780 813
1498790 813
1498800 818
1498810 820
1498820 820
1498830 822
1498840 824
1498850 825
1498860 825
1498870 827
1498880 829
1498890 829
1498900 831
1498910 833
1498920 833
1498930 835
1498940 837
1498950 837
1498960 840
1498970 842
1498980 842
1498990 844
1499000 847
1499010 847
1499020 850
1499030 853
1499040 853
1499050 856
1499060 858
1499070 858
1499080 861
1499090 864
1499100 864
1499110 867
1499120 870
1499130 870
1499140 873
1499150 876
1499160 876
1499170 879
1499180 881
1499190 881
1499200 884
1499210 886
1499220 888
1499230 888
1499240 890
1499250 892
1499260 892
1499270 893
1499280 894
1499290 894
1499300 893
1499310 892
1499320 892
1499330 891
1499340 889
1499350 889
1499360 886
1499370 884
1499380 884
1499390 881
1499400 873
1499410 873
1499420 868
1499430 874
1499440 874
1499450 880
1499460 879
1499470 879
1499480 874
1499490 870
1499500 870
1499510 866
1499520 861
1499530 861
1499540 853
1499550 856
1499560 856
1499570 859
1499580 859
1499590 856
1499600 856
1499610 853
1499620 852
1499630 852
1499640 850
1499650 850
1499660 850
1499670 852
1499680 853
1499690 853
1499700 854
1499710 853
1499720 853
1499730 854
1499740 855
1499750 855
1499760 854
1499770 852
1499780 852
1499790 852
1499800 851
1499810 851
1499820 852
1499830 852
1499840 852
1499850 853
1499860 855
1499870 855
1499880 856
1499890 860
1499900 860
1499910 866
1499920 872
1499930 872
1499940 877
1499950 883
1499960 883
1499970 889
1499980 893
1499990 894
