1480000 553
1480010 554
1480020 558
1480030 558
1480040 561
1480050 562
1480060 562
1480070 561
1480080 561
1480090 561
1480100 561
1480110 561
1480120 561
1480130 561
1480140 560
1480150 560
1480160 559
1480170 558
1480180 558
1480190 558
1480200 554
1480210 554
1480220 553
1480230 553
1480240 554
1480250 554
1480260 557
1480270 562
1480280 562
1480290 567
1480300 572
1480310 572
1480320 577
1480330 581
1480340 581
1480350 587
1480360 593
1480370 593
1480380 597
1480390 600
1480400 600
1480410 601
1480420 602
1480430 602
1480440 602
1480450 601
1480460 601
1480470 599
1480480 597
1480490 597
1480500 596
1480510 594
1480520 594
1480530 592
1480540 590
1480550 590
1480560 588
1480570 586
1480580 586
1480590 585
1480600 584
1480610 584
1480620 583
1480630 583
1480640 582
1480650 582
1480660 581
1480670 581
1480680 581
1480690 581
1480700 581
1480710 581
1480720 582
1480730 582
1480740 582
1480750 582
1480760 582
1480770 582
1480780 584
1480790 586
1480800 586
1480810 588
1480820 591
1480830 591
1480840 592
1480850 592
1480860 592
1480870 592
1480880 593
1480890 593
1480900 595
1480910 595
1480920 595
1480930 594
1480940 595
1480950 595
1480960 595
1480970 594
1480980 594
1480990 595
1481000 595
1481010 591
1481020 591
1481030 590
1481040 592
1481050 592
1481060 591
1481070 592
1481080 592
1481090 588
1481100 584
1481110 584
1481120 578
1481130 571
1481140 571
1481150 565
1481160 562
1481170 562
1481180 560
1481190 557
1481200 557
1481210 556
1481220 556
1481230 556
1481240 556
1481250 557
1481260 557
1481270 558
1481280 562
1481290 562
1481300 559
1481310 559
1481320 559
1481330 564
1481340 564
1481350 564
1481360 559
1481370 559
1481380 559
1481390 559
1481400 559
1481410 560
1481420 560
1481430 560
1481440 561
1481450 561
1481460 562
1481470 564
1481480 564
1481490 564
1481500 564
1481510 564
1481520 565
1481530 565
1481540 565
1481550 565
1481560 565
1481570 565
1481580 565
1481590 564
1481600 564
1481610 565
1481620 565
1481630 565
1481640 564
1481650 564
1481660 564
1481670 564
1481680 564
1481690 564
1481700 564
1481710 564
1481720 564
1481730 564
1481740 563
1481750 563
1481760 562
1481770 561
1481780 561
1481790 561
1481800 562
1481810 562
1481820 562
1481830 562
1481840 563
1481850 563
1481860 564
1481870 564
1481880 564
1481890 564
1481900 564
1481910 564
1481920 564
1481930 565
1481940 565
1481950 565
1481960 565
1481970 565
1481980 565
1481990 565
1482000 565
1482010 565
1482020 565
1482030 565
1482040 565
1482050 565
1482060 565
1482070 566
1482080 566
1482090 566
1482100 566
1482110 566
1482120 566
1482130 567
1482140 567
1482150 567
1482160 567
1482170 567
1482180 568
1482190 568
1482200 568
1482210 568
1482220 568
1482230 568
1482240 568
1482250 568
1482260 568
1482270 568
1482280 568
1482290 568
1482300 568
1482310 568
1482320 569
1482330 569
1482340 569
1482350 569
1482360 569
1482370 569
1482380 569
1482390 569
1482400 569
1482410 569
1482420 569
1482430 569
1482440 569
1482450 569
1482460 569
1482470 569
1482480 569
1482490 569
1482500 569
1482510 569
1482520 569
1482530 569
1482540 569
1482550 569
1482560 569
1482570 570
1482580 570
1482590 570
1482600 571
1482610 570
1482620 570
1482630 569
1482640 569
1482650 569
1482660 569
1482670 569
1482680 569
1482690 570
1482700 570
1482710 570
1482720 571
1482730 571
1482740 571
1482750 571
1482760 571
1482770 571
1482780 571
1482790 571
1482800 571
1482810 571
1482820 571
1482830 571
1482840 571
1482850 571
1482860 571
1482870 571
1482880 571
1482890 571
1482900 571
1482910 571
1482920 571
1482930 571
1482940 571
1482950 571
1482960 571
1482970 571
1482980 571
1482990 571
1483000 572
1483010 572
1483020 572
1483030 572
1483040 572
1483050 572
1483060 572
1483070 572
1483080 572
1483090 572
1483100 572
1483110 572
1483120 572
1483130 572
1483140 572
1483150 572
1483160 572
1483170 572
1483180 572
1483190 572
1483200 572
1483210 572
1483220 572
1483230 572
1483240 572
1483250 573
1483260 573
1483270 573
1483280 573
1483290 573
1483300 573
1483310 573
1483320 573
1483330 573
1483340 573
1483350 573
1483360 573
1483370 573
1483380 573
1483390 573
1483400 574
1483410 574
1483420 574
1483430 575
1483440 575
1483450 575
1483460 575
1483470 574
1483480 574
1483490 574
1483500 574
1483510 574
1483520 574
1483530 574
1483540 574
1483550 575
1483560 575
1483570 575
1483580 575
1483590 575
1483600 575
1483610 575
1483620 575
1483630 575
1483640 575
1483650 575
1483660 575
1483670 575
1483680 576
1483690 578
1483700 578
1483710 580
1483720 581
1483730 581
1483740 582
1483750 583
1483760 583
1483770 583
1483780 583
1483790 583
1483800 582
1483810 582
1483820 582
1483830 582
1483840 581
1483850 581
1483860 581
1483870 581
1483880 581
1483890 582
1483900 584
1483910 584
1483920 585
1483930 586
1483940 586
1483950 587
1483960 588
1483970 588
1483980 588
1483990 589
1484000 589
1484010 591
1484020 593
1484030 593
1484040 594
1484050 597
1484060 597
1484070 601
1484080 603
1484090 605
1484100 605
1484110 604
1484120 602
1484130 602
1484140 603
1484150 604
1484160 604
1484170 607
1484180 610
1484190 610
1484200 612
1484210 613
1484220 613
1484230 613
1484240 613
1484250 613
1484260 613
1484270 613
1484280 613
1484290 613
1484300 613
1484310 613
1484320 609
1484330 603
1484340 603
1484350 597
1484360 592
1484370 592
1484380 593
1484390 595
1484400 595
1484410 599
1484420 602
1484430 602
1484440 602
1484450 600
1484460 602
1484470 602
1484480 604
1484490 611
1484500 611
1484510 616
1484520 618
1484530 618
1484540 620
1484550 622
1484560 622
1484570 621
1484580 619
1484590 619
1484600 619
1484610 620
1484620 620
1484630 622
1484640 624
1484650 624
1484660 626
1484670 627
1484680 627
1484690 629
1484700 632
1484710 632
1484720 633
1484730 633
1484740 633
1484750 631
1484760 632
1484770 632
1484780 632
1484790 632
1484800 632
1484810 630
1484820 629
1484830 626
1484840 626
1484850 626
1484860 632
1484870 632
1484880 637
1484890 641
1484900 641
1484910 645
1484920 648
1484930 648
1484940 650
1484950 650
1484960 650
1484970 650
1484980 648
1484990 648
1485000 646
1485010 648
1485020 648
1485030 649
1485040 650
1485050 650
1485060 651
1485070 653
1485080 653
1485090 654
1485100 654
1485110 654
1485120 654
1485130 656
1485140 656
1485150 657
1485160 660
1485170 660
1485180 661
1485190 661
1485200 661
1485210 662
1485220 663
1485230 664
1485240 664
1485250 665
1485260 665
1485270 665
1485280 666
1485290 667
1485300 667
1485310 667
1485320 668
1485330 668
1485340 668
1485350 669
1485360 669
1485370 669
1485380 669
1485390 669
1485400 669
1485410 669
1485420 669
1485430 668
1485440 667
1485450 667
1485460 666
1485470 667
1485480 667
1485490 668
1485500 669
1485510 669
1485520 672
1485530 674
1485540 674
1485550 676
1485560 677
1485570 677
1485580 677
1485590 677
1485600 678
1485610 678
1485620 679
1485630 679
1485640 679
1485650 680
1485660 680
1485670 680
1485680 680
1485690 680
1485700 680
1485710 680
1485720 681
1485730 681
1485740 680
1485750 676
1485760 676
1485770 673
1485780 675
1485790 675
1485800 680
1485810 685
1485820 685
1485830 686
1485840 685
1485850 685
1485860 684
1485870 684
1485880 684
1485890 682
1485900 682
1485910 682
1485920 682
1485930 685
1485940 685
1485950 689
1485960 692
1485970 692
1485980 696
1485990 701
1486000 705
1486010 705
1486020 709
1486030 711
1486040 711
1486050 713
1486060 714
1486070 714
1486080 715
1486090 716
1486100 716
1486110 716
1486120 716
1486130 716
1486140 715
1486150 715
1486160 715
1486170 716
1486180 716
1486190 716
1486200 716
1486210 716
1486220 716
1486230 716
1486240 716
1486250 716
1486260 716
1486270 716
1486280 716
1486290 716
1486300 716
1486310 716
1486320 715
1486330 714
1486340 714
1486350 714
1486360 713
1486370 712
1486380 712
1486390 711
1486400 711
1486410 711
1486420 712
1486430 713
1486440 713
1486450 713
1486460 713
1486470 713
1486480 714
1486490 715
1486500 715
1486510 716
1486520 717
1486530 717
1486540 717
1486550 718
1486560 718
1486570 718
1486580 718
1486590 718
1486600 718
1486610 718
1486620 718
1486630 718
1486640 718
1486650 718
1486660 718
1486670 718
1486680 718
1486690 719
1486700 718
1486710 718
1486720 718
1486730 718
1486740 718
1486750 718
1486760 718
1486770 718
1486780 718
1486790 718
1486800 717
1486810 717
1486820 717
1486830 717
1486840 717
1486850 717
1486860 718
1486870 718
1486880 719
1486890 720
1486900 720
1486910 720
1486920 720
1486930 720
1486940 721
1486950 720
1486960 720
1486970 720
1486980 720
1486990 720
1487000 721
1487010 720
1487020 720
1487030 720
1487040 720
1487050 720
1487060 720
1487070 720
1487080 720
1487090 719
1487100 719
1487110 719
1487120 718
1487130 717
1487140 716
1487150 716
1487160 715
1487170 713
1487180 713
1487190 710
1487200 705
1487210 705
1487220 697
1487230 691
1487240 691
1487250 687
1487260 683
1487270 683
1487280 678
1487290 675
1487300 675
1487310 673
1487320 674
1487330 674
1487340 677
1487350 678
1487360 678
1487370 675
1487380 669
1487390 669
1487400 664
1487410 661
1487420 661
1487430 657
1487440 651
1487450 651
1487460 647
1487470 646
1487480 646
1487490 651
1487500 658
1487510 665
1487520 665
1487530 672
1487540 679
1487550 679
1487560 682
1487570 681
1487580 681
1487590 680
1487600 677
1487610 677
1487620 673
1487630 668
1487640 668
1487650 665
1487660 662
1487670 662
1487680 658
1487690 656
1487700 656
1487710 653
1487720 649
1487730 649
1487740 645
1487750 642
1487760 642
1487770 642
1487780 642
1487790 642
1487800 641
1487810 641
1487820 641
1487830 643
1487840 644
1487850 644
1487860 647
1487870 651
1487880 651
1487890 655
1487900 660
1487910 664
1487920 664
1487930 668
1487940 672
1487950 672
1487960 679
1487970 687
1487980 687
1487990 692
1488000 690
1488010 690
1488020 694
1488030 693
1488040 693
1488050 695
1488060 704
1488070 704
1488080 707
1488090 708
1488100 708
1488110 709
1488120 713
1488130 713
1488140 714
1488150 716
1488160 716
1488170 717
1488180 716
1488190 716
1488200 717
1488210 721
1488220 721
1488230 725
1488240 728
1488250 728
1488260 731
1488270 733
1488280 731
1488290 731
1488300 726
1488310 722
1488320 722
1488330 721
1488340 719
1488350 719
1488360 714
1488370 713
1488380 713
1488390 720
1488400 726
1488410 726
1488420 733
1488430 740
1488440 740
1488450 743
1488460 743
1488470 743
1488480 744
1488490 745
1488500 745
1488510 746
1488520 747
1488530 747
1488540 747
1488550 748
1488560 748
1488570 749
1488580 750
1488590 750
1488600 751
1488610 752
1488620 752
1488630 752
1488640 753
1488650 753
1488660 754
1488670 755
1488680 756
1488690 756
1488700 757
1488710 758
1488720 758
1488730 758
1488740 759
1488750 759
1488760 760
1488770 761
1488780 761
1488790 762
1488800 763
1488810 763
1488820 764
1488830 765
1488840 765
1488850 766
1488860 767
1488870 767
1488880 767
1488890 768
1488900 768
1488910 768
1488920 769
1488930 769
1488940 769
1488950 770
1488960 770
1488970 770
1488980 771
1488990 771
1489000 771
1489010 771
1489020 771
1489030 771
1489040 772
1489050 773
1489060 773
1489070 775
1489080 779
1489090 779
1489100 777
1489110 769
1489120 769
1489130 763
1489140 758
1489150 758
1489160 752
1489170 744
1489180 744
1489190 737
1489200 747
1489210 747
1489220 753
1489230 756
1489240 756
1489250 760
1489260 764
1489270 764
1489280 766
1489290 769
1489300 769
1489310 773
1489320 776
1489330 776
1489340 778
1489350 778
1489360 778
1489370 778
1489380 778
1489390 778
1489400 777
1489410 777
1489420 777
1489430 777
1489440 777
1489450 776
1489460 776
1489470 777
1489480 777
1489490 777
1489500 777
1489510 777
1489520 777
1489530 776
1489540 777
1489550 777
1489560 777
1489570 777
1489580 777
1489590 777
1489600 776
1489610 776
1489620 773
1489630 770
1489640 770
1489650 764
1489660 759
1489670 759
1489680 753
1489690 751
1489700 751
1489710 747
1489720 743
1489730 743
1489740 742
1489750 741
1489760 741
1489770 742
1489780 744
1489790 744
1489800 742
1489810 741
1489820 742
1489830 742
1489840 743
1489850 746
1489860 746
1489870 750
1489880 752
1489890 752
1489900 753
1489910 756
1489920 756
1489930 759
1489940 758
1489950 758
1489960 758
1489970 758
1489980 758
1489990 758
1490000 760
1490010 760
1490020 762
1490030 765
1490040 765
1490050 767
1490060 769
1490070 769
1490080 771
1490090 775
1490100 775
1490110 778
1490120 782
1490130 782
1490140 788
1490150 790
1490160 790
1490170 790
1490180 789
1490190 789
1490200 789
1490210 790
1490220 792
1490230 792
1490240 793
1490250 794
1490260 794
1490270 795
1490280 795
1490290 795
1490300 795
1490310 794
1490320 794
1490330 794
1490340 794
1490350 794
1490360 794
1490370 794
1490380 794
1490390 794
1490400 794
1490410 794
1490420 794
1490430 794
1490440 794
1490450 794
1490460 795
1490470 795
1490480 795
1490490 796
1490500 796
1490510 796
1490520 796
1490530 796
1490540 797
1490550 797
1490560 797
1490570 797
1490580 797
1490590 797
1490600 797
1490610 797
1490620 798
1490630 798
1490640 799
1490650 800
1490660 800
1490670 800
1490680 800
1490690 800
1490700 800
1490710 799
1490720 799
1490730 800
1490740 801
1490750 801
1490760 802
1490770 803
1490780 803
1490790 803
1490800 804
1490810 804
1490820 804
1490830 804
1490840 804
1490850 804
1490860 805
1490870 805
1490880 805
1490890 806
1490900 806
1490910 807
1490920 808
1490930 808
1490940 809
1490950 810
1490960 810
1490970 810
1490980 810
1490990 809
1491000 809
1491010 809
1491020 810
1491030 810
1491040 811
1491050 812
1491060 812
1491070 812
1491080 813
1491090 813
1491100 813
1491110 814
1491120 814
1491130 815
1491140 816
1491150 816
1491160 816
1491170 817
1491180 817
1491190 817
1491200 818
1491210 818
1491220 819
1491230 820
1491240 820
1491250 820
1491260 821
1491270 821
1491280 823
1491290 826
1491300 826
1491310 828
1491320 830
1491330 832
1491340 832
1491350 833
1491360 835
1491370 835
1491380 836
1491390 838
1491400 838
1491410 839
1491420 841
1491430 841
1491440 842
1491450 844
1491460 844
1491470 845
1491480 846
1491490 846
1491500 848
1491510 849
1491520 849
1491530 850
1491540 852
1491550 852
1491560 853
1491570 855
1491580 855
1491590 857
1491600 858
1491610 858
1491620 860
1491630 862
1491640 862
1491650 863
1491660 865
1491670 865
1491680 865
1491690 865
1491700 865
1491710 865
1491720 864
1491730 864
1491740 864
1491750 864
1491760 864
1491770 864
1491780 864
1491790 864
1491800 864
1491810 863
1491820 862
1491830 862
1491840 863
1491850 864
1491860 864
1491870 865
1491880 864
1491890 864
1491900 864
1491910 865
1491920 865
1491930 865
1491940 866
1491950 866
1491960 869
1491970 870
1491980 870
1491990 870
1492000 871
1492010 871
1492020 873
1492030 874
1492040 874
1492050 875
1492060 876
1492070 876
1492080 877
1492090 878
1492100 880
1492110 880
1492120 882
1492130 884
1492140 884
1492150 885
1492160 886
1492170 886
1492180 886
1492190 887
1492200 887
1492210 889
1492220 890
1492230 890
1492240 892
1492250 894
1492260 894
1492270 896
1492280 898
1492290 898
1492300 900
1492310 902
1492320 902
1492330 903
1492340 906
1492350 906
1492360 908
1492370 909
1492380 909
1492390 911
1492400 913
1492410 913
1492420 914
1492430 916
1492440 916
1492450 917
1492460 919
1492470 919
1492480 922
1492490 923
1492500 924
1492510 924
1492520 927
1492530 929
1492540 929
1492550 931
1492560 932
1492570 932
1492580 935
1492590 939
1492600 939
1492610 942
1492620 945
1492630 945
1492640 948
1492650 949
1492660 949
1492670 950
1492680 954
1492690 954
1492700 958
1492710 961
1492720 961
1492730 963
1492740 965
1492750 965
1492760 967
1492770 969
1492780 969
1492790 971
1492800 972
1492810 972
1492820 973
1492830 974
1492840 974
1492850 974
1492860 974
1492870 975
1492880 975
1492890 977
1492900 978
1492910 978
1492920 980
1492930 984
1492940 984
1492950 991
1492960 997
1492970 997
1492980 1002
1492990 1006
1493000 1006
1493010 1008
1493020 1011
1493030 1011
1493040 1013
1493050 1015
1493060 1015
1493070 1016
1493080 1018
1493090 1018
1493100 1020
1493110 1023
1493120 1023
1493130 1027
1493140 1029
1493150 1029
1493160 1029
1493170 1030
1493180 1030
1493190 1034
1493200 1040
1493210 1040
1493220 1046
1493230 1053
1493240 1060
1493250 1060
1493260 1068
1493270 1075
1493280 1075
1493290 1080
1493300 1084
1493310 1084
1493320 1087
1493330 1089
1493340 1089
1493350 1092
1493360 1096
1493370 1096
1493380 1100
1493390 1103
1493400 1103
1493410 1107
1493420 1111
1493430 1111
1493440 1116
1493450 1121
1493460 1121
1493470 1127
1493480 1133
1493490 1133
1493500 1139
1493510 1145
1493520 1145
1493530 1152
1493540 1159
1493550 1159
1493560 1167
1493570 1174
1493580 1174
1493590 1180
1493600 1187
1493610 1187
1493620 1195
1493630 1200
1493640 1206
1493650 1206
1493660 1211
1493670 1215
1493680 1215
1493690 1219
1493700 1223
1493710 1223
1493720 1225
1493730 1227
1493740 1227
1493750 1232
1493760 1238
1493770 1238
1493780 1245
1493790 1251
1493800 1251
1493810 1257
1493820 1262
1493830 1262
1493840 1266
1493850 1270
1493860 1270
1493870 1275
1493880 1280
1493890 1280
1493900 1285
1493910 1291
1493920 1291
1493930 1298
1493940 1303
1493950 1303
1493960 1307
1493970 1310
1493980 1310
1493990 1313
1494000 1315
1494010 1319
1494020 1319
1494030 1323
1494040 1327
1494050 1327
1494060 1330
1494070 1334
1494080 1334
1494090 1338
1494100 1341
1494110 1341
1494120 1343
1494130 1346
1494140 1346
1494150 1351
1494160 1357
1494170 1357
1494180 1363
1494190 1371
1494200 1371
1494210 1376
1494220 1382
1494230 1382
1494240 1387
1494250 1390
1494260 1390
1494270 1394
1494280 1396
1494290 1396
1494300 1398
1494310 1401
1494320 1401
1494330 1404
1494340 1409
1494350 1409
1494360 1412
1494370 1413
1494380 1413
1494390 1413
1494400 1412
1494410 1412
1494420 1412
1494430 1412
1494440 1409
1494450 1409
1494460 1406
1494470 1405
1494480 1405
1494490 1407
1494500 1409
1494510 1409
1494520 1409
1494530 1406
1494540 1406
1494550 1402
1494560 1400
1494570 1400
1494580 1396
1494590 1394
1494600 1394
1494610 1392
1494620 1388
1494630 1388
1494640 1385
1494650 1380
1494660 1380
1494670 1375
1494680 1370
1494690 1370
1494700 1365
1494710 1361
1494720 1361
1494730 1356
1494740 1352
1494750 1352
1494760 1348
1494770 1346
1494780 1347
1494790 1347
1494800 1348
1494810 1348
1494820 1348
1494830 1347
1494840 1346
1494850 1346
1494860 1346
1494870 1345
1494880 1345
1494890 1344
1494900 1345
1494910 1345
1494920 1345
1494930 1344
1494940 1344
1494950 1344
1494960 1341
1494970 1341
1494980 1341
1494990 1341
1495000 1341
1495010 1340
1495020 1338
1495030 1338
1495040 1336
1495050 1333
1495060 1333
1495070 1329
1495080 1326
1495090 1326
1495100 1321
1495110 1318
1495120 1318
1495130 1314
1495140 1309
1495150 1309
1495160 1305
1495170 1299
1495180 1292
1495190 1292
1495200 1285
1495210 1279
1495220 1279
1495230 1273
1495240 1267
1495250 1267
1495260 1261
1495270 1254
1495280 1254
1495290 1246
1495300 1241
1495310 1241
1495320 1236
1495330 1231
1495340 1231
1495350 1225
1495360 1220
1495370 1220
1495380 1215
1495390 1209
1495400 1209
1495410 1204
1495420 1198
1495430 1198
1495440 1193
1495450 1188
1495460 1188
1495470 1181
1495480 1174
1495490 1174
1495500 1164
1495510 1154
1495520 1154
1495530 1148
1495540 1142
1495550 1144
1495560 1144
1495570 1150
1495580 1156
1495590 1156
1495600 1163
1495610 1167
1495620 1167
1495630 1174
1495640 1180
1495650 1180
1495660 1186
1495670 1192
1495680 1192
1495690 1200
1495700 1204
1495710 1204
1495720 1206
1495730 1213
1495740 1213
1495750 1222
1495760 1227
1495770 1227
1495780 1234
1495790 1239
1495800 1239
1495810 1245
1495820 1251
1495830 1251
1495840 1257
1495850 1262
1495860 1262
1495870 1268
1495880 1274
1495890 1274
1495900 1281
1495910 1288
1495920 1295
1495930 1295
1495940 1302
1495950 1309
1495960 1309
1495970 1316
1495980 1323
1495990 1323
1496000 1330
1496010 1337
1496020 1337
1496030 1344
1496040 1351
1496050 1351
1496060 1357
1496070 1364
1496080 1364
1496090 1372
1496100 1380
1496110 1380
1496120 1387
1496130 1394
1496140 1394
1496150 1400
1496160 1406
1496170 1406
1496180 1413
1496190 1420
1496200 1420
1496210 1428
1496220 1434
1496230 1434
1496240 1440
1496250 1444
1496260 1444
1496270 1447
1496280 1451
1496290 1451
1496300 1453
1496310 1454
1496320 1453
1496330 1453
1496340 1451
1496350 1449
1496360 1449
1496370 1448
1496380 1447
1496390 1447
1496400 1447
1496410 1448
1496420 1448
1496430 1447
1496440 1446
1496450 1446
1496460 1445
1496470 1443
1496480 1443
1496490 1442
1496500 1442
1496510 1442
1496520 1441
1496530 1440
1496540 1440
1496550 1439
1496560 1435
1496570 1435
1496580 1435
1496590 1436
1496600 1436
1496610 1435
1496620 1434
1496630 1434
1496640 1432
1496650 1428
1496660 1428
1496670 1423
1496680 1418
1496690 1413
1496700 1413
1496710 1409
1496720 1408
1496730 1408
1496740 1407
1496750 1406
1496760 1406
1496770 1405
1496780 1405
1496790 1405
1496800 1403
1496810 1402
1496820 1402
1496830 1399
1496840 1395
1496850 1395
1496860 1390
1496870 1388
1496880 1388
1496890 1384
1496900 1374
1496910 1374
1496920 1369
1496930 1363
1496940 1363
1496950 1357
1496960 1349
1496970 1349
1496980 1340
1496990 1329
1497000 1329
1497010 1319
1497020 1309
1497030 1309
1497040 1300
1497050 1292
1497060 1292
1497070 1286
1497080 1281
1497090 1275
1497100 1275
1497110 1271
1497120 1264
1497130 1264
1497140 1259
1497150 1257
1497160 1257
1497170 1255
1497180 1252
1497190 1252
1497200 1249
1497210 1246
1497220 1246
1497230 1243
1497240 1240
1497250 1240
1497260 1236
1497270 1232
1497280 1232
1497290 1228
1497300 1222
1497310 1222
1497320 1217
1497330 1214
1497340 1214
1497350 1212
1497360 1211
1497370 1211
1497380 1209
1497390 1205
1497400 1205
1497410 1200
1497420 1194
1497430 1194
1497440 1188
1497450 1183
1497460 1180
1497470 1180
1497480 1176
1497490 1172
1497500 1172
1497510 1165
1497520 1160
1497530 1160
1497540 1153
1497550 1147
1497560 1147
1497570 1140
1497580 1135
1497590 1135
1497600 1130
1497610 1126
1497620 1126
1497630 1122
1497640 1119
1497650 1119
1497660 1113
1497670 1107
1497680 1107
1497690 1101
1497700 1094
1497710 1094
1497720 1084
1497730 1076
1497740 1076
1497750 1069
1497760 1063
1497770 1063
1497780 1057
1497790 1050
1497800 1050
1497810 1043
1497820 1036
1497830 1030
1497840 1030
1497850 1025
1497860 1019
1497870 1019
1497880 1015
1497890 1010
1497900 1010
1497910 1004
1497920 998
1497930 998
1497940 993
1497950 992
1497960 992
1497970 988
1497980 985
1497990 985
1498000 981
1498010 977
1498020 977
1498030 973
1498040 970
1498050 970
1498060 967
1498070 965
1498080 965
1498090 962
1498100 958
1498110 958
1498120 955
1498130 952
1498140 952
1498150 950
1498160 947
1498170 947
1498180 945
1498190 943
1498200 943
1498210 940
1498220 938
1498230 937
1498240 937
1498250 934
1498260 931
1498270 931
1498280 927
1498290 925
1498300 925
1498310 922
1498320 919
1498330 919
1498340 916
1498350 913
1498360 913
1498370 910
1498380 905
1498390 905
1498400 902
1498410 899
1498420 899
1498430 895
1498440 892
1498450 892
1498460 889
1498470 887
1498480 887
1498490 886
1498500 884
1498510 884
1498520 883
1498530 881
1498540 881
1498550 879
1498560 878
1498570 878
1498580 877
1498590 875
1498600 874
1498610 874
1498620 871
1498630 870
1498640 870
1498650 869
1498660 867
1498670 867
1498680 867
1498690 863
1498700 863
1498710 862
1498720 860
1498730 860
1498740 858
1498750 857
1498760 857
1498770 857
1498780 855
1498790 855
1498800 850
1498810 846
1498820 846
1498830 842
1498840 838
1498850 838
1498860 834
1498870 831
1498880 831
1498890 829
1498900 827
1498910 827
1498920 826
1498930 824
1498940 824
1498950 823
1498960 823
1498970 823
1498980 824
1498990 825
1499000 825
1499010 825
1499020 825
1499030 822
1499040 822
1499050 820
1499060 820
1499070 820
1499080 819
1499090 817
1499100 817
1499110 818
1499120 819
1499130 819
1499140 820
1499150 820
1499160 820
1499170 820
1499180 820
1499190 820
1499200 820
1499210 819
1499220 819
1499230 819
1499240 818
1499250 818
1499260 817
1499270 817
1499280 817
1499290 816
1499300 814
1499310 814
1499320 814
1499330 814
1499340 814
1499350 813
1499360 814
1499370 815
1499380 815
1499390 816
1499400 817
1499410 817
1499420 818
1499430 821
1499440 821
1499450 826
1499460 828
1499470 828
1499480 829
1499490 830
1499500 830
1499510 831
1499520 832
1499530 832
1499540 834
1499550 836
1499560 836
1499570 838
1499580 840
1499590 840
1499600 842
1499610 844
1499620 844
1499630 846
1499640 848
1499650 848
1499660 851
1499670 854
1499680 854
1499690 857
1499700 861
1499710 861
1499720 865
1499730 869
1499740 873
1499750 873
1499760 878
1499770 882
1499780 882
1499790 887
1499800 891
1499810 891
1499820 896
1499830 900
1499840 900
1499850 904
1499860 906
1499870 906
1499880 906
1499890 904
1499900 904
1499910 903
1499920 902
1499930 902
1499940 901
1499950 900
1499960 900
1499970 897
1499980 897
1499990 897
