1480000 673
1480010 668
1480020 663
1480030 663
1480040 659
1480050 654
1480060 654
1480070 650
1480080 644
1480090 644
1480100 638
1480110 634
1480120 634
1480130 628
1480140 622
1480150 622
1480160 617
1480170 618
1480180 622
1480190 622
1480200 626
1480210 635
1480220 635
1480230 639
1480240 641
1480250 641
1480260 642
1480270 645
1480280 645
1480290 647
1480300 650
1480310 650
1480320 655
1480330 660
1480340 660
1480350 664
1480360 669
1480370 669
1480380 674
1480390 680
1480400 680
1480410 684
1480420 687
1480430 687
1480440 692
1480450 698
1480460 698
1480470 702
1480480 704
1480490 704
1480500 704
1480510 703
1480520 703
1480530 701
1480540 700
1480550 700
1480560 700
1480570 700
1480580 699
1480590 699
1480600 698
1480610 698
1480620 698
1480630 698
1480640 698
1480650 698
1480660 697
1480670 696
1480680 696
1480690 696
1480700 696
1480710 696
1480720 695
1480730 695
1480740 695
1480750 695
1480760 696
1480770 696
1480780 697
1480790 697
1480800 697
1480810 698
1480820 698
1480830 698
1480840 699
1480850 700
1480860 700
1480870 701
1480880 702
1480890 702
1480900 704
1480910 705
1480920 705
1480930 706
1480940 707
1480950 707
1480960 708
1480970 709
1480980 709
1480990 709
1481000 710
1481010 710
1481020 710
1481030 711
1481040 711
1481050 711
1481060 712
1481070 712
1481080 712
1481090 713
1481100 713
1481110 713
1481120 714
1481130 714
1481140 714
1481150 715
1481160 715
1481170 715
1481180 716
1481190 717
1481200 717
1481210 718
1481220 718
1481230 718
1481240 719
1481250 720
1481260 720
1481270 720
1481280 721
1481290 721
1481300 722
1481310 724
1481320 724
1481330 725
1481340 728
1481350 731
1481360 731
1481370 733
1481380 734
1481390 734
1481400 736
1481410 738
1481420 738
1481430 739
1481440 740
1481450 740
1481460 740
1481470 739
1481480 739
1481490 737
1481500 735
1481510 735
1481520 734
1481530 733
1481540 733
1481550 732
1481560 731
1481570 731
1481580 731
1481590 730
1481600 730
1481610 729
1481620 729
1481630 729
1481640 730
1481650 731
1481660 731
1481670 734
1481680 737
1481690 737
1481700 739
1481710 740
1481720 740
1481730 741
1481740 742
1481750 743
1481760 743
1481770 743
1481780 744
1481790 744
1481800 745
1481810 745
1481820 745
1481830 745
1481840 744
1481850 744
1481860 742
1481870 741
1481880 741
1481890 740
1481900 739
1481910 739
1481920 738
1481930 738
1481940 738
1481950 737
1481960 733
1481970 733
1481980 732
1481990 731
1482000 731
1482010 730
1482020 734
1482030 734
1482040 738
1482050 742
1482060 742
1482070 744
1482080 744
1482090 744
1482100 745
1482110 746
1482120 748
1482130 748
1482140 749
1482150 749
1482160 749
1482170 750
1482180 750
1482190 750
1482200 749
1482210 749
1482220 749
1482230 747
1482240 742
1482250 742
1482260 735
1482270 729
1482280 729
1482290 721
1482300 713
1482310 713
1482320 707
1482330 704
1482340 704
1482350 702
1482360 701
1482370 701
1482380 700
1482390 698
1482400 698
1482410 697
1482420 697
1482430 697
1482440 698
1482450 702
1482460 702
1482470 706
1482480 710
1482490 710
1482500 714
1482510 718
1482520 722
1482530 722
1482540 727
1482550 732
1482560 732
1482570 738
1482580 743
1482590 743
1482600 748
1482610 750
1482620 750
1482630 750
1482640 749
1482650 749
1482660 748
1482670 749
1482680 749
1482690 751
1482700 753
1482710 753
1482720 754
1482730 755
1482740 755
1482750 755
1482760 755
1482770 755
1482780 756
1482790 756
1482800 756
1482810 757
1482820 757
1482830 757
1482840 757
1482850 757
1482860 757
1482870 758
1482880 759
1482890 759
1482900 759
1482910 759
1482920 759
1482930 759
1482940 760
1482950 760
1482960 760
1482970 760
1482980 760
1482990 760
1483000 760
1483010 760
1483020 760
1483030 759
1483040 759
1483050 759
1483060 758
1483070 758
1483080 758
1483090 757
1483100 756
1483110 756
1483120 754
1483130 753
1483140 753
1483150 751
1483160 751
1483170 751
1483180 752
1483190 751
1483200 751
1483210 752
1483220 752
1483230 752
1483240 751
1483250 750
1483260 750
1483270 751
1483280 749
1483290 747
1483300 747
1483310 747
1483320 748
1483330 748
1483340 748
1483350 747
1483360 747
1483370 747
1483380 749
1483390 749
1483400 750
1483410 751
1483420 751
1483430 751
1483440 750
1483450 750
1483460 749
1483470 750
1483480 750
1483490 752
1483500 752
1483510 752
1483520 753
1483530 754
1483540 754
1483550 754
1483560 754
1483570 754
1483580 753
1483590 753
1483600 753
1483610 752
1483620 751
1483630 751
1483640 751
1483650 753
1483660 753
1483670 757
1483680 760
1483690 762
1483700 762
1483710 764
1483720 764
1483730 764
1483740 764
1483750 765
1483760 765
1483770 765
1483780 765
1483790 765
1483800 765
1483810 766
1483820 766
1483830 766
1483840 766
1483850 766
1483860 767
1483870 767
1483880 767
1483890 767
1483900 767
1483910 767
1483920 767
1483930 768
1483940 768
1483950 769
1483960 769
1483970 769
1483980 768
1483990 769
1484000 769
1484010 769
1484020 769
1484030 769
1484040 769
1484050 768
1484060 767
1484070 767
1484080 766
1484090 766
1484100 766
1484110 768
1484120 769
1484130 769
1484140 770
1484150 769
1484160 769
1484170 769
1484180 769
1484190 769
1484200 770
1484210 772
1484220 772
1484230 774
1484240 774
1484250 774
1484260 775
1484270 775
1484280 775
1484290 776
1484300 778
1484310 778
1484320 779
1484330 778
1484340 778
1484350 778
1484360 777
1484370 777
1484380 777
1484390 777
1484400 777
1484410 777
1484420 776
1484430 776
1484440 777
1484450 777
1484460 778
1484470 778
1484480 777
1484490 777
1484500 777
1484510 776
1484520 777
1484530 777
1484540 777
1484550 779
1484560 779
1484570 780
1484580 780
1484590 780
1484600 781
1484610 781
1484620 781
1484630 783
1484640 785
1484650 785
1484660 787
1484670 787
1484680 787
1484690 789
1484700 790
1484710 790
1484720 790
1484730 790
1484740 790
1484750 790
1484760 792
1484770 792
1484780 792
1484790 792
1484800 792
1484810 791
1484820 790
1484830 790
1484840 789
1484850 787
1484860 787
1484870 787
1484880 788
1484890 790
1484900 790
1484910 793
1484920 794
1484930 794
1484940 793
1484950 793
1484960 793
1484970 793
1484980 792
1484990 792
1485000 790
1485010 788
1485020 788
1485030 787
1485040 787
1485050 787
1485060 787
1485070 787
1485080 787
1485090 787
1485100 787
1485110 787
1485120 786
1485130 784
1485140 784
1485150 782
1485160 781
1485170 781
1485180 779
1485190 779
1485200 779
1485210 782
1485220 784
1485230 785
1485240 785
1485250 786
1485260 787
1485270 787
1485280 788
1485290 788
1485300 788
1485310 789
1485320 789
1485330 789
1485340 789
1485350 789
1485360 789
1485370 789
1485380 789
1485390 789
1485400 789
1485410 789
1485420 789
1485430 789
1485440 789
1485450 789
1485460 788
1485470 788
1485480 788
1485490 787
1485500 786
1485510 786
1485520 786
1485530 785
1485540 785
1485550 785
1485560 786
1485570 786
1485580 787
1485590 788
1485600 788
1485610 789
1485620 790
1485630 790
1485640 790
1485650 791
1485660 792
1485670 792
1485680 793
1485690 792
1485700 792
1485710 791
1485720 790
1485730 790
1485740 791
1485750 796
1485760 796
1485770 798
1485780 798
1485790 798
1485800 799
1485810 799
1485820 799
1485830 800
1485840 801
1485850 801
1485860 801
1485870 801
1485880 801
1485890 802
1485900 802
1485910 802
1485920 803
1485930 802
1485940 802
1485950 802
1485960 800
1485970 800
1485980 796
1485990 798
1486000 802
1486010 802
1486020 801
1486030 799
1486040 799
1486050 801
1486060 803
1486070 803
1486080 804
1486090 802
1486100 802
1486110 804
1486120 804
1486130 804
1486140 805
1486150 805
1486160 805
1486170 805
1486180 805
1486190 805
1486200 805
1486210 806
1486220 806
1486230 806
1486240 807
1486250 807
1486260 807
1486270 808
1486280 808
1486290 809
1486300 809
1486310 809
1486320 809
1486330 809
1486340 809
1486350 809
1486360 810
1486370 810
1486380 811
1486390 811
1486400 811
1486410 811
1486420 810
1486430 808
1486440 808
1486450 811
1486460 813
1486470 813
1486480 814
1486490 814
1486500 814
1486510 814
1486520 815
1486530 815
1486540 815
1486550 816
1486560 816
1486570 816
1486580 817
1486590 817
1486600 816
1486610 816
1486620 816
1486630 816
1486640 816
1486650 816
1486660 816
1486670 817
1486680 817
1486690 818
1486700 818
1486710 818
1486720 816
1486730 817
1486740 817
1486750 819
1486760 820
1486770 822
1486780 822
1486790 823
1486800 825
1486810 825
1486820 826
1486830 827
1486840 827
1486850 828
1486860 828
1486870 828
1486880 828
1486890 829
1486900 829
1486910 830
1486920 828
1486930 828
1486940 828
1486950 829
1486960 829
1486970 831
1486980 831
1486990 831
1487000 831
1487010 833
1487020 833
1487030 837
1487040 840
1487050 840
1487060 843
1487070 846
1487080 846
1487090 848
1487100 849
1487110 849
1487120 848
1487130 849
1487140 849
1487150 850
1487160 852
1487170 855
1487180 855
1487190 854
1487200 852
1487210 852
1487220 850
1487230 851
1487240 851
1487250 850
1487260 849
1487270 849
1487280 851
1487290 854
1487300 854
1487310 854
1487320 851
1487330 851
1487340 848
1487350 841
1487360 841
1487370 835
1487380 831
1487390 831
1487400 833
1487410 844
1487420 844
1487430 857
1487440 865
1487450 865
1487460 872
1487470 875
1487480 875
1487490 877
1487500 879
1487510 879
1487520 881
1487530 883
1487540 883
1487550 885
1487560 887
1487570 888
1487580 888
1487590 890
1487600 893
1487610 893
1487620 895
1487630 896
1487640 896
1487650 897
1487660 898
1487670 898
1487680 899
1487690 901
1487700 901
1487710 902
1487720 904
1487730 904
1487740 906
1487750 909
1487760 909
1487770 910
1487780 911
1487790 911
1487800 912
1487810 912
1487820 912
1487830 914
1487840 916
1487850 916
1487860 917
1487870 918
1487880 918
1487890 919
1487900 920
1487910 920
1487920 922
1487930 923
1487940 925
1487950 925
1487960 928
1487970 930
1487980 930
1487990 935
1488000 940
1488010 940
1488020 940
1488030 939
1488040 939
1488050 940
1488060 941
1488070 941
1488080 944
1488090 947
1488100 947
1488110 949
1488120 950
1488130 950
1488140 954
1488150 958
1488160 958
1488170 961
1488180 962
1488190 962
1488200 966
1488210 968
1488220 968
1488230 971
1488240 974
1488250 974
1488260 977
1488270 980
1488280 980
1488290 983
1488300 985
1488310 985
1488320 984
1488330 985
1488340 986
1488350 986
1488360 987
1488370 988
1488380 988
1488390 989
1488400 989
1488410 989
1488420 990
1488430 991
1488440 991
1488450 992
1488460 988
1488470 988
1488480 982
1488490 979
1488500 979
1488510 979
1488520 979
1488530 979
1488540 979
1488550 980
1488560 980
1488570 981
1488580 982
1488590 982
1488600 982
1488610 981
1488620 981
1488630 981
1488640 983
1488650 983
1488660 985
1488670 986
1488680 986
1488690 987
1488700 987
1488710 987
1488720 987
1488730 986
1488740 986
1488750 986
1488760 985
1488770 985
1488780 985
1488790 986
1488800 988
1488810 988
1488820 990
1488830 993
1488840 993
1488850 994
1488860 992
1488870 992
1488880 989
1488890 987
1488900 987
1488910 985
1488920 983
1488930 983
1488940 981
1488950 980
1488960 980
1488970 980
1488980 980
1488990 980
1489000 980
1489010 980
1489020 980
1489030 980
1489040 978
1489050 978
1489060 978
1489070 977
1489080 977
1489090 975
1489100 973
1489110 971
1489120 971
1489130 968
1489140 966
1489150 966
1489160 964
1489170 963
1489180 963
1489190 961
1489200 959
1489210 959
1489220 957
1489230 955
1489240 955
1489250 951
1489260 948
1489270 948
1489280 944
1489290 940
1489300 940
1489310 935
1489320 930
1489330 930
1489340 925
1489350 921
1489360 921
1489370 916
1489380 913
1489390 913
1489400 910
1489410 907
1489420 907
1489430 903
1489440 900
1489450 900
1489460 896
1489470 889
1489480 889
1489490 881
1489500 873
1489510 868
1489520 868
1489530 865
1489540 861
1489550 861
1489560 856
1489570 850
1489580 850
1489590 843
1489600 835
1489610 835
1489620 832
1489630 833
1489640 833
1489650 832
1489660 831
1489670 831
1489680 831
1489690 832
1489700 832
1489710 835
1489720 838
1489730 838
1489740 840
1489750 842
1489760 842
1489770 842
1489780 840
1489790 840
1489800 838
1489810 838
1489820 838
1489830 838
1489840 839
1489850 839
1489860 841
1489870 842
1489880 841
1489890 841
1489900 842
1489910 842
1489920 842
1489930 841
1489940 841
1489950 841
1489960 842
1489970 842
1489980 842
1489990 841
1490000 841
1490010 841
1490020 841
1490030 840
1490040 840
1490050 838
1490060 837
1490070 837
1490080 837
1490090 836
1490100 836
1490110 834
1490120 832
1490130 832
1490140 832
1490150 833
1490160 833
1490170 834
1490180 833
1490190 833
1490200 832
1490210 829
1490220 829
1490230 826
1490240 821
1490250 821
1490260 817
1490270 813
1490280 806
1490290 806
1490300 801
1490310 798
1490320 798
1490330 795
1490340 792
1490350 792
1490360 788
1490370 778
1490380 778
1490390 770
1490400 766
1490410 766
1490420 764
1490430 769
1490440 769
1490450 776
1490460 784
1490470 784
1490480 790
1490490 796
1490500 796
1490510 800
1490520 806
1490530 806
1490540 812
1490550 818
1490560 818
1490570 823
1490580 828
1490590 828
1490600 831
1490610 834
1490620 834
1490630 837
1490640 838
1490650 838
1490660 838
1490670 837
1490680 838
1490690 838
1490700 839
1490710 840
1490720 840
1490730 841
1490740 840
1490750 840
1490760 840
1490770 841
1490780 841
1490790 843
1490800 845
1490810 845
1490820 847
1490830 850
1490840 850
1490850 852
1490860 853
1490870 853
1490880 857
1490890 860
1490900 860
1490910 863
1490920 864
1490930 864
1490940 867
1490950 869
1490960 869
1490970 871
1490980 873
1490990 873
1491000 875
1491010 877
1491020 877
1491030 879
1491040 883
1491050 887
1491060 887
1491070 893
1491080 896
1491090 896
1491100 900
1491110 904
1491120 904
1491130 907
1491140 909
1491150 909
1491160 913
1491170 916
1491180 916
1491190 918
1491200 920
1491210 920
1491220 923
1491230 925
1491240 925
1491250 928
1491260 931
1491270 931
1491280 935
1491290 939
1491300 939
1491310 943
1491320 947
1491330 947
1491340 950
1491350 952
1491360 952
1491370 954
1491380 957
1491390 957
1491400 960
1491410 965
1491420 969
1491430 969
1491440 974
1491450 980
1491460 980
1491470 984
1491480 987
1491490 987
1491500 990
1491510 993
1491520 993
1491530 998
1491540 1001
1491550 1001
1491560 1006
1491570 1012
1491580 1012
1491590 1018
1491600 1024
1491610 1024
1491620 1030
1491630 1036
1491640 1036
1491650 1042
1491660 1049
1491670 1049
1491680 1055
1491690 1061
1491700 1061
1491710 1067
1491720 1073
1491730 1073
1491740 1079
1491750 1085
1491760 1085
1491770 1091
1491780 1098
1491790 1098
1491800 1103
1491810 1110
1491820 1116
1491830 1116
1491840 1122
1491850 1128
1491860 1128
1491870 1134
1491880 1140
1491890 1140
1491900 1147
1491910 1152
1491920 1152
1491930 1158
1491940 1164
1491950 1164
1491960 1170
1491970 1175
1491980 1175
1491990 1181
1492000 1187
1492010 1187
1492020 1195
1492030 1202
1492040 1202
1492050 1209
1492060 1216
1492070 1216
1492080 1222
1492090 1228
1492100 1228
1492110 1234
1492120 1240
1492130 1240
1492140 1247
1492150 1254
1492160 1254
1492170 1260
1492180 1268
1492190 1268
1492200 1275
1492210 1282
1492220 1288
1492230 1288
1492240 1295
1492250 1301
1492260 1301
1492270 1307
1492280 1312
1492290 1312
1492300 1317
1492310 1322
1492320 1322
1492330 1325
1492340 1327
1492350 1327
1492360 1328
1492370 1328
1492380 1328
1492390 1329
1492400 1329
1492410 1329
1492420 1328
1492430 1324
1492440 1324
1492450 1320
1492460 1322
1492470 1322
1492480 1322
1492490 1324
1492500 1324
1492510 1327
1492520 1329
1492530 1329
1492540 1329
1492550 1328
1492560 1328
1492570 1326
1492580 1321
1492590 1319
1492600 1319
1492610 1319
1492620 1317
1492630 1317
1492640 1318
1492650 1316
1492660 1316
1492670 1314
1492680 1312
1492690 1312
1492700 1310
1492710 1309
1492720 1309
1492730 1308
1492740 1308
1492750 1308
1492760 1307
1492770 1306
1492780 1306
1492790 1310
1492800 1316
1492810 1316
1492820 1323
1492830 1330
1492840 1330
1492850 1338
1492860 1346
1492870 1346
1492880 1355
1492890 1361
1492900 1361
1492910 1368
1492920 1374
1492930 1374
1492940 1381
1492950 1387
1492960 1387
1492970 1392
1492980 1397
1492990 1401
1493000 1401
1493010 1404
1493020 1405
1493030 1405
1493040 1405
1493050 1405
1493060 1405
1493070 1403
1493080 1402
1493090 1402
1493100 1402
1493110 1405
1493120 1405
1493130 1408
1493140 1411
1493150 1411
1493160 1414
1493170 1418
1493180 1418
1493190 1421
1493200 1424
1493210 1424
1493220 1426
1493230 1428
1493240 1428
1493250 1431
1493260 1434
1493270 1434
1493280 1437
1493290 1439
1493300 1439
1493310 1440
1493320 1442
1493330 1442
1493340 1444
1493350 1447
1493360 1450
1493370 1450
1493380 1454
1493390 1458
1493400 1458
1493410 1462
1493420 1465
1493430 1465
1493440 1467
1493450 1469
1493460 1469
1493470 1471
1493480 1475
1493490 1475
1493500 1477
1493510 1481
1493520 1481
1493530 1485
1493540 1489
1493550 1489
1493560 1493
1493570 1494
1493580 1494
1493590 1496
1493600 1496
1493610 1496
1493620 1494
1493630 1495
1493640 1495
1493650 1495
1493660 1492
1493670 1492
1493680 1489
1493690 1486
1493700 1486
1493710 1481
1493720 1476
1493730 1476
1493740 1473
1493750 1471
1493760 1470
1493770 1470
1493780 1470
1493790 1469
1493800 1469
1493810 1469
1493820 1469
1493830 1469
1493840 1469
1493850 1468
1493860 1468
1493870 1469
1493880 1467
1493890 1467
1493900 1463
1493910 1460
1493920 1460
1493930 1462
1493940 1466
1493950 1466
1493960 1469
1493970 1469
1493980 1469
1493990 1470
1494000 1469
1494010 1469
1494020 1470
1494030 1473
1494040 1473
1494050 1477
1494060 1480
1494070 1480
1494080 1482
1494090 1484
1494100 1484
1494110 1486
1494120 1487
1494130 1487
1494140 1487
1494150 1488
1494160 1490
1494170 1491
1494180 1493
1494190 1495
1494200 1495
1494210 1495
1494220 1496
1494230 1496
1494240 1499
1494250 1502
1494260 1502
1494270 1504
1494280 1503
1494290 1503
1494300 1501
1494310 1499
1494320 1499
1494330 1496
1494340 1492
1494350 1492
1494360 1488
1494370 1485
1494380 1485
1494390 1480
1494400 1475
1494410 1475
1494420 1470
1494430 1465
1494440 1465
1494450 1460
1494460 1452
1494470 1452
1494480 1443
1494490 1436
1494500 1436
1494510 1430
1494520 1423
1494530 1416
1494540 1416
1494550 1410
1494560 1405
1494570 1405
1494580 1400
1494590 1396
1494600 1396
1494610 1392
1494620 1389
1494630 1389
1494640 1386
1494650 1384
1494660 1384
1494670 1382
1494680 1380
1494690 1380
1494700 1379
1494710 1381
1494720 1381
1494730 1382
1494740 1383
1494750 1383
1494760 1383
1494770 1383
1494780 1383
1494790 1384
1494800 1388
1494810 1388
1494820 1390
1494830 1390
1494840 1390
1494850 1393
1494860 1399
1494870 1399
1494880 1401
1494890 1402
1494900 1402
1494910 1403
1494920 1401
1494930 1400
1494940 1400
1494950 1394
1494960 1389
1494970 1389
1494980 1386
1494990 1383
1495000 1383
1495010 1381
1495020 1377
1495030 1377
1495040 1375
1495050 1372
1495060 1372
1495070 1369
1495080 1365
1495090 1365
1495100 1362
1495110 1358
1495120 1358
1495130 1352
1495140 1345
1495150 1345
1495160 1337
1495170 1332
1495180 1332
1495190 1326
1495200 1320
1495210 1320
1495220 1313
1495230 1308
1495240 1308
1495250 1303
1495260 1300
1495270 1300
1495280 1297
1495290 1291
1495300 1287
1495310 1287
1495320 1284
1495330 1280
1495340 1280
1495350 1277
1495360 1274
1495370 1274
1495380 1270
1495390 1266
1495400 1266
1495410 1261
1495420 1257
1495430 1257
1495440 1252
1495450 1248
1495460 1248
1495470 1244
1495480 1241
1495490 1241
1495500 1237
1495510 1233
1495520 1233
1495530 1232
1495540 1232
1495550 1232
1495560 1234
1495570 1239
1495580 1239
1495590 1242
1495600 1244
1495610 1244
1495620 1246
1495630 1245
1495640 1245
1495650 1246
1495660 1247
1495670 1247
1495680 1251
1495690 1254
1495700 1257
1495710 1257
1495720 1261
1495730 1265
1495740 1265
1495750 1269
1495760 1272
1495770 1272
1495780 1276
1495790 1280
1495800 1280
1495810 1286
1495820 1291
1495830 1291
1495840 1296
1495850 1299
1495860 1299
1495870 1303
1495880 1308
1495890 1308
1495900 1312
1495910 1317
1495920 1317
1495930 1321
1495940 1324
1495950 1324
1495960 1327
1495970 1329
1495980 1329
1495990 1330
1496000 1335
1496010 1335
1496020 1339
1496030 1339
1496040 1339
1496050 1340
1496060 1346
1496070 1346
1496080 1354
1496090 1359
1496100 1364
1496110 1364
1496120 1371
1496130 1377
1496140 1377
1496150 1383
1496160 1388
1496170 1388
1496180 1394
1496190 1401
1496200 1401
1496210 1409
1496220 1415
1496230 1415
1496240 1422
1496250 1430
1496260 1430
1496270 1439
1496280 1445
1496290 1445
1496300 1451
1496310 1457
1496320 1457
1496330 1463
1496340 1471
1496350 1471
1496360 1477
1496370 1482
1496380 1482
1496390 1488
1496400 1493
1496410 1493
1496420 1498
1496430 1502
1496440 1502
1496450 1507
1496460 1510
1496470 1512
1496480 1512
1496490 1515
1496500 1514
1496510 1514
1496520 1512
1496530 1511
1496540 1511
1496550 1510
1496560 1508
1496570 1508
1496580 1506
1496590 1504
1496600 1504
1496610 1502
1496620 1498
1496630 1498
1496640 1490
1496650 1481
1496660 1481
1496670 1474
1496680 1468
1496690 1468
1496700 1462
1496710 1455
1496720 1455
1496730 1449
1496740 1442
1496750 1442
1496760 1432
1496770 1421
1496780 1421
1496790 1411
1496800 1400
1496810 1400
1496820 1391
1496830 1383
1496840 1383
1496850 1373
1496860 1364
1496870 1355
1496880 1355
1496890 1349
1496900 1351
1496910 1351
1496920 1353
1496930 1347
1496940 1347
1496950 1343
1496960 1331
1496970 1331
1496980 1322
1496990 1354
1497000 1354
1497010 1370
1497020 1359
1497030 1359
1497040 1342
1497050 1323
1497060 1323
1497070 1323
1497080 1324
1497090 1324
1497100 1320
1497110 1308
1497120 1308
1497130 1297
1497140 1287
1497150 1287
1497160 1282
1497170 1274
1497180 1274
1497190 1265
1497200 1253
1497210 1253
1497220 1244
1497230 1236
1497240 1228
1497250 1228
1497260 1221
1497270 1216
1497280 1216
1497290 1211
1497300 1205
1497310 1205
1497320 1199
1497330 1192
1497340 1192
1497350 1181
1497360 1170
1497370 1170
1497380 1159
1497390 1151
1497400 1151
1497410 1144
1497420 1139
1497430 1139
1497440 1134
1497450 1125
1497460 1125
1497470 1112
1497480 1097
1497490 1097
1497500 1085
1497510 1078
1497520 1078
1497530 1072
1497540 1067
1497550 1067
1497560 1064
1497570 1063
1497580 1063
1497590 1071
1497600 1070
1497610 1070
1497620 1055
1497630 1045
1497640 1035
1497650 1035
1497660 1027
1497670 1021
1497680 1021
1497690 1015
1497700 1008
1497710 1008
1497720 1001
1497730 994
1497740 994
1497750 987
1497760 982
1497770 982
1497780 978
1497790 974
1497800 974
1497810 968
1497820 960
1497830 960
1497840 953
1497850 952
1497860 952
1497870 952
1497880 952
1497890 952
1497900 951
1497910 950
1497920 950
1497930 949
1497940 950
1497950 950
1497960 952
1497970 956
1497980 956
1497990 961
1498000 965
1498010 968
1498020 968
1498030 966
1498040 967
1498050 967
1498060 973
1498070 980
1498080 980
1498090 985
1498100 989
1498110 989
1498120 992
1498130 996
1498140 996
1498150 999
1498160 1002
1498170 1002
1498180 1003
1498190 1004
1498200 1004
1498210 1005
1498220 1007
1498230 1007
1498240 1008
1498250 1007
1498260 1007
1498270 1006
1498280 1006
1498290 1006
1498300 1006
1498310 1007
1498320 1007
1498330 1007
1498340 1008
1498350 1008
1498360 1009
1498370 1009
1498380 1009
1498390 1008
1498400 1008
1498410 1009
1498420 1009
1498430 1009
1498440 1010
1498450 1010
1498460 1011
1498470 1011
1498480 1011
1498490 1011
1498500 1012
1498510 1012
1498520 1013
1498530 1013
1498540 1013
1498550 1010
1498560 1008
1498570 1008
1498580 1011
1498590 1015
1498600 1015
1498610 1019
1498620 1020
1498630 1020
1498640 1021
1498650 1022
1498660 1022
1498670 1023
1498680 1024
1498690 1024
1498700 1024
1498710 1024
1498720 1024
1498730 1023
1498740 1022
1498750 1022
1498760 1020
1498770 1020
1498780 1020
1498790 1021
1498800 1021
1498810 1022
1498820 1022
1498830 1022
1498840 1022
1498850 1022
1498860 1022
1498870 1021
1498880 1021
1498890 1019
1498900 1018
1498910 1018
1498920 1017
1498930 1016
1498940 1016
1498950 1015
1498960 1013
1498970 1013
1498980 1012
1498990 1010
1499000 1010
1499010 1010
1499020 1008
1499030 1008
1499040 1003
1499050 998
1499060 998
1499070 991
1499080 987
1499090 987
1499100 982
1499110 979
1499120 979
1499130 977
1499140 977
1499150 977
1499160 980
1499170 979
1499180 978
1499190 978
1499200 977
1499210 978
1499220 978
1499230 978
1499240 978
1499250 978
1499260 978
1499270 978
1499280 978
1499290 978
1499300 976
1499310 976
1499320 975
1499330 976
1499340 976
1499350 974
1499360 974
1499370 974
1499380 974
1499390 978
1499400 978
1499410 981
1499420 985
1499430 985
1499440 990
1499450 995
1499460 995
1499470 1000
1499480 1005
1499490 1005
1499500 1010
1499510 1015
1499520 1015
1499530 1020
1499540 1025
1499550 1025
1499560 1030
1499570 1034
1499580 1039
1499590 1039
1499600 1044
1499610 1050
1499620 1050
1499630 1055
1499640 1061
1499650 1061
1499660 1067
1499670 1073
1499680 1073
1499690 1079
1499700 1083
1499710 1083
1499720 1083
1499730 1080
1499740 1080
1499750 1076
1499760 1071
1499770 1071
1499780 1067
1499790 1065
1499800 1065
1499810 1062
1499820 1060
1499830 1060
1499840 1058
1499850 1053
1499860 1053
1499870 1044
1499880 1037
1499890 1037
1499900 1026
1499910 1019
1499920 1019
1499930 1015
1499940 1011
1499950 1007
1499960 1007
1499970 1003
1499980 998
1499990 998
