1480000 692
1480010 684
1480020 676
1480030 676
1480040 669
1480050 663
1480060 663
1480070 656
1480080 650
1480090 650
1480100 643
1480110 638
1480120 638
1480130 631
1480140 623
1480150 623
1480160 619
1480170 619
1480180 622
1480190 622
1480200 631
1480210 644
1480220 644
1480230 653
1480240 663
1480250 663
1480260 677
1480270 685
1480280 685
1480290 692
1480300 699
1480310 699
1480320 705
1480330 709
1480340 709
1480350 713
1480360 715
1480370 715
1480380 718
1480390 721
1480400 721
1480410 723
1480420 725
1480430 725
1480440 728
1480450 731
1480460 731
1480470 733
1480480 736
1480490 736
1480500 739
1480510 741
1480520 741
1480530 743
1480540 745
1480550 745
1480560 748
1480570 751
1480580 754
1480590 754
1480600 756
1480610 757
1480620 757
1480630 759
1480640 762
1480650 762
1480660 765
1480670 767
1480680 767
1480690 767
1480700 768
1480710 768
1480720 769
1480730 770
1480740 770
1480750 772
1480760 774
1480770 774
1480780 776
1480790 777
1480800 777
1480810 779
1480820 780
1480830 780
1480840 782
1480850 784
1480860 784
1480870 785
1480880 785
1480890 785
1480900 786
1480910 785
1480920 785
1480930 785
1480940 785
1480950 785
1480960 785
1480970 785
1480980 784
1480990 784
1481000 785
1481010 785
1481020 785
1481030 785
1481040 785
1481050 785
1481060 785
1481070 786
1481080 786
1481090 787
1481100 789
1481110 789
1481120 790
1481130 793
1481140 793
1481150 794
1481160 796
1481170 796
1481180 797
1481190 799
1481200 799
1481210 801
1481220 802
1481230 802
1481240 802
1481250 803
1481260 803
1481270 804
1481280 806
1481290 806
1481300 806
1481310 807
1481320 807
1481330 807
1481340 808
1481350 808
1481360 808
1481370 809
1481380 809
1481390 809
1481400 809
1481410 808
1481420 808
1481430 807
1481440 806
1481450 806
1481460 805
1481470 803
1481480 803
1481490 803
1481500 803
1481510 803
1481520 803
1481530 802
1481540 802
1481550 801
1481560 800
1481570 800
1481580 798
1481590 796
1481600 796
1481610 795
1481620 794
1481630 794
1481640 794
1481650 793
1481660 793
1481670 790
1481680 788
1481690 788
1481700 786
1481710 786
1481720 786
1481730 785
1481740 785
1481750 785
1481760 785
1481770 785
1481780 785
1481790 785
1481800 785
1481810 785
1481820 785
1481830 785
1481840 786
1481850 786
1481860 786
1481870 787
1481880 787
1481890 788
1481900 789
1481910 789
1481920 789
1481930 789
1481940 789
1481950 790
1481960 789
1481970 789
1481980 790
1481990 792
1482000 792
1482010 793
1482020 795
1482030 795
1482040 797
1482050 798
1482060 798
1482070 799
1482080 800
1482090 800
1482100 800
1482110 801
1482120 802
1482130 802
1482140 803
1482150 805
1482160 805
1482170 806
1482180 807
1482190 807
1482200 807
1482210 806
1482220 806
1482230 806
1482240 805
1482250 805
1482260 805
1482270 805
1482280 805
1482290 805
1482300 804
1482310 804
1482320 804
1482330 804
1482340 804
1482350 804
1482360 805
1482370 805
1482380 805
1482390 805
1482400 805
1482410 805
1482420 806
1482430 806
1482440 806
1482450 806
1482460 806
1482470 806
1482480 806
1482490 806
1482500 807
1482510 807
1482520 807
1482530 807
1482540 807
1482550 806
1482560 806
1482570 806
1482580 806
1482590 806
1482600 806
1482610 806
1482620 806
1482630 806
1482640 806
1482650 806
1482660 806
1482670 805
1482680 805
1482690 804
1482700 803
1482710 803
1482720 804
1482730 804
1482740 804
1482750 804
1482760 803
1482770 803
1482780 803
1482790 803
1482800 803
1482810 803
1482820 803
1482830 803
1482840 803
1482850 803
1482860 803
1482870 803
1482880 802
1482890 801
1482900 801
1482910 801
1482920 800
1482930 800
1482940 800
1482950 799
1482960 799
1482970 798
1482980 797
1482990 797
1483000 796
1483010 795
1483020 795
1483030 795
1483040 795
1483050 795
1483060 794
1483070 794
1483080 794
1483090 794
1483100 794
1483110 794
1483120 794
1483130 794
1483140 794
1483150 794
1483160 794
1483170 794
1483180 794
1483190 792
1483200 792
1483210 790
1483220 790
1483230 790
1483240 791
1483250 793
1483260 793
1483270 795
1483280 797
1483290 798
1483300 798
1483310 800
1483320 801
1483330 801
1483340 800
1483350 800
1483360 800
1483370 801
1483380 802
1483390 802
1483400 804
1483410 805
1483420 805
1483430 806
1483440 808
1483450 808
1483460 810
1483470 811
1483480 811
1483490 813
1483500 813
1483510 813
1483520 813
1483530 812
1483540 812
1483550 814
1483560 815
1483570 815
1483580 816
1483590 815
1483600 815
1483610 814
1483620 812
1483630 812
1483640 812
1483650 812
1483660 812
1483670 810
1483680 810
1483690 809
1483700 809
1483710 808
1483720 807
1483730 807
1483740 807
1483750 807
1483760 807
1483770 807
1483780 807
1483790 807
1483800 807
1483810 808
1483820 808
1483830 811
1483840 811
1483850 811
1483860 811
1483870 812
1483880 812
1483890 815
1483900 818
1483910 818
1483920 819
1483930 818
1483940 818
1483950 815
1483960 814
1483970 814
1483980 814
1483990 814
1484000 814
1484010 814
1484020 814
1484030 814
1484040 813
1484050 814
1484060 814
1484070 814
1484080 813
1484090 813
1484100 813
1484110 814
1484120 814
1484130 814
1484140 815
1484150 817
1484160 817
1484170 818
1484180 819
1484190 819
1484200 821
1484210 823
1484220 823
1484230 826
1484240 829
1484250 829
1484260 830
1484270 832
1484280 832
1484290 833
1484300 834
1484310 834
1484320 837
1484330 839
1484340 839
1484350 840
1484360 839
1484370 839
1484380 838
1484390 838
1484400 838
1484410 835
1484420 832
1484430 832
1484440 831
1484450 831
1484460 831
1484470 831
1484480 830
1484490 830
1484500 830
1484510 830
1484520 829
1484530 829
1484540 828
1484550 828
1484560 828
1484570 827
1484580 828
1484590 828
1484600 829
1484610 829
1484620 829
1484630 829
1484640 829
1484650 829
1484660 828
1484670 827
1484680 827
1484690 825
1484700 824
1484710 824
1484720 824
1484730 824
1484740 824
1484750 823
1484760 823
1484770 823
1484780 823
1484790 824
1484800 824
1484810 825
1484820 825
1484830 825
1484840 825
1484850 825
1484860 828
1484870 828
1484880 827
1484890 825
1484900 825
1484910 825
1484920 824
1484930 824
1484940 823
1484950 823
1484960 823
1484970 823
1484980 826
1484990 826
1485000 826
1485010 825
1485020 825
1485030 824
1485040 826
1485050 826
1485060 826
1485070 826
1485080 826
1485090 829
1485100 831
1485110 831
1485120 832
1485130 831
1485140 831
1485150 832
1485160 833
1485170 833
1485180 834
1485190 834
1485200 834
1485210 833
1485220 833
1485230 833
1485240 833
1485250 833
1485260 833
1485270 833
1485280 831
1485290 831
1485300 831
1485310 833
1485320 834
1485330 834
1485340 835
1485350 837
1485360 837
1485370 839
1485380 839
1485390 839
1485400 837
1485410 836
1485420 836
1485430 836
1485440 837
1485450 837
1485460 838
1485470 837
1485480 837
1485490 838
1485500 837
1485510 837
1485520 835
1485530 833
1485540 833
1485550 833
1485560 832
1485570 832
1485580 832
1485590 831
1485600 831
1485610 829
1485620 828
1485630 827
1485640 827
1485650 827
1485660 826
1485670 826
1485680 826
1485690 826
1485700 826
1485710 827
1485720 827
1485730 827
1485740 828
1485750 828
1485760 828
1485770 828
1485780 827
1485790 827
1485800 827
1485810 829
1485820 829
1485830 828
1485840 831
1485850 831
1485860 835
1485870 837
1485880 837
1485890 837
1485900 838
1485910 838
1485920 839
1485930 835
1485940 835
1485950 838
1485960 841
1485970 841
1485980 841
1485990 843
1486000 845
1486010 845
1486020 846
1486030 847
1486040 847
1486050 848
1486060 849
1486070 849
1486080 850
1486090 849
1486100 849
1486110 850
1486120 853
1486130 853
1486140 854
1486150 855
1486160 855
1486170 854
1486180 849
1486190 849
1486200 846
1486210 853
1486220 853
1486230 859
1486240 862
1486250 862
1486260 864
1486270 865
1486280 865
1486290 866
1486300 867
1486310 867
1486320 868
1486330 869
1486340 869
1486350 869
1486360 869
1486370 869
1486380 870
1486390 871
1486400 872
1486410 872
1486420 871
1486430 870
1486440 870
1486450 874
1486460 875
1486470 875
1486480 876
1486490 876
1486500 876
1486510 877
1486520 878
1486530 878
1486540 880
1486550 881
1486560 881
1486570 882
1486580 884
1486590 884
1486600 885
1486610 886
1486620 886
1486630 887
1486640 888
1486650 888
1486660 890
1486670 894
1486680 894
1486690 897
1486700 900
1486710 900
1486720 902
1486730 903
1486740 903
1486750 904
1486760 905
1486770 905
1486780 905
1486790 904
1486800 904
1486810 904
1486820 903
1486830 903
1486840 903
1486850 904
1486860 904
1486870 904
1486880 905
1486890 905
1486900 905
1486910 904
1486920 901
1486930 901
1486940 898
1486950 897
1486960 897
1486970 897
1486980 897
1486990 897
1487000 896
1487010 896
1487020 896
1487030 898
1487040 898
1487050 898
1487060 898
1487070 897
1487080 897
1487090 898
1487100 900
1487110 900
1487120 901
1487130 901
1487140 901
1487150 901
1487160 900
1487170 899
1487180 899
1487190 897
1487200 896
1487210 896
1487220 895
1487230 894
1487240 894
1487250 891
1487260 889
1487270 889
1487280 889
1487290 888
1487300 888
1487310 887
1487320 887
1487330 887
1487340 886
1487350 885
1487360 885
1487370 885
1487380 885
1487390 885
1487400 887
1487410 887
1487420 887
1487430 887
1487440 886
1487450 886
1487460 885
1487470 885
1487480 885
1487490 885
1487500 886
1487510 886
1487520 887
1487530 888
1487540 888
1487550 888
1487560 889
1487570 891
1487580 891
1487590 889
1487600 886
1487610 886
1487620 883
1487630 877
1487640 877
1487650 877
1487660 884
1487670 884
1487680 889
1487690 892
1487700 892
1487710 895
1487720 902
1487730 902
1487740 907
1487750 910
1487760 910
1487770 912
1487780 915
1487790 915
1487800 918
1487810 921
1487820 921
1487830 923
1487840 926
1487850 926
1487860 929
1487870 932
1487880 932
1487890 935
1487900 937
1487910 937
1487920 940
1487930 943
1487940 945
1487950 945
1487960 949
1487970 953
1487980 953
1487990 957
1488000 961
1488010 961
1488020 966
1488030 971
1488040 971
1488050 976
1488060 980
1488070 980
1488080 985
1488090 989
1488100 989
1488110 993
1488120 997
1488130 997
1488140 1001
1488150 1005
1488160 1005
1488170 1008
1488180 1011
1488190 1011
1488200 1016
1488210 1018
1488220 1018
1488230 1018
1488240 1019
1488250 1019
1488260 1020
1488270 1020
1488280 1020
1488290 1021
1488300 1022
1488310 1022
1488320 1023
1488330 1023
1488340 1023
1488350 1023
1488360 1023
1488370 1023
1488380 1023
1488390 1023
1488400 1024
1488410 1024
1488420 1026
1488430 1028
1488440 1028
1488450 1030
1488460 1033
1488470 1033
1488480 1037
1488490 1041
1488500 1041
1488510 1043
1488520 1044
1488530 1044
1488540 1045
1488550 1046
1488560 1046
1488570 1046
1488580 1047
1488590 1047
1488600 1047
1488610 1048
1488620 1048
1488630 1049
1488640 1050
1488650 1050
1488660 1050
1488670 1050
1488680 1050
1488690 1049
1488700 1048
1488710 1048
1488720 1047
1488730 1045
1488740 1041
1488750 1041
1488760 1038
1488770 1036
1488780 1036
1488790 1034
1488800 1031
1488810 1031
1488820 1029
1488830 1026
1488840 1026
1488850 1025
1488860 1024
1488870 1024
1488880 1023
1488890 1022
1488900 1022
1488910 1020
1488920 1018
1488930 1018
1488940 1015
1488950 1012
1488960 1012
1488970 1009
1488980 1005
1488990 1005
1489000 1002
1489010 998
1489020 998
1489030 995
1489040 993
1489050 993
1489060 990
1489070 986
1489080 986
1489090 982
1489100 977
1489110 974
1489120 974
1489130 973
1489140 971
1489150 971
1489160 970
1489170 968
1489180 968
1489190 967
1489200 967
1489210 967
1489220 967
1489230 965
1489240 965
1489250 961
1489260 956
1489270 956
1489280 951
1489290 946
1489300 946
1489310 942
1489320 934
1489330 934
1489340 926
1489350 917
1489360 917
1489370 910
1489380 907
1489390 907
1489400 910
1489410 912
1489420 912
1489430 913
1489440 915
1489450 915
1489460 914
1489470 911
1489480 911
1489490 908
1489500 903
1489510 897
1489520 897
1489530 891
1489540 891
1489550 891
1489560 893
1489570 895
1489580 895
1489590 896
1489600 896
1489610 896
1489620 896
1489630 896
1489640 896
1489650 896
1489660 897
1489670 897
1489680 898
1489690 900
1489700 900
1489710 903
1489720 906
1489730 906
1489740 907
1489750 907
1489760 907
1489770 908
1489780 909
1489790 909
1489800 907
1489810 907
1489820 907
1489830 905
1489840 903
1489850 903
1489860 904
1489870 904
1489880 904
1489890 903
1489900 902
1489910 902
1489920 902
1489930 901
1489940 900
1489950 900
1489960 899
1489970 898
1489980 898
1489990 897
1490000 897
1490010 897
1490020 896
1490030 895
1490040 895
1490050 893
1490060 891
1490070 891
1490080 889
1490090 885
1490100 885
1490110 883
1490120 880
1490130 880
1490140 878
1490150 876
1490160 876
1490170 875
1490180 874
1490190 874
1490200 871
1490210 869
1490220 869
1490230 867
1490240 865
1490250 865
1490260 861
1490270 856
1490280 852
1490290 852
1490300 849
1490310 845
1490320 845
1490330 840
1490340 837
1490350 837
1490360 832
1490370 828
1490380 828
1490390 826
1490400 824
1490410 824
1490420 821
1490430 818
1490440 818
1490450 815
1490460 812
1490470 812
1490480 810
1490490 807
1490500 807
1490510 801
1490520 799
1490530 799
1490540 799
1490550 792
1490560 792
1490570 786
1490580 783
1490590 783
1490600 782
1490610 784
1490620 784
1490630 788
1490640 792
1490650 792
1490660 794
1490670 796
1490680 798
1490690 798
1490700 799
1490710 801
1490720 801
1490730 803
1490740 806
1490750 806
1490760 808
1490770 810
1490780 810
1490790 814
1490800 820
1490810 820
1490820 826
1490830 832
1490840 832
1490850 834
1490860 835
1490870 835
1490880 836
1490890 841
1490900 841
1490910 845
1490920 850
1490930 850
1490940 855
1490950 860
1490960 860
1490970 863
1490980 867
1490990 867
1491000 873
1491010 879
1491020 879
1491030 886
1491040 893
1491050 900
1491060 900
1491070 908
1491080 916
1491090 916
1491100 921
1491110 927
1491120 927
1491130 932
1491140 937
1491150 937
1491160 943
1491170 950
1491180 950
1491190 956
1491200 962
1491210 962
1491220 968
1491230 972
1491240 972
1491250 977
1491260 980
1491270 980
1491280 983
1491290 985
1491300 985
1491310 986
1491320 985
1491330 985
1491340 986
1491350 987
1491360 987
1491370 987
1491380 987
1491390 987
1491400 988
1491410 989
1491420 989
1491430 988
1491440 987
1491450 988
1491460 988
1491470 991
1491480 993
1491490 993
1491500 996
1491510 1000
1491520 1000
1491530 1006
1491540 1011
1491550 1011
1491560 1017
1491570 1024
1491580 1024
1491590 1030
1491600 1035
1491610 1035
1491620 1040
1491630 1046
1491640 1046
1491650 1051
1491660 1057
1491670 1057
1491680 1063
1491690 1069
1491700 1069
1491710 1076
1491720 1082
1491730 1082
1491740 1089
1491750 1095
1491760 1095
1491770 1102
1491780 1109
1491790 1109
1491800 1116
1491810 1122
1491820 1122
1491830 1129
1491840 1136
1491850 1143
1491860 1143
1491870 1149
1491880 1156
1491890 1156
1491900 1162
1491910 1169
1491920 1169
1491930 1176
1491940 1182
1491950 1182
1491960 1189
1491970 1196
1491980 1196
1491990 1202
1492000 1209
1492010 1209
1492020 1216
1492030 1222
1492040 1222
1492050 1229
1492060 1235
1492070 1235
1492080 1241
1492090 1248
1492100 1248
1492110 1255
1492120 1262
1492130 1262
1492140 1269
1492150 1276
1492160 1276
1492170 1282
1492180 1288
1492190 1288
1492200 1295
1492210 1301
1492220 1308
1492230 1308
1492240 1315
1492250 1323
1492260 1323
1492270 1330
1492280 1337
1492290 1337
1492300 1347
1492310 1355
1492320 1355
1492330 1362
1492340 1369
1492350 1369
1492360 1375
1492370 1381
1492380 1381
1492390 1387
1492400 1393
1492410 1393
1492420 1399
1492430 1403
1492440 1403
1492450 1407
1492460 1409
1492470 1409
1492480 1410
1492490 1410
1492500 1410
1492510 1410
1492520 1411
1492530 1411
1492540 1412
1492550 1413
1492560 1413
1492570 1415
1492580 1417
1492590 1417
1492600 1417
1492610 1417
1492620 1416
1492630 1416
1492640 1415
1492650 1413
1492660 1413
1492670 1411
1492680 1408
1492690 1408
1492700 1405
1492710 1403
1492720 1403
1492730 1401
1492740 1398
1492750 1398
1492760 1397
1492770 1395
1492780 1395
1492790 1394
1492800 1393
1492810 1393
1492820 1392
1492830 1391
1492840 1391
1492850 1390
1492860 1387
1492870 1387
1492880 1384
1492890 1381
1492900 1381
1492910 1378
1492920 1380
1492930 1380
1492940 1385
1492950 1389
1492960 1389
1492970 1390
1492980 1389
1492990 1389
1493000 1389
1493010 1393
1493020 1397
1493030 1397
1493040 1402
1493050 1407
1493060 1407
1493070 1411
1493080 1411
1493090 1411
1493100 1413
1493110 1421
1493120 1421
1493130 1427
1493140 1431
1493150 1431
1493160 1435
1493170 1439
1493180 1439
1493190 1443
1493200 1447
1493210 1447
1493220 1452
1493230 1455
1493240 1455
1493250 1459
1493260 1464
1493270 1464
1493280 1468
1493290 1473
1493300 1473
1493310 1478
1493320 1482
1493330 1482
1493340 1485
1493350 1490
1493360 1490
1493370 1495
1493380 1500
1493390 1504
1493400 1504
1493410 1506
1493420 1507
1493430 1507
1493440 1509
1493450 1512
1493460 1512
1493470 1516
1493480 1519
1493490 1519
1493500 1522
1493510 1526
1493520 1526
1493530 1529
1493540 1532
1493550 1532
1493560 1535
1493570 1538
1493580 1538
1493590 1540
1493600 1541
1493610 1541
1493620 1541
1493630 1540
1493640 1540
1493650 1538
1493660 1536
1493670 1536
1493680 1532
1493690 1527
1493700 1527
1493710 1524
1493720 1522
1493730 1522
1493740 1523
1493750 1524
1493760 1524
1493770 1522
1493780 1520
1493790 1517
1493800 1517
1493810 1513
1493820 1510
1493830 1510
1493840 1509
1493850 1507
1493860 1507
1493870 1506
1493880 1504
1493890 1504
1493900 1501
1493910 1503
1493920 1503
1493930 1506
1493940 1509
1493950 1509
1493960 1510
1493970 1510
1493980 1510
1493990 1510
1494000 1511
1494010 1511
1494020 1511
1494030 1510
1494040 1510
1494050 1512
1494060 1516
1494070 1516
1494080 1520
1494090 1525
1494100 1525
1494110 1525
1494120 1526
1494130 1526
1494140 1527
1494150 1525
1494160 1524
1494170 1524
1494180 1524
1494190 1522
1494200 1522
1494210 1520
1494220 1519
1494230 1519
1494240 1518
1494250 1517
1494260 1517
1494270 1516
1494280 1514
1494290 1514
1494300 1510
1494310 1507
1494320 1507
1494330 1502
1494340 1497
1494350 1497
1494360 1492
1494370 1487
1494380 1487
1494390 1481
1494400 1474
1494410 1474
1494420 1469
1494430 1464
1494440 1464
1494450 1459
1494460 1455
1494470 1455
1494480 1452
1494490 1446
1494500 1446
1494510 1438
1494520 1432
1494530 1432
1494540 1429
1494550 1425
1494560 1421
1494570 1421
1494580 1416
1494590 1409
1494600 1409
1494610 1402
1494620 1396
1494630 1396
1494640 1392
1494650 1390
1494660 1390
1494670 1388
1494680 1388
1494690 1388
1494700 1388
1494710 1388
1494720 1388
1494730 1388
1494740 1386
1494750 1386
1494760 1381
1494770 1377
1494780 1377
1494790 1374
1494800 1371
1494810 1371
1494820 1368
1494830 1364
1494840 1364
1494850 1360
1494860 1356
1494870 1356
1494880 1352
1494890 1348
1494900 1348
1494910 1344
1494920 1340
1494930 1336
1494940 1336
1494950 1332
1494960 1327
1494970 1327
1494980 1322
1494990 1316
1495000 1316
1495010 1310
1495020 1304
1495030 1304
1495040 1299
1495050 1295
1495060 1295
1495070 1296
1495080 1295
1495090 1295
1495100 1294
1495110 1293
1495120 1293
1495130 1291
1495140 1289
1495150 1289
1495160 1288
1495170 1287
1495180 1287
1495190 1286
1495200 1285
1495210 1285
1495220 1284
1495230 1282
1495240 1282
1495250 1280
1495260 1279
1495270 1279
1495280 1277
1495290 1273
1495300 1273
1495310 1269
1495320 1265
1495330 1261
1495340 1261
1495350 1258
1495360 1254
1495370 1254
1495380 1250
1495390 1247
1495400 1247
1495410 1244
1495420 1241
1495430 1241
1495440 1238
1495450 1237
1495460 1237
1495470 1238
1495480 1240
1495490 1240
1495500 1242
1495510 1244
1495520 1244
1495530 1246
1495540 1250
1495550 1250
1495560 1253
1495570 1255
1495580 1255
1495590 1257
1495600 1260
1495610 1260
1495620 1263
1495630 1266
1495640 1266
1495650 1269
1495660 1272
1495670 1272
1495680 1276
1495690 1280
1495700 1280
1495710 1284
1495720 1288
1495730 1289
1495740 1289
1495750 1293
1495760 1299
1495770 1299
1495780 1305
1495790 1310
1495800 1310
1495810 1315
1495820 1321
1495830 1321
1495840 1327
1495850 1331
1495860 1331
1495870 1335
1495880 1340
1495890 1340
1495900 1344
1495910 1349
1495920 1349
1495930 1354
1495940 1359
1495950 1359
1495960 1363
1495970 1364
1495980 1364
1495990 1364
1496000 1364
1496010 1364
1496020 1369
1496030 1374
1496040 1374
1496050 1380
1496060 1385
1496070 1385
1496080 1391
1496090 1396
1496100 1401
1496110 1401
1496120 1406
1496130 1411
1496140 1411
1496150 1418
1496160 1423
1496170 1423
1496180 1429
1496190 1436
1496200 1436
1496210 1442
1496220 1447
1496230 1447
1496240 1452
1496250 1456
1496260 1456
1496270 1460
1496280 1465
1496290 1465
1496300 1469
1496310 1473
1496320 1473
1496330 1476
1496340 1478
1496350 1478
1496360 1481
1496370 1486
1496380 1486
1496390 1486
1496400 1486
1496410 1486
1496420 1487
1496430 1486
1496440 1486
1496450 1481
1496460 1478
1496470 1478
1496480 1475
1496490 1474
1496500 1471
1496510 1471
1496520 1468
1496530 1465
1496540 1465
1496550 1461
1496560 1457
1496570 1457
1496580 1454
1496590 1449
1496600 1449
1496610 1444
1496620 1439
1496630 1439
1496640 1435
1496650 1429
1496660 1429
1496670 1423
1496680 1419
1496690 1419
1496700 1415
1496710 1414
1496720 1414
1496730 1409
1496740 1400
1496750 1400
1496760 1390
1496770 1381
1496780 1381
1496790 1373
1496800 1366
1496810 1366
1496820 1360
1496830 1354
1496840 1354
1496850 1347
1496860 1344
1496870 1344
1496880 1339
1496890 1329
1496900 1321
1496910 1321
1496920 1313
1496930 1305
1496940 1305
1496950 1296
1496960 1287
1496970 1287
1496980 1280
1496990 1272
1497000 1272
1497010 1265
1497020 1256
1497030 1256
1497040 1248
1497050 1238
1497060 1238
1497070 1230
1497080 1223
1497090 1223
1497100 1218
1497110 1211
1497120 1211
1497130 1202
1497140 1195
1497150 1195
1497160 1189
1497170 1183
1497180 1183
1497190 1180
1497200 1173
1497210 1173
1497220 1164
1497230 1157
1497240 1157
1497250 1150
1497260 1144
1497270 1141
1497280 1141
1497290 1141
1497300 1140
1497310 1140
1497320 1137
1497330 1131
1497340 1131
1497350 1125
1497360 1117
1497370 1117
1497380 1109
1497390 1111
1497400 1111
1497410 1114
1497420 1132
1497430 1132
1497440 1137
1497450 1126
1497460 1126
1497470 1116
1497480 1105
1497490 1105
1497500 1092
1497510 1084
1497520 1084
1497530 1077
1497540 1072
1497550 1072
1497560 1062
1497570 1052
1497580 1052
1497590 1037
1497600 1025
1497610 1025
1497620 1014
1497630 1001
1497640 1001
1497650 993
1497660 982
1497670 980
1497680 980
1497690 977
1497700 979
1497710 979
1497720 980
1497730 979
1497740 979
1497750 980
1497760 980
1497770 980
1497780 979
1497790 973
1497800 973
1497810 971
1497820 974
1497830 974
1497840 979
1497850 987
1497860 987
1497870 995
1497880 1000
1497890 1000
1497900 1005
1497910 1010
1497920 1010
1497930 1016
1497940 1021
1497950 1021
1497960 1026
1497970 1031
1497980 1031
1497990 1035
1498000 1039
1498010 1039
1498020 1044
1498030 1050
1498040 1056
1498050 1056
1498060 1058
1498070 1059
1498080 1059
1498090 1060
1498100 1060
1498110 1060
1498120 1059
1498130 1058
1498140 1058
1498150 1058
1498160 1059
1498170 1059
1498180 1059
1498190 1059
1498200 1059
1498210 1059
1498220 1060
1498230 1060
1498240 1061
1498250 1061
1498260 1061
1498270 1062
1498280 1064
1498290 1064
1498300 1065
1498310 1066
1498320 1066
1498330 1067
1498340 1068
1498350 1068
1498360 1069
1498370 1068
1498380 1068
1498390 1068
1498400 1067
1498410 1067
1498420 1066
1498430 1065
1498440 1065
1498450 1065
1498460 1064
1498470 1064
1498480 1064
1498490 1065
1498500 1064
1498510 1064
1498520 1064
1498530 1063
1498540 1063
1498550 1063
1498560 1062
1498570 1062
1498580 1061
1498590 1060
1498600 1060
1498610 1060
1498620 1060
1498630 1060
1498640 1060
1498650 1058
1498660 1058
1498670 1057
1498680 1057
1498690 1057
1498700 1057
1498710 1056
1498720 1056
1498730 1058
1498740 1060
1498750 1060
1498760 1060
1498770 1063
1498780 1063
1498790 1064
1498800 1065
1498810 1065
1498820 1067
1498830 1067
1498840 1065
1498850 1065
1498860 1064
1498870 1061
1498880 1061
1498890 1058
1498900 1055
1498910 1055
1498920 1053
1498930 1051
1498940 1051
1498950 1050
1498960 1050
1498970 1050
1498980 1050
1498990 1052
1499000 1052
1499010 1053
1499020 1052
1499030 1052
1499040 1052
1499050 1051
1499060 1051
1499070 1049
1499080 1046
1499090 1046
1499100 1041
1499110 1038
1499120 1038
1499130 1039
1499140 1039
1499150 1039
1499160 1037
1499170 1036
1499180 1036
1499190 1035
1499200 1033
1499210 1031
1499220 1031
1499230 1030
1499240 1029
1499250 1029
1499260 1029
1499270 1029
1499280 1029
1499290 1029
1499300 1026
1499310 1026
1499320 1022
1499330 1017
1499340 1017
1499350 1013
1499360 1013
1499370 1013
1499380 1013
1499390 1012
1499400 1012
1499410 1011
1499420 1012
1499430 1012
1499440 1013
1499450 1013
1499460 1013
1499470 1013
1499480 1014
1499490 1014
1499500 1014
1499510 1014
1499520 1014
1499530 1014
1499540 1016
1499550 1016
1499560 1017
1499570 1020
1499580 1020
1499590 1023
1499600 1025
1499610 1028
1499620 1028
1499630 1031
1499640 1036
1499650 1036
1499660 1040
1499670 1045
1499680 1045
1499690 1049
1499700 1053
1499710 1053
1499720 1058
1499730 1063
1499740 1063
1499750 1069
1499760 1075
1499770 1075
1499780 1081
1499790 1087
1499800 1087
1499810 1094
1499820 1100
1499830 1100
1499840 1106
1499850 1112
1499860 1112
1499870 1119
1499880 1126
1499890 1126
1499900 1130
1499910 1125
1499920 1125
1499930 1119
1499940 1114
1499950 1114
1499960 1111
1499970 1107
1499980 1103
1499990 1103
