1480000 770
1480010 779
1480020 787
1480030 787
1480040 794
1480050 803
1480060 803
1480070 811
1480080 821
1480090 821
1480100 829
1480110 835
1480120 840
1480130 840
1480140 846
1480150 852
1480160 852
1480170 857
1480180 864
1480190 864
1480200 870
1480210 876
1480220 876
1480230 884
1480240 891
1480250 891
1480260 898
1480270 904
1480280 904
1480290 907
1480300 909
1480310 909
1480320 910
1480330 910
1480340 910
1480350 906
1480360 899
1480370 899
1480380 892
1480390 884
1480400 884
1480410 877
1480420 872
1480430 872
1480440 867
1480450 860
1480460 860
1480470 854
1480480 848
1480490 848
1480500 844
1480510 838
1480520 832
1480530 832
1480540 825
1480550 818
1480560 818
1480570 812
1480580 807
1480590 807
1480600 801
1480610 795
1480620 795
1480630 788
1480640 782
1480650 782
1480660 776
1480670 771
1480680 771
1480690 766
1480700 760
1480710 760
1480720 754
1480730 749
1480740 749
1480750 743
1480760 737
1480770 737
1480780 728
1480790 724
1480800 724
1480810 721
1480820 716
1480830 716
1480840 711
1480850 705
1480860 705
1480870 704
1480880 702
1480890 702
1480900 699
1480910 697
1480920 695
1480930 695
1480940 692
1480950 689
1480960 689
1480970 686
1480980 683
1480990 683
1481000 679
1481010 676
1481020 676
1481030 673
1481040 669
1481050 669
1481060 666
1481070 663
1481080 663
1481090 658
1481100 655
1481110 655
1481120 652
1481130 650
1481140 650
1481150 649
1481160 648
1481170 648
1481180 647
1481190 646
1481200 646
1481210 647
1481220 648
1481230 648
1481240 649
1481250 654
1481260 654
1481270 657
1481280 659
1481290 659
1481300 659
1481310 658
1481320 657
1481330 657
1481340 658
1481350 658
1481360 658
1481370 658
1481380 660
1481390 660
1481400 662
1481410 664
1481420 664
1481430 666
1481440 668
1481450 668
1481460 672
1481470 675
1481480 675
1481490 678
1481500 683
1481510 683
1481520 688
1481530 692
1481540 692
1481550 697
1481560 700
1481570 700
1481580 702
1481590 701
1481600 701
1481610 705
1481620 715
1481630 715
1481640 721
1481650 724
1481660 724
1481670 728
1481680 732
1481690 736
1481700 736
1481710 740
1481720 743
1481730 743
1481740 746
1481750 747
1481760 747
1481770 749
1481780 751
1481790 751
1481800 754
1481810 755
1481820 755
1481830 756
1481840 758
1481850 758
1481860 759
1481870 760
1481880 760
1481890 760
1481900 761
1481910 761
1481920 761
1481930 761
1481940 761
1481950 762
1481960 764
1481970 764
1481980 764
1481990 765
1482000 765
1482010 768
1482020 769
1482030 769
1482040 767
1482050 763
1482060 763
1482070 766
1482080 768
1482090 767
1482100 767
1482110 764
1482120 759
1482130 759
1482140 760
1482150 763
1482160 763
1482170 764
1482180 767
1482190 767
1482200 766
1482210 765
1482220 765
1482230 764
1482240 764
1482250 764
1482260 765
1482270 758
1482280 758
1482290 756
1482300 758
1482310 758
1482320 758
1482330 755
1482340 755
1482350 758
1482360 760
1482370 760
1482380 758
1482390 758
1482400 758
1482410 758
1482420 752
1482430 752
1482440 754
1482450 760
1482460 760
1482470 759
1482480 757
1482490 756
1482500 756
1482510 758
1482520 758
1482530 758
1482540 758
1482550 759
1482560 759
1482570 761
1482580 761
1482590 761
1482600 763
1482610 764
1482620 764
1482630 763
1482640 764
1482650 764
1482660 764
1482670 765
1482680 765
1482690 764
1482700 766
1482710 766
1482720 767
1482730 764
1482740 764
1482750 761
1482760 760
1482770 760
1482780 758
1482790 754
1482800 754
1482810 750
1482820 745
1482830 745
1482840 738
1482850 729
1482860 729
1482870 731
1482880 736
1482890 735
1482900 735
1482910 734
1482920 732
1482930 732
1482940 731
1482950 729
1482960 729
1482970 728
1482980 729
1482990 729
1483000 732
1483010 734
1483020 734
1483030 735
1483040 735
1483050 735
1483060 734
1483070 735
1483080 735
1483090 735
1483100 735
1483110 735
1483120 735
1483130 735
1483140 735
1483150 735
1483160 738
1483170 738
1483180 738
1483190 738
1483200 738
1483210 739
1483220 738
1483230 738
1483240 737
1483250 736
1483260 735
1483270 735
1483280 735
1483290 735
1483300 735
1483310 736
1483320 737
1483330 737
1483340 737
1483350 737
1483360 737
1483370 737
1483380 738
1483390 738
1483400 739
1483410 740
1483420 740
1483430 741
1483440 744
1483450 744
1483460 746
1483470 747
1483480 747
1483490 748
1483500 748
1483510 748
1483520 749
1483530 751
1483540 751
1483550 751
1483560 751
1483570 751
1483580 751
1483590 751
1483600 751
1483610 753
1483620 756
1483630 756
1483640 757
1483650 758
1483660 758
1483670 758
1483680 759
1483690 761
1483700 761
1483710 764
1483720 766
1483730 766
1483740 769
1483750 773
1483760 773
1483770 777
1483780 779
1483790 779
1483800 777
1483810 773
1483820 773
1483830 777
1483840 781
1483850 781
1483860 784
1483870 795
1483880 795
1483890 802
1483900 807
1483910 807
1483920 812
1483930 818
1483940 818
1483950 823
1483960 830
1483970 830
1483980 840
1483990 847
1484000 847
1484010 857
1484020 863
1484030 863
1484040 872
1484050 881
1484060 890
1484070 890
1484080 897
1484090 904
1484100 904
1484110 911
1484120 918
1484130 918
1484140 925
1484150 932
1484160 932
1484170 939
1484180 947
1484190 947
1484200 954
1484210 960
1484220 960
1484230 963
1484240 969
1484250 969
1484260 977
1484270 982
1484280 982
1484290 987
1484300 993
1484310 993
1484320 998
1484330 1003
1484340 1003
1484350 1011
1484360 1019
1484370 1019
1484380 1026
1484390 1034
1484400 1034
1484410 1042
1484420 1050
1484430 1050
1484440 1058
1484450 1067
1484460 1076
1484470 1076
1484480 1085
1484490 1094
1484500 1094
1484510 1101
1484520 1110
1484530 1110
1484540 1117
1484550 1124
1484560 1124
1484570 1131
1484580 1138
1484590 1138
1484600 1145
1484610 1152
1484620 1152
1484630 1160
1484640 1167
1484650 1167
1484660 1175
1484670 1184
1484680 1184
1484690 1193
1484700 1199
1484710 1199
1484720 1202
1484730 1206
1484740 1206
1484750 1210
1484760 1212
1484770 1212
1484780 1214
1484790 1215
1484800 1215
1484810 1217
1484820 1218
1484830 1218
1484840 1219
1484850 1220
1484860 1221
1484870 1221
1484880 1222
1484890 1223
1484900 1223
1484910 1224
1484920 1225
1484930 1225
1484940 1227
1484950 1228
1484960 1228
1484970 1229
1484980 1231
1484990 1231
1485000 1233
1485010 1235
1485020 1235
1485030 1236
1485040 1238
1485050 1238
1485060 1238
1485070 1239
1485080 1239
1485090 1240
1485100 1242
1485110 1242
1485120 1244
1485130 1246
1485140 1246
1485150 1248
1485160 1250
1485170 1250
1485180 1251
1485190 1252
1485200 1252
1485210 1253
1485220 1255
1485230 1256
1485240 1256
1485250 1257
1485260 1258
1485270 1258
1485280 1259
1485290 1260
1485300 1260
1485310 1261
1485320 1263
1485330 1263
1485340 1265
1485350 1267
1485360 1267
1485370 1270
1485380 1274
1485390 1274
1485400 1279
1485410 1283
1485420 1283
1485430 1286
1485440 1289
1485450 1289
1485460 1292
1485470 1294
1485480 1294
1485490 1297
1485500 1301
1485510 1301
1485520 1304
1485530 1307
1485540 1307
1485550 1310
1485560 1312
1485570 1312
1485580 1314
1485590 1316
1485600 1316
1485610 1317
1485620 1318
1485630 1320
1485640 1320
1485650 1323
1485660 1327
1485670 1327
1485680 1329
1485690 1331
1485700 1331
1485710 1334
1485720 1337
1485730 1337
1485740 1340
1485750 1343
1485760 1343
1485770 1346
1485780 1350
1485790 1350
1485800 1356
1485810 1362
1485820 1362
1485830 1368
1485840 1371
1485850 1371
1485860 1373
1485870 1376
1485880 1376
1485890 1378
1485900 1379
1485910 1379
1485920 1380
1485930 1382
1485940 1382
1485950 1384
1485960 1386
1485970 1386
1485980 1387
1485990 1388
1486000 1388
1486010 1391
1486020 1394
1486030 1395
1486040 1395
1486050 1397
1486060 1399
1486070 1399
1486080 1400
1486090 1401
1486100 1401
1486110 1403
1486120 1405
1486130 1405
1486140 1406
1486150 1405
1486160 1405
1486170 1405
1486180 1405
1486190 1405
1486200 1405
1486210 1405
1486220 1405
1486230 1407
1486240 1409
1486250 1409
1486260 1410
1486270 1411
1486280 1411
1486290 1413
1486300 1414
1486310 1414
1486320 1416
1486330 1418
1486340 1418
1486350 1421
1486360 1421
1486370 1421
1486380 1421
1486390 1422
1486400 1422
1486410 1423
1486420 1424
1486430 1426
1486440 1426
1486450 1427
1486460 1429
1486470 1429
1486480 1430
1486490 1431
1486500 1431
1486510 1431
1486520 1431
1486530 1431
1486540 1431
1486550 1431
1486560 1431
1486570 1430
1486580 1430
1486590 1430
1486600 1430
1486610 1430
1486620 1430
1486630 1431
1486640 1432
1486650 1432
1486660 1434
1486670 1436
1486680 1436
1486690 1438
1486700 1440
1486710 1440
1486720 1441
1486730 1442
1486740 1442
1486750 1442
1486760 1443
1486770 1443
1486780 1443
1486790 1441
1486800 1441
1486810 1438
1486820 1435
1486830 1433
1486840 1433
1486850 1430
1486860 1428
1486870 1428
1486880 1427
1486890 1425
1486900 1425
1486910 1421
1486920 1416
1486930 1416
1486940 1411
1486950 1404
1486960 1404
1486970 1400
1486980 1395
1486990 1395
1487000 1390
1487010 1385
1487020 1385
1487030 1378
1487040 1371
1487050 1371
1487060 1368
1487070 1365
1487080 1365
1487090 1363
1487100 1361
1487110 1361
1487120 1360
1487130 1356
1487140 1356
1487150 1345
1487160 1336
1487170 1336
1487180 1331
1487190 1321
1487200 1314
1487210 1314
1487220 1312
1487230 1311
1487240 1311
1487250 1309
1487260 1308
1487270 1308
1487280 1306
1487290 1305
1487300 1305
1487310 1302
1487320 1299
1487330 1299
1487340 1296
1487350 1292
1487360 1292
1487370 1286
1487380 1281
1487390 1281
1487400 1275
1487410 1270
1487420 1270
1487430 1268
1487440 1271
1487450 1271
1487460 1271
1487470 1266
1487480 1266
1487490 1263
1487500 1259
1487510 1259
1487520 1256
1487530 1254
1487540 1254
1487550 1249
1487560 1247
1487570 1247
1487580 1242
1487590 1234
1487600 1233
1487610 1233
1487620 1231
1487630 1227
1487640 1227
1487650 1224
1487660 1223
1487670 1223
1487680 1222
1487690 1218
1487700 1218
1487710 1216
1487720 1214
1487730 1214
1487740 1214
1487750 1215
1487760 1215
1487770 1215
1487780 1213
1487790 1213
1487800 1211
1487810 1208
1487820 1208
1487830 1206
1487840 1204
1487850 1204
1487860 1203
1487870 1203
1487880 1203
1487890 1204
1487900 1206
1487910 1206
1487920 1206
1487930 1204
1487940 1204
1487950 1204
1487960 1205
1487970 1205
1487980 1205
1487990 1207
1488000 1207
1488010 1207
1488020 1207
1488030 1208
1488040 1208
1488050 1209
1488060 1208
1488070 1208
1488080 1207
1488090 1208
1488100 1208
1488110 1209
1488120 1208
1488130 1208
1488140 1207
1488150 1205
1488160 1205
1488170 1204
1488180 1206
1488190 1206
1488200 1208
1488210 1210
1488220 1210
1488230 1211
1488240 1212
1488250 1212
1488260 1213
1488270 1213
1488280 1213
1488290 1214
1488300 1214
1488310 1214
1488320 1212
1488330 1211
1488340 1211
1488350 1212
1488360 1210
1488370 1210
1488380 1207
1488390 1204
1488400 1200
1488410 1200
1488420 1198
1488430 1197
1488440 1197
1488450 1196
1488460 1197
1488470 1197
1488480 1199
1488490 1201
1488500 1201
1488510 1201
1488520 1200
1488530 1200
1488540 1200
1488550 1201
1488560 1201
1488570 1201
1488580 1201
1488590 1201
1488600 1201
1488610 1200
1488620 1200
1488630 1199
1488640 1198
1488650 1198
1488660 1196
1488670 1195
1488680 1195
1488690 1194
1488700 1192
1488710 1192
1488720 1191
1488730 1190
1488740 1190
1488750 1189
1488760 1188
1488770 1188
1488780 1188
1488790 1187
1488800 1186
1488810 1186
1488820 1187
1488830 1189
1488840 1189
1488850 1191
1488860 1192
1488870 1192
1488880 1194
1488890 1196
1488900 1196
1488910 1197
1488920 1198
1488930 1198
1488940 1198
1488950 1198
1488960 1198
1488970 1198
1488980 1198
1488990 1198
1489000 1197
1489010 1196
1489020 1196
1489030 1196
1489040 1195
1489050 1195
1489060 1194
1489070 1192
1489080 1192
1489090 1190
1489100 1190
1489110 1190
1489120 1189
1489130 1189
1489140 1189
1489150 1190
1489160 1190
1489170 1193
1489180 1193
1489190 1195
1489200 1198
1489210 1198
1489220 1199
1489230 1201
1489240 1201
1489250 1202
1489260 1203
1489270 1203
1489280 1203
1489290 1203
1489300 1203
1489310 1206
1489320 1209
1489330 1209
1489340 1213
1489350 1215
1489360 1215
1489370 1218
1489380 1220
1489390 1220
1489400 1222
1489410 1224
1489420 1224
1489430 1225
1489440 1227
1489450 1227
1489460 1229
1489470 1230
1489480 1230
1489490 1231
1489500 1232
1489510 1232
1489520 1232
1489530 1232
1489540 1232
1489550 1231
1489560 1230
1489570 1227
1489580 1227
1489590 1225
1489600 1224
1489610 1224
1489620 1223
1489630 1221
1489640 1221
1489650 1217
1489660 1213
1489670 1213
1489680 1212
1489690 1210
1489700 1210
1489710 1208
1489720 1205
1489730 1205
1489740 1203
1489750 1201
1489760 1201
1489770 1199
1489780 1197
1489790 1197
1489800 1196
1489810 1194
1489820 1194
1489830 1191
1489840 1188
1489850 1188
1489860 1184
1489870 1179
1489880 1179
1489890 1177
1489900 1175
1489910 1175
1489920 1172
1489930 1168
1489940 1168
1489950 1165
1489960 1162
1489970 1158
1489980 1158
1489990 1155
1490000 1152
1490010 1152
1490020 1149
1490030 1145
1490040 1145
1490050 1142
1490060 1138
1490070 1138
1490080 1133
1490090 1128
1490100 1128
1490110 1124
1490120 1119
1490130 1119
1490140 1115
1490150 1110
1490160 1110
1490170 1106
1490180 1103
1490190 1103
1490200 1101
1490210 1102
1490220 1102
1490230 1100
1490240 1095
1490250 1095
1490260 1089
1490270 1087
1490280 1087
1490290 1083
1490300 1079
1490310 1079
1490320 1075
1490330 1072
1490340 1072
1490350 1064
1490360 1052
1490370 1041
1490380 1041
1490390 1036
1490400 1036
1490410 1036
1490420 1035
1490430 1033
1490440 1033
1490450 1029
1490460 1026
1490470 1026
1490480 1030
1490490 1029
1490500 1029
1490510 1027
1490520 1026
1490530 1026
1490540 1026
1490550 1027
1490560 1027
1490570 1029
1490580 1033
1490590 1033
1490600 1036
1490610 1038
1490620 1038
1490630 1040
1490640 1040
1490650 1040
1490660 1041
1490670 1042
1490680 1042
1490690 1040
1490700 1037
1490710 1037
1490720 1035
1490730 1033
1490740 1031
1490750 1031
1490760 1027
1490770 1023
1490780 1023
1490790 1020
1490800 1015
1490810 1015
1490820 1011
1490830 1007
1490840 1007
1490850 1002
1490860 995
1490870 995
1490880 988
1490890 983
1490900 983
1490910 980
1490920 979
1490930 979
1490940 976
1490950 971
1490960 971
1490970 968
1490980 965
1490990 965
1491000 961
1491010 957
1491020 957
1491030 953
1491040 946
1491050 946
1491060 943
1491070 947
1491080 947
1491090 954
1491100 959
1491110 959
1491120 964
1491130 968
1491140 973
1491150 973
1491160 978
1491170 982
1491180 982
1491190 983
1491200 984
1491210 984
1491220 984
1491230 986
1491240 986
1491250 987
1491260 988
1491270 988
1491280 989
1491290 988
1491300 988
1491310 986
1491320 985
1491330 985
1491340 984
1491350 985
1491360 985
1491370 985
1491380 986
1491390 986
1491400 986
1491410 986
1491420 986
1491430 985
1491440 984
1491450 984
1491460 983
1491470 981
1491480 981
1491490 980
1491500 981
1491510 981
1491520 982
1491530 982
1491540 982
1491550 982
1491560 985
1491570 986
1491580 986
1491590 986
1491600 985
1491610 985
1491620 985
1491630 985
1491640 985
1491650 987
1491660 989
1491670 989
1491680 989
1491690 987
1491700 987
1491710 983
1491720 978
1491730 978
1491740 974
1491750 972
1491760 972
1491770 972
1491780 973
1491790 973
1491800 978
1491810 981
1491820 981
1491830 979
1491840 976
1491850 976
1491860 974
1491870 974
1491880 974
1491890 971
1491900 969
1491910 969
1491920 966
1491930 962
1491940 958
1491950 958
1491960 955
1491970 958
1491980 958
1491990 959
1492000 958
1492010 958
1492020 959
1492030 958
1492040 958
1492050 959
1492060 960
1492070 960
1492080 957
1492090 954
1492100 954
1492110 953
1492120 950
1492130 950
1492140 947
1492150 945
1492160 945
1492170 942
1492180 938
1492190 938
1492200 937
1492210 935
1492220 935
1492230 935
1492240 937
1492250 937
1492260 939
1492270 939
1492280 939
1492290 942
1492300 944
1492310 944
1492320 946
1492330 947
1492340 948
1492350 948
1492360 948
1492370 947
1492380 947
1492390 947
1492400 947
1492410 947
1492420 948
1492430 948
1492440 948
1492450 947
1492460 945
1492470 945
1492480 944
1492490 940
1492500 940
1492510 937
1492520 937
1492530 937
1492540 938
1492550 944
1492560 944
1492570 950
1492580 956
1492590 956
1492600 962
1492610 969
1492620 969
1492630 974
1492640 983
1492650 983
1492660 979
1492670 995
1492680 995
1492690 1000
1492700 1000
1492710 1007
1492720 1007
1492730 1010
1492740 1016
1492750 1016
1492760 1022
1492770 1031
1492780 1031
1492790 1036
1492800 1037
1492810 1037
1492820 1036
1492830 1037
1492840 1037
1492850 1040
1492860 1049
1492870 1049
1492880 1055
1492890 1061
1492900 1061
1492910 1061
1492920 1065
1492930 1065
1492940 1079
1492950 1093
1492960 1093
1492970 1090
1492980 1111
1492990 1111
1493000 1126
1493010 1136
1493020 1136
1493030 1141
1493040 1142
1493050 1142
1493060 1144
1493070 1151
1493080 1151
1493090 1159
1493100 1166
1493110 1174
1493120 1174
1493130 1180
1493140 1186
1493150 1186
1493160 1191
1493170 1195
1493180 1195
1493190 1197
1493200 1193
1493210 1193
1493220 1187
1493230 1182
1493240 1182
1493250 1180
1493260 1176
1493270 1176
1493280 1170
1493290 1165
1493300 1165
1493310 1169
1493320 1175
1493330 1175
1493340 1181
1493350 1187
1493360 1187
1493370 1194
1493380 1203
1493390 1203
1493400 1212
1493410 1223
1493420 1223
1493430 1232
1493440 1233
1493450 1233
1493460 1233
1493470 1236
1493480 1236
1493490 1241
1493500 1246
1493510 1249
1493520 1249
1493530 1249
1493540 1249
1493550 1249
1493560 1254
1493570 1261
1493580 1261
1493590 1265
1493600 1271
1493610 1271
1493620 1277
1493630 1283
1493640 1283
1493650 1285
1493660 1286
1493670 1286
1493680 1287
1493690 1286
1493700 1286
1493710 1282
1493720 1277
1493730 1277
1493740 1272
1493750 1266
1493760 1266
1493770 1262
1493780 1258
1493790 1258
1493800 1255
1493810 1253
1493820 1253
1493830 1249
1493840 1245
1493850 1245
1493860 1243
1493870 1245
1493880 1245
1493890 1249
1493900 1253
1493910 1258
1493920 1258
1493930 1262
1493940 1264
1493950 1264
1493960 1265
1493970 1265
1493980 1265
1493990 1265
1494000 1266
1494010 1266
1494020 1265
1494030 1265
1494040 1265
1494050 1265
1494060 1263
1494070 1263
1494080 1263
1494090 1262
1494100 1262
1494110 1261
1494120 1261
1494130 1261
1494140 1259
1494150 1258
1494160 1258
1494170 1257
1494180 1254
1494190 1254
1494200 1252
1494210 1248
1494220 1248
1494230 1244
1494240 1239
1494250 1239
1494260 1232
1494270 1234
1494280 1234
1494290 1241
1494300 1247
1494310 1254
1494320 1254
1494330 1261
1494340 1266
1494350 1266
1494360 1269
1494370 1271
1494380 1271
1494390 1271
1494400 1271
1494410 1271
1494420 1271
1494430 1272
1494440 1272
1494450 1272
1494460 1275
1494470 1275
1494480 1279
1494490 1284
1494500 1284
1494510 1285
1494520 1285
1494530 1285
1494540 1291
1494550 1296
1494560 1296
1494570 1301
1494580 1307
1494590 1307
1494600 1311
1494610 1315
1494620 1315
1494630 1319
1494640 1323
1494650 1323
1494660 1326
1494670 1330
1494680 1333
1494690 1333
1494700 1336
1494710 1338
1494720 1338
1494730 1341
1494740 1343
1494750 1343
1494760 1345
1494770 1345
1494780 1345
1494790 1346
1494800 1346
1494810 1346
1494820 1345
1494830 1343
1494840 1343
1494850 1343
1494860 1342
1494870 1342
1494880 1343
1494890 1343
1494900 1343
1494910 1342
1494920 1342
1494930 1342
1494940 1342
1494950 1342
1494960 1342
1494970 1344
1494980 1344
1494990 1344
1495000 1342
1495010 1340
1495020 1340
1495030 1335
1495040 1330
1495050 1330
1495060 1324
1495070 1320
1495080 1317
1495090 1317
1495100 1316
1495110 1316
1495120 1316
1495130 1314
1495140 1313
1495150 1313
1495160 1313
1495170 1313
1495180 1313
1495190 1313
1495200 1314
1495210 1314
1495220 1314
1495230 1314
1495240 1314
1495250 1314
1495260 1313
1495270 1313
1495280 1313
1495290 1312
1495300 1312
1495310 1310
1495320 1308
1495330 1308
1495340 1306
1495350 1302
1495360 1302
1495370 1298
1495380 1293
1495390 1293
1495400 1290
1495410 1293
1495420 1293
1495430 1298
1495440 1303
1495450 1303
1495460 1307
1495470 1309
1495480 1310
1495490 1310
1495500 1310
1495510 1311
1495520 1311
1495530 1311
1495540 1312
1495550 1312
1495560 1312
1495570 1313
1495580 1313
1495590 1313
1495600 1313
1495610 1313
1495620 1313
1495630 1314
1495640 1314
1495650 1315
1495660 1317
1495670 1317
1495680 1320
1495690 1322
1495700 1322
1495710 1325
1495720 1327
1495730 1327
1495740 1329
1495750 1331
1495760 1331
1495770 1332
1495780 1333
1495790 1333
1495800 1333
1495810 1334
1495820 1334
1495830 1335
1495840 1336
1495850 1336
1495860 1334
1495870 1331
1495880 1330
1495890 1330
1495900 1327
1495910 1324
1495920 1324
1495930 1322
1495940 1320
1495950 1320
1495960 1319
1495970 1319
1495980 1319
1495990 1323
1496000 1327
1496010 1327
1496020 1331
1496030 1334
1496040 1334
1496050 1334
1496060 1333
1496070 1333
1496080 1330
1496090 1327
1496100 1327
1496110 1325
1496120 1327
1496130 1327
1496140 1332
1496150 1337
1496160 1337
1496170 1343
1496180 1348
1496190 1348
1496200 1352
1496210 1356
1496220 1356
1496230 1360
1496240 1362
1496250 1362
1496260 1362
1496270 1362
1496280 1362
1496290 1362
1496300 1362
1496310 1359
1496320 1359
1496330 1355
1496340 1355
1496350 1355
1496360 1355
1496370 1354
1496380 1354
1496390 1350
1496400 1343
1496410 1343
1496420 1336
1496430 1331
1496440 1331
1496450 1327
1496460 1322
1496470 1322
1496480 1315
1496490 1309
1496500 1309
1496510 1305
1496520 1300
1496530 1300
1496540 1295
1496550 1290
1496560 1290
1496570 1284
1496580 1277
1496590 1277
1496600 1271
1496610 1265
1496620 1265
1496630 1258
1496640 1254
1496650 1250
1496660 1250
1496670 1246
1496680 1242
1496690 1242
1496700 1237
1496710 1234
1496720 1234
1496730 1231
1496740 1228
1496750 1228
1496760 1226
1496770 1223
1496780 1223
1496790 1219
1496800 1213
1496810 1213
1496820 1209
1496830 1204
1496840 1204
1496850 1202
1496860 1203
1496870 1203
1496880 1209
1496890 1214
1496900 1214
1496910 1218
1496920 1221
1496930 1221
1496940 1223
1496950 1225
1496960 1225
1496970 1226
1496980 1228
1496990 1228
1497000 1229
1497010 1230
1497020 1230
1497030 1231
1497040 1232
1497050 1234
1497060 1234
1497070 1236
1497080 1238
1497090 1238
1497100 1241
1497110 1245
1497120 1245
1497130 1248
1497140 1251
1497150 1251
1497160 1254
1497170 1256
1497180 1256
1497190 1256
1497200 1255
1497210 1255
1497220 1252
1497230 1246
1497240 1246
1497250 1239
1497260 1232
1497270 1232
1497280 1225
1497290 1219
1497300 1219
1497310 1213
1497320 1208
1497330 1208
1497340 1202
1497350 1197
1497360 1197
1497370 1190
1497380 1184
1497390 1184
1497400 1178
1497410 1172
1497420 1172
1497430 1166
1497440 1160
1497450 1154
1497460 1154
1497470 1147
1497480 1140
1497490 1140
1497500 1132
1497510 1124
1497520 1124
1497530 1116
1497540 1112
1497550 1112
1497560 1118
1497570 1124
1497580 1124
1497590 1127
1497600 1129
1497610 1129
1497620 1131
1497630 1133
1497640 1133
1497650 1135
1497660 1137
1497670 1137
1497680 1138
1497690 1141
1497700 1141
1497710 1145
1497720 1150
1497730 1150
1497740 1155
1497750 1160
1497760 1160
1497770 1163
1497780 1167
1497790 1167
1497800 1172
1497810 1178
1497820 1178
1497830 1184
1497840 1189
1497850 1195
1497860 1195
1497870 1201
1497880 1206
1497890 1206
1497900 1211
1497910 1216
1497920 1216
1497930 1222
1497940 1226
1497950 1226
1497960 1230
1497970 1233
1497980 1233
1497990 1234
1498000 1236
1498010 1236
1498020 1237
1498030 1238
1498040 1238
1498050 1237
1498060 1234
1498070 1234
1498080 1230
1498090 1226
1498100 1226
1498110 1223
1498120 1220
1498130 1220
1498140 1218
1498150 1219
1498160 1219
1498170 1220
1498180 1220
1498190 1220
1498200 1218
1498210 1215
1498220 1213
1498230 1213
1498240 1213
1498250 1216
1498260 1216
1498270 1220
1498280 1226
1498290 1226
1498300 1231
1498310 1236
1498320 1236
1498330 1241
1498340 1243
1498350 1243
1498360 1244
1498370 1249
1498380 1249
1498390 1255
1498400 1261
1498410 1261
1498420 1266
1498430 1274
1498440 1274
1498450 1281
1498460 1285
1498470 1285
1498480 1288
1498490 1292
1498500 1292
1498510 1296
1498520 1300
1498530 1300
1498540 1305
1498550 1310
1498560 1310
1498570 1315
1498580 1320
1498590 1320
1498600 1326
1498610 1332
1498620 1338
1498630 1338
1498640 1346
1498650 1354
1498660 1354
1498670 1360
1498680 1365
1498690 1365
1498700 1371
1498710 1375
1498720 1375
1498730 1379
1498740 1383
1498750 1383
1498760 1387
1498770 1390
1498780 1390
1498790 1393
1498800 1396
1498810 1396
1498820 1400
1498830 1404
1498840 1404
1498850 1407
1498860 1411
1498870 1411
1498880 1414
1498890 1418
1498900 1418
1498910 1423
1498920 1427
1498930 1427
1498940 1431
1498950 1435
1498960 1435
1498970 1439
1498980 1444
1498990 1444
1499000 1449
1499010 1455
1499020 1461
1499030 1461
1499040 1466
1499050 1470
1499060 1470
1499070 1473
1499080 1477
1499090 1477
1499100 1481
1499110 1487
1499120 1487
1499130 1495
1499140 1502
1499150 1502
1499160 1509
1499170 1515
1499180 1515
1499190 1521
1499200 1525
1499210 1525
1499220 1526
1499230 1524
1499240 1524
1499250 1525
1499260 1526
1499270 1526
1499280 1527
1499290 1526
1499300 1526
1499310 1524
1499320 1521
1499330 1521
1499340 1513
1499350 1506
1499360 1506
1499370 1500
1499380 1496
1499390 1496
1499400 1493
1499410 1487
1499420 1484
1499430 1484
1499440 1484
1499450 1487
1499460 1487
1499470 1487
1499480 1484
1499490 1484
1499500 1477
1499510 1474
1499520 1474
1499530 1474
1499540 1476
1499550 1476
1499560 1477
1499570 1479
1499580 1479
1499590 1481
1499600 1483
1499610 1483
1499620 1483
1499630 1482
1499640 1482
1499650 1482
1499660 1481
1499670 1481
1499680 1479
1499690 1478
1499700 1478
1499710 1478
1499720 1478
1499730 1478
1499740 1476
1499750 1474
1499760 1474
1499770 1470
1499780 1467
1499790 1467
1499800 1465
1499810 1464
1499820 1463
1499830 1463
1499840 1464
1499850 1465
1499860 1465
1499870 1465
1499880 1465
1499890 1465
1499900 1464
1499910 1463
1499920 1463
1499930 1463
1499940 1462
1499950 1462
1499960 1461
1499970 1459
1499980 1459
1499990 1457
