1480000 910
1480010 918
1480020 925
1480030 934
1480040 934
1480050 945
1480060 955
1480070 955
1480080 969
1480090 979
1480100 979
1480110 988
1480120 995
1480130 995
1480140 1002
1480150 1006
1480160 1006
1480170 1011
1480180 1016
1480190 1016
1480200 1023
1480210 1030
1480220 1030
1480230 1038
1480240 1046
1480250 1046
1480260 1054
1480270 1063
1480280 1063
1480290 1072
1480300 1084
1480310 1084
1480320 1095
1480330 1109
1480340 1109
1480350 1118
1480360 1126
1480370 1126
1480380 1134
1480390 1142
1480400 1142
1480410 1151
1480420 1161
1480430 1167
1480440 1167
1480450 1171
1480460 1175
1480470 1175
1480480 1179
1480490 1182
1480500 1182
1480510 1186
1480520 1189
1480530 1189
1480540 1190
1480550 1193
1480560 1193
1480570 1196
1480580 1199
1480590 1199
1480600 1199
1480610 1201
1480620 1201
1480630 1208
1480640 1216
1480650 1216
1480660 1220
1480670 1225
1480680 1225
1480690 1230
1480700 1236
1480710 1236
1480720 1243
1480730 1250
1480740 1250
1480750 1255
1480760 1261
1480770 1261
1480780 1267
1480790 1273
1480800 1273
1480810 1279
1480820 1284
1480830 1290
1480840 1290
1480850 1295
1480860 1300
1480870 1300
1480880 1305
1480890 1308
1480900 1308
1480910 1310
1480920 1312
1480930 1312
1480940 1313
1480950 1317
1480960 1317
1480970 1320
1480980 1323
1480990 1323
1481000 1325
1481010 1328
1481020 1328
1481030 1330
1481040 1331
1481050 1331
1481060 1332
1481070 1334
1481080 1334
1481090 1336
1481100 1338
1481110 1338
1481120 1340
1481130 1341
1481140 1341
1481150 1343
1481160 1344
1481170 1344
1481180 1344
1481190 1347
1481200 1347
1481210 1351
1481220 1356
1481230 1359
1481240 1359
1481250 1362
1481260 1366
1481270 1366
1481280 1368
1481290 1371
1481300 1371
1481310 1374
1481320 1377
1481330 1377
1481340 1378
1481350 1379
1481360 1379
1481370 1380
1481380 1381
1481390 1381
1481400 1380
1481410 1379
1481420 1379
1481430 1379
1481440 1380
1481450 1380
1481460 1383
1481470 1388
1481480 1388
1481490 1391
1481500 1395
1481510 1395
1481520 1399
1481530 1402
1481540 1402
1481550 1406
1481560 1410
1481570 1410
1481580 1413
1481590 1417
1481600 1417
1481610 1420
1481620 1419
1481630 1417
1481640 1417
1481650 1417
1481660 1418
1481670 1418
1481680 1418
1481690 1418
1481700 1418
1481710 1418
1481720 1419
1481730 1419
1481740 1420
1481750 1420
1481760 1420
1481770 1420
1481780 1420
1481790 1420
1481800 1419
1481810 1420
1481820 1420
1481830 1421
1481840 1422
1481850 1422
1481860 1422
1481870 1422
1481880 1422
1481890 1423
1481900 1424
1481910 1424
1481920 1426
1481930 1428
1481940 1428
1481950 1430
1481960 1432
1481970 1432
1481980 1434
1481990 1435
1482000 1435
1482010 1436
1482020 1437
1482030 1439
1482040 1439
1482050 1439
1482060 1439
1482070 1439
1482080 1437
1482090 1436
1482100 1436
1482110 1437
1482120 1436
1482130 1436
1482140 1435
1482150 1436
1482160 1436
1482170 1438
1482180 1438
1482190 1438
1482200 1440
1482210 1441
1482220 1441
1482230 1443
1482240 1444
1482250 1444
1482260 1445
1482270 1445
1482280 1445
1482290 1444
1482300 1444
1482310 1444
1482320 1444
1482330 1446
1482340 1446
1482350 1446
1482360 1445
1482370 1445
1482380 1444
1482390 1444
1482400 1444
1482410 1445
1482420 1446
1482430 1448
1482440 1448
1482450 1448
1482460 1447
1482470 1447
1482480 1447
1482490 1446
1482500 1446
1482510 1445
1482520 1444
1482530 1444
1482540 1441
1482550 1440
1482560 1440
1482570 1440
1482580 1440
1482590 1440
1482600 1439
1482610 1438
1482620 1438
1482630 1438
1482640 1437
1482650 1437
1482660 1436
1482670 1435
1482680 1435
1482690 1434
1482700 1433
1482710 1433
1482720 1432
1482730 1432
1482740 1432
1482750 1431
1482760 1430
1482770 1430
1482780 1427
1482790 1424
1482800 1424
1482810 1419
1482820 1414
1482830 1414
1482840 1408
1482850 1402
1482860 1397
1482870 1397
1482880 1391
1482890 1384
1482900 1384
1482910 1378
1482920 1372
1482930 1372
1482940 1366
1482950 1359
1482960 1359
1482970 1353
1482980 1348
1482990 1348
1483000 1342
1483010 1338
1483020 1338
1483030 1333
1483040 1328
1483050 1328
1483060 1322
1483070 1313
1483080 1313
1483090 1302
1483100 1294
1483110 1294
1483120 1288
1483130 1284
1483140 1284
1483150 1280
1483160 1275
1483170 1275
1483180 1271
1483190 1266
1483200 1266
1483210 1262
1483220 1260
1483230 1260
1483240 1257
1483250 1255
1483260 1253
1483270 1253
1483280 1251
1483290 1249
1483300 1249
1483310 1246
1483320 1242
1483330 1242
1483340 1240
1483350 1237
1483360 1237
1483370 1234
1483380 1230
1483390 1230
1483400 1225
1483410 1222
1483420 1222
1483430 1220
1483440 1217
1483450 1217
1483460 1212
1483470 1208
1483480 1208
1483490 1202
1483500 1198
1483510 1198
1483520 1196
1483530 1195
1483540 1195
1483550 1196
1483560 1207
1483570 1207
1483580 1215
1483590 1223
1483600 1223
1483610 1227
1483620 1226
1483630 1226
1483640 1213
1483650 1204
1483660 1193
1483670 1193
1483680 1191
1483690 1189
1483700 1189
1483710 1189
1483720 1192
1483730 1192
1483740 1205
1483750 1218
1483760 1218
1483770 1220
1483780 1222
1483790 1222
1483800 1222
1483810 1219
1483820 1219
1483830 1214
1483840 1211
1483850 1211
1483860 1206
1483870 1202
1483880 1202
1483890 1199
1483900 1193
1483910 1193
1483920 1186
1483930 1181
1483940 1181
1483950 1174
1483960 1128
1483970 1128
1483980 1105
1483990 1097
1484000 1097
1484010 1089
1484020 1082
1484030 1082
1484040 1075
1484050 1069
1484060 1063
1484070 1063
1484080 1057
1484090 1050
1484100 1050
1484110 1044
1484120 1038
1484130 1038
1484140 1032
1484150 1027
1484160 1027
1484170 1019
1484180 1012
1484190 1012
1484200 1004
1484210 997
1484220 997
1484230 989
1484240 981
1484250 981
1484260 973
1484270 965
1484280 965
1484290 957
1484300 949
1484310 949
1484320 941
1484330 933
1484340 933
1484350 925
1484360 918
1484370 918
1484380 909
1484390 900
1484400 900
1484410 891
1484420 886
1484430 886
1484440 883
1484450 878
1484460 873
1484470 873
1484480 869
1484490 865
1484500 865
1484510 861
1484520 858
1484530 858
1484540 857
1484550 853
1484560 853
1484570 845
1484580 837
1484590 837
1484600 828
1484610 816
1484620 816
1484630 807
1484640 799
1484650 799
1484660 791
1484670 784
1484680 784
1484690 777
1484700 771
1484710 771
1484720 765
1484730 759
1484740 759
1484750 752
1484760 746
1484770 746
1484780 739
1484790 732
1484800 732
1484810 725
1484820 719
1484830 719
1484840 712
1484850 706
1484860 701
1484870 701
1484880 698
1484890 695
1484900 695
1484910 695
1484920 695
1484930 695
1484940 694
1484950 693
1484960 693
1484970 691
1484980 690
1484990 690
1485000 689
1485010 688
1485020 688
1485030 689
1485040 690
1485050 690
1485060 691
1485070 691
1485080 691
1485090 691
1485100 693
1485110 693
1485120 697
1485130 702
1485140 702
1485150 708
1485160 714
1485170 714
1485180 716
1485190 717
1485200 717
1485210 719
1485220 721
1485230 721
1485240 725
1485250 730
1485260 736
1485270 736
1485280 741
1485290 748
1485300 748
1485310 755
1485320 762
1485330 762
1485340 769
1485350 775
1485360 775
1485370 781
1485380 787
1485390 787
1485400 793
1485410 798
1485420 798
1485430 801
1485440 806
1485450 806
1485460 814
1485470 823
1485480 823
1485490 832
1485500 838
1485510 838
1485520 843
1485530 849
1485540 849
1485550 849
1485560 857
1485570 857
1485580 866
1485590 873
1485600 873
1485610 878
1485620 885
1485630 885
1485640 890
1485650 902
1485660 911
1485670 911
1485680 920
1485690 932
1485700 932
1485710 942
1485720 952
1485730 952
1485740 961
1485750 969
1485760 969
1485770 978
1485780 991
1485790 991
1485800 1002
1485810 1011
1485820 1011
1485830 1019
1485840 1028
1485850 1028
1485860 1036
1485870 1046
1485880 1046
1485890 1058
1485900 1070
1485910 1070
1485920 1076
1485930 1079
1485940 1079
1485950 1082
1485960 1086
1485970 1086
1485980 1089
1485990 1091
1486000 1091
1486010 1092
1486020 1092
1486030 1092
1486040 1091
1486050 1090
1486060 1088
1486070 1088
1486080 1087
1486090 1086
1486100 1086
1486110 1086
1486120 1086
1486130 1086
1486140 1085
1486150 1085
1486160 1085
1486170 1085
1486180 1086
1486190 1086
1486200 1088
1486210 1090
1486220 1090
1486230 1089
1486240 1087
1486250 1087
1486260 1085
1486270 1089
1486280 1089
1486290 1092
1486300 1092
1486310 1092
1486320 1092
1486330 1092
1486340 1092
1486350 1090
1486360 1091
1486370 1091
1486380 1096
1486390 1100
1486400 1100
1486410 1103
1486420 1107
1486430 1107
1486440 1112
1486450 1116
1486460 1117
1486470 1117
1486480 1118
1486490 1119
1486500 1119
1486510 1120
1486520 1121
1486530 1121
1486540 1121
1486550 1119
1486560 1119
1486570 1118
1486580 1119
1486590 1119
1486600 1121
1486610 1124
1486620 1124
1486630 1126
1486640 1127
1486650 1127
1486660 1129
1486670 1129
1486680 1129
1486690 1128
1486700 1131
1486710 1131
1486720 1132
1486730 1134
1486740 1134
1486750 1137
1486760 1138
1486770 1138
1486780 1143
1486790 1147
1486800 1147
1486810 1150
1486820 1153
1486830 1153
1486840 1155
1486850 1158
1486860 1160
1486870 1160
1486880 1162
1486890 1165
1486900 1165
1486910 1168
1486920 1170
1486930 1170
1486940 1172
1486950 1174
1486960 1174
1486970 1176
1486980 1178
1486990 1178
1487000 1180
1487010 1183
1487020 1183
1487030 1184
1487040 1186
1487050 1186
1487060 1187
1487070 1187
1487080 1187
1487090 1187
1487100 1188
1487110 1188
1487120 1188
1487130 1188
1487140 1188
1487150 1187
1487160 1187
1487170 1187
1487180 1186
1487190 1186
1487200 1186
1487210 1185
1487220 1184
1487230 1184
1487240 1183
1487250 1182
1487260 1180
1487270 1180
1487280 1178
1487290 1175
1487300 1175
1487310 1172
1487320 1169
1487330 1169
1487340 1166
1487350 1163
1487360 1163
1487370 1160
1487380 1158
1487390 1158
1487400 1157
1487410 1156
1487420 1156
1487430 1156
1487440 1153
1487450 1153
1487460 1151
1487470 1154
1487480 1154
1487490 1156
1487500 1157
1487510 1157
1487520 1157
1487530 1156
1487540 1156
1487550 1156
1487560 1155
1487570 1155
1487580 1154
1487590 1153
1487600 1153
1487610 1152
1487620 1152
1487630 1152
1487640 1152
1487650 1152
1487660 1153
1487670 1153
1487680 1154
1487690 1154
1487700 1154
1487710 1155
1487720 1156
1487730 1156
1487740 1157
1487750 1158
1487760 1158
1487770 1158
1487780 1157
1487790 1157
1487800 1156
1487810 1155
1487820 1155
1487830 1155
1487840 1153
1487850 1153
1487860 1151
1487870 1149
1487880 1149
1487890 1146
1487900 1142
1487910 1142
1487920 1138
1487930 1136
1487940 1136
1487950 1136
1487960 1137
1487970 1137
1487980 1139
1487990 1141
1488000 1141
1488010 1141
1488020 1140
1488030 1140
1488040 1139
1488050 1137
1488060 1137
1488070 1137
1488080 1135
1488090 1132
1488100 1132
1488110 1130
1488120 1130
1488130 1130
1488140 1135
1488150 1142
1488160 1142
1488170 1148
1488180 1152
1488190 1152
1488200 1155
1488210 1157
1488220 1157
1488230 1161
1488240 1163
1488250 1163
1488260 1166
1488270 1169
1488280 1169
1488290 1169
1488300 1169
1488310 1169
1488320 1173
1488330 1169
1488340 1169
1488350 1167
1488360 1168
1488370 1168
1488380 1170
1488390 1171
1488400 1171
1488410 1171
1488420 1172
1488430 1172
1488440 1172
1488450 1171
1488460 1169
1488470 1169
1488480 1166
1488490 1165
1488500 1165
1488510 1163
1488520 1163
1488530 1163
1488540 1164
1488550 1165
1488560 1165
1488570 1165
1488580 1167
1488590 1167
1488600 1170
1488610 1177
1488620 1177
1488630 1185
1488640 1188
1488650 1188
1488660 1190
1488670 1189
1488680 1189
1488690 1189
1488700 1189
1488710 1189
1488720 1189
1488730 1187
1488740 1187
1488750 1186
1488760 1187
1488770 1187
1488780 1188
1488790 1190
1488800 1190
1488810 1195
1488820 1197
1488830 1197
1488840 1197
1488850 1196
1488860 1196
1488870 1196
1488880 1197
1488890 1198
1488900 1198
1488910 1199
1488920 1199
1488930 1199
1488940 1200
1488950 1200
1488960 1200
1488970 1200
1488980 1202
1488990 1202
1489000 1202
1489010 1205
1489020 1205
1489030 1209
1489040 1211
1489050 1211
1489060 1213
1489070 1215
1489080 1215
1489090 1215
1489100 1219
1489110 1219
1489120 1222
1489130 1223
1489140 1223
1489150 1224
1489160 1226
1489170 1226
1489180 1228
1489190 1229
1489200 1229
1489210 1230
1489220 1231
1489230 1231
1489240 1232
1489250 1233
1489260 1234
1489270 1234
1489280 1236
1489290 1238
1489300 1238
1489310 1239
1489320 1241
1489330 1241
1489340 1244
1489350 1247
1489360 1247
1489370 1249
1489380 1251
1489390 1251
1489400 1253
1489410 1255
1489420 1255
1489430 1256
1489440 1257
1489450 1257
1489460 1258
1489470 1260
1489480 1260
1489490 1261
1489500 1262
1489510 1262
1489520 1263
1489530 1266
1489540 1266
1489550 1268
1489560 1270
1489570 1270
1489580 1272
1489590 1274
1489600 1274
1489610 1277
1489620 1278
1489630 1278
1489640 1280
1489650 1282
1489660 1284
1489670 1284
1489680 1285
1489690 1287
1489700 1287
1489710 1289
1489720 1290
1489730 1290
1489740 1291
1489750 1292
1489760 1292
1489770 1294
1489780 1295
1489790 1295
1489800 1296
1489810 1298
1489820 1298
1489830 1299
1489840 1302
1489850 1302
1489860 1304
1489870 1305
1489880 1305
1489890 1306
1489900 1308
1489910 1308
1489920 1310
1489930 1313
1489940 1313
1489950 1314
1489960 1316
1489970 1316
1489980 1318
1489990 1319
1490000 1319
1490010 1320
1490020 1321
1490030 1321
1490040 1322
1490050 1323
1490060 1325
1490070 1325
1490080 1327
1490090 1329
1490100 1329
1490110 1331
1490120 1332
1490130 1332
1490140 1334
1490150 1336
1490160 1336
1490170 1337
1490180 1338
1490190 1338
1490200 1339
1490210 1339
1490220 1339
1490230 1339
1490240 1339
1490250 1339
1490260 1339
1490270 1338
1490280 1338
1490290 1333
1490300 1329
1490310 1329
1490320 1326
1490330 1325
1490340 1325
1490350 1325
1490360 1327
1490370 1327
1490380 1331
1490390 1335
1490400 1335
1490410 1337
1490420 1339
1490430 1339
1490440 1342
1490450 1344
1490460 1345
1490470 1345
1490480 1346
1490490 1347
1490500 1347
1490510 1348
1490520 1349
1490530 1349
1490540 1351
1490550 1353
1490560 1353
1490570 1353
1490580 1353
1490590 1353
1490600 1355
1490610 1355
1490620 1355
1490630 1355
1490640 1354
1490650 1354
1490660 1354
1490670 1354
1490680 1354
1490690 1353
1490700 1353
1490710 1353
1490720 1353
1490730 1352
1490740 1352
1490750 1351
1490760 1351
1490770 1351
1490780 1352
1490790 1353
1490800 1353
1490810 1354
1490820 1355
1490830 1355
1490840 1356
1490850 1357
1490860 1358
1490870 1358
1490880 1360
1490890 1363
1490900 1363
1490910 1366
1490920 1373
1490930 1373
1490940 1379
1490950 1386
1490960 1386
1490970 1390
1490980 1393
1490990 1393
1491000 1397
1491010 1402
1491020 1402
1491030 1408
1491040 1415
1491050 1415
1491060 1419
1491070 1420
1491080 1420
1491090 1424
1491100 1423
1491110 1423
1491120 1424
1491130 1425
1491140 1425
1491150 1425
1491160 1426
1491170 1426
1491180 1427
1491190 1426
1491200 1426
1491210 1429
1491220 1430
1491230 1430
1491240 1431
1491250 1430
1491260 1431
1491270 1431
1491280 1430
1491290 1434
1491300 1434
1491310 1439
1491320 1442
1491330 1442
1491340 1440
1491350 1439
1491360 1439
1491370 1438
1491380 1439
1491390 1439
1491400 1443
1491410 1445
1491420 1445
1491430 1443
1491440 1442
1491450 1442
1491460 1442
1491470 1441
1491480 1441
1491490 1442
1491500 1445
1491510 1445
1491520 1447
1491530 1448
1491540 1448
1491550 1451
1491560 1453
1491570 1453
1491580 1454
1491590 1456
1491600 1456
1491610 1457
1491620 1459
1491630 1459
1491640 1461
1491650 1464
1491660 1465
1491670 1465
1491680 1467
1491690 1468
1491700 1468
1491710 1468
1491720 1467
1491730 1467
1491740 1467
1491750 1467
1491760 1467
1491770 1466
1491780 1466
1491790 1466
1491800 1465
1491810 1463
1491820 1463
1491830 1462
1491840 1461
1491850 1461
1491860 1460
1491870 1459
1491880 1459
1491890 1457
1491900 1458
1491910 1458
1491920 1458
1491930 1456
1491940 1456
1491950 1455
1491960 1454
1491970 1454
1491980 1452
1491990 1449
1492000 1449
1492010 1448
1492020 1447
1492030 1447
1492040 1446
1492050 1444
1492060 1442
1492070 1442
1492080 1439
1492090 1437
1492100 1437
1492110 1433
1492120 1424
1492130 1424
1492140 1417
1492150 1411
1492160 1411
1492170 1408
1492180 1406
1492190 1406
1492200 1403
1492210 1401
1492220 1401
1492230 1399
1492240 1395
1492250 1395
1492260 1393
1492270 1391
1492280 1391
1492290 1389
1492300 1387
1492310 1387
1492320 1385
1492330 1383
1492340 1383
1492350 1381
1492360 1380
1492370 1380
1492380 1381
1492390 1382
1492400 1382
1492410 1384
1492420 1384
1492430 1384
1492440 1383
1492450 1380
1492460 1380
1492470 1377
1492480 1375
1492490 1374
1492500 1374
1492510 1373
1492520 1370
1492530 1370
1492540 1368
1492550 1367
1492560 1367
1492570 1367
1492580 1368
1492590 1368
1492600 1367
1492610 1366
1492620 1366
1492630 1365
1492640 1366
1492650 1366
1492660 1364
1492670 1365
1492680 1365
1492690 1367
1492700 1367
1492710 1367
1492720 1365
1492730 1364
1492740 1364
1492750 1360
1492760 1356
1492770 1356
1492780 1353
1492790 1351
1492800 1351
1492810 1345
1492820 1339
1492830 1339
1492840 1336
1492850 1333
1492860 1333
1492870 1330
1492880 1328
1492890 1325
1492900 1325
1492910 1322
1492920 1319
1492930 1319
1492940 1318
1492950 1316
1492960 1316
1492970 1314
1492980 1313
1492990 1313
1493000 1312
1493010 1311
1493020 1311
1493030 1311
1493040 1311
1493050 1311
1493060 1310
1493070 1309
1493080 1309
1493090 1309
1493100 1309
1493110 1309
1493120 1307
1493130 1306
1493140 1306
1493150 1306
1493160 1305
1493170 1305
1493180 1304
1493190 1304
1493200 1304
1493210 1304
1493220 1304
1493230 1304
1493240 1303
1493250 1302
1493260 1302
1493270 1299
1493280 1294
1493290 1294
1493300 1294
1493310 1291
1493320 1288
1493330 1288
1493340 1287
1493350 1286
1493360 1286
1493370 1285
1493380 1285
1493390 1285
1493400 1286
1493410 1287
1493420 1287
1493430 1286
1493440 1285
1493450 1285
1493460 1283
1493470 1283
1493480 1283
1493490 1283
1493500 1282
1493510 1282
1493520 1281
1493530 1280
1493540 1280
1493550 1280
1493560 1279
1493570 1279
1493580 1279
1493590 1277
1493600 1277
1493610 1274
1493620 1273
1493630 1273
1493640 1275
1493650 1276
1493660 1276
1493670 1276
1493680 1276
1493690 1277
1493700 1277
1493710 1278
1493720 1278
1493730 1278
1493740 1279
1493750 1279
1493760 1279
1493770 1280
1493780 1281
1493790 1281
1493800 1282
1493810 1282
1493820 1282
1493830 1283
1493840 1284
1493850 1284
1493860 1286
1493870 1289
1493880 1289
1493890 1290
1493900 1289
1493910 1289
1493920 1288
1493930 1287
1493940 1287
1493950 1284
1493960 1281
1493970 1281
1493980 1281
1493990 1280
1494000 1280
1494010 1279
1494020 1277
1494030 1277
1494040 1277
1494050 1280
1494060 1280
1494070 1283
1494080 1286
1494090 1288
1494100 1288
1494110 1286
1494120 1283
1494130 1283
1494140 1282
1494150 1282
1494160 1282
1494170 1282
1494180 1281
1494190 1281
1494200 1279
1494210 1277
1494220 1277
1494230 1277
1494240 1278
1494250 1278
1494260 1279
1494270 1283
1494280 1283
1494290 1286
1494300 1287
1494310 1287
1494320 1287
1494330 1284
1494340 1284
1494350 1281
1494360 1279
1494370 1279
1494380 1277
1494390 1274
1494400 1274
1494410 1273
1494420 1273
1494430 1273
1494440 1271
1494450 1267
1494460 1267
1494470 1264
1494480 1261
1494490 1259
1494500 1259
1494510 1257
1494520 1256
1494530 1256
1494540 1257
1494550 1259
1494560 1259
1494570 1259
1494580 1258
1494590 1258
1494600 1256
1494610 1254
1494620 1254
1494630 1254
1494640 1253
1494650 1253
1494660 1252
1494670 1252
1494680 1252
1494690 1252
1494700 1251
1494710 1251
1494720 1250
1494730 1248
1494740 1248
1494750 1245
1494760 1241
1494770 1241
1494780 1239
1494790 1236
1494800 1236
1494810 1233
1494820 1232
1494830 1232
1494840 1238
1494850 1240
1494860 1240
1494870 1238
1494880 1234
1494890 1232
1494900 1232
1494910 1230
1494920 1226
1494930 1226
1494940 1221
1494950 1217
1494960 1217
1494970 1223
1494980 1229
1494990 1229
1495000 1232
1495010 1231
1495020 1231
1495030 1230
1495040 1230
1495050 1230
1495060 1230
1495070 1230
1495080 1230
1495090 1230
1495100 1232
1495110 1232
1495120 1234
1495130 1237
1495140 1237
1495150 1240
1495160 1242
1495170 1242
1495180 1247
1495190 1250
1495200 1250
1495210 1254
1495220 1257
1495230 1257
1495240 1260
1495250 1264
1495260 1264
1495270 1270
1495280 1276
1495290 1284
1495300 1284
1495310 1291
1495320 1301
1495330 1301
1495340 1309
1495350 1315
1495360 1315
1495370 1323
1495380 1329
1495390 1329
1495400 1332
1495410 1336
1495420 1336
1495430 1341
1495440 1347
1495450 1347
1495460 1353
1495470 1360
1495480 1360
1495490 1366
1495500 1372
1495510 1372
1495520 1378
1495530 1383
1495540 1383
1495550 1388
1495560 1393
1495570 1393
1495580 1398
1495590 1403
1495600 1403
1495610 1408
1495620 1412
1495630 1412
1495640 1416
1495650 1420
1495660 1420
1495670 1425
1495680 1431
1495690 1437
1495700 1437
1495710 1443
1495720 1449
1495730 1449
1495740 1455
1495750 1460
1495760 1460
1495770 1467
1495780 1473
1495790 1473
1495800 1481
1495810 1489
1495820 1489
1495830 1498
1495840 1504
1495850 1504
1495860 1509
1495870 1517
1495880 1517
1495890 1522
1495900 1526
1495910 1526
1495920 1530
1495930 1536
1495940 1536
1495950 1543
1495960 1549
1495970 1549
1495980 1554
1495990 1562
1496000 1562
1496010 1569
1496020 1576
1496030 1576
1496040 1584
1496050 1594
1496060 1594
1496070 1602
1496080 1608
1496090 1615
1496100 1615
1496110 1622
1496120 1628
1496130 1628
1496140 1635
1496150 1642
1496160 1642
1496170 1650
1496180 1658
1496190 1658
1496200 1665
1496210 1673
1496220 1673
1496230 1681
1496240 1688
1496250 1688
1496260 1695
1496270 1702
1496280 1702
1496290 1709
1496300 1715
1496310 1715
1496320 1721
1496330 1727
1496340 1727
1496350 1733
1496360 1738
1496370 1738
1496380 1744
1496390 1750
1496400 1750
1496410 1755
1496420 1760
1496430 1760
1496440 1764
1496450 1768
1496460 1768
1496470 1772
1496480 1776
1496490 1779
1496500 1779
1496510 1777
1496520 1770
1496530 1770
1496540 1762
1496550 1755
1496560 1755
1496570 1747
1496580 1740
1496590 1740
1496600 1734
1496610 1728
1496620 1728
1496630 1722
1496640 1716
1496650 1716
1496660 1710
1496670 1704
1496680 1704
1496690 1698
1496700 1691
1496710 1691
1496720 1686
1496730 1680
1496740 1680
1496750 1674
1496760 1668
1496770 1668
1496780 1666
1496790 1663
1496800 1663
1496810 1658
1496820 1653
1496830 1653
1496840 1648
1496850 1641
1496860 1641
1496870 1636
1496880 1630
1496890 1623
1496900 1623
1496910 1619
1496920 1616
1496930 1616
1496940 1611
1496950 1608
1496960 1608
1496970 1605
1496980 1602
1496990 1602
1497000 1597
1497010 1593
1497020 1593
1497030 1588
1497040 1583
1497050 1583
1497060 1578
1497070 1571
1497080 1571
1497090 1562
1497100 1554
1497110 1554
1497120 1547
1497130 1545
1497140 1545
1497150 1545
1497160 1542
1497170 1542
1497180 1537
1497190 1536
1497200 1536
1497210 1529
1497220 1522
1497230 1522
1497240 1516
1497250 1512
1497260 1512
1497270 1508
1497280 1504
1497290 1498
1497300 1498
1497310 1493
1497320 1489
1497330 1489
1497340 1484
1497350 1478
1497360 1478
1497370 1473
1497380 1469
1497390 1469
1497400 1464
1497410 1461
1497420 1461
1497430 1457
1497440 1454
1497450 1454
1497460 1450
1497470 1447
1497480 1447
1497490 1444
1497500 1441
1497510 1441
1497520 1438
1497530 1436
1497540 1436
1497550 1434
1497560 1432
1497570 1432
1497580 1431
1497590 1429
1497600 1429
1497610 1427
1497620 1426
1497630 1426
1497640 1425
1497650 1426
1497660 1426
1497670 1424
1497680 1426
1497690 1428
1497700 1428
1497710 1429
1497720 1432
1497730 1432
1497740 1435
1497750 1437
1497760 1437
1497770 1439
1497780 1441
1497790 1441
1497800 1443
1497810 1445
1497820 1445
1497830 1446
1497840 1448
1497850 1448
1497860 1448
1497870 1450
1497880 1450
1497890 1455
1497900 1461
1497910 1461
1497920 1464
1497930 1466
1497940 1466
1497950 1467
1497960 1468
1497970 1468
1497980 1469
1497990 1469
1498000 1469
1498010 1471
1498020 1473
1498030 1473
1498040 1477
1498050 1480
1498060 1480
1498070 1483
1498080 1487
1498090 1492
1498100 1492
1498110 1498
1498120 1503
1498130 1503
1498140 1509
1498150 1516
1498160 1516
1498170 1522
1498180 1528
1498190 1528
1498200 1536
1498210 1542
1498220 1542
1498230 1549
1498240 1556
1498250 1556
1498260 1564
1498270 1572
1498280 1572
1498290 1580
1498300 1589
1498310 1589
1498320 1597
1498330 1605
1498340 1605
1498350 1613
1498360 1622
1498370 1622
1498380 1630
1498390 1641
1498400 1641
1498410 1649
1498420 1657
1498430 1657
1498440 1664
1498450 1671
1498460 1671
1498470 1678
1498480 1686
1498490 1692
1498500 1692
1498510 1699
1498520 1706
1498530 1706
1498540 1713
1498550 1721
1498560 1721
1498570 1729
1498580 1736
1498590 1736
1498600 1743
1498610 1751
1498620 1751
1498630 1758
1498640 1767
1498650 1767
1498660 1775
1498670 1783
1498680 1783
1498690 1791
1498700 1797
1498710 1797
1498720 1805
1498730 1812
1498740 1812
1498750 1818
1498760 1825
1498770 1825
1498780 1832
1498790 1840
1498800 1840
1498810 1846
1498820 1851
1498830 1851
1498840 1851
1498850 1845
1498860 1845
1498870 1834
1498880 1824
1498890 1816
1498900 1816
1498910 1810
1498920 1804
1498930 1804
1498940 1798
1498950 1792
1498960 1792
1498970 1786
1498980 1780
1498990 1780
1499000 1775
1499010 1770
1499020 1770
1499030 1764
1499040 1759
1499050 1759
1499060 1754
1499070 1750
1499080 1750
1499090 1745
1499100 1741
1499110 1741
1499120 1736
1499130 1731
1499140 1731
1499150 1728
1499160 1725
1499170 1725
1499180 1723
1499190 1720
1499200 1720
1499210 1720
1499220 1720
1499230 1720
1499240 1723
1499250 1728
1499260 1728
1499270 1734
1499280 1740
1499290 1746
1499300 1746
1499310 1754
1499320 1762
1499330 1762
1499340 1773
1499350 1781
1499360 1781
1499370 1788
1499380 1795
1499390 1795
1499400 1802
1499410 1809
1499420 1809
1499430 1816
1499440 1822
1499450 1822
1499460 1828
1499470 1834
1499480 1834
1499490 1838
1499500 1846
1499510 1846
1499520 1845
1499530 1832
1499540 1832
1499550 1820
1499560 1805
1499570 1805
1499580 1794
1499590 1783
1499600 1783
1499610 1776
1499620 1768
1499630 1768
1499640 1750
1499650 1751
1499660 1751
1499670 1760
1499680 1775
1499690 1783
1499700 1783
1499710 1793
1499720 1801
1499730 1801
1499740 1810
1499750 1824
1499760 1824
1499770 1840
1499780 1842
1499790 1842
1499800 1844
1499810 1845
1499820 1845
1499830 1846
1499840 1845
1499850 1845
1499860 1844
1499870 1841
1499880 1841
1499890 1832
1499900 1825
1499910 1825
1499920 1819
1499930 1813
1499940 1813
1499950 1805
1499960 1797
1499970 1797
1499980 1793
1499990 1787
