1480000 1424
1480010 1424
1480020 1421
1480030 1418
1480040 1418
1480050 1416
1480060 1410
1480070 1410
1480080 1403
1480090 1398
1480100 1398
1480110 1393
1480120 1387
1480130 1387
1480140 1379
1480150 1373
1480160 1373
1480170 1368
1480180 1364
1480190 1364
1480200 1360
1480210 1355
1480220 1355
1480230 1351
1480240 1347
1480250 1347
1480260 1343
1480270 1342
1480280 1342
1480290 1340
1480300 1337
1480310 1333
1480320 1333
1480330 1329
1480340 1325
1480350 1325
1480360 1321
1480370 1317
1480380 1317
1480390 1312
1480400 1307
1480410 1307
1480420 1303
1480430 1299
1480440 1299
1480450 1296
1480460 1293
1480470 1293
1480480 1290
1480490 1285
1480500 1285
1480510 1279
1480520 1274
1480530 1274
1480540 1268
1480550 1263
1480560 1263
1480570 1256
1480580 1250
1480590 1250
1480600 1243
1480610 1236
1480620 1236
1480630 1229
1480640 1223
1480650 1223
1480660 1218
1480670 1211
1480680 1211
1480690 1204
1480700 1197
1480710 1190
1480720 1190
1480730 1183
1480740 1176
1480750 1176
1480760 1170
1480770 1163
1480780 1163
1480790 1156
1480800 1150
1480810 1150
1480820 1144
1480830 1139
1480840 1139
1480850 1132
1480860 1126
1480870 1126
1480880 1118
1480890 1108
1480900 1108
1480910 1099
1480920 1093
1480930 1093
1480940 1099
1480950 1108
1480960 1108
1480970 1116
1480980 1122
1480990 1122
1481000 1127
1481010 1133
1481020 1133
1481030 1138
1481040 1144
1481050 1144
1481060 1147
1481070 1153
1481080 1153
1481090 1158
1481100 1164
1481110 1164
1481120 1169
1481130 1175
1481140 1181
1481150 1181
1481160 1189
1481170 1196
1481180 1196
1481190 1204
1481200 1211
1481210 1211
1481220 1218
1481230 1226
1481240 1226
1481250 1233
1481260 1240
1481270 1240
1481280 1248
1481290 1255
1481300 1255
1481310 1263
1481320 1271
1481330 1271
1481340 1278
1481350 1285
1481360 1285
1481370 1292
1481380 1299
1481390 1299
1481400 1305
1481410 1310
1481420 1310
1481430 1316
1481440 1322
1481450 1322
1481460 1328
1481470 1334
1481480 1334
1481490 1341
1481500 1347
1481510 1347
1481520 1353
1481530 1360
1481540 1367
1481550 1367
1481560 1374
1481570 1382
1481580 1382
1481590 1390
1481600 1397
1481610 1397
1481620 1403
1481630 1410
1481640 1410
1481650 1418
1481660 1425
1481670 1425
1481680 1433
1481690 1442
1481700 1442
1481710 1451
1481720 1457
1481730 1457
1481740 1462
1481750 1468
1481760 1468
1481770 1472
1481780 1477
1481790 1477
1481800 1483
1481810 1490
1481820 1490
1481830 1495
1481840 1500
1481850 1500
1481860 1505
1481870 1511
1481880 1511
1481890 1517
1481900 1523
1481910 1523
1481920 1528
1481930 1534
1481940 1534
1481950 1536
1481960 1536
1481970 1535
1481980 1535
1481990 1534
1482000 1535
1482010 1535
1482020 1536
1482030 1537
1482040 1537
1482050 1539
1482060 1539
1482070 1539
1482080 1540
1482090 1542
1482100 1542
1482110 1544
1482120 1545
1482130 1545
1482140 1546
1482150 1546
1482160 1546
1482170 1546
1482180 1545
1482190 1545
1482200 1539
1482210 1536
1482220 1536
1482230 1534
1482240 1532
1482250 1532
1482260 1530
1482270 1526
1482280 1526
1482290 1524
1482300 1520
1482310 1520
1482320 1511
1482330 1502
1482340 1502
1482350 1491
1482360 1480
1482370 1471
1482380 1471
1482390 1462
1482400 1453
1482410 1453
1482420 1446
1482430 1440
1482440 1440
1482450 1435
1482460 1428
1482470 1428
1482480 1417
1482490 1397
1482500 1397
1482510 1387
1482520 1378
1482530 1378
1482540 1370
1482550 1364
1482560 1364
1482570 1358
1482580 1352
1482590 1352
1482600 1346
1482610 1340
1482620 1340
1482630 1335
1482640 1330
1482650 1330
1482660 1325
1482670 1321
1482680 1321
1482690 1316
1482700 1312
1482710 1312
1482720 1309
1482730 1306
1482740 1306
1482750 1303
1482760 1301
1482770 1301
1482780 1299
1482790 1297
1482800 1295
1482810 1295
1482820 1294
1482830 1292
1482840 1292
1482850 1290
1482860 1288
1482870 1288
1482880 1287
1482890 1285
1482900 1285
1482910 1284
1482920 1282
1482930 1282
1482940 1279
1482950 1277
1482960 1277
1482970 1275
1482980 1272
1482990 1272
1483000 1269
1483010 1266
1483020 1266
1483030 1262
1483040 1259
1483050 1259
1483060 1255
1483070 1251
1483080 1251
1483090 1248
1483100 1244
1483110 1244
1483120 1240
1483130 1236
1483140 1236
1483150 1230
1483160 1225
1483170 1225
1483180 1219
1483190 1213
1483200 1209
1483210 1209
1483220 1205
1483230 1201
1483240 1201
1483250 1196
1483260 1191
1483270 1191
1483280 1185
1483290 1179
1483300 1179
1483310 1173
1483320 1166
1483330 1166
1483340 1159
1483350 1153
1483360 1153
1483370 1146
1483380 1140
1483390 1140
1483400 1134
1483410 1130
1483420 1130
1483430 1125
1483440 1120
1483450 1120
1483460 1115
1483470 1109
1483480 1109
1483490 1103
1483500 1097
1483510 1097
1483520 1091
1483530 1085
1483540 1085
1483550 1080
1483560 1076
1483570 1076
1483580 1071
1483590 1068
1483600 1068
1483610 1064
1483620 1059
1483630 1055
1483640 1055
1483650 1051
1483660 1047
1483670 1047
1483680 1043
1483690 1039
1483700 1039
1483710 1035
1483720 1030
1483730 1030
1483740 1026
1483750 1023
1483760 1023
1483770 1019
1483780 1015
1483790 1015
1483800 1012
1483810 1008
1483820 1008
1483830 1005
1483840 1002
1483850 1002
1483860 999
1483870 997
1483880 997
1483890 996
1483900 994
1483910 994
1483920 991
1483930 989
1483940 989
1483950 987
1483960 985
1483970 985
1483980 982
1483990 980
1484000 980
1484010 978
1484020 976
1484030 973
1484040 973
1484050 970
1484060 964
1484070 964
1484080 960
1484090 960
1484100 960
1484110 960
1484120 959
1484130 959
1484140 959
1484150 959
1484160 959
1484170 959
1484180 959
1484190 959
1484200 959
1484210 959
1484220 959
1484230 958
1484240 959
1484250 959
1484260 959
1484270 959
1484280 959
1484290 959
1484300 959
1484310 959
1484320 959
1484330 962
1484340 962
1484350 968
1484360 975
1484370 975
1484380 982
1484390 988
1484400 988
1484410 993
1484420 998
1484430 998
1484440 1003
1484450 1008
1484460 1014
1484470 1014
1484480 1020
1484490 1026
1484500 1026
1484510 1031
1484520 1037
1484530 1037
1484540 1042
1484550 1048
1484560 1048
1484570 1054
1484580 1059
1484590 1059
1484600 1065
1484610 1071
1484620 1071
1484630 1077
1484640 1083
1484650 1083
1484660 1089
1484670 1095
1484680 1095
1484690 1101
1484700 1107
1484710 1107
1484720 1114
1484730 1121
1484740 1121
1484750 1132
1484760 1139
1484770 1139
1484780 1146
1484790 1152
1484800 1152
1484810 1157
1484820 1164
1484830 1164
1484840 1172
1484850 1181
1484860 1192
1484870 1192
1484880 1201
1484890 1209
1484900 1209
1484910 1217
1484920 1225
1484930 1225
1484940 1234
1484950 1242
1484960 1242
1484970 1250
1484980 1259
1484990 1259
1485000 1268
1485010 1276
1485020 1276
1485030 1284
1485040 1291
1485050 1291
1485060 1298
1485070 1305
1485080 1305
1485090 1312
1485100 1318
1485110 1318
1485120 1325
1485130 1332
1485140 1332
1485150 1338
1485160 1343
1485170 1343
1485180 1349
1485190 1355
1485200 1355
1485210 1360
1485220 1364
1485230 1364
1485240 1368
1485250 1369
1485260 1370
1485270 1370
1485280 1371
1485290 1371
1485300 1371
1485310 1369
1485320 1367
1485330 1367
1485340 1365
1485350 1361
1485360 1361
1485370 1358
1485380 1353
1485390 1353
1485400 1346
1485410 1340
1485420 1340
1485430 1337
1485440 1330
1485450 1330
1485460 1321
1485470 1313
1485480 1313
1485490 1307
1485500 1301
1485510 1301
1485520 1296
1485530 1292
1485540 1292
1485550 1288
1485560 1283
1485570 1283
1485580 1279
1485590 1275
1485600 1275
1485610 1271
1485620 1268
1485630 1268
1485640 1266
1485650 1262
1485660 1262
1485670 1259
1485680 1256
1485690 1252
1485700 1252
1485710 1248
1485720 1244
1485730 1244
1485740 1242
1485750 1239
1485760 1239
1485770 1234
1485780 1230
1485790 1230
1485800 1224
1485810 1218
1485820 1218
1485830 1211
1485840 1201
1485850 1201
1485860 1190
1485870 1183
1485880 1183
1485890 1183
1485900 1184
1485910 1184
1485920 1184
1485930 1191
1485940 1191
1485950 1200
1485960 1208
1485970 1208
1485980 1216
1485990 1223
1486000 1223
1486010 1231
1486020 1238
1486030 1238
1486040 1247
1486050 1255
1486060 1255
1486070 1263
1486080 1269
1486090 1276
1486100 1276
1486110 1283
1486120 1289
1486130 1289
1486140 1296
1486150 1303
1486160 1303
1486170 1310
1486180 1317
1486190 1317
1486200 1325
1486210 1332
1486220 1332
1486230 1339
1486240 1347
1486250 1347
1486260 1354
1486270 1362
1486280 1362
1486290 1370
1486300 1378
1486310 1378
1486320 1386
1486330 1394
1486340 1394
1486350 1401
1486360 1407
1486370 1407
1486380 1413
1486390 1420
1486400 1420
1486410 1426
1486420 1432
1486430 1432
1486440 1438
1486450 1442
1486460 1442
1486470 1447
1486480 1458
1486490 1458
1486500 1480
1486510 1489
1486520 1496
1486530 1496
1486540 1506
1486550 1514
1486560 1514
1486570 1520
1486580 1528
1486590 1528
1486600 1537
1486610 1547
1486620 1547
1486630 1556
1486640 1565
1486650 1565
1486660 1574
1486670 1583
1486680 1583
1486690 1591
1486700 1599
1486710 1599
1486720 1605
1486730 1610
1486740 1610
1486750 1615
1486760 1619
1486770 1619
1486780 1625
1486790 1631
1486800 1631
1486810 1638
1486820 1646
1486830 1646
1486840 1656
1486850 1665
1486860 1665
1486870 1673
1486880 1682
1486890 1682
1486900 1691
1486910 1701
1486920 1710
1486930 1710
1486940 1719
1486950 1729
1486960 1729
1486970 1730
1486980 1730
1486990 1730
1487000 1729
1487010 1727
1487020 1727
1487030 1725
1487040 1723
1487050 1723
1487060 1722
1487070 1720
1487080 1720
1487090 1714
1487100 1710
1487110 1710
1487120 1703
1487130 1695
1487140 1695
1487150 1687
1487160 1678
1487170 1678
1487180 1670
1487190 1662
1487200 1662
1487210 1655
1487220 1648
1487230 1648
1487240 1642
1487250 1637
1487260 1637
1487270 1630
1487280 1623
1487290 1623
1487300 1616
1487310 1609
1487320 1609
1487330 1602
1487340 1596
1487350 1591
1487360 1591
1487370 1586
1487380 1581
1487390 1581
1487400 1578
1487410 1575
1487420 1575
1487430 1573
1487440 1571
1487450 1571
1487460 1568
1487470 1565
1487480 1565
1487490 1561
1487500 1556
1487510 1556
1487520 1552
1487530 1547
1487540 1547
1487550 1543
1487560 1540
1487570 1540
1487580 1538
1487590 1535
1487600 1535
1487610 1533
1487620 1531
1487630 1531
1487640 1530
1487650 1529
1487660 1529
1487670 1529
1487680 1529
1487690 1529
1487700 1529
1487710 1528
1487720 1528
1487730 1528
1487740 1528
1487750 1527
1487760 1527
1487770 1526
1487780 1525
1487790 1525
1487800 1524
1487810 1523
1487820 1523
1487830 1522
1487840 1522
1487850 1522
1487860 1521
1487870 1519
1487880 1519
1487890 1518
1487900 1518
1487910 1518
1487920 1517
1487930 1516
1487940 1516
1487950 1515
1487960 1512
1487970 1512
1487980 1511
1487990 1509
1488000 1509
1488010 1507
1488020 1505
1488030 1505
1488040 1504
1488050 1503
1488060 1503
1488070 1503
1488080 1501
1488090 1501
1488100 1497
1488110 1491
1488120 1491
1488130 1479
1488140 1473
1488150 1473
1488160 1472
1488170 1472
1488180 1470
1488190 1470
1488200 1468
1488210 1465
1488220 1465
1488230 1463
1488240 1460
1488250 1460
1488260 1457
1488270 1454
1488280 1454
1488290 1451
1488300 1447
1488310 1447
1488320 1444
1488330 1442
1488340 1442
1488350 1440
1488360 1437
1488370 1437
1488380 1433
1488390 1429
1488400 1429
1488410 1424
1488420 1419
1488430 1419
1488440 1413
1488450 1407
1488460 1407
1488470 1400
1488480 1394
1488490 1394
1488500 1388
1488510 1381
1488520 1381
1488530 1372
1488540 1364
1488550 1364
1488560 1356
1488570 1349
1488580 1341
1488590 1341
1488600 1334
1488610 1326
1488620 1326
1488630 1320
1488640 1313
1488650 1313
1488660 1306
1488670 1300
1488680 1300
1488690 1291
1488700 1281
1488710 1281
1488720 1273
1488730 1264
1488740 1264
1488750 1257
1488760 1248
1488770 1248
1488780 1238
1488790 1229
1488800 1229
1488810 1221
1488820 1214
1488830 1214
1488840 1198
1488850 1171
1488860 1171
1488870 1160
1488880 1152
1488890 1152
1488900 1144
1488910 1137
1488920 1137
1488930 1130
1488940 1122
1488950 1122
1488960 1114
1488970 1108
1488980 1108
1488990 1101
1489000 1095
1489010 1089
1489020 1089
1489030 1084
1489040 1079
1489050 1079
1489060 1074
1489070 1070
1489080 1070
1489090 1066
1489100 1062
1489110 1062
1489120 1060
1489130 1058
1489140 1058
1489150 1054
1489160 1049
1489170 1049
1489180 1046
1489190 1046
1489200 1046
1489210 1046
1489220 1045
1489230 1045
1489240 1046
1489250 1045
1489260 1045
1489270 1045
1489280 1046
1489290 1046
1489300 1046
1489310 1047
1489320 1047
1489330 1048
1489340 1048
1489350 1048
1489360 1048
1489370 1051
1489380 1051
1489390 1058
1489400 1064
1489410 1069
1489420 1069
1489430 1075
1489440 1082
1489450 1082
1489460 1088
1489470 1095
1489480 1095
1489490 1101
1489500 1108
1489510 1108
1489520 1114
1489530 1121
1489540 1121
1489550 1126
1489560 1131
1489570 1131
1489580 1136
1489590 1144
1489600 1144
1489610 1152
1489620 1161
1489630 1161
1489640 1170
1489650 1180
1489660 1180
1489670 1191
1489680 1203
1489690 1203
1489700 1217
1489710 1231
1489720 1231
1489730 1242
1489740 1251
1489750 1251
1489760 1269
1489770 1281
1489780 1281
1489790 1288
1489800 1298
1489810 1298
1489820 1309
1489830 1316
1489840 1323
1489850 1323
1489860 1330
1489870 1339
1489880 1339
1489890 1343
1489900 1343
1489910 1343
1489920 1346
1489930 1351
1489940 1351
1489950 1355
1489960 1359
1489970 1359
1489980 1362
1489990 1364
1490000 1364
1490010 1366
1490020 1368
1490030 1368
1490040 1371
1490050 1373
1490060 1373
1490070 1373
1490080 1373
1490090 1373
1490100 1373
1490110 1373
1490120 1373
1490130 1372
1490140 1370
1490150 1370
1490160 1368
1490170 1369
1490180 1369
1490190 1370
1490200 1370
1490210 1370
1490220 1370
1490230 1372
1490240 1374
1490250 1374
1490260 1377
1490270 1378
1490280 1378
1490290 1379
1490300 1381
1490310 1381
1490320 1382
1490330 1384
1490340 1384
1490350 1387
1490360 1391
1490370 1391
1490380 1395
1490390 1398
1490400 1398
1490410 1400
1490420 1403
1490430 1403
1490440 1406
1490450 1410
1490460 1410
1490470 1415
1490480 1418
1490490 1418
1490500 1420
1490510 1423
1490520 1423
1490530 1425
1490540 1427
1490550 1427
1490560 1426
1490570 1426
1490580 1426
1490590 1427
1490600 1430
1490610 1430
1490620 1433
1490630 1435
1490640 1435
1490650 1437
1490660 1439
1490670 1442
1490680 1442
1490690 1446
1490700 1451
1490710 1451
1490720 1455
1490730 1460
1490740 1460
1490750 1465
1490760 1471
1490770 1471
1490780 1476
1490790 1480
1490800 1480
1490810 1484
1490820 1487
1490830 1487
1490840 1490
1490850 1494
1490860 1494
1490870 1499
1490880 1503
1490890 1503
1490900 1507
1490910 1510
1490920 1510
1490930 1513
1490940 1518
1490950 1518
1490960 1522
1490970 1526
1490980 1526
1490990 1530
1491000 1533
1491010 1533
1491020 1537
1491030 1541
1491040 1541
1491050 1545
1491060 1551
1491070 1556
1491080 1556
1491090 1562
1491100 1566
1491110 1566
1491120 1568
1491130 1570
1491140 1570
1491150 1572
1491160 1573
1491170 1573
1491180 1574
1491190 1575
1491200 1575
1491210 1576
1491220 1576
1491230 1576
1491240 1575
1491250 1573
1491260 1573
1491270 1571
1491280 1568
1491290 1568
1491300 1566
1491310 1565
1491320 1565
1491330 1564
1491340 1561
1491350 1561
1491360 1557
1491370 1553
1491380 1553
1491390 1549
1491400 1545
1491410 1545
1491420 1542
1491430 1539
1491440 1539
1491450 1536
1491460 1531
1491470 1531
1491480 1527
1491490 1523
1491500 1519
1491510 1519
1491520 1514
1491530 1510
1491540 1510
1491550 1506
1491560 1502
1491570 1502
1491580 1497
1491590 1492
1491600 1492
1491610 1486
1491620 1482
1491630 1482
1491640 1476
1491650 1470
1491660 1470
1491670 1464
1491680 1460
1491690 1460
1491700 1456
1491710 1454
1491720 1454
1491730 1453
1491740 1451
1491750 1451
1491760 1448
1491770 1445
1491780 1445
1491790 1442
1491800 1437
1491810 1437
1491820 1434
1491830 1431
1491840 1431
1491850 1427
1491860 1423
1491870 1423
1491880 1420
1491890 1418
1491900 1417
1491910 1417
1491920 1415
1491930 1414
1491940 1414
1491950 1412
1491960 1409
1491970 1409
1491980 1407
1491990 1406
1492000 1406
1492010 1405
1492020 1402
1492030 1402
1492040 1399
1492050 1395
1492060 1395
1492070 1392
1492080 1389
1492090 1389
1492100 1386
1492110 1384
1492120 1384
1492130 1384
1492140 1385
1492150 1385
1492160 1384
1492170 1382
1492180 1382
1492190 1380
1492200 1377
1492210 1377
1492220 1373
1492230 1371
1492240 1371
1492250 1369
1492260 1368
1492270 1368
1492280 1366
1492290 1365
1492300 1365
1492310 1363
1492320 1361
1492330 1359
1492340 1359
1492350 1357
1492360 1355
1492370 1355
1492380 1352
1492390 1350
1492400 1350
1492410 1348
1492420 1346
1492430 1346
1492440 1343
1492450 1342
1492460 1342
1492470 1339
1492480 1337
1492490 1337
1492500 1335
1492510 1333
1492520 1333
1492530 1331
1492540 1329
1492550 1329
1492560 1327
1492570 1326
1492580 1326
1492590 1323
1492600 1321
1492610 1321
1492620 1319
1492630 1317
1492640 1317
1492650 1315
1492660 1314
1492670 1314
1492680 1312
1492690 1310
1492700 1310
1492710 1308
1492720 1307
1492730 1306
1492740 1306
1492750 1305
1492760 1306
1492770 1306
1492780 1306
1492790 1305
1492800 1305
1492810 1304
1492820 1303
1492830 1303
1492840 1302
1492850 1299
1492860 1299
1492870 1297
1492880 1295
1492890 1295
1492900 1293
1492910 1290
1492920 1290
1492930 1289
1492940 1286
1492950 1286
1492960 1284
1492970 1281
1492980 1281
1492990 1279
1493000 1277
1493010 1277
1493020 1277
1493030 1277
1493040 1277
1493050 1278
1493060 1278
1493070 1278
1493080 1278
1493090 1279
1493100 1279
1493110 1279
1493120 1279
1493130 1279
1493140 1279
1493150 1278
1493160 1276
1493170 1276
1493180 1275
1493190 1272
1493200 1272
1493210 1269
1493220 1267
1493230 1267
1493240 1264
1493250 1262
1493260 1262
1493270 1258
1493280 1255
1493290 1255
1493300 1251
1493310 1247
1493320 1247
1493330 1244
1493340 1239
1493350 1239
1493360 1235
1493370 1231
1493380 1231
1493390 1228
1493400 1225
1493410 1225
1493420 1224
1493430 1223
1493440 1223
1493450 1221
1493460 1219
1493470 1219
1493480 1218
1493490 1217
1493500 1217
1493510 1217
1493520 1216
1493530 1216
1493540 1216
1493550 1216
1493560 1216
1493570 1216
1493580 1215
1493590 1215
1493600 1215
1493610 1215
1493620 1215
1493630 1215
1493640 1215
1493650 1214
1493660 1214
1493670 1214
1493680 1214
1493690 1214
1493700 1214
1493710 1213
1493720 1213
1493730 1213
1493740 1213
1493750 1213
1493760 1213
1493770 1212
1493780 1212
1493790 1212
1493800 1212
1493810 1212
1493820 1212
1493830 1212
1493840 1212
1493850 1213
1493860 1215
1493870 1215
1493880 1214
1493890 1213
1493900 1213
1493910 1213
1493920 1212
1493930 1212
1493940 1211
1493950 1208
1493960 1208
1493970 1207
1493980 1206
1493990 1206
1494000 1206
1494010 1206
1494020 1207
1494030 1207
1494040 1206
1494050 1205
1494060 1205
1494070 1204
1494080 1203
1494090 1203
1494100 1203
1494110 1202
1494120 1202
1494130 1202
1494140 1202
1494150 1202
1494160 1202
1494170 1203
1494180 1203
1494190 1203
1494200 1204
1494210 1204
1494220 1205
1494230 1205
1494240 1205
1494250 1206
1494260 1207
1494270 1207
1494280 1208
1494290 1208
1494300 1208
1494310 1208
1494320 1208
1494330 1208
1494340 1208
1494350 1207
1494360 1207
1494370 1208
1494380 1208
1494390 1207
1494400 1207
1494410 1207
1494420 1207
1494430 1207
1494440 1206
1494450 1206
1494460 1206
1494470 1205
1494480 1205
1494490 1205
1494500 1204
1494510 1203
1494520 1203
1494530 1202
1494540 1201
1494550 1201
1494560 1198
1494570 1197
1494580 1197
1494590 1195
1494600 1194
1494610 1194
1494620 1193
1494630 1191
1494640 1191
1494650 1189
1494660 1188
1494670 1188
1494680 1186
1494690 1184
1494700 1184
1494710 1183
1494720 1182
1494730 1182
1494740 1181
1494750 1180
1494760 1180
1494770 1178
1494780 1177
1494790 1177
1494800 1177
1494810 1176
1494820 1176
1494830 1176
1494840 1176
1494850 1175
1494860 1175
1494870 1175
1494880 1175
1494890 1175
1494900 1175
1494910 1175
1494920 1175
1494930 1175
1494940 1175
1494950 1175
1494960 1173
1494970 1171
1494980 1171
1494990 1170
1495000 1169
1495010 1169
1495020 1168
1495030 1166
1495040 1166
1495050 1165
1495060 1164
1495070 1164
1495080 1164
1495090 1164
1495100 1164
1495110 1164
1495120 1164
1495130 1164
1495140 1165
1495150 1164
1495160 1164
1495170 1164
1495180 1164
1495190 1164
1495200 1164
1495210 1164
1495220 1164
1495230 1164
1495240 1164
1495250 1165
1495260 1165
1495270 1166
1495280 1167
1495290 1167
1495300 1168
1495310 1169
1495320 1169
1495330 1170
1495340 1173
1495350 1173
1495360 1174
1495370 1176
1495380 1176
1495390 1177
1495400 1177
1495410 1177
1495420 1177
1495430 1177
1495440 1177
1495450 1177
1495460 1178
1495470 1178
1495480 1179
1495490 1180
1495500 1180
1495510 1180
1495520 1180
1495530 1180
1495540 1181
1495550 1182
1495560 1182
1495570 1182
1495580 1182
1495590 1182
1495600 1183
1495610 1184
1495620 1184
1495630 1186
1495640 1188
1495650 1190
1495660 1190
1495670 1193
1495680 1195
1495690 1195
1495700 1198
1495710 1200
1495720 1200
1495730 1203
1495740 1205
1495750 1205
1495760 1205
1495770 1205
1495780 1205
1495790 1205
1495800 1205
1495810 1205
1495820 1206
1495830 1207
1495840 1207
1495850 1208
1495860 1210
1495870 1210
1495880 1210
1495890 1211
1495900 1211
1495910 1211
1495920 1211
1495930 1211
1495940 1209
1495950 1205
1495960 1205
1495970 1202
1495980 1197
1495990 1197
1496000 1194
1496010 1190
1496020 1190
1496030 1187
1496040 1186
1496050 1187
1496060 1187
1496070 1187
1496080 1186
1496090 1186
1496100 1185
1496110 1184
1496120 1184
1496130 1184
1496140 1183
1496150 1183
1496160 1183
1496170 1181
1496180 1181
1496190 1178
1496200 1172
1496210 1172
1496220 1165
1496230 1171
1496240 1171
1496250 1179
1496260 1185
1496270 1185
1496280 1190
1496290 1195
1496300 1195
1496310 1199
1496320 1203
1496330 1203
1496340 1206
1496350 1209
1496360 1209
1496370 1213
1496380 1217
1496390 1217
1496400 1221
1496410 1224
1496420 1224
1496430 1227
1496440 1228
1496450 1229
1496460 1229
1496470 1230
1496480 1230
1496490 1230
1496500 1231
1496510 1230
1496520 1230
1496530 1230
1496540 1229
1496550 1229
1496560 1227
1496570 1226
1496580 1226
1496590 1224
1496600 1223
1496610 1223
1496620 1221
1496630 1220
1496640 1220
1496650 1221
1496660 1222
1496670 1222
1496680 1223
1496690 1223
1496700 1223
1496710 1224
1496720 1224
1496730 1224
1496740 1225
1496750 1226
1496760 1226
1496770 1223
1496780 1218
1496790 1218
1496800 1211
1496810 1203
1496820 1203
1496830 1195
1496840 1191
1496850 1191
1496860 1195
1496870 1197
1496880 1198
1496890 1198
1496900 1197
1496910 1194
1496920 1194
1496930 1189
1496940 1184
1496950 1184
1496960 1179
1496970 1175
1496980 1175
1496990 1174
1497000 1171
1497010 1171
1497020 1171
1497030 1168
1497040 1168
1497050 1168
1497060 1168
1497070 1168
1497080 1164
1497090 1164
1497100 1164
1497110 1168
1497120 1173
1497130 1173
1497140 1175
1497150 1177
1497160 1177
1497170 1178
1497180 1179
1497190 1179
1497200 1180
1497210 1182
1497220 1182
1497230 1183
1497240 1185
1497250 1185
1497260 1186
1497270 1187
1497280 1189
1497290 1189
1497300 1190
1497310 1191
1497320 1191
1497330 1192
1497340 1194
1497350 1194
1497360 1196
1497370 1197
1497380 1197
1497390 1198
1497400 1199
1497410 1199
1497420 1199
1497430 1200
1497440 1200
1497450 1200
1497460 1201
1497470 1201
1497480 1201
1497490 1200
1497500 1200
1497510 1198
1497520 1197
1497530 1197
1497540 1195
1497550 1194
1497560 1194
1497570 1191
1497580 1189
1497590 1189
1497600 1186
1497610 1183
1497620 1183
1497630 1180
1497640 1179
1497650 1179
1497660 1177
1497670 1172
1497680 1172
1497690 1166
1497700 1162
1497710 1161
1497720 1161
1497730 1160
1497740 1157
1497750 1157
1497760 1154
1497770 1156
1497780 1156
1497790 1157
1497800 1157
1497810 1157
1497820 1156
1497830 1157
1497840 1157
1497850 1159
1497860 1161
1497870 1161
1497880 1164
1497890 1166
1497900 1166
1497910 1168
1497920 1168
1497930 1168
1497940 1167
1497950 1164
1497960 1164
1497970 1159
1497980 1155
1497990 1155
1498000 1152
1498010 1148
1498020 1148
1498030 1142
1498040 1135
1498050 1135
1498060 1129
1498070 1129
1498080 1129
1498090 1134
1498100 1140
1498110 1144
1498120 1144
1498130 1145
1498140 1146
1498150 1146
1498160 1147
1498170 1148
1498180 1148
1498190 1149
1498200 1149
1498210 1149
1498220 1150
1498230 1150
1498240 1150
1498250 1151
1498260 1153
1498270 1153
1498280 1156
1498290 1158
1498300 1158
1498310 1161
1498320 1164
1498330 1164
1498340 1165
1498350 1165
1498360 1165
1498370 1164
1498380 1166
1498390 1166
1498400 1168
1498410 1173
1498420 1173
1498430 1176
1498440 1177
1498450 1177
1498460 1179
1498470 1182
1498480 1182
1498490 1185
1498500 1187
1498510 1187
1498520 1188
1498530 1191
1498540 1193
1498550 1193
1498560 1199
1498570 1206
1498580 1206
1498590 1213
1498600 1222
1498610 1222
1498620 1229
1498630 1232
1498640 1232
1498650 1235
1498660 1237
1498670 1237
1498680 1238
1498690 1245
1498700 1245
1498710 1251
1498720 1254
1498730 1254
1498740 1253
1498750 1251
1498760 1251
1498770 1252
1498780 1254
1498790 1254
1498800 1262
1498810 1267
1498820 1267
1498830 1272
1498840 1276
1498850 1276
1498860 1273
1498870 1267
1498880 1267
1498890 1257
1498900 1249
1498910 1249
1498920 1243
1498930 1230
1498940 1222
1498950 1222
1498960 1209
1498970 1196
1498980 1196
1498990 1189
1499000 1182
1499010 1182
1499020 1175
1499030 1164
1499040 1164
1499050 1150
1499060 1142
1499070 1142
1499080 1134
1499090 1126
1499100 1126
1499110 1119
1499120 1113
1499130 1113
1499140 1104
1499150 1095
1499160 1095
1499170 1086
1499180 1077
1499190 1077
1499200 1068
1499210 1061
1499220 1061
1499230 1051
1499240 1041
1499250 1041
1499260 1032
1499270 1029
1499280 1029
1499290 1028
1499300 1027
1499310 1027
1499320 1017
1499330 1010
1499340 1010
1499350 1007
1499360 999
1499370 990
1499380 990
1499390 984
1499400 978
1499410 978
1499420 972
1499430 967
1499440 967
1499450 962
1499460 956
1499470 956
1499480 949
1499490 944
1499500 944
1499510 939
1499520 934
1499530 934
1499540 929
1499550 924
1499560 924
1499570 919
1499580 916
1499590 916
1499600 914
1499610 915
1499620 915
1499630 913
1499640 909
1499650 909
1499660 907
1499670 901
1499680 901
1499690 883
1499700 887
1499710 887
1499720 899
1499730 908
1499740 908
1499750 916
1499760 921
1499770 925
1499780 925
1499790 930
1499800 935
1499810 935
1499820 940
1499830 945
1499840 945
1499850 950
1499860 955
1499870 955
1499880 961
1499890 968
1499900 968
1499910 976
1499920 984
1499930 984
1499940 993
1499950 999
1499960 999
1499970 1007
1499980 1015
1499990 1015
