1480000 1456
1480010 1456
1480020 1451
1480030 1446
1480040 1446
1480050 1441
1480060 1437
1480070 1437
1480080 1435
1480090 1434
1480100 1434
1480110 1434
1480120 1433
1480130 1433
1480140 1432
1480150 1430
1480160 1430
1480170 1429
1480180 1426
1480190 1426
1480200 1423
1480210 1418
1480220 1418
1480230 1409
1480240 1400
1480250 1400
1480260 1391
1480270 1382
1480280 1375
1480290 1375
1480300 1367
1480310 1362
1480320 1362
1480330 1356
1480340 1350
1480350 1350
1480360 1343
1480370 1338
1480380 1338
1480390 1330
1480400 1322
1480410 1322
1480420 1315
1480430 1308
1480440 1308
1480450 1301
1480460 1295
1480470 1295
1480480 1288
1480490 1282
1480500 1282
1480510 1277
1480520 1271
1480530 1271
1480540 1266
1480550 1261
1480560 1261
1480570 1257
1480580 1253
1480590 1253
1480600 1249
1480610 1245
1480620 1245
1480630 1241
1480640 1238
1480650 1238
1480660 1235
1480670 1231
1480680 1228
1480690 1228
1480700 1228
1480710 1230
1480720 1230
1480730 1233
1480740 1235
1480750 1235
1480760 1236
1480770 1235
1480780 1235
1480790 1233
1480800 1230
1480810 1230
1480820 1226
1480830 1221
1480840 1221
1480850 1216
1480860 1208
1480870 1208
1480880 1198
1480890 1198
1480900 1198
1480910 1208
1480920 1214
1480930 1214
1480940 1217
1480950 1222
1480960 1222
1480970 1226
1480980 1230
1480990 1230
1481000 1233
1481010 1236
1481020 1236
1481030 1240
1481040 1245
1481050 1245
1481060 1250
1481070 1253
1481080 1253
1481090 1252
1481100 1250
1481110 1248
1481120 1248
1481130 1248
1481140 1248
1481150 1248
1481160 1250
1481170 1252
1481180 1252
1481190 1255
1481200 1258
1481210 1258
1481220 1262
1481230 1267
1481240 1267
1481250 1272
1481260 1278
1481270 1278
1481280 1283
1481290 1288
1481300 1288
1481310 1293
1481320 1299
1481330 1299
1481340 1304
1481350 1311
1481360 1311
1481370 1317
1481380 1323
1481390 1323
1481400 1331
1481410 1338
1481420 1338
1481430 1346
1481440 1353
1481450 1353
1481460 1361
1481470 1370
1481480 1370
1481490 1378
1481500 1385
1481510 1393
1481520 1393
1481530 1402
1481540 1410
1481550 1410
1481560 1417
1481570 1423
1481580 1423
1481590 1430
1481600 1437
1481610 1437
1481620 1444
1481630 1452
1481640 1452
1481650 1461
1481660 1470
1481670 1470
1481680 1472
1481690 1474
1481700 1474
1481710 1477
1481720 1480
1481730 1480
1481740 1484
1481750 1487
1481760 1487
1481770 1490
1481780 1491
1481790 1491
1481800 1491
1481810 1492
1481820 1492
1481830 1493
1481840 1496
1481850 1496
1481860 1499
1481870 1504
1481880 1504
1481890 1505
1481900 1505
1481910 1505
1481920 1505
1481930 1506
1481940 1505
1481950 1505
1481960 1504
1481970 1503
1481980 1503
1481990 1503
1482000 1502
1482010 1502
1482020 1502
1482030 1501
1482040 1501
1482050 1499
1482060 1494
1482070 1494
1482080 1487
1482090 1480
1482100 1480
1482110 1473
1482120 1460
1482130 1460
1482140 1441
1482150 1431
1482160 1431
1482170 1422
1482180 1415
1482190 1415
1482200 1408
1482210 1402
1482220 1402
1482230 1397
1482240 1393
1482250 1393
1482260 1388
1482270 1382
1482280 1382
1482290 1375
1482300 1369
1482310 1369
1482320 1363
1482330 1358
1482340 1358
1482350 1354
1482360 1351
1482370 1347
1482380 1347
1482390 1343
1482400 1341
1482410 1341
1482420 1340
1482430 1336
1482440 1336
1482450 1331
1482460 1325
1482470 1325
1482480 1321
1482490 1317
1482500 1317
1482510 1314
1482520 1311
1482530 1311
1482540 1307
1482550 1302
1482560 1302
1482570 1297
1482580 1292
1482590 1292
1482600 1288
1482610 1285
1482620 1285
1482630 1283
1482640 1282
1482650 1282
1482660 1282
1482670 1281
1482680 1281
1482690 1277
1482700 1274
1482710 1274
1482720 1271
1482730 1267
1482740 1267
1482750 1264
1482760 1261
1482770 1255
1482780 1255
1482790 1249
1482800 1241
1482810 1241
1482820 1234
1482830 1227
1482840 1227
1482850 1220
1482860 1213
1482870 1213
1482880 1207
1482890 1201
1482900 1201
1482910 1194
1482920 1188
1482930 1188
1482940 1182
1482950 1177
1482960 1177
1482970 1171
1482980 1166
1482990 1166
1483000 1160
1483010 1153
1483020 1153
1483030 1146
1483040 1139
1483050 1139
1483060 1134
1483070 1130
1483080 1130
1483090 1125
1483100 1120
1483110 1120
1483120 1115
1483130 1110
1483140 1110
1483150 1105
1483160 1100
1483170 1100
1483180 1095
1483190 1090
1483200 1084
1483210 1084
1483220 1079
1483230 1073
1483240 1073
1483250 1067
1483260 1061
1483270 1061
1483280 1054
1483290 1047
1483300 1047
1483310 1041
1483320 1035
1483330 1035
1483340 1029
1483350 1024
1483360 1024
1483370 1019
1483380 1014
1483390 1014
1483400 1009
1483410 1005
1483420 1005
1483430 1002
1483440 998
1483450 998
1483460 995
1483470 990
1483480 990
1483490 984
1483500 980
1483510 980
1483520 976
1483530 976
1483540 976
1483550 976
1483560 975
1483570 975
1483580 975
1483590 976
1483600 976
1483610 976
1483620 976
1483630 976
1483640 976
1483650 976
1483660 976
1483670 976
1483680 976
1483690 976
1483700 976
1483710 976
1483720 976
1483730 976
1483740 976
1483750 975
1483760 975
1483770 975
1483780 975
1483790 975
1483800 974
1483810 975
1483820 975
1483830 977
1483840 980
1483850 980
1483860 984
1483870 987
1483880 987
1483890 990
1483900 994
1483910 994
1483920 997
1483930 1000
1483940 1000
1483950 1003
1483960 1006
1483970 1006
1483980 1010
1483990 1016
1484000 1016
1484010 1021
1484020 1027
1484030 1033
1484040 1033
1484050 1039
1484060 1045
1484070 1045
1484080 1051
1484090 1057
1484100 1057
1484110 1063
1484120 1069
1484130 1069
1484140 1076
1484150 1084
1484160 1084
1484170 1091
1484180 1098
1484190 1098
1484200 1106
1484210 1115
1484220 1115
1484230 1124
1484240 1131
1484250 1131
1484260 1139
1484270 1146
1484280 1146
1484290 1155
1484300 1162
1484310 1162
1484320 1168
1484330 1174
1484340 1174
1484350 1179
1484360 1186
1484370 1186
1484380 1194
1484390 1201
1484400 1201
1484410 1208
1484420 1215
1484430 1223
1484440 1223
1484450 1231
1484460 1240
1484470 1240
1484480 1249
1484490 1257
1484500 1257
1484510 1267
1484520 1279
1484530 1279
1484540 1289
1484550 1295
1484560 1295
1484570 1301
1484580 1306
1484590 1306
1484600 1311
1484610 1317
1484620 1317
1484630 1326
1484640 1336
1484650 1336
1484660 1346
1484670 1353
1484680 1353
1484690 1358
1484700 1363
1484710 1363
1484720 1371
1484730 1378
1484740 1378
1484750 1386
1484760 1394
1484770 1394
1484780 1402
1484790 1410
1484800 1410
1484810 1416
1484820 1421
1484830 1421
1484840 1428
1484850 1435
1484860 1443
1484870 1443
1484880 1451
1484890 1459
1484900 1459
1484910 1468
1484920 1480
1484930 1480
1484940 1501
1484950 1506
1484960 1506
1484970 1508
1484980 1510
1484990 1510
1485000 1512
1485010 1513
1485020 1513
1485030 1514
1485040 1514
1485050 1514
1485060 1514
1485070 1514
1485080 1514
1485090 1513
1485100 1510
1485110 1510
1485120 1505
1485130 1500
1485140 1500
1485150 1494
1485160 1489
1485170 1489
1485180 1486
1485190 1484
1485200 1484
1485210 1481
1485220 1478
1485230 1478
1485240 1476
1485250 1474
1485260 1474
1485270 1472
1485280 1466
1485290 1459
1485300 1459
1485310 1453
1485320 1449
1485330 1449
1485340 1445
1485350 1443
1485360 1443
1485370 1440
1485380 1438
1485390 1438
1485400 1436
1485410 1433
1485420 1433
1485430 1431
1485440 1429
1485450 1429
1485460 1426
1485470 1423
1485480 1423
1485490 1420
1485500 1413
1485510 1413
1485520 1406
1485530 1400
1485540 1400
1485550 1394
1485560 1388
1485570 1388
1485580 1381
1485590 1375
1485600 1375
1485610 1371
1485620 1367
1485630 1367
1485640 1364
1485650 1361
1485660 1361
1485670 1358
1485680 1356
1485690 1353
1485700 1353
1485710 1351
1485720 1349
1485730 1349
1485740 1346
1485750 1343
1485760 1343
1485770 1341
1485780 1338
1485790 1338
1485800 1336
1485810 1334
1485820 1334
1485830 1332
1485840 1331
1485850 1331
1485860 1329
1485870 1328
1485880 1328
1485890 1327
1485900 1325
1485910 1325
1485920 1323
1485930 1320
1485940 1320
1485950 1317
1485960 1316
1485970 1316
1485980 1316
1485990 1316
1486000 1316
1486010 1315
1486020 1312
1486030 1312
1486040 1313
1486050 1314
1486060 1314
1486070 1309
1486080 1302
1486090 1302
1486100 1291
1486110 1281
1486120 1273
1486130 1273
1486140 1277
1486150 1283
1486160 1283
1486170 1294
1486180 1309
1486190 1309
1486200 1321
1486210 1329
1486220 1329
1486230 1336
1486240 1343
1486250 1343
1486260 1350
1486270 1358
1486280 1358
1486290 1364
1486300 1370
1486310 1370
1486320 1375
1486330 1382
1486340 1382
1486350 1389
1486360 1397
1486370 1397
1486380 1405
1486390 1413
1486400 1413
1486410 1423
1486420 1432
1486430 1432
1486440 1442
1486450 1452
1486460 1452
1486470 1462
1486480 1471
1486490 1471
1486500 1479
1486510 1488
1486520 1500
1486530 1500
1486540 1509
1486550 1516
1486560 1516
1486570 1522
1486580 1526
1486590 1526
1486600 1532
1486610 1543
1486620 1543
1486630 1552
1486640 1558
1486650 1558
1486660 1563
1486670 1569
1486680 1569
1486690 1577
1486700 1586
1486710 1586
1486720 1594
1486730 1602
1486740 1602
1486750 1610
1486760 1620
1486770 1620
1486780 1628
1486790 1637
1486800 1637
1486810 1645
1486820 1654
1486830 1654
1486840 1664
1486850 1672
1486860 1672
1486870 1679
1486880 1686
1486890 1686
1486900 1693
1486910 1700
1486920 1700
1486930 1708
1486940 1717
1486950 1725
1486960 1725
1486970 1735
1486980 1743
1486990 1743
1487000 1749
1487010 1755
1487020 1755
1487030 1754
1487040 1744
1487050 1744
1487060 1735
1487070 1728
1487080 1728
1487090 1721
1487100 1714
1487110 1714
1487120 1708
1487130 1701
1487140 1701
1487150 1695
1487160 1689
1487170 1689
1487180 1684
1487190 1679
1487200 1679
1487210 1674
1487220 1669
1487230 1669
1487240 1665
1487250 1660
1487260 1660
1487270 1655
1487280 1650
1487290 1650
1487300 1646
1487310 1642
1487320 1642
1487330 1639
1487340 1636
1487350 1636
1487360 1633
1487370 1630
1487380 1626
1487390 1626
1487400 1621
1487410 1618
1487420 1618
1487430 1616
1487440 1612
1487450 1612
1487460 1608
1487470 1603
1487480 1603
1487490 1598
1487500 1592
1487510 1592
1487520 1587
1487530 1582
1487540 1582
1487550 1578
1487560 1573
1487570 1573
1487580 1570
1487590 1563
1487600 1563
1487610 1553
1487620 1546
1487630 1546
1487640 1540
1487650 1535
1487660 1535
1487670 1531
1487680 1528
1487690 1528
1487700 1522
1487710 1510
1487720 1510
1487730 1503
1487740 1496
1487750 1496
1487760 1490
1487770 1484
1487780 1480
1487790 1480
1487800 1475
1487810 1470
1487820 1470
1487830 1465
1487840 1459
1487850 1459
1487860 1452
1487870 1446
1487880 1446
1487890 1439
1487900 1433
1487910 1433
1487920 1428
1487930 1423
1487940 1423
1487950 1418
1487960 1414
1487970 1414
1487980 1411
1487990 1407
1488000 1407
1488010 1404
1488020 1400
1488030 1400
1488040 1396
1488050 1391
1488060 1391
1488070 1386
1488080 1382
1488090 1382
1488100 1378
1488110 1376
1488120 1376
1488130 1374
1488140 1371
1488150 1371
1488160 1368
1488170 1365
1488180 1365
1488190 1362
1488200 1358
1488210 1355
1488220 1355
1488230 1352
1488240 1349
1488250 1349
1488260 1346
1488270 1342
1488280 1342
1488290 1338
1488300 1335
1488310 1335
1488320 1331
1488330 1328
1488340 1328
1488350 1326
1488360 1323
1488370 1323
1488380 1320
1488390 1316
1488400 1316
1488410 1313
1488420 1310
1488430 1310
1488440 1307
1488450 1304
1488460 1304
1488470 1301
1488480 1298
1488490 1298
1488500 1296
1488510 1294
1488520 1294
1488530 1291
1488540 1288
1488550 1288
1488560 1286
1488570 1283
1488580 1283
1488590 1279
1488600 1275
1488610 1270
1488620 1270
1488630 1265
1488640 1261
1488650 1261
1488660 1256
1488670 1251
1488680 1251
1488690 1246
1488700 1240
1488710 1240
1488720 1234
1488730 1229
1488740 1229
1488750 1224
1488760 1219
1488770 1219
1488780 1214
1488790 1208
1488800 1208
1488810 1202
1488820 1195
1488830 1195
1488840 1188
1488850 1181
1488860 1181
1488870 1172
1488880 1164
1488890 1164
1488900 1157
1488910 1150
1488920 1150
1488930 1144
1488940 1138
1488950 1138
1488960 1133
1488970 1127
1488980 1127
1488990 1121
1489000 1116
1489010 1116
1489020 1110
1489030 1105
1489040 1100
1489050 1100
1489060 1095
1489070 1090
1489080 1090
1489090 1087
1489100 1083
1489110 1083
1489120 1080
1489130 1074
1489140 1074
1489150 1069
1489160 1068
1489170 1068
1489180 1069
1489190 1071
1489200 1071
1489210 1080
1489220 1084
1489230 1084
1489240 1085
1489250 1087
1489260 1087
1489270 1088
1489280 1090
1489290 1090
1489300 1092
1489310 1093
1489320 1093
1489330 1094
1489340 1096
1489350 1096
1489360 1097
1489370 1099
1489380 1099
1489390 1100
1489400 1101
1489410 1101
1489420 1102
1489430 1104
1489440 1107
1489450 1107
1489460 1111
1489470 1117
1489480 1117
1489490 1122
1489500 1128
1489510 1128
1489520 1133
1489530 1139
1489540 1139
1489550 1145
1489560 1152
1489570 1152
1489580 1159
1489590 1165
1489600 1165
1489610 1171
1489620 1177
1489630 1177
1489640 1183
1489650 1189
1489660 1189
1489670 1196
1489680 1206
1489690 1206
1489700 1212
1489710 1217
1489720 1217
1489730 1224
1489740 1231
1489750 1231
1489760 1237
1489770 1243
1489780 1243
1489790 1250
1489800 1258
1489810 1258
1489820 1265
1489830 1272
1489840 1272
1489850 1280
1489860 1286
1489870 1293
1489880 1293
1489890 1299
1489900 1305
1489910 1305
1489920 1311
1489930 1318
1489940 1318
1489950 1325
1489960 1335
1489970 1335
1489980 1340
1489990 1343
1490000 1343
1490010 1348
1490020 1354
1490030 1354
1490040 1361
1490050 1369
1490060 1369
1490070 1376
1490080 1382
1490090 1382
1490100 1389
1490110 1396
1490120 1396
1490130 1404
1490140 1410
1490150 1410
1490160 1412
1490170 1412
1490180 1412
1490190 1413
1490200 1416
1490210 1416
1490220 1418
1490230 1420
1490240 1420
1490250 1422
1490260 1422
1490270 1422
1490280 1421
1490290 1421
1490300 1421
1490310 1421
1490320 1420
1490330 1419
1490340 1419
1490350 1419
1490360 1420
1490370 1420
1490380 1420
1490390 1420
1490400 1420
1490410 1421
1490420 1423
1490430 1423
1490440 1427
1490450 1431
1490460 1431
1490470 1432
1490480 1431
1490490 1431
1490500 1430
1490510 1430
1490520 1430
1490530 1429
1490540 1426
1490550 1426
1490560 1420
1490570 1415
1490580 1415
1490590 1413
1490600 1413
1490610 1413
1490620 1412
1490630 1413
1490640 1413
1490650 1414
1490660 1413
1490670 1413
1490680 1412
1490690 1412
1490700 1412
1490710 1412
1490720 1412
1490730 1411
1490740 1411
1490750 1411
1490760 1411
1490770 1411
1490780 1410
1490790 1409
1490800 1409
1490810 1409
1490820 1409
1490830 1409
1490840 1407
1490850 1405
1490860 1405
1490870 1404
1490880 1406
1490890 1406
1490900 1406
1490910 1405
1490920 1405
1490930 1404
1490940 1402
1490950 1402
1490960 1400
1490970 1400
1490980 1400
1490990 1399
1491000 1399
1491010 1399
1491020 1400
1491030 1403
1491040 1403
1491050 1404
1491060 1403
1491070 1403
1491080 1401
1491090 1401
1491100 1401
1491110 1401
1491120 1402
1491130 1405
1491140 1405
1491150 1407
1491160 1410
1491170 1410
1491180 1411
1491190 1412
1491200 1412
1491210 1413
1491220 1415
1491230 1415
1491240 1416
1491250 1416
1491260 1416
1491270 1415
1491280 1414
1491290 1414
1491300 1412
1491310 1409
1491320 1409
1491330 1407
1491340 1404
1491350 1404
1491360 1401
1491370 1399
1491380 1399
1491390 1396
1491400 1395
1491410 1395
1491420 1393
1491430 1391
1491440 1391
1491450 1389
1491460 1388
1491470 1388
1491480 1386
1491490 1385
1491500 1385
1491510 1384
1491520 1384
1491530 1382
1491540 1382
1491550 1381
1491560 1380
1491570 1380
1491580 1379
1491590 1378
1491600 1378
1491610 1378
1491620 1377
1491630 1377
1491640 1376
1491650 1376
1491660 1376
1491670 1377
1491680 1377
1491690 1377
1491700 1377
1491710 1376
1491720 1376
1491730 1375
1491740 1373
1491750 1373
1491760 1371
1491770 1369
1491780 1369
1491790 1367
1491800 1365
1491810 1365
1491820 1363
1491830 1361
1491840 1361
1491850 1360
1491860 1358
1491870 1358
1491880 1356
1491890 1355
1491900 1355
1491910 1354
1491920 1352
1491930 1352
1491940 1352
1491950 1351
1491960 1350
1491970 1350
1491980 1350
1491990 1349
1492000 1349
1492010 1348
1492020 1347
1492030 1347
1492040 1346
1492050 1344
1492060 1344
1492070 1342
1492080 1340
1492090 1340
1492100 1339
1492110 1337
1492120 1337
1492130 1336
1492140 1334
1492150 1334
1492160 1333
1492170 1331
1492180 1331
1492190 1330
1492200 1329
1492210 1329
1492220 1327
1492230 1326
1492240 1326
1492250 1323
1492260 1321
1492270 1321
1492280 1318
1492290 1315
1492300 1315
1492310 1313
1492320 1311
1492330 1311
1492340 1310
1492350 1309
1492360 1309
1492370 1307
1492380 1305
1492390 1303
1492400 1303
1492410 1301
1492420 1296
1492430 1296
1492440 1290
1492450 1286
1492460 1286
1492470 1284
1492480 1282
1492490 1282
1492500 1277
1492510 1275
1492520 1275
1492530 1273
1492540 1273
1492550 1273
1492560 1272
1492570 1271
1492580 1271
1492590 1272
1492600 1273
1492610 1273
1492620 1273
1492630 1273
1492640 1273
1492650 1270
1492660 1267
1492670 1267
1492680 1266
1492690 1266
1492700 1266
1492710 1264
1492720 1263
1492730 1263
1492740 1262
1492750 1259
1492760 1259
1492770 1257
1492780 1256
1492790 1257
1492800 1257
1492810 1256
1492820 1255
1492830 1255
1492840 1254
1492850 1253
1492860 1253
1492870 1251
1492880 1251
1492890 1251
1492900 1250
1492910 1249
1492920 1249
1492930 1249
1492940 1252
1492950 1252
1492960 1255
1492970 1258
1492980 1258
1492990 1261
1493000 1262
1493010 1262
1493020 1265
1493030 1263
1493040 1263
1493050 1266
1493060 1270
1493070 1270
1493080 1271
1493090 1271
1493100 1271
1493110 1270
1493120 1272
1493130 1272
1493140 1271
1493150 1270
1493160 1270
1493170 1269
1493180 1273
1493190 1273
1493200 1273
1493210 1273
1493220 1274
1493230 1274
1493240 1274
1493250 1275
1493260 1275
1493270 1276
1493280 1276
1493290 1276
1493300 1276
1493310 1277
1493320 1277
1493330 1279
1493340 1280
1493350 1280
1493360 1282
1493370 1283
1493380 1283
1493390 1286
1493400 1286
1493410 1286
1493420 1286
1493430 1285
1493440 1285
1493450 1284
1493460 1283
1493470 1283
1493480 1282
1493490 1281
1493500 1281
1493510 1280
1493520 1279
1493530 1279
1493540 1278
1493550 1278
1493560 1278
1493570 1277
1493580 1277
1493590 1277
1493600 1278
1493610 1278
1493620 1278
1493630 1278
1493640 1278
1493650 1279
1493660 1279
1493670 1280
1493680 1280
1493690 1280
1493700 1280
1493710 1281
1493720 1281
1493730 1281
1493740 1281
1493750 1281
1493760 1281
1493770 1281
1493780 1281
1493790 1280
1493800 1278
1493810 1278
1493820 1277
1493830 1276
1493840 1276
1493850 1276
1493860 1275
1493870 1275
1493880 1275
1493890 1274
1493900 1274
1493910 1272
1493920 1270
1493930 1270
1493940 1268
1493950 1265
1493960 1265
1493970 1262
1493980 1260
1493990 1260
1494000 1258
1494010 1257
1494020 1257
1494030 1254
1494040 1251
1494050 1248
1494060 1248
1494070 1247
1494080 1246
1494090 1246
1494100 1246
1494110 1246
1494120 1246
1494130 1245
1494140 1243
1494150 1243
1494160 1239
1494170 1236
1494180 1236
1494190 1234
1494200 1232
1494210 1232
1494220 1230
1494230 1229
1494240 1229
1494250 1227
1494260 1226
1494270 1226
1494280 1226
1494290 1225
1494300 1225
1494310 1224
1494320 1223
1494330 1223
1494340 1222
1494350 1222
1494360 1222
1494370 1221
1494380 1221
1494390 1221
1494400 1222
1494410 1222
1494420 1222
1494430 1222
1494440 1222
1494450 1222
1494460 1222
1494470 1221
1494480 1221
1494490 1221
1494500 1220
1494510 1218
1494520 1218
1494530 1216
1494540 1215
1494550 1215
1494560 1213
1494570 1212
1494580 1212
1494590 1209
1494600 1207
1494610 1207
1494620 1206
1494630 1204
1494640 1204
1494650 1203
1494660 1201
1494670 1201
1494680 1201
1494690 1199
1494700 1199
1494710 1197
1494720 1194
1494730 1194
1494740 1192
1494750 1189
1494760 1189
1494770 1187
1494780 1183
1494790 1183
1494800 1179
1494810 1175
1494820 1175
1494830 1173
1494840 1173
1494850 1173
1494860 1173
1494870 1172
1494880 1171
1494890 1171
1494900 1170
1494910 1169
1494920 1169
1494930 1167
1494940 1166
1494950 1166
1494960 1166
1494970 1166
1494980 1166
1494990 1165
1495000 1163
1495010 1163
1495020 1163
1495030 1162
1495040 1162
1495050 1162
1495060 1161
1495070 1161
1495080 1160
1495090 1160
1495100 1160
1495110 1161
1495120 1162
1495130 1162
1495140 1163
1495150 1165
1495160 1165
1495170 1166
1495180 1165
1495190 1165
1495200 1163
1495210 1161
1495220 1161
1495230 1158
1495240 1157
1495250 1157
1495260 1156
1495270 1156
1495280 1156
1495290 1154
1495300 1153
1495310 1153
1495320 1153
1495330 1152
1495340 1152
1495350 1152
1495360 1152
1495370 1152
1495380 1152
1495390 1152
1495400 1151
1495410 1151
1495420 1149
1495430 1149
1495440 1149
1495450 1149
1495460 1150
1495470 1150
1495480 1149
1495490 1147
1495500 1147
1495510 1147
1495520 1147
1495530 1147
1495540 1147
1495550 1147
1495560 1147
1495570 1147
1495580 1146
1495590 1146
1495600 1143
1495610 1140
1495620 1140
1495630 1139
1495640 1138
1495650 1138
1495660 1135
1495670 1134
1495680 1134
1495690 1132
1495700 1129
1495710 1125
1495720 1125
1495730 1125
1495740 1129
1495750 1129
1495760 1137
1495770 1144
1495780 1144
1495790 1146
1495800 1146
1495810 1146
1495820 1145
1495830 1144
1495840 1144
1495850 1145
1495860 1145
1495870 1145
1495880 1145
1495890 1143
1495900 1143
1495910 1139
1495920 1133
1495930 1133
1495940 1128
1495950 1125
1495960 1125
1495970 1120
1495980 1116
1495990 1116
1496000 1112
1496010 1109
1496020 1109
1496030 1107
1496040 1105
1496050 1105
1496060 1102
1496070 1098
1496080 1098
1496090 1094
1496100 1094
1496110 1094
1496120 1096
1496130 1099
1496140 1103
1496150 1103
1496160 1106
1496170 1109
1496180 1109
1496190 1110
1496200 1110
1496210 1110
1496220 1110
1496230 1110
1496240 1110
1496250 1109
1496260 1109
1496270 1109
1496280 1111
1496290 1112
1496300 1112
1496310 1114
1496320 1115
1496330 1115
1496340 1117
1496350 1119
1496360 1119
1496370 1121
1496380 1122
1496390 1122
1496400 1123
1496410 1124
1496420 1124
1496430 1123
1496440 1123
1496450 1123
1496460 1123
1496470 1122
1496480 1122
1496490 1121
1496500 1120
1496510 1120
1496520 1118
1496530 1116
1496540 1116
1496550 1115
1496560 1114
1496570 1113
1496580 1113
1496590 1112
1496600 1111
1496610 1111
1496620 1111
1496630 1109
1496640 1109
1496650 1108
1496660 1108
1496670 1108
1496680 1107
1496690 1106
1496700 1106
1496710 1105
1496720 1104
1496730 1104
1496740 1101
1496750 1099
1496760 1099
1496770 1097
1496780 1095
1496790 1095
1496800 1093
1496810 1091
1496820 1091
1496830 1088
1496840 1084
1496850 1084
1496860 1081
1496870 1078
1496880 1078
1496890 1075
1496900 1071
1496910 1071
1496920 1068
1496930 1065
1496940 1065
1496950 1062
1496960 1059
1496970 1056
1496980 1056
1496990 1052
1497000 1048
1497010 1048
1497020 1044
1497030 1039
1497040 1039
1497050 1034
1497060 1028
1497070 1028
1497080 1022
1497090 1017
1497100 1017
1497110 1011
1497120 1010
1497130 1010
1497140 1017
1497150 1025
1497160 1025
1497170 1031
1497180 1035
1497190 1035
1497200 1036
1497210 1039
1497220 1039
1497230 1045
1497240 1050
1497250 1050
1497260 1054
1497270 1057
1497280 1057
1497290 1061
1497300 1065
1497310 1065
1497320 1067
1497330 1070
1497340 1070
1497350 1074
1497360 1079
1497370 1079
1497380 1083
1497390 1087
1497400 1089
1497410 1089
1497420 1091
1497430 1092
1497440 1092
1497450 1093
1497460 1095
1497470 1095
1497480 1098
1497490 1101
1497500 1101
1497510 1104
1497520 1108
1497530 1108
1497540 1112
1497550 1116
1497560 1116
1497570 1120
1497580 1123
1497590 1123
1497600 1126
1497610 1126
1497620 1126
1497630 1126
1497640 1125
1497650 1125
1497660 1122
1497670 1121
1497680 1121
1497690 1117
1497700 1114
1497710 1114
1497720 1110
1497730 1107
1497740 1107
1497750 1105
1497760 1102
1497770 1102
1497780 1100
1497790 1097
1497800 1094
1497810 1094
1497820 1091
1497830 1085
1497840 1085
1497850 1080
1497860 1075
1497870 1075
1497880 1069
1497890 1065
1497900 1065
1497910 1062
1497920 1058
1497930 1058
1497940 1054
1497950 1051
1497960 1051
1497970 1048
1497980 1045
1497990 1045
1498000 1041
1498010 1037
1498020 1037
1498030 1033
1498040 1030
1498050 1030
1498060 1026
1498070 1021
1498080 1021
1498090 1017
1498100 1015
1498110 1015
1498120 1015
1498130 1015
1498140 1015
1498150 1016
1498160 1015
1498170 1015
1498180 1016
1498190 1016
1498200 1016
1498210 1013
1498220 1011
1498230 1007
1498240 1007
1498250 1002
1498260 997
1498270 997
1498280 991
1498290 985
1498300 985
1498310 979
1498320 972
1498330 972
1498340 965
1498350 959
1498360 959
1498370 954
1498380 948
1498390 948
1498400 942
1498410 938
1498420 938
1498430 934
1498440 930
1498450 930
1498460 925
1498470 920
1498480 920
1498490 914
1498500 908
1498510 908
1498520 902
1498530 895
1498540 895
1498550 891
1498560 891
1498570 891
1498580 891
1498590 891
1498600 891
1498610 890
1498620 889
1498630 889
1498640 889
1498650 890
1498660 893
1498670 893
1498680 892
1498690 890
1498700 890
1498710 886
1498720 882
1498730 882
1498740 882
1498750 881
1498760 881
1498770 879
1498780 881
1498790 881
1498800 882
1498810 877
1498820 877
1498830 869
1498840 862
1498850 862
1498860 856
1498870 851
1498880 851
1498890 849
1498900 849
1498910 849
1498920 845
1498930 839
1498940 839
1498950 834
1498960 835
1498970 835
1498980 838
1498990 835
1499000 835
1499010 833
1499020 828
1499030 828
1499040 822
1499050 818
1499060 813
1499070 813
1499080 806
1499090 803
1499100 803
1499110 801
1499120 799
1499130 799
1499140 797
1499150 796
1499160 796
1499170 795
1499180 796
1499190 796
1499200 797
1499210 802
1499220 802
1499230 806
1499240 809
1499250 809
1499260 811
1499270 814
1499280 814
1499290 817
1499300 822
1499310 822
1499320 824
1499330 826
1499340 826
1499350 828
1499360 832
1499370 832
1499380 836
1499390 842
1499400 842
1499410 848
1499420 852
1499430 852
1499440 856
1499450 859
1499460 859
1499470 862
1499480 865
1499490 868
1499500 868
1499510 869
1499520 871
1499530 871
1499540 873
1499550 878
1499560 878
1499570 883
1499580 890
1499590 890
1499600 897
1499610 903
1499620 903
1499630 908
1499640 912
1499650 912
1499660 914
1499670 917
1499680 917
1499690 920
1499700 923
1499710 923
1499720 927
1499730 930
1499740 930
1499750 934
1499760 936
1499770 936
1499780 935
1499790 932
1499800 932
1499810 929
1499820 927
1499830 927
1499840 925
1499850 925
1499860 925
1499870 931
1499880 936
1499890 935
1499900 935
1499910 931
1499920 925
1499930 925
1499940 922
1499950 923
1499960 923
1499970 926
1499980 930
1499990 930
