1480000 1491
1480010 1491
1480020 1484
1480030 1478
1480040 1478
1480050 1473
1480060 1468
1480070 1468
1480080 1461
1480090 1457
1480100 1457
1480110 1455
1480120 1453
1480130 1453
1480140 1449
1480150 1446
1480160 1446
1480170 1443
1480180 1441
1480190 1441
1480200 1436
1480210 1426
1480220 1426
1480230 1419
1480240 1412
1480250 1406
1480260 1406
1480270 1400
1480280 1393
1480290 1393
1480300 1386
1480310 1380
1480320 1380
1480330 1375
1480340 1369
1480350 1369
1480360 1363
1480370 1357
1480380 1357
1480390 1350
1480400 1343
1480410 1343
1480420 1337
1480430 1332
1480440 1332
1480450 1328
1480460 1325
1480470 1325
1480480 1321
1480490 1317
1480500 1317
1480510 1314
1480520 1311
1480530 1311
1480540 1307
1480550 1304
1480560 1304
1480570 1301
1480580 1299
1480590 1299
1480600 1296
1480610 1294
1480620 1294
1480630 1292
1480640 1293
1480650 1293
1480660 1294
1480670 1291
1480680 1288
1480690 1288
1480700 1287
1480710 1283
1480720 1283
1480730 1279
1480740 1276
1480750 1276
1480760 1274
1480770 1272
1480780 1272
1480790 1270
1480800 1266
1480810 1266
1480820 1262
1480830 1265
1480840 1265
1480850 1269
1480860 1270
1480870 1270
1480880 1269
1480890 1269
1480900 1269
1480910 1270
1480920 1271
1480930 1271
1480940 1268
1480950 1264
1480960 1264
1480970 1260
1480980 1258
1480990 1258
1481000 1258
1481010 1259
1481020 1259
1481030 1260
1481040 1260
1481050 1260
1481060 1260
1481070 1259
1481080 1259
1481090 1259
1481100 1259
1481110 1260
1481120 1260
1481130 1263
1481140 1268
1481150 1268
1481160 1273
1481170 1279
1481180 1279
1481190 1284
1481200 1288
1481210 1288
1481220 1293
1481230 1297
1481240 1297
1481250 1304
1481260 1310
1481270 1310
1481280 1317
1481290 1324
1481300 1324
1481310 1331
1481320 1338
1481330 1338
1481340 1345
1481350 1353
1481360 1353
1481370 1362
1481380 1370
1481390 1370
1481400 1379
1481410 1388
1481420 1388
1481430 1396
1481440 1402
1481450 1402
1481460 1409
1481470 1416
1481480 1416
1481490 1423
1481500 1429
1481510 1434
1481520 1434
1481530 1438
1481540 1443
1481550 1443
1481560 1447
1481570 1449
1481580 1449
1481590 1452
1481600 1454
1481610 1454
1481620 1455
1481630 1456
1481640 1456
1481650 1457
1481660 1458
1481670 1458
1481680 1459
1481690 1459
1481700 1459
1481710 1459
1481720 1459
1481730 1459
1481740 1460
1481750 1460
1481760 1460
1481770 1460
1481780 1459
1481790 1459
1481800 1459
1481810 1461
1481820 1461
1481830 1462
1481840 1462
1481850 1462
1481860 1462
1481870 1461
1481880 1461
1481890 1460
1481900 1460
1481910 1460
1481920 1463
1481930 1467
1481940 1469
1481950 1469
1481960 1469
1481970 1469
1481980 1469
1481990 1470
1482000 1471
1482010 1471
1482020 1471
1482030 1469
1482040 1469
1482050 1463
1482060 1448
1482070 1448
1482080 1438
1482090 1429
1482100 1429
1482110 1420
1482120 1411
1482130 1411
1482140 1402
1482150 1394
1482160 1394
1482170 1384
1482180 1375
1482190 1375
1482200 1366
1482210 1359
1482220 1359
1482230 1352
1482240 1346
1482250 1346
1482260 1341
1482270 1335
1482280 1335
1482290 1329
1482300 1323
1482310 1323
1482320 1317
1482330 1312
1482340 1307
1482350 1307
1482360 1303
1482370 1301
1482380 1301
1482390 1300
1482400 1300
1482410 1300
1482420 1295
1482430 1289
1482440 1289
1482450 1284
1482460 1281
1482470 1281
1482480 1279
1482490 1275
1482500 1275
1482510 1271
1482520 1269
1482530 1269
1482540 1266
1482550 1264
1482560 1264
1482570 1260
1482580 1256
1482590 1256
1482600 1251
1482610 1246
1482620 1246
1482630 1242
1482640 1237
1482650 1237
1482660 1231
1482670 1224
1482680 1224
1482690 1218
1482700 1213
1482710 1213
1482720 1207
1482730 1202
1482740 1202
1482750 1198
1482760 1193
1482770 1189
1482780 1189
1482790 1185
1482800 1180
1482810 1180
1482820 1177
1482830 1174
1482840 1174
1482850 1170
1482860 1167
1482870 1167
1482880 1165
1482890 1163
1482900 1163
1482910 1160
1482920 1155
1482930 1155
1482940 1148
1482950 1142
1482960 1142
1482970 1136
1482980 1131
1482990 1131
1483000 1126
1483010 1122
1483020 1122
1483030 1116
1483040 1110
1483050 1110
1483060 1104
1483070 1098
1483080 1098
1483090 1091
1483100 1085
1483110 1085
1483120 1079
1483130 1072
1483140 1072
1483150 1066
1483160 1060
1483170 1060
1483180 1054
1483190 1049
1483200 1044
1483210 1044
1483220 1040
1483230 1037
1483240 1037
1483250 1033
1483260 1029
1483270 1029
1483280 1024
1483290 1017
1483300 1017
1483310 1011
1483320 1006
1483330 1006
1483340 1003
1483350 1000
1483360 1000
1483370 997
1483380 995
1483390 995
1483400 993
1483410 991
1483420 991
1483430 988
1483440 984
1483450 984
1483460 983
1483470 983
1483480 983
1483490 983
1483500 982
1483510 982
1483520 982
1483530 982
1483540 982
1483550 982
1483560 982
1483570 982
1483580 983
1483590 983
1483600 983
1483610 983
1483620 983
1483630 983
1483640 983
1483650 983
1483660 983
1483670 983
1483680 983
1483690 984
1483700 984
1483710 984
1483720 986
1483730 986
1483740 990
1483750 993
1483760 993
1483770 997
1483780 1002
1483790 1002
1483800 1006
1483810 1010
1483820 1010
1483830 1014
1483840 1017
1483850 1017
1483860 1022
1483870 1029
1483880 1029
1483890 1036
1483900 1044
1483910 1044
1483920 1052
1483930 1059
1483940 1059
1483950 1065
1483960 1070
1483970 1070
1483980 1075
1483990 1081
1484000 1081
1484010 1086
1484020 1092
1484030 1098
1484040 1098
1484050 1104
1484060 1110
1484070 1110
1484080 1117
1484090 1123
1484100 1123
1484110 1130
1484120 1137
1484130 1137
1484140 1144
1484150 1152
1484160 1152
1484170 1159
1484180 1167
1484190 1167
1484200 1174
1484210 1181
1484220 1181
1484230 1189
1484240 1197
1484250 1197
1484260 1203
1484270 1210
1484280 1210
1484290 1218
1484300 1229
1484310 1229
1484320 1238
1484330 1245
1484340 1245
1484350 1252
1484360 1257
1484370 1257
1484380 1263
1484390 1269
1484400 1269
1484410 1276
1484420 1283
1484430 1289
1484440 1289
1484450 1296
1484460 1302
1484470 1302
1484480 1309
1484490 1317
1484500 1317
1484510 1325
1484520 1333
1484530 1333
1484540 1342
1484550 1349
1484560 1349
1484570 1356
1484580 1362
1484590 1362
1484600 1370
1484610 1379
1484620 1379
1484630 1391
1484640 1400
1484650 1400
1484660 1408
1484670 1418
1484680 1418
1484690 1427
1484700 1434
1484710 1434
1484720 1441
1484730 1451
1484740 1451
1484750 1458
1484760 1467
1484770 1467
1484780 1475
1484790 1483
1484800 1483
1484810 1493
1484820 1503
1484830 1503
1484840 1515
1484850 1526
1484860 1531
1484870 1531
1484880 1533
1484890 1534
1484900 1534
1484910 1534
1484920 1533
1484930 1533
1484940 1531
1484950 1529
1484960 1529
1484970 1527
1484980 1525
1484990 1525
1485000 1522
1485010 1520
1485020 1520
1485030 1517
1485040 1513
1485050 1513
1485060 1507
1485070 1504
1485080 1504
1485090 1502
1485100 1499
1485110 1499
1485120 1498
1485130 1497
1485140 1497
1485150 1497
1485160 1496
1485170 1496
1485180 1495
1485190 1494
1485200 1494
1485210 1493
1485220 1491
1485230 1491
1485240 1487
1485250 1484
1485260 1484
1485270 1480
1485280 1477
1485290 1474
1485300 1474
1485310 1470
1485320 1467
1485330 1467
1485340 1463
1485350 1461
1485360 1461
1485370 1458
1485380 1456
1485390 1456
1485400 1455
1485410 1455
1485420 1455
1485430 1454
1485440 1453
1485450 1453
1485460 1452
1485470 1450
1485480 1450
1485490 1448
1485500 1447
1485510 1447
1485520 1446
1485530 1446
1485540 1446
1485550 1445
1485560 1445
1485570 1445
1485580 1445
1485590 1445
1485600 1445
1485610 1444
1485620 1444
1485630 1444
1485640 1444
1485650 1444
1485660 1444
1485670 1446
1485680 1449
1485690 1451
1485700 1451
1485710 1452
1485720 1453
1485730 1453
1485740 1451
1485750 1449
1485760 1449
1485770 1449
1485780 1450
1485790 1450
1485800 1450
1485810 1449
1485820 1449
1485830 1448
1485840 1446
1485850 1446
1485860 1443
1485870 1436
1485880 1436
1485890 1431
1485900 1427
1485910 1427
1485920 1422
1485930 1418
1485940 1418
1485950 1414
1485960 1410
1485970 1410
1485980 1407
1485990 1404
1486000 1404
1486010 1401
1486020 1398
1486030 1398
1486040 1395
1486050 1392
1486060 1392
1486070 1389
1486080 1388
1486090 1388
1486100 1387
1486110 1386
1486120 1385
1486130 1385
1486140 1385
1486150 1384
1486160 1384
1486170 1382
1486180 1383
1486190 1383
1486200 1386
1486210 1387
1486220 1387
1486230 1388
1486240 1387
1486250 1387
1486260 1385
1486270 1384
1486280 1384
1486290 1384
1486300 1388
1486310 1388
1486320 1393
1486330 1399
1486340 1399
1486350 1406
1486360 1413
1486370 1413
1486380 1419
1486390 1425
1486400 1425
1486410 1431
1486420 1437
1486430 1437
1486440 1443
1486450 1449
1486460 1449
1486470 1456
1486480 1461
1486490 1461
1486500 1470
1486510 1477
1486520 1477
1486530 1485
1486540 1492
1486550 1503
1486560 1503
1486570 1515
1486580 1524
1486590 1524
1486600 1530
1486610 1535
1486620 1535
1486630 1542
1486640 1551
1486650 1551
1486660 1559
1486670 1566
1486680 1566
1486690 1573
1486700 1580
1486710 1580
1486720 1586
1486730 1592
1486740 1592
1486750 1600
1486760 1608
1486770 1608
1486780 1617
1486790 1626
1486800 1626
1486810 1634
1486820 1641
1486830 1641
1486840 1649
1486850 1657
1486860 1657
1486870 1665
1486880 1672
1486890 1672
1486900 1680
1486910 1687
1486920 1687
1486930 1694
1486940 1700
1486950 1707
1486960 1707
1486970 1713
1486980 1719
1486990 1719
1487000 1723
1487010 1728
1487020 1728
1487030 1731
1487040 1734
1487050 1734
1487060 1735
1487070 1736
1487080 1736
1487090 1736
1487100 1736
1487110 1736
1487120 1733
1487130 1729
1487140 1729
1487150 1724
1487160 1718
1487170 1718
1487180 1713
1487190 1708
1487200 1708
1487210 1703
1487220 1695
1487230 1695
1487240 1688
1487250 1681
1487260 1681
1487270 1674
1487280 1667
1487290 1667
1487300 1661
1487310 1656
1487320 1656
1487330 1650
1487340 1645
1487350 1645
1487360 1639
1487370 1634
1487380 1629
1487390 1629
1487400 1624
1487410 1617
1487420 1617
1487430 1610
1487440 1607
1487450 1607
1487460 1603
1487470 1597
1487480 1597
1487490 1592
1487500 1589
1487510 1589
1487520 1582
1487530 1572
1487540 1572
1487550 1564
1487560 1557
1487570 1557
1487580 1551
1487590 1545
1487600 1545
1487610 1541
1487620 1537
1487630 1537
1487640 1530
1487650 1512
1487660 1512
1487670 1503
1487680 1496
1487690 1496
1487700 1489
1487710 1482
1487720 1482
1487730 1477
1487740 1473
1487750 1473
1487760 1466
1487770 1458
1487780 1458
1487790 1450
1487800 1443
1487810 1436
1487820 1436
1487830 1430
1487840 1424
1487850 1424
1487860 1418
1487870 1413
1487880 1413
1487890 1407
1487900 1402
1487910 1402
1487920 1396
1487930 1392
1487940 1392
1487950 1387
1487960 1383
1487970 1383
1487980 1380
1487990 1378
1488000 1378
1488010 1376
1488020 1374
1488030 1374
1488040 1372
1488050 1369
1488060 1369
1488070 1367
1488080 1364
1488090 1364
1488100 1363
1488110 1362
1488120 1362
1488130 1361
1488140 1359
1488150 1359
1488160 1356
1488170 1354
1488180 1354
1488190 1352
1488200 1350
1488210 1348
1488220 1348
1488230 1346
1488240 1344
1488250 1344
1488260 1341
1488270 1339
1488280 1339
1488290 1336
1488300 1331
1488310 1331
1488320 1326
1488330 1320
1488340 1320
1488350 1314
1488360 1307
1488370 1307
1488380 1301
1488390 1294
1488400 1294
1488410 1288
1488420 1282
1488430 1282
1488440 1276
1488450 1271
1488460 1271
1488470 1265
1488480 1259
1488490 1259
1488500 1252
1488510 1246
1488520 1246
1488530 1240
1488540 1233
1488550 1233
1488560 1225
1488570 1218
1488580 1218
1488590 1212
1488600 1208
1488610 1208
1488620 1204
1488630 1200
1488640 1195
1488650 1195
1488660 1190
1488670 1186
1488680 1186
1488690 1182
1488700 1178
1488710 1178
1488720 1173
1488730 1168
1488740 1168
1488750 1163
1488760 1156
1488770 1156
1488780 1152
1488790 1148
1488800 1148
1488810 1144
1488820 1141
1488830 1141
1488840 1136
1488850 1132
1488860 1132
1488870 1128
1488880 1124
1488890 1124
1488900 1120
1488910 1116
1488920 1116
1488930 1113
1488940 1110
1488950 1110
1488960 1107
1488970 1106
1488980 1106
1488990 1105
1489000 1103
1489010 1103
1489020 1101
1489030 1098
1489040 1091
1489050 1091
1489060 1084
1489070 1082
1489080 1082
1489090 1088
1489100 1096
1489110 1096
1489120 1101
1489130 1104
1489140 1104
1489150 1107
1489160 1110
1489170 1110
1489180 1114
1489190 1117
1489200 1117
1489210 1120
1489220 1123
1489230 1123
1489240 1126
1489250 1128
1489260 1128
1489270 1131
1489280 1135
1489290 1135
1489300 1140
1489310 1145
1489320 1145
1489330 1152
1489340 1160
1489350 1160
1489360 1165
1489370 1170
1489380 1170
1489390 1175
1489400 1179
1489410 1179
1489420 1184
1489430 1188
1489440 1188
1489450 1193
1489460 1196
1489470 1200
1489480 1200
1489490 1203
1489500 1206
1489510 1206
1489520 1208
1489530 1210
1489540 1210
1489550 1210
1489560 1209
1489570 1209
1489580 1207
1489590 1205
1489600 1205
1489610 1203
1489620 1199
1489630 1199
1489640 1195
1489650 1190
1489660 1190
1489670 1185
1489680 1180
1489690 1180
1489700 1172
1489710 1158
1489720 1158
1489730 1144
1489740 1138
1489750 1138
1489760 1144
1489770 1163
1489780 1163
1489790 1178
1489800 1192
1489810 1192
1489820 1203
1489830 1212
1489840 1212
1489850 1219
1489860 1227
1489870 1227
1489880 1232
1489890 1240
1489900 1247
1489910 1247
1489920 1254
1489930 1262
1489940 1262
1489950 1268
1489960 1276
1489970 1276
1489980 1283
1489990 1290
1490000 1290
1490010 1297
1490020 1305
1490030 1305
1490040 1313
1490050 1321
1490060 1321
1490070 1329
1490080 1337
1490090 1337
1490100 1344
1490110 1352
1490120 1352
1490130 1359
1490140 1367
1490150 1367
1490160 1377
1490170 1388
1490180 1388
1490190 1390
1490200 1391
1490210 1391
1490220 1391
1490230 1390
1490240 1390
1490250 1393
1490260 1392
1490270 1392
1490280 1393
1490290 1393
1490300 1393
1490310 1393
1490320 1392
1490330 1393
1490340 1393
1490350 1392
1490360 1393
1490370 1393
1490380 1394
1490390 1396
1490400 1396
1490410 1399
1490420 1404
1490430 1404
1490440 1409
1490450 1409
1490460 1409
1490470 1410
1490480 1411
1490490 1411
1490500 1411
1490510 1411
1490520 1411
1490530 1410
1490540 1410
1490550 1410
1490560 1411
1490570 1412
1490580 1412
1490590 1412
1490600 1413
1490610 1413
1490620 1414
1490630 1415
1490640 1415
1490650 1415
1490660 1416
1490670 1416
1490680 1418
1490690 1421
1490700 1421
1490710 1421
1490720 1420
1490730 1417
1490740 1417
1490750 1415
1490760 1416
1490770 1416
1490780 1416
1490790 1416
1490800 1416
1490810 1416
1490820 1415
1490830 1415
1490840 1415
1490850 1414
1490860 1414
1490870 1412
1490880 1410
1490890 1410
1490900 1407
1490910 1404
1490920 1404
1490930 1401
1490940 1399
1490950 1399
1490960 1397
1490970 1392
1490980 1392
1490990 1387
1491000 1383
1491010 1383
1491020 1382
1491030 1380
1491040 1380
1491050 1379
1491060 1379
1491070 1379
1491080 1379
1491090 1379
1491100 1379
1491110 1379
1491120 1379
1491130 1379
1491140 1379
1491150 1378
1491160 1378
1491170 1378
1491180 1378
1491190 1378
1491200 1378
1491210 1377
1491220 1377
1491230 1377
1491240 1378
1491250 1377
1491260 1377
1491270 1378
1491280 1378
1491290 1378
1491300 1379
1491310 1380
1491320 1380
1491330 1380
1491340 1379
1491350 1379
1491360 1379
1491370 1380
1491380 1380
1491390 1380
1491400 1382
1491410 1382
1491420 1384
1491430 1384
1491440 1384
1491450 1383
1491460 1381
1491470 1381
1491480 1379
1491490 1377
1491500 1377
1491510 1374
1491520 1371
1491530 1371
1491540 1367
1491550 1363
1491560 1359
1491570 1359
1491580 1355
1491590 1353
1491600 1353
1491610 1351
1491620 1350
1491630 1350
1491640 1350
1491650 1351
1491660 1351
1491670 1353
1491680 1354
1491690 1354
1491700 1355
1491710 1358
1491720 1358
1491730 1359
1491740 1360
1491750 1360
1491760 1361
1491770 1362
1491780 1362
1491790 1363
1491800 1363
1491810 1363
1491820 1364
1491830 1366
1491840 1366
1491850 1367
1491860 1367
1491870 1367
1491880 1367
1491890 1367
1491900 1367
1491910 1368
1491920 1368
1491930 1368
1491940 1368
1491950 1368
1491960 1368
1491970 1368
1491980 1368
1491990 1369
1492000 1369
1492010 1369
1492020 1369
1492030 1369
1492040 1367
1492050 1366
1492060 1366
1492070 1364
1492080 1363
1492090 1363
1492100 1362
1492110 1361
1492120 1361
1492130 1361
1492140 1360
1492150 1360
1492160 1359
1492170 1358
1492180 1358
1492190 1358
1492200 1359
1492210 1359
1492220 1359
1492230 1360
1492240 1360
1492250 1360
1492260 1359
1492270 1359
1492280 1359
1492290 1358
1492300 1358
1492310 1357
1492320 1357
1492330 1357
1492340 1356
1492350 1356
1492360 1356
1492370 1356
1492380 1355
1492390 1355
1492400 1355
1492410 1354
1492420 1354
1492430 1354
1492440 1353
1492450 1352
1492460 1352
1492470 1352
1492480 1351
1492490 1351
1492500 1351
1492510 1350
1492520 1350
1492530 1350
1492540 1349
1492550 1349
1492560 1347
1492570 1345
1492580 1345
1492590 1342
1492600 1339
1492610 1339
1492620 1336
1492630 1333
1492640 1333
1492650 1329
1492660 1326
1492670 1326
1492680 1324
1492690 1323
1492700 1323
1492710 1321
1492720 1316
1492730 1316
1492740 1311
1492750 1312
1492760 1312
1492770 1314
1492780 1316
1492790 1316
1492800 1316
1492810 1315
1492820 1314
1492830 1314
1492840 1314
1492850 1314
1492860 1314
1492870 1314
1492880 1314
1492890 1314
1492900 1317
1492910 1319
1492920 1319
1492930 1322
1492940 1325
1492950 1325
1492960 1327
1492970 1329
1492980 1329
1492990 1330
1493000 1331
1493010 1331
1493020 1332
1493030 1333
1493040 1333
1493050 1334
1493060 1335
1493070 1335
1493080 1336
1493090 1337
1493100 1337
1493110 1337
1493120 1338
1493130 1338
1493140 1338
1493150 1338
1493160 1338
1493170 1338
1493180 1337
1493190 1337
1493200 1336
1493210 1334
1493220 1334
1493230 1332
1493240 1331
1493250 1330
1493260 1330
1493270 1330
1493280 1329
1493290 1329
1493300 1328
1493310 1327
1493320 1327
1493330 1326
1493340 1326
1493350 1326
1493360 1326
1493370 1326
1493380 1326
1493390 1326
1493400 1325
1493410 1325
1493420 1324
1493430 1324
1493440 1324
1493450 1324
1493460 1323
1493470 1323
1493480 1322
1493490 1320
1493500 1320
1493510 1318
1493520 1317
1493530 1317
1493540 1317
1493550 1316
1493560 1316
1493570 1316
1493580 1315
1493590 1315
1493600 1314
1493610 1314
1493620 1314
1493630 1314
1493640 1315
1493650 1316
1493660 1316
1493670 1317
1493680 1317
1493690 1317
1493700 1317
1493710 1317
1493720 1317
1493730 1318
1493740 1318
1493750 1318
1493760 1319
1493770 1321
1493780 1321
1493790 1323
1493800 1325
1493810 1325
1493820 1327
1493830 1327
1493840 1327
1493850 1326
1493860 1325
1493870 1325
1493880 1325
1493890 1325
1493900 1325
1493910 1323
1493920 1321
1493930 1321
1493940 1319
1493950 1319
1493960 1319
1493970 1318
1493980 1318
1493990 1318
1494000 1318
1494010 1317
1494020 1317
1494030 1316
1494040 1317
1494050 1317
1494060 1317
1494070 1315
1494080 1314
1494090 1314
1494100 1312
1494110 1309
1494120 1309
1494130 1308
1494140 1306
1494150 1306
1494160 1304
1494170 1301
1494180 1301
1494190 1299
1494200 1296
1494210 1296
1494220 1295
1494230 1294
1494240 1294
1494250 1292
1494260 1290
1494270 1290
1494280 1287
1494290 1285
1494300 1285
1494310 1282
1494320 1277
1494330 1277
1494340 1272
1494350 1268
1494360 1268
1494370 1265
1494380 1264
1494390 1264
1494400 1262
1494410 1260
1494420 1260
1494430 1258
1494440 1255
1494450 1255
1494460 1253
1494470 1252
1494480 1252
1494490 1251
1494500 1250
1494510 1248
1494520 1248
1494530 1245
1494540 1245
1494550 1245
1494560 1251
1494570 1253
1494580 1253
1494590 1253
1494600 1251
1494610 1251
1494620 1250
1494630 1249
1494640 1249
1494650 1248
1494660 1247
1494670 1247
1494680 1246
1494690 1244
1494700 1244
1494710 1242
1494720 1239
1494730 1239
1494740 1236
1494750 1232
1494760 1232
1494770 1229
1494780 1225
1494790 1225
1494800 1223
1494810 1220
1494820 1220
1494830 1216
1494840 1213
1494850 1213
1494860 1212
1494870 1211
1494880 1211
1494890 1209
1494900 1206
1494910 1204
1494920 1204
1494930 1202
1494940 1201
1494950 1201
1494960 1198
1494970 1195
1494980 1195
1494990 1192
1495000 1190
1495010 1190
1495020 1188
1495030 1185
1495040 1185
1495050 1182
1495060 1180
1495070 1180
1495080 1180
1495090 1178
1495100 1178
1495110 1175
1495120 1173
1495130 1173
1495140 1172
1495150 1170
1495160 1170
1495170 1167
1495180 1166
1495190 1166
1495200 1167
1495210 1167
1495220 1167
1495230 1166
1495240 1166
1495250 1166
1495260 1166
1495270 1164
1495280 1164
1495290 1164
1495300 1163
1495310 1163
1495320 1163
1495330 1162
1495340 1162
1495350 1162
1495360 1162
1495370 1161
1495380 1161
1495390 1160
1495400 1160
1495410 1160
1495420 1160
1495430 1161
1495440 1161
1495450 1161
1495460 1161
1495470 1161
1495480 1162
1495490 1163
1495500 1163
1495510 1162
1495520 1161
1495530 1161
1495540 1161
1495550 1161
1495560 1161
1495570 1160
1495580 1159
1495590 1159
1495600 1159
1495610 1158
1495620 1158
1495630 1158
1495640 1158
1495650 1158
1495660 1158
1495670 1159
1495680 1159
1495690 1159
1495700 1158
1495710 1158
1495720 1158
1495730 1158
1495740 1158
1495750 1157
1495760 1157
1495770 1157
1495780 1157
1495790 1158
1495800 1160
1495810 1160
1495820 1160
1495830 1160
1495840 1160
1495850 1159
1495860 1159
1495870 1159
1495880 1159
1495890 1159
1495900 1159
1495910 1158
1495920 1157
1495930 1157
1495940 1156
1495950 1153
1495960 1153
1495970 1151
1495980 1149
1495990 1149
1496000 1147
1496010 1145
1496020 1145
1496030 1142
1496040 1140
1496050 1140
1496060 1139
1496070 1141
1496080 1141
1496090 1142
1496100 1142
1496110 1142
1496120 1140
1496130 1139
1496140 1139
1496150 1139
1496160 1139
1496170 1139
1496180 1139
1496190 1138
1496200 1136
1496210 1136
1496220 1136
1496230 1136
1496240 1136
1496250 1134
1496260 1132
1496270 1132
1496280 1130
1496290 1128
1496300 1128
1496310 1126
1496320 1124
1496330 1124
1496340 1122
1496350 1119
1496360 1119
1496370 1116
1496380 1115
1496390 1115
1496400 1112
1496410 1110
1496420 1110
1496430 1109
1496440 1106
1496450 1106
1496460 1105
1496470 1104
1496480 1104
1496490 1102
1496500 1100
1496510 1100
1496520 1098
1496530 1097
1496540 1097
1496550 1097
1496560 1096
1496570 1096
1496580 1095
1496590 1094
1496600 1093
1496610 1093
1496620 1091
1496630 1089
1496640 1089
1496650 1087
1496660 1084
1496670 1084
1496680 1081
1496690 1079
1496700 1079
1496710 1079
1496720 1078
1496730 1078
1496740 1076
1496750 1074
1496760 1074
1496770 1073
1496780 1071
1496790 1071
1496800 1071
1496810 1070
1496820 1070
1496830 1069
1496840 1068
1496850 1068
1496860 1065
1496870 1064
1496880 1064
1496890 1062
1496900 1060
1496910 1060
1496920 1058
1496930 1056
1496940 1056
1496950 1054
1496960 1052
1496970 1052
1496980 1049
1496990 1045
1497000 1045
1497010 1042
1497020 1039
1497030 1036
1497040 1036
1497050 1034
1497060 1032
1497070 1032
1497080 1029
1497090 1022
1497100 1022
1497110 1013
1497120 1004
1497130 1004
1497140 997
1497150 989
1497160 989
1497170 982
1497180 975
1497190 975
1497200 969
1497210 959
1497220 959
1497230 955
1497240 951
1497250 951
1497260 949
1497270 951
1497280 951
1497290 946
1497300 943
1497310 943
1497320 941
1497330 947
1497340 947
1497350 958
1497360 963
1497370 963
1497380 965
1497390 969
1497400 969
1497410 973
1497420 979
1497430 986
1497440 986
1497450 995
1497460 1001
1497470 1001
1497480 1008
1497490 1013
1497500 1013
1497510 1017
1497520 1020
1497530 1020
1497540 1021
1497550 1024
1497560 1024
1497570 1028
1497580 1031
1497590 1031
1497600 1032
1497610 1035
1497620 1035
1497630 1038
1497640 1043
1497650 1043
1497660 1048
1497670 1053
1497680 1053
1497690 1057
1497700 1060
1497710 1060
1497720 1065
1497730 1070
1497740 1070
1497750 1076
1497760 1082
1497770 1082
1497780 1088
1497790 1094
1497800 1094
1497810 1099
1497820 1104
1497830 1104
1497840 1107
1497850 1109
1497860 1107
1497870 1107
1497880 1103
1497890 1098
1497900 1098
1497910 1093
1497920 1088
1497930 1088
1497940 1085
1497950 1082
1497960 1082
1497970 1078
1497980 1075
1497990 1075
1498000 1071
1498010 1066
1498020 1066
1498030 1062
1498040 1057
1498050 1057
1498060 1052
1498070 1047
1498080 1047
1498090 1042
1498100 1037
1498110 1037
1498120 1033
1498130 1027
1498140 1027
1498150 1022
1498160 1016
1498170 1016
1498180 1011
1498190 1004
1498200 1004
1498210 998
1498220 993
1498230 993
1498240 987
1498250 981
1498260 974
1498270 974
1498280 967
1498290 961
1498300 961
1498310 954
1498320 948
1498330 948
1498340 943
1498350 948
1498360 948
1498370 950
1498380 945
1498390 945
1498400 939
1498410 932
1498420 932
1498430 927
1498440 923
1498450 923
1498460 920
1498470 916
1498480 916
1498490 911
1498500 906
1498510 906
1498520 900
1498530 894
1498540 894
1498550 888
1498560 883
1498570 883
1498580 876
1498590 870
1498600 870
1498610 863
1498620 857
1498630 857
1498640 851
1498650 846
1498660 846
1498670 840
1498680 835
1498690 831
1498700 831
1498710 825
1498720 818
1498730 818
1498740 815
1498750 811
1498760 811
1498770 807
1498780 802
1498790 802
1498800 797
1498810 791
1498820 791
1498830 785
1498840 779
1498850 779
1498860 774
1498870 774
1498880 774
1498890 777
1498900 778
1498910 778
1498920 781
1498930 785
1498940 785
1498950 792
1498960 799
1498970 799
1498980 807
1498990 815
1499000 815
1499010 824
1499020 831
1499030 831
1499040 832
1499050 833
1499060 833
1499070 833
1499080 835
1499090 835
1499100 837
1499110 838
1499120 840
1499130 840
1499140 844
1499150 850
1499160 850
1499170 856
1499180 862
1499190 862
1499200 868
1499210 875
1499220 875
1499230 882
1499240 889
1499250 889
1499260 896
1499270 904
1499280 904
1499290 912
1499300 914
1499310 914
1499320 915
1499330 927
1499340 927
1499350 948
1499360 957
1499370 957
1499380 948
1499390 951
1499400 951
1499410 962
1499420 971
1499430 971
1499440 982
1499450 984
1499460 984
1499470 993
1499480 997
1499490 997
1499500 990
1499510 991
1499520 1002
1499530 1002
1499540 1007
1499550 1014
1499560 1014
1499570 1010
1499580 1001
1499590 1001
1499600 1001
1499610 1014
1499620 1014
1499630 1027
1499640 1038
1499650 1038
1499660 1052
1499670 1065
1499680 1065
1499690 1077
1499700 1088
1499710 1088
1499720 1097
1499730 1103
1499740 1103
1499750 1096
1499760 1096
1499770 1096
1499780 1103
1499790 1111
1499800 1111
1499810 1117
1499820 1119
1499830 1119
1499840 1120
1499850 1123
1499860 1123
1499870 1128
1499880 1130
1499890 1130
1499900 1122
1499910 1112
1499920 1112
1499930 1099
1499940 1085
1499950 1079
1499960 1079
1499970 1077
1499980 1075
1499990 1075
