1480000 1560
1480010 1560
1480020 1571
1480030 1584
1480040 1584
1480050 1592
1480060 1600
1480070 1600
1480080 1608
1480090 1615
1480100 1615
1480110 1622
1480120 1628
1480130 1628
1480140 1634
1480150 1640
1480160 1640
1480170 1646
1480180 1652
1480190 1655
1480200 1655
1480210 1656
1480220 1656
1480230 1656
1480240 1656
1480250 1655
1480260 1655
1480270 1655
1480280 1655
1480290 1655
1480300 1655
1480310 1654
1480320 1654
1480330 1654
1480340 1653
1480350 1653
1480360 1652
1480370 1651
1480380 1651
1480390 1650
1480400 1649
1480410 1649
1480420 1646
1480430 1640
1480440 1640
1480450 1634
1480460 1627
1480470 1627
1480480 1620
1480490 1614
1480500 1614
1480510 1609
1480520 1603
1480530 1603
1480540 1594
1480550 1585
1480560 1585
1480570 1578
1480580 1571
1480590 1571
1480600 1566
1480610 1561
1480620 1555
1480630 1555
1480640 1551
1480650 1548
1480660 1548
1480670 1544
1480680 1540
1480690 1540
1480700 1537
1480710 1534
1480720 1534
1480730 1532
1480740 1530
1480750 1530
1480760 1528
1480770 1526
1480780 1526
1480790 1525
1480800 1524
1480810 1524
1480820 1522
1480830 1522
1480840 1522
1480850 1522
1480860 1521
1480870 1521
1480880 1520
1480890 1519
1480900 1519
1480910 1516
1480920 1513
1480930 1513
1480940 1512
1480950 1509
1480960 1509
1480970 1505
1480980 1503
1480990 1503
1481000 1503
1481010 1502
1481020 1504
1481030 1504
1481040 1506
1481050 1509
1481060 1509
1481070 1509
1481080 1509
1481090 1509
1481100 1509
1481110 1508
1481120 1508
1481130 1507
1481140 1503
1481150 1503
1481160 1497
1481170 1493
1481180 1493
1481190 1489
1481200 1486
1481210 1486
1481220 1482
1481230 1478
1481240 1478
1481250 1475
1481260 1471
1481270 1471
1481280 1464
1481290 1459
1481300 1459
1481310 1455
1481320 1452
1481330 1452
1481340 1446
1481350 1442
1481360 1442
1481370 1436
1481380 1428
1481390 1428
1481400 1425
1481410 1420
1481420 1420
1481430 1413
1481440 1406
1481450 1398
1481460 1398
1481470 1391
1481480 1386
1481490 1386
1481500 1382
1481510 1378
1481520 1378
1481530 1373
1481540 1368
1481550 1368
1481560 1363
1481570 1357
1481580 1357
1481590 1353
1481600 1349
1481610 1349
1481620 1345
1481630 1339
1481640 1339
1481650 1336
1481660 1333
1481670 1333
1481680 1329
1481690 1327
1481700 1327
1481710 1323
1481720 1320
1481730 1320
1481740 1315
1481750 1312
1481760 1312
1481770 1308
1481780 1305
1481790 1305
1481800 1301
1481810 1298
1481820 1298
1481830 1294
1481840 1292
1481850 1292
1481860 1291
1481870 1290
1481880 1288
1481890 1288
1481900 1285
1481910 1282
1481920 1282
1481930 1278
1481940 1275
1481950 1275
1481960 1271
1481970 1268
1481980 1268
1481990 1265
1482000 1262
1482010 1262
1482020 1259
1482030 1256
1482040 1256
1482050 1250
1482060 1245
1482070 1245
1482080 1240
1482090 1236
1482100 1236
1482110 1231
1482120 1228
1482130 1228
1482140 1224
1482150 1221
1482160 1221
1482170 1218
1482180 1215
1482190 1215
1482200 1211
1482210 1208
1482220 1208
1482230 1206
1482240 1202
1482250 1202
1482260 1199
1482270 1197
1482280 1197
1482290 1197
1482300 1195
1482310 1191
1482320 1191
1482330 1185
1482340 1181
1482350 1181
1482360 1178
1482370 1174
1482380 1174
1482390 1168
1482400 1161
1482410 1161
1482420 1160
1482430 1158
1482440 1158
1482450 1156
1482460 1156
1482470 1156
1482480 1155
1482490 1154
1482500 1154
1482510 1152
1482520 1148
1482530 1148
1482540 1146
1482550 1147
1482560 1147
1482570 1142
1482580 1136
1482590 1136
1482600 1129
1482610 1123
1482620 1123
1482630 1117
1482640 1111
1482650 1111
1482660 1106
1482670 1101
1482680 1101
1482690 1096
1482700 1092
1482710 1092
1482720 1088
1482730 1086
1482740 1084
1482750 1084
1482760 1083
1482770 1081
1482780 1081
1482790 1079
1482800 1077
1482810 1077
1482820 1074
1482830 1070
1482840 1070
1482850 1067
1482860 1064
1482870 1064
1482880 1057
1482890 1049
1482900 1049
1482910 1045
1482920 1044
1482930 1044
1482940 1047
1482950 1050
1482960 1050
1482970 1052
1482980 1056
1482990 1056
1483000 1057
1483010 1056
1483020 1056
1483030 1056
1483040 1056
1483050 1056
1483060 1058
1483070 1059
1483080 1059
1483090 1061
1483100 1062
1483110 1062
1483120 1063
1483130 1065
1483140 1065
1483150 1067
1483160 1070
1483170 1072
1483180 1072
1483190 1075
1483200 1075
1483210 1075
1483220 1073
1483230 1070
1483240 1070
1483250 1067
1483260 1063
1483270 1063
1483280 1060
1483290 1056
1483300 1056
1483310 1052
1483320 1048
1483330 1048
1483340 1049
1483350 1053
1483360 1053
1483370 1054
1483380 1051
1483390 1051
1483400 1047
1483410 1046
1483420 1046
1483430 1045
1483440 1044
1483450 1044
1483460 1046
1483470 1049
1483480 1049
1483490 1050
1483500 1049
1483510 1049
1483520 1046
1483530 1042
1483540 1042
1483550 1038
1483560 1035
1483570 1035
1483580 1032
1483590 1031
1483600 1032
1483610 1032
1483620 1029
1483630 1025
1483640 1025
1483650 1024
1483660 1025
1483670 1025
1483680 1025
1483690 1026
1483700 1026
1483710 1027
1483720 1030
1483730 1030
1483740 1034
1483750 1037
1483760 1037
1483770 1040
1483780 1044
1483790 1044
1483800 1048
1483810 1054
1483820 1054
1483830 1059
1483840 1064
1483850 1064
1483860 1069
1483870 1074
1483880 1074
1483890 1079
1483900 1084
1483910 1084
1483920 1090
1483930 1096
1483940 1096
1483950 1100
1483960 1104
1483970 1104
1483980 1108
1483990 1113
1484000 1113
1484010 1118
1484020 1123
1484030 1128
1484040 1128
1484050 1133
1484060 1139
1484070 1139
1484080 1144
1484090 1149
1484100 1149
1484110 1154
1484120 1159
1484130 1159
1484140 1163
1484150 1167
1484160 1167
1484170 1170
1484180 1173
1484190 1173
1484200 1174
1484210 1175
1484220 1175
1484230 1175
1484240 1175
1484250 1175
1484260 1176
1484270 1176
1484280 1176
1484290 1175
1484300 1174
1484310 1174
1484320 1173
1484330 1174
1484340 1174
1484350 1174
1484360 1174
1484370 1174
1484380 1175
1484390 1176
1484400 1176
1484410 1176
1484420 1175
1484430 1175
1484440 1175
1484450 1175
1484460 1174
1484470 1174
1484480 1172
1484490 1172
1484500 1172
1484510 1173
1484520 1172
1484530 1172
1484540 1171
1484550 1172
1484560 1172
1484570 1173
1484580 1173
1484590 1173
1484600 1173
1484610 1174
1484620 1174
1484630 1175
1484640 1178
1484650 1178
1484660 1181
1484670 1183
1484680 1183
1484690 1186
1484700 1187
1484710 1187
1484720 1186
1484730 1186
1484740 1186
1484750 1187
1484760 1190
1484770 1190
1484780 1195
1484790 1200
1484800 1200
1484810 1203
1484820 1205
1484830 1205
1484840 1206
1484850 1208
1484860 1213
1484870 1213
1484880 1219
1484890 1226
1484900 1226
1484910 1232
1484920 1240
1484930 1240
1484940 1246
1484950 1251
1484960 1251
1484970 1257
1484980 1262
1484990 1262
1485000 1267
1485010 1272
1485020 1272
1485030 1277
1485040 1282
1485050 1282
1485060 1287
1485070 1294
1485080 1294
1485090 1300
1485100 1307
1485110 1307
1485120 1313
1485130 1319
1485140 1319
1485150 1323
1485160 1328
1485170 1328
1485180 1333
1485190 1338
1485200 1338
1485210 1344
1485220 1350
1485230 1350
1485240 1356
1485250 1362
1485260 1362
1485270 1365
1485280 1372
1485290 1379
1485300 1379
1485310 1385
1485320 1391
1485330 1391
1485340 1397
1485350 1404
1485360 1404
1485370 1410
1485380 1418
1485390 1418
1485400 1425
1485410 1433
1485420 1433
1485430 1440
1485440 1445
1485450 1445
1485460 1450
1485470 1455
1485480 1455
1485490 1461
1485500 1467
1485510 1467
1485520 1476
1485530 1483
1485540 1483
1485550 1490
1485560 1496
1485570 1496
1485580 1504
1485590 1514
1485600 1514
1485610 1523
1485620 1530
1485630 1530
1485640 1538
1485650 1544
1485660 1544
1485670 1550
1485680 1556
1485690 1556
1485700 1562
1485710 1569
1485720 1579
1485730 1579
1485740 1587
1485750 1593
1485760 1593
1485770 1596
1485780 1599
1485790 1599
1485800 1603
1485810 1607
1485820 1607
1485830 1611
1485840 1615
1485850 1615
1485860 1620
1485870 1626
1485880 1626
1485890 1631
1485900 1639
1485910 1639
1485920 1646
1485930 1652
1485940 1652
1485950 1657
1485960 1664
1485970 1664
1485980 1670
1485990 1676
1486000 1676
1486010 1682
1486020 1687
1486030 1687
1486040 1693
1486050 1699
1486060 1699
1486070 1705
1486080 1711
1486090 1711
1486100 1715
1486110 1720
1486120 1720
1486130 1724
1486140 1729
1486150 1733
1486160 1733
1486170 1736
1486180 1739
1486190 1739
1486200 1740
1486210 1738
1486220 1738
1486230 1731
1486240 1725
1486250 1725
1486260 1719
1486270 1715
1486280 1715
1486290 1712
1486300 1707
1486310 1707
1486320 1699
1486330 1688
1486340 1688
1486350 1680
1486360 1674
1486370 1674
1486380 1668
1486390 1662
1486400 1662
1486410 1655
1486420 1648
1486430 1648
1486440 1641
1486450 1635
1486460 1635
1486470 1629
1486480 1623
1486490 1623
1486500 1617
1486510 1611
1486520 1611
1486530 1606
1486540 1602
1486550 1602
1486560 1599
1486570 1597
1486580 1596
1486590 1596
1486600 1598
1486610 1600
1486620 1600
1486630 1600
1486640 1599
1486650 1599
1486660 1597
1486670 1594
1486680 1594
1486690 1592
1486700 1589
1486710 1589
1486720 1585
1486730 1581
1486740 1581
1486750 1579
1486760 1576
1486770 1576
1486780 1574
1486790 1571
1486800 1571
1486810 1567
1486820 1563
1486830 1563
1486840 1560
1486850 1555
1486860 1555
1486870 1550
1486880 1547
1486890 1547
1486900 1542
1486910 1537
1486920 1537
1486930 1536
1486940 1535
1486950 1535
1486960 1534
1486970 1531
1486980 1531
1486990 1525
1487000 1517
1487010 1512
1487020 1512
1487030 1509
1487040 1508
1487050 1508
1487060 1507
1487070 1505
1487080 1505
1487090 1504
1487100 1501
1487110 1501
1487120 1495
1487130 1490
1487140 1490
1487150 1483
1487160 1475
1487170 1475
1487180 1469
1487190 1462
1487200 1462
1487210 1454
1487220 1446
1487230 1446
1487240 1439
1487250 1433
1487260 1433
1487270 1428
1487280 1419
1487290 1419
1487300 1404
1487310 1389
1487320 1389
1487330 1381
1487340 1373
1487350 1373
1487360 1366
1487370 1358
1487380 1358
1487390 1350
1487400 1344
1487410 1338
1487420 1338
1487430 1333
1487440 1328
1487450 1328
1487460 1322
1487470 1317
1487480 1317
1487490 1312
1487500 1307
1487510 1307
1487520 1302
1487530 1297
1487540 1297
1487550 1292
1487560 1285
1487570 1285
1487580 1279
1487590 1273
1487600 1273
1487610 1265
1487620 1258
1487630 1258
1487640 1248
1487650 1225
1487660 1225
1487670 1208
1487680 1203
1487690 1203
1487700 1204
1487710 1209
1487720 1209
1487730 1223
1487740 1236
1487750 1236
1487760 1242
1487770 1245
1487780 1245
1487790 1247
1487800 1250
1487810 1250
1487820 1252
1487830 1255
1487840 1256
1487850 1256
1487860 1258
1487870 1260
1487880 1260
1487890 1262
1487900 1266
1487910 1266
1487920 1269
1487930 1271
1487940 1271
1487950 1271
1487960 1276
1487970 1276
1487980 1284
1487990 1290
1488000 1290
1488010 1296
1488020 1301
1488030 1301
1488040 1307
1488050 1312
1488060 1312
1488070 1317
1488080 1323
1488090 1323
1488100 1328
1488110 1333
1488120 1333
1488130 1339
1488140 1344
1488150 1344
1488160 1350
1488170 1356
1488180 1356
1488190 1361
1488200 1365
1488210 1365
1488220 1370
1488230 1373
1488240 1373
1488250 1379
1488260 1386
1488270 1392
1488280 1392
1488290 1396
1488300 1400
1488310 1400
1488320 1405
1488330 1410
1488340 1410
1488350 1416
1488360 1421
1488370 1421
1488380 1426
1488390 1431
1488400 1431
1488410 1436
1488420 1442
1488430 1442
1488440 1447
1488450 1453
1488460 1453
1488470 1458
1488480 1463
1488490 1463
1488500 1468
1488510 1472
1488520 1472
1488530 1477
1488540 1483
1488550 1483
1488560 1489
1488570 1496
1488580 1496
1488590 1503
1488600 1509
1488610 1509
1488620 1516
1488630 1522
1488640 1522
1488650 1534
1488660 1543
1488670 1543
1488680 1549
1488690 1555
1488700 1561
1488710 1561
1488720 1567
1488730 1573
1488740 1573
1488750 1579
1488760 1586
1488770 1586
1488780 1593
1488790 1598
1488800 1598
1488810 1602
1488820 1603
1488830 1603
1488840 1602
1488850 1602
1488860 1602
1488870 1601
1488880 1599
1488890 1599
1488900 1598
1488910 1597
1488920 1597
1488930 1595
1488940 1594
1488950 1594
1488960 1593
1488970 1591
1488980 1591
1488990 1590
1489000 1589
1489010 1589
1489020 1587
1489030 1586
1489040 1586
1489050 1583
1489060 1583
1489070 1583
1489080 1582
1489090 1582
1489100 1582
1489110 1581
1489120 1579
1489130 1578
1489140 1578
1489150 1577
1489160 1576
1489170 1576
1489180 1573
1489190 1571
1489200 1571
1489210 1571
1489220 1572
1489230 1572
1489240 1572
1489250 1572
1489260 1572
1489270 1570
1489280 1569
1489290 1569
1489300 1566
1489310 1566
1489320 1566
1489330 1567
1489340 1567
1489350 1567
1489360 1568
1489370 1569
1489380 1569
1489390 1569
1489400 1569
1489410 1569
1489420 1570
1489430 1571
1489440 1571
1489450 1571
1489460 1572
1489470 1572
1489480 1571
1489490 1570
1489500 1570
1489510 1570
1489520 1571
1489530 1571
1489540 1571
1489550 1572
1489560 1573
1489570 1573
1489580 1573
1489590 1571
1489600 1571
1489610 1567
1489620 1567
1489630 1567
1489640 1564
1489650 1558
1489660 1558
1489670 1554
1489680 1552
1489690 1552
1489700 1549
1489710 1549
1489720 1549
1489730 1549
1489740 1548
1489750 1548
1489760 1548
1489770 1550
1489780 1550
1489790 1554
1489800 1557
1489810 1557
1489820 1559
1489830 1559
1489840 1559
1489850 1560
1489860 1559
1489870 1559
1489880 1558
1489890 1557
1489900 1557
1489910 1556
1489920 1555
1489930 1555
1489940 1553
1489950 1551
1489960 1551
1489970 1548
1489980 1543
1489990 1541
1490000 1541
1490010 1539
1490020 1536
1490030 1536
1490040 1535
1490050 1535
1490060 1535
1490070 1535
1490080 1535
1490090 1535
1490100 1534
1490110 1533
1490120 1533
1490130 1530
1490140 1527
1490150 1527
1490160 1528
1490170 1530
1490180 1530
1490190 1531
1490200 1529
1490210 1529
1490220 1528
1490230 1528
1490240 1528
1490250 1529
1490260 1528
1490270 1528
1490280 1527
1490290 1525
1490300 1525
1490310 1523
1490320 1527
1490330 1527
1490340 1532
1490350 1537
1490360 1537
1490370 1540
1490380 1542
1490390 1542
1490400 1541
1490410 1538
1490420 1534
1490430 1534
1490440 1532
1490450 1533
1490460 1533
1490470 1534
1490480 1533
1490490 1533
1490500 1532
1490510 1531
1490520 1531
1490530 1529
1490540 1530
1490550 1530
1490560 1529
1490570 1529
1490580 1529
1490590 1530
1490600 1528
1490610 1528
1490620 1527
1490630 1527
1490640 1527
1490650 1525
1490660 1523
1490670 1523
1490680 1520
1490690 1515
1490700 1515
1490710 1509
1490720 1505
1490730 1505
1490740 1503
1490750 1503
1490760 1503
1490770 1502
1490780 1501
1490790 1501
1490800 1500
1490810 1499
1490820 1500
1490830 1500
1490840 1500
1490850 1500
1490860 1500
1490870 1498
1490880 1492
1490890 1492
1490900 1488
1490910 1487
1490920 1487
1490930 1489
1490940 1492
1490950 1492
1490960 1493
1490970 1495
1490980 1495
1490990 1494
1491000 1493
1491010 1493
1491020 1491
1491030 1486
1491040 1486
1491050 1483
1491060 1486
1491070 1486
1491080 1484
1491090 1478
1491100 1478
1491110 1476
1491120 1476
1491130 1476
1491140 1483
1491150 1487
1491160 1487
1491170 1490
1491180 1491
1491190 1491
1491200 1492
1491210 1488
1491220 1488
1491230 1483
1491240 1480
1491250 1465
1491260 1465
1491270 1453
1491280 1447
1491290 1447
1491300 1440
1491310 1435
1491320 1435
1491330 1424
1491340 1394
1491350 1394
1491360 1377
1491370 1366
1491380 1366
1491390 1354
1491400 1345
1491410 1345
1491420 1336
1491430 1328
1491440 1328
1491450 1321
1491460 1314
1491470 1314
1491480 1307
1491490 1300
1491500 1300
1491510 1294
1491520 1287
1491530 1287
1491540 1281
1491550 1274
1491560 1274
1491570 1268
1491580 1260
1491590 1260
1491600 1255
1491610 1248
1491620 1248
1491630 1241
1491640 1234
1491650 1234
1491660 1228
1491670 1221
1491680 1214
1491690 1214
1491700 1206
1491710 1197
1491720 1197
1491730 1187
1491740 1178
1491750 1178
1491760 1170
1491770 1162
1491780 1162
1491790 1154
1491800 1147
1491810 1147
1491820 1140
1491830 1134
1491840 1134
1491850 1127
1491860 1121
1491870 1121
1491880 1115
1491890 1109
1491900 1109
1491910 1103
1491920 1097
1491930 1097
1491940 1090
1491950 1085
1491960 1085
1491970 1079
1491980 1075
1491990 1075
1492000 1070
1492010 1064
1492020 1064
1492030 1055
1492040 1058
1492050 1058
1492060 1062
1492070 1060
1492080 1060
1492090 1057
1492100 1055
1492110 1056
1492120 1056
1492130 1057
1492140 1059
1492150 1059
1492160 1062
1492170 1066
1492180 1066
1492190 1070
1492200 1074
1492210 1074
1492220 1079
1492230 1082
1492240 1082
1492250 1088
1492260 1094
1492270 1094
1492280 1100
1492290 1106
1492300 1106
1492310 1113
1492320 1120
1492330 1120
1492340 1129
1492350 1136
1492360 1136
1492370 1143
1492380 1149
1492390 1149
1492400 1155
1492410 1162
1492420 1162
1492430 1171
1492440 1179
1492450 1179
1492460 1191
1492470 1204
1492480 1204
1492490 1214
1492500 1233
1492510 1233
1492520 1246
1492530 1249
1492540 1252
1492550 1252
1492560 1256
1492570 1260
1492580 1260
1492590 1266
1492600 1275
1492610 1275
1492620 1279
1492630 1281
1492640 1281
1492650 1281
1492660 1280
1492670 1280
1492680 1280
1492690 1281
1492700 1281
1492710 1283
1492720 1285
1492730 1285
1492740 1285
1492750 1283
1492760 1283
1492770 1282
1492780 1280
1492790 1280
1492800 1279
1492810 1278
1492820 1278
1492830 1282
1492840 1287
1492850 1287
1492860 1287
1492870 1286
1492880 1286
1492890 1285
1492900 1285
1492910 1285
1492920 1284
1492930 1282
1492940 1282
1492950 1280
1492960 1278
1492970 1274
1492980 1274
1492990 1270
1493000 1264
1493010 1264
1493020 1259
1493030 1254
1493040 1254
1493050 1249
1493060 1244
1493070 1244
1493080 1241
1493090 1243
1493100 1243
1493110 1244
1493120 1245
1493130 1245
1493140 1245
1493150 1244
1493160 1244
1493170 1242
1493180 1240
1493190 1240
1493200 1237
1493210 1234
1493220 1234
1493230 1231
1493240 1228
1493250 1228
1493260 1222
1493270 1217
1493280 1217
1493290 1212
1493300 1206
1493310 1206
1493320 1203
1493330 1204
1493340 1204
1493350 1214
1493360 1228
1493370 1228
1493380 1239
1493390 1248
1493400 1252
1493410 1252
1493420 1255
1493430 1259
1493440 1259
1493450 1263
1493460 1268
1493470 1268
1493480 1272
1493490 1276
1493500 1276
1493510 1280
1493520 1285
1493530 1285
1493540 1289
1493550 1294
1493560 1294
1493570 1297
1493580 1300
1493590 1300
1493600 1302
1493610 1303
1493620 1303
1493630 1304
1493640 1306
1493650 1306
1493660 1307
1493670 1310
1493680 1310
1493690 1312
1493700 1313
1493710 1313
1493720 1314
1493730 1316
1493740 1316
1493750 1319
1493760 1322
1493770 1322
1493780 1324
1493790 1327
1493800 1327
1493810 1330
1493820 1334
1493830 1336
1493840 1336
1493850 1337
1493860 1338
1493870 1338
1493880 1340
1493890 1342
1493900 1342
1493910 1342
1493920 1342
1493930 1342
1493940 1342
1493950 1340
1493960 1340
1493970 1340
1493980 1341
1493990 1341
1494000 1342
1494010 1344
1494020 1344
1494030 1346
1494040 1348
1494050 1348
1494060 1351
1494070 1353
1494080 1353
1494090 1354
1494100 1355
1494110 1355
1494120 1358
1494130 1361
1494140 1361
1494150 1362
1494160 1362
1494170 1362
1494180 1364
1494190 1366
1494200 1366
1494210 1369
1494220 1371
1494230 1371
1494240 1372
1494250 1372
1494260 1371
1494270 1371
1494280 1368
1494290 1366
1494300 1366
1494310 1364
1494320 1363
1494330 1363
1494340 1365
1494350 1367
1494360 1367
1494370 1368
1494380 1370
1494390 1370
1494400 1371
1494410 1371
1494420 1371
1494430 1372
1494440 1371
1494450 1371
1494460 1372
1494470 1374
1494480 1374
1494490 1373
1494500 1373
1494510 1373
1494520 1373
1494530 1372
1494540 1372
1494550 1371
1494560 1370
1494570 1370
1494580 1369
1494590 1368
1494600 1368
1494610 1367
1494620 1366
1494630 1366
1494640 1366
1494650 1365
1494660 1365
1494670 1365
1494680 1365
1494690 1366
1494700 1366
1494710 1365
1494720 1364
1494730 1364
1494740 1362
1494750 1360
1494760 1360
1494770 1358
1494780 1358
1494790 1358
1494800 1358
1494810 1357
1494820 1357
1494830 1357
1494840 1357
1494850 1357
1494860 1357
1494870 1357
1494880 1357
1494890 1356
1494900 1355
1494910 1355
1494920 1354
1494930 1352
1494940 1352
1494950 1351
1494960 1350
1494970 1350
1494980 1348
1494990 1347
1495000 1347
1495010 1345
1495020 1344
1495030 1344
1495040 1343
1495050 1341
1495060 1341
1495070 1339
1495080 1338
1495090 1336
1495100 1336
1495110 1335
1495120 1333
1495130 1333
1495140 1332
1495150 1331
1495160 1331
1495170 1330
1495180 1328
1495190 1328
1495200 1326
1495210 1324
1495220 1324
1495230 1321
1495240 1320
1495250 1320
1495260 1318
1495270 1316
1495280 1316
1495290 1315
1495300 1314
1495310 1314
1495320 1314
1495330 1314
1495340 1314
1495350 1313
1495360 1313
1495370 1313
1495380 1313
1495390 1313
1495400 1313
1495410 1313
1495420 1313
1495430 1313
1495440 1313
1495450 1313
1495460 1313
1495470 1313
1495480 1312
1495490 1312
1495500 1312
1495510 1311
1495520 1310
1495530 1310
1495540 1309
1495550 1308
1495560 1308
1495570 1308
1495580 1307
1495590 1307
1495600 1307
1495610 1307
1495620 1307
1495630 1307
1495640 1306
1495650 1306
1495660 1304
1495670 1302
1495680 1302
1495690 1299
1495700 1297
1495710 1297
1495720 1294
1495730 1291
1495740 1291
1495750 1289
1495760 1288
1495770 1288
1495780 1288
1495790 1287
1495800 1287
1495810 1286
1495820 1285
1495830 1285
1495840 1284
1495850 1283
1495860 1283
1495870 1281
1495880 1279
1495890 1279
1495900 1277
1495910 1274
1495920 1274
1495930 1272
1495940 1270
1495950 1267
1495960 1267
1495970 1263
1495980 1259
1495990 1259
1496000 1254
1496010 1250
1496020 1250
1496030 1247
1496040 1244
1496050 1244
1496060 1241
1496070 1238
1496080 1238
1496090 1235
1496100 1232
1496110 1232
1496120 1229
1496130 1226
1496140 1226
1496150 1222
1496160 1220
1496170 1220
1496180 1217
1496190 1214
1496200 1214
1496210 1211
1496220 1207
1496230 1207
1496240 1204
1496250 1200
1496260 1200
1496270 1191
1496280 1194
1496290 1194
1496300 1200
1496310 1202
1496320 1202
1496330 1202
1496340 1202
1496350 1202
1496360 1201
1496370 1201
1496380 1200
1496390 1200
1496400 1199
1496410 1198
1496420 1198
1496430 1197
1496440 1195
1496450 1195
1496460 1194
1496470 1193
1496480 1193
1496490 1193
1496500 1193
1496510 1193
1496520 1193
1496530 1193
1496540 1193
1496550 1193
1496560 1193
1496570 1193
1496580 1194
1496590 1195
1496600 1195
1496610 1196
1496620 1198
1496630 1198
1496640 1201
1496650 1203
1496660 1203
1496670 1205
1496680 1208
1496690 1208
1496700 1210
1496710 1212
1496720 1212
1496730 1213
1496740 1214
1496750 1214
1496760 1215
1496770 1216
1496780 1216
1496790 1216
1496800 1216
1496810 1216
1496820 1216
1496830 1216
1496840 1216
1496850 1216
1496860 1215
1496870 1214
1496880 1214
1496890 1214
1496900 1213
1496910 1213
1496920 1211
1496930 1209
1496940 1209
1496950 1207
1496960 1205
1496970 1205
1496980 1203
1496990 1201
1497000 1201
1497010 1200
1497020 1198
1497030 1198
1497040 1197
1497050 1196
1497060 1196
1497070 1193
1497080 1191
1497090 1191
1497100 1187
1497110 1183
1497120 1183
1497130 1178
1497140 1173
1497150 1173
1497160 1169
1497170 1166
1497180 1166
1497190 1163
1497200 1160
1497210 1160
1497220 1157
1497230 1153
1497240 1148
1497250 1148
1497260 1143
1497270 1138
1497280 1138
1497290 1133
1497300 1130
1497310 1130
1497320 1127
1497330 1123
1497340 1123
1497350 1120
1497360 1117
1497370 1117
1497380 1114
1497390 1111
1497400 1111
1497410 1106
1497420 1100
1497430 1100
1497440 1094
1497450 1087
1497460 1087
1497470 1081
1497480 1076
1497490 1076
1497500 1070
1497510 1061
1497520 1061
1497530 1058
1497540 1057
1497550 1057
1497560 1056
1497570 1053
1497580 1053
1497590 1045
1497600 1038
1497610 1038
1497620 1033
1497630 1028
1497640 1028
1497650 1024
1497660 1019
1497670 1014
1497680 1014
1497690 1009
1497700 1006
1497710 1006
1497720 1005
1497730 1004
1497740 1004
1497750 1001
1497760 996
1497770 996
1497780 991
1497790 987
1497800 987
1497810 982
1497820 975
1497830 975
1497840 970
1497850 966
1497860 966
1497870 964
1497880 962
1497890 962
1497900 958
1497910 952
1497920 952
1497930 941
1497940 932
1497950 932
1497960 926
1497970 918
1497980 918
1497990 911
1498000 904
1498010 904
1498020 899
1498030 894
1498040 894
1498050 888
1498060 875
1498070 870
1498080 870
1498090 862
1498100 854
1498110 854
1498120 848
1498130 841
1498140 841
1498150 835
1498160 828
1498170 828
1498180 825
1498190 820
1498200 820
1498210 815
1498220 811
1498230 811
1498240 806
1498250 801
1498260 801
1498270 796
1498280 789
1498290 789
1498300 782
1498310 777
1498320 777
1498330 773
1498340 767
1498350 767
1498360 761
1498370 753
1498380 753
1498390 742
1498400 734
1498410 734
1498420 731
1498430 730
1498440 730
1498450 730
1498460 730
1498470 730
1498480 729
1498490 729
1498500 729
1498510 729
1498520 729
1498530 729
1498540 729
1498550 729
1498560 731
1498570 731
1498580 734
1498590 734
1498600 734
1498610 735
1498620 736
1498630 736
1498640 738
1498650 740
1498660 740
1498670 743
1498680 749
1498690 749
1498700 751
1498710 752
1498720 752
1498730 750
1498740 750
1498750 750
1498760 750
1498770 754
1498780 754
1498790 759
1498800 762
1498810 762
1498820 764
1498830 765
1498840 765
1498850 766
1498860 767
1498870 767
1498880 768
1498890 770
1498900 770
1498910 771
1498920 774
1498930 776
1498940 776
1498950 779
1498960 783
1498970 783
1498980 788
1498990 792
1499000 792
1499010 795
1499020 798
1499030 798
1499040 802
1499050 805
1499060 805
1499070 807
1499080 810
1499090 810
1499100 813
1499110 817
1499120 817
1499130 821
1499140 826
1499150 826
1499160 831
1499170 837
1499180 837
1499190 843
1499200 850
1499210 850
1499220 856
1499230 861
1499240 861
1499250 863
1499260 865
1499270 865
1499280 867
1499290 870
1499300 870
1499310 873
1499320 875
1499330 875
1499340 878
1499350 881
1499360 887
1499370 887
1499380 891
1499390 895
1499400 895
1499410 898
1499420 900
1499430 900
1499440 904
1499450 912
1499460 912
1499470 918
1499480 921
1499490 921
1499500 925
1499510 931
1499520 931
1499530 938
1499540 946
1499550 946
1499560 954
1499570 962
1499580 962
1499590 971
1499600 978
1499610 978
1499620 972
1499630 973
1499640 973
1499650 978
1499660 985
1499670 985
1499680 991
1499690 999
1499700 999
1499710 1009
1499720 1024
1499730 1024
1499740 1052
1499750 1069
1499760 1069
1499770 1086
1499780 1096
1499790 1101
1499800 1101
1499810 1105
1499820 1104
1499830 1104
1499840 1108
1499850 1116
1499860 1116
1499870 1121
1499880 1128
1499890 1128
1499900 1142
1499910 1151
1499920 1151
1499930 1159
1499940 1175
1499950 1175
1499960 1196
1499970 1208
1499980 1208
1499990 1219
