1480000 1315
1480010 1315
1480020 1309
1480030 1303
1480040 1303
1480050 1297
1480060 1291
1480070 1286
1480080 1286
1480090 1281
1480100 1277
1480110 1277
1480120 1273
1480130 1270
1480140 1270
1480150 1267
1480160 1264
1480170 1264
1480180 1261
1480190 1256
1480200 1256
1480210 1252
1480220 1247
1480230 1247
1480240 1243
1480250 1239
1480260 1239
1480270 1235
1480280 1233
1480290 1233
1480300 1231
1480310 1230
1480320 1230
1480330 1228
1480340 1226
1480350 1226
1480360 1224
1480370 1223
1480380 1223
1480390 1220
1480400 1218
1480410 1218
1480420 1215
1480430 1214
1480440 1214
1480450 1212
1480460 1211
1480470 1211
1480480 1211
1480490 1211
1480500 1211
1480510 1211
1480520 1211
1480530 1210
1480540 1210
1480550 1209
1480560 1210
1480570 1210
1480580 1210
1480590 1209
1480600 1209
1480610 1208
1480620 1208
1480630 1208
1480640 1208
1480650 1207
1480660 1207
1480670 1206
1480680 1206
1480690 1206
1480700 1207
1480710 1208
1480720 1208
1480730 1209
1480740 1209
1480750 1209
1480760 1212
1480770 1215
1480780 1215
1480790 1220
1480800 1223
1480810 1223
1480820 1226
1480830 1227
1480840 1227
1480850 1224
1480860 1221
1480870 1221
1480880 1225
1480890 1234
1480900 1234
1480910 1235
1480920 1235
1480930 1235
1480940 1244
1480950 1247
1480960 1246
1480970 1246
1480980 1251
1480990 1259
1481000 1259
1481010 1263
1481020 1266
1481030 1266
1481040 1269
1481050 1271
1481060 1271
1481070 1271
1481080 1271
1481090 1271
1481100 1276
1481110 1287
1481120 1287
1481130 1295
1481140 1300
1481150 1300
1481160 1305
1481170 1311
1481180 1311
1481190 1316
1481200 1322
1481210 1322
1481220 1328
1481230 1335
1481240 1335
1481250 1341
1481260 1347
1481270 1347
1481280 1353
1481290 1359
1481300 1359
1481310 1365
1481320 1371
1481330 1371
1481340 1377
1481350 1383
1481360 1383
1481370 1388
1481380 1394
1481390 1399
1481400 1399
1481410 1404
1481420 1409
1481430 1409
1481440 1414
1481450 1419
1481460 1419
1481470 1424
1481480 1430
1481490 1430
1481500 1435
1481510 1439
1481520 1439
1481530 1444
1481540 1449
1481550 1449
1481560 1453
1481570 1458
1481580 1458
1481590 1462
1481600 1465
1481610 1465
1481620 1465
1481630 1458
1481640 1458
1481650 1449
1481660 1439
1481670 1439
1481680 1430
1481690 1423
1481700 1423
1481710 1417
1481720 1411
1481730 1411
1481740 1407
1481750 1401
1481760 1401
1481770 1396
1481780 1391
1481790 1391
1481800 1385
1481810 1381
1481820 1376
1481830 1376
1481840 1370
1481850 1366
1481860 1366
1481870 1364
1481880 1362
1481890 1362
1481900 1357
1481910 1353
1481920 1353
1481930 1348
1481940 1343
1481950 1343
1481960 1338
1481970 1333
1481980 1333
1481990 1329
1482000 1325
1482010 1325
1482020 1321
1482030 1319
1482040 1319
1482050 1316
1482060 1312
1482070 1312
1482080 1308
1482090 1305
1482100 1305
1482110 1301
1482120 1296
1482130 1296
1482140 1292
1482150 1288
1482160 1288
1482170 1283
1482180 1278
1482190 1278
1482200 1274
1482210 1270
1482220 1270
1482230 1265
1482240 1260
1482250 1256
1482260 1256
1482270 1252
1482280 1248
1482290 1248
1482300 1245
1482310 1242
1482320 1242
1482330 1240
1482340 1238
1482350 1238
1482360 1235
1482370 1231
1482380 1231
1482390 1228
1482400 1226
1482410 1226
1482420 1222
1482430 1218
1482440 1218
1482450 1214
1482460 1212
1482470 1212
1482480 1213
1482490 1214
1482500 1214
1482510 1215
1482520 1214
1482530 1214
1482540 1214
1482550 1214
1482560 1214
1482570 1214
1482580 1215
1482590 1215
1482600 1214
1482610 1213
1482620 1213
1482630 1212
1482640 1211
1482650 1211
1482660 1208
1482670 1209
1482680 1213
1482690 1213
1482700 1216
1482710 1218
1482720 1218
1482730 1220
1482740 1223
1482750 1223
1482760 1226
1482770 1231
1482780 1231
1482790 1234
1482800 1237
1482810 1237
1482820 1240
1482830 1242
1482840 1242
1482850 1241
1482860 1242
1482870 1242
1482880 1245
1482890 1247
1482900 1247
1482910 1248
1482920 1249
1482930 1249
1482940 1250
1482950 1250
1482960 1250
1482970 1252
1482980 1257
1482990 1257
1483000 1264
1483010 1270
1483020 1270
1483030 1277
1483040 1284
1483050 1284
1483060 1291
1483070 1295
1483080 1295
1483090 1298
1483100 1300
1483110 1300
1483120 1304
1483130 1307
1483140 1308
1483150 1308
1483160 1310
1483170 1313
1483180 1313
1483190 1315
1483200 1320
1483210 1320
1483220 1327
1483230 1333
1483240 1333
1483250 1339
1483260 1345
1483270 1345
1483280 1351
1483290 1356
1483300 1356
1483310 1362
1483320 1368
1483330 1368
1483340 1373
1483350 1379
1483360 1379
1483370 1385
1483380 1391
1483390 1391
1483400 1396
1483410 1401
1483420 1401
1483430 1407
1483440 1412
1483450 1412
1483460 1419
1483470 1425
1483480 1425
1483490 1431
1483500 1442
1483510 1442
1483520 1459
1483530 1470
1483540 1470
1483550 1478
1483560 1486
1483570 1502
1483580 1502
1483590 1519
1483600 1527
1483610 1527
1483620 1530
1483630 1534
1483640 1534
1483650 1541
1483660 1547
1483670 1547
1483680 1553
1483690 1579
1483700 1579
1483710 1592
1483720 1592
1483730 1592
1483740 1594
1483750 1592
1483760 1592
1483770 1566
1483780 1550
1483790 1550
1483800 1533
1483810 1518
1483820 1518
1483830 1503
1483840 1485
1483850 1485
1483860 1473
1483870 1465
1483880 1465
1483890 1459
1483900 1453
1483910 1453
1483920 1446
1483930 1439
1483940 1439
1483950 1434
1483960 1428
1483970 1428
1483980 1421
1483990 1416
1484000 1410
1484010 1410
1484020 1405
1484030 1398
1484040 1398
1484050 1383
1484060 1366
1484070 1366
1484080 1356
1484090 1349
1484100 1349
1484110 1344
1484120 1338
1484130 1338
1484140 1332
1484150 1325
1484160 1325
1484170 1319
1484180 1313
1484190 1313
1484200 1306
1484210 1299
1484220 1299
1484230 1293
1484240 1287
1484250 1287
1484260 1281
1484270 1276
1484280 1276
1484290 1273
1484300 1268
1484310 1268
1484320 1260
1484330 1248
1484340 1248
1484350 1240
1484360 1232
1484370 1232
1484380 1225
1484390 1218
1484400 1218
1484410 1211
1484420 1204
1484430 1198
1484440 1198
1484450 1192
1484460 1186
1484470 1186
1484480 1181
1484490 1176
1484500 1176
1484510 1171
1484520 1168
1484530 1168
1484540 1164
1484550 1160
1484560 1160
1484570 1157
1484580 1150
1484590 1150
1484600 1139
1484610 1133
1484620 1133
1484630 1131
1484640 1119
1484650 1119
1484660 1111
1484670 1119
1484680 1119
1484690 1128
1484700 1130
1484710 1130
1484720 1134
1484730 1139
1484740 1139
1484750 1141
1484760 1142
1484770 1142
1484780 1143
1484790 1144
1484800 1144
1484810 1145
1484820 1146
1484830 1146
1484840 1147
1484850 1148
1484860 1149
1484870 1149
1484880 1149
1484890 1150
1484900 1150
1484910 1150
1484920 1150
1484930 1150
1484940 1151
1484950 1151
1484960 1151
1484970 1150
1484980 1151
1484990 1151
1485000 1152
1485010 1154
1485020 1154
1485030 1155
1485040 1157
1485050 1157
1485060 1158
1485070 1159
1485080 1159
1485090 1160
1485100 1162
1485110 1162
1485120 1164
1485130 1166
1485140 1166
1485150 1168
1485160 1169
1485170 1169
1485180 1171
1485190 1172
1485200 1172
1485210 1173
1485220 1175
1485230 1175
1485240 1176
1485250 1177
1485260 1177
1485270 1177
1485280 1178
1485290 1178
1485300 1178
1485310 1178
1485320 1178
1485330 1178
1485340 1179
1485350 1179
1485360 1179
1485370 1180
1485380 1181
1485390 1181
1485400 1182
1485410 1183
1485420 1183
1485430 1184
1485440 1185
1485450 1185
1485460 1187
1485470 1188
1485480 1188
1485490 1189
1485500 1190
1485510 1190
1485520 1192
1485530 1192
1485540 1192
1485550 1194
1485560 1195
1485570 1195
1485580 1196
1485590 1197
1485600 1197
1485610 1199
1485620 1200
1485630 1200
1485640 1202
1485650 1203
1485660 1203
1485670 1204
1485680 1206
1485690 1206
1485700 1207
1485710 1209
1485720 1209
1485730 1211
1485740 1213
1485750 1216
1485760 1216
1485770 1216
1485780 1212
1485790 1212
1485800 1206
1485810 1199
1485820 1199
1485830 1192
1485840 1186
1485850 1186
1485860 1179
1485870 1172
1485880 1172
1485890 1165
1485900 1159
1485910 1159
1485920 1152
1485930 1145
1485940 1145
1485950 1139
1485960 1133
1485970 1133
1485980 1127
1485990 1121
1486000 1121
1486010 1113
1486020 1107
1486030 1107
1486040 1102
1486050 1097
1486060 1097
1486070 1092
1486080 1087
1486090 1087
1486100 1083
1486110 1077
1486120 1077
1486130 1069
1486140 1056
1486150 1056
1486160 1041
1486170 1029
1486180 1015
1486190 1015
1486200 1006
1486210 999
1486220 999
1486230 992
1486240 986
1486250 986
1486260 979
1486270 972
1486280 972
1486290 966
1486300 960
1486310 960
1486320 954
1486330 948
1486340 948
1486350 940
1486360 931
1486370 931
1486380 922
1486390 919
1486400 919
1486410 923
1486420 920
1486430 920
1486440 911
1486450 919
1486460 919
1486470 929
1486480 940
1486490 940
1486500 946
1486510 939
1486520 939
1486530 931
1486540 926
1486550 926
1486560 926
1486570 931
1486580 931
1486590 933
1486600 935
1486610 936
1486620 936
1486630 938
1486640 941
1486650 941
1486660 945
1486670 954
1486680 954
1486690 960
1486700 966
1486710 966
1486720 984
1486730 1004
1486740 1004
1486750 1014
1486760 1026
1486770 1026
1486780 1042
1486790 1048
1486800 1048
1486810 1051
1486820 1051
1486830 1051
1486840 1050
1486850 1049
1486860 1049
1486870 1052
1486880 1065
1486890 1065
1486900 1082
1486910 1088
1486920 1088
1486930 1097
1486940 1102
1486950 1102
1486960 1108
1486970 1115
1486980 1115
1486990 1123
1487000 1132
1487010 1132
1487020 1147
1487030 1157
1487040 1157
1487050 1164
1487060 1175
1487070 1182
1487080 1182
1487090 1188
1487100 1195
1487110 1195
1487120 1201
1487130 1211
1487140 1211
1487150 1221
1487160 1230
1487170 1230
1487180 1239
1487190 1249
1487200 1249
1487210 1259
1487220 1269
1487230 1269
1487240 1280
1487250 1291
1487260 1291
1487270 1300
1487280 1308
1487290 1308
1487300 1317
1487310 1325
1487320 1325
1487330 1335
1487340 1345
1487350 1345
1487360 1353
1487370 1361
1487380 1361
1487390 1369
1487400 1377
1487410 1377
1487420 1385
1487430 1392
1487440 1392
1487450 1402
1487460 1412
1487470 1412
1487480 1424
1487490 1436
1487500 1447
1487510 1447
1487520 1460
1487530 1473
1487540 1473
1487550 1480
1487560 1481
1487570 1481
1487580 1476
1487590 1471
1487600 1471
1487610 1467
1487620 1463
1487630 1463
1487640 1459
1487650 1455
1487660 1455
1487670 1452
1487680 1449
1487690 1449
1487700 1445
1487710 1439
1487720 1439
1487730 1432
1487740 1425
1487750 1425
1487760 1419
1487770 1412
1487780 1412
1487790 1406
1487800 1401
1487810 1401
1487820 1395
1487830 1390
1487840 1390
1487850 1386
1487860 1381
1487870 1381
1487880 1377
1487890 1373
1487900 1373
1487910 1367
1487920 1368
1487930 1371
1487940 1371
1487950 1373
1487960 1374
1487970 1374
1487980 1375
1487990 1376
1488000 1376
1488010 1377
1488020 1379
1488030 1379
1488040 1380
1488050 1381
1488060 1381
1488070 1383
1488080 1385
1488090 1385
1488100 1387
1488110 1389
1488120 1389
1488130 1391
1488140 1393
1488150 1393
1488160 1396
1488170 1399
1488180 1399
1488190 1403
1488200 1406
1488210 1406
1488220 1409
1488230 1413
1488240 1413
1488250 1417
1488260 1421
1488270 1421
1488280 1425
1488290 1429
1488300 1429
1488310 1433
1488320 1436
1488330 1436
1488340 1439
1488350 1440
1488360 1434
1488370 1434
1488380 1426
1488390 1418
1488400 1418
1488410 1409
1488420 1400
1488430 1400
1488440 1392
1488450 1384
1488460 1384
1488470 1377
1488480 1370
1488490 1370
1488500 1363
1488510 1356
1488520 1356
1488530 1350
1488540 1343
1488550 1343
1488560 1337
1488570 1331
1488580 1331
1488590 1325
1488600 1320
1488610 1320
1488620 1314
1488630 1309
1488640 1309
1488650 1303
1488660 1296
1488670 1296
1488680 1288
1488690 1281
1488700 1281
1488710 1276
1488720 1271
1488730 1271
1488740 1265
1488750 1258
1488760 1258
1488770 1253
1488780 1248
1488790 1240
1488800 1240
1488810 1236
1488820 1233
1488830 1233
1488840 1231
1488850 1228
1488860 1228
1488870 1223
1488880 1219
1488890 1219
1488900 1216
1488910 1212
1488920 1212
1488930 1207
1488940 1204
1488950 1204
1488960 1201
1488970 1197
1488980 1197
1488990 1193
1489000 1188
1489010 1188
1489020 1184
1489030 1181
1489040 1181
1489050 1177
1489060 1172
1489070 1172
1489080 1166
1489090 1161
1489100 1161
1489110 1157
1489120 1154
1489130 1154
1489140 1151
1489150 1149
1489160 1149
1489170 1146
1489180 1142
1489190 1142
1489200 1138
1489210 1135
1489220 1135
1489230 1131
1489240 1126
1489250 1122
1489260 1122
1489270 1119
1489280 1117
1489290 1117
1489300 1115
1489310 1109
1489320 1109
1489330 1104
1489340 1098
1489350 1098
1489360 1094
1489370 1090
1489380 1090
1489390 1086
1489400 1083
1489410 1083
1489420 1078
1489430 1073
1489440 1073
1489450 1069
1489460 1065
1489470 1065
1489480 1061
1489490 1058
1489500 1058
1489510 1054
1489520 1050
1489530 1050
1489540 1046
1489550 1042
1489560 1042
1489570 1036
1489580 1031
1489590 1031
1489600 1028
1489610 1023
1489620 1023
1489630 1018
1489640 1010
1489650 1010
1489660 1004
1489670 999
1489680 996
1489690 996
1489700 990
1489710 984
1489720 984
1489730 977
1489740 969
1489750 969
1489760 960
1489770 953
1489780 953
1489790 948
1489800 945
1489810 945
1489820 939
1489830 932
1489840 932
1489850 928
1489860 921
1489870 921
1489880 916
1489890 912
1489900 912
1489910 914
1489920 915
1489930 915
1489940 911
1489950 907
1489960 907
1489970 905
1489980 902
1489990 902
1490000 896
1490010 890
1490020 890
1490030 885
1490040 882
1490050 882
1490060 880
1490070 880
1490080 880
1490090 880
1490100 879
1490110 878
1490120 878
1490130 877
1490140 874
1490150 874
1490160 873
1490170 871
1490180 871
1490190 870
1490200 868
1490210 868
1490220 866
1490230 864
1490240 864
1490250 861
1490260 856
1490270 856
1490280 851
1490290 847
1490300 847
1490310 843
1490320 836
1490330 836
1490340 831
1490350 826
1490360 826
1490370 818
1490380 809
1490390 809
1490400 806
1490410 811
1490420 811
1490430 822
1490440 832
1490450 832
1490460 841
1490470 850
1490480 850
1490490 855
1490500 856
1490510 856
1490520 856
1490530 857
1490540 855
1490550 855
1490560 851
1490570 847
1490580 847
1490590 844
1490600 842
1490610 842
1490620 841
1490630 840
1490640 840
1490650 838
1490660 835
1490670 835
1490680 832
1490690 828
1490700 828
1490710 823
1490720 817
1490730 817
1490740 812
1490750 806
1490760 806
1490770 801
1490780 796
1490790 796
1490800 790
1490810 783
1490820 783
1490830 781
1490840 781
1490850 781
1490860 781
1490870 780
1490880 780
1490890 785
1490900 792
1490910 792
1490920 798
1490930 804
1490940 804
1490950 809
1490960 815
1490970 815
1490980 822
1490990 829
1491000 836
1491010 836
1491020 842
1491030 848
1491040 848
1491050 854
1491060 861
1491070 861
1491080 866
1491090 873
1491100 873
1491110 880
1491120 887
1491130 887
1491140 894
1491150 900
1491160 900
1491170 906
1491180 911
1491190 911
1491200 917
1491210 923
1491220 923
1491230 928
1491240 934
1491250 934
1491260 941
1491270 947
1491280 947
1491290 953
1491300 961
1491310 961
1491320 965
1491330 971
1491340 971
1491350 978
1491360 984
1491370 984
1491380 990
1491390 996
1491400 996
1491410 1003
1491420 1010
1491430 1016
1491440 1016
1491450 1022
1491460 1029
1491470 1029
1491480 1035
1491490 1041
1491500 1041
1491510 1046
1491520 1052
1491530 1052
1491540 1058
1491550 1064
1491560 1064
1491570 1070
1491580 1077
1491590 1077
1491600 1084
1491610 1091
1491620 1091
1491630 1099
1491640 1108
1491650 1108
1491660 1117
1491670 1136
1491680 1136
1491690 1149
1491700 1157
1491710 1157
1491720 1163
1491730 1169
1491740 1169
1491750 1175
1491760 1181
1491770 1181
1491780 1187
1491790 1193
1491800 1193
1491810 1199
1491820 1206
1491830 1206
1491840 1214
1491850 1223
1491860 1231
1491870 1231
1491880 1239
1491890 1249
1491900 1249
1491910 1259
1491920 1268
1491930 1268
1491940 1278
1491950 1287
1491960 1287
1491970 1293
1491980 1298
1491990 1298
1492000 1303
1492010 1308
1492020 1308
1492030 1314
1492040 1320
1492050 1320
1492060 1326
1492070 1333
1492080 1333
1492090 1340
1492100 1347
1492110 1347
1492120 1357
1492130 1364
1492140 1364
1492150 1371
1492160 1382
1492170 1382
1492180 1393
1492190 1402
1492200 1402
1492210 1414
1492220 1446
1492230 1446
1492240 1458
1492250 1466
1492260 1466
1492270 1473
1492280 1480
1492290 1488
1492300 1488
1492310 1498
1492320 1508
1492330 1508
1492340 1513
1492350 1519
1492360 1519
1492370 1526
1492380 1533
1492390 1533
1492400 1540
1492410 1545
1492420 1545
1492430 1551
1492440 1555
1492450 1555
1492460 1560
1492470 1565
1492480 1565
1492490 1570
1492500 1571
1492510 1571
1492520 1568
1492530 1563
1492540 1563
1492550 1558
1492560 1552
1492570 1552
1492580 1546
1492590 1539
1492600 1539
1492610 1533
1492620 1526
1492630 1526
1492640 1517
1492650 1507
1492660 1507
1492670 1498
1492680 1493
1492690 1493
1492700 1487
1492710 1481
1492720 1481
1492730 1473
1492740 1465
1492750 1457
1492760 1457
1492770 1450
1492780 1443
1492790 1443
1492800 1438
1492810 1431
1492820 1431
1492830 1426
1492840 1424
1492850 1424
1492860 1421
1492870 1416
1492880 1416
1492890 1413
1492900 1404
1492910 1404
1492920 1398
1492930 1391
1492940 1391
1492950 1382
1492960 1373
1492970 1373
1492980 1365
1492990 1359
1493000 1359
1493010 1353
1493020 1347
1493030 1347
1493040 1342
1493050 1336
1493060 1336
1493070 1331
1493080 1326
1493090 1326
1493100 1321
1493110 1316
1493120 1316
1493130 1311
1493140 1306
1493150 1306
1493160 1301
1493170 1296
1493180 1290
1493190 1290
1493200 1284
1493210 1278
1493220 1278
1493230 1272
1493240 1266
1493250 1266
1493260 1260
1493270 1254
1493280 1254
1493290 1248
1493300 1242
1493310 1242
1493320 1236
1493330 1230
1493340 1230
1493350 1225
1493360 1219
1493370 1219
1493380 1214
1493390 1209
1493400 1209
1493410 1203
1493420 1197
1493430 1197
1493440 1188
1493450 1177
1493460 1177
1493470 1168
1493480 1165
1493490 1165
1493500 1167
1493510 1181
1493520 1181
1493530 1188
1493540 1189
1493550 1189
1493560 1190
1493570 1192
1493580 1192
1493590 1194
1493600 1195
1493610 1198
1493620 1198
1493630 1199
1493640 1201
1493650 1201
1493660 1204
1493670 1206
1493680 1206
1493690 1209
1493700 1211
1493710 1211
1493720 1215
1493730 1219
1493740 1219
1493750 1221
1493760 1223
1493770 1223
1493780 1225
1493790 1227
1493800 1227
1493810 1229
1493820 1229
1493830 1229
1493840 1234
1493850 1238
1493860 1238
1493870 1241
1493880 1244
1493890 1244
1493900 1246
1493910 1248
1493920 1248
1493930 1253
1493940 1259
1493950 1259
1493960 1266
1493970 1281
1493980 1281
1493990 1287
1494000 1293
1494010 1293
1494020 1300
1494030 1306
1494040 1311
1494050 1311
1494060 1315
1494070 1316
1494080 1316
1494090 1318
1494100 1321
1494110 1321
1494120 1326
1494130 1331
1494140 1331
1494150 1336
1494160 1342
1494170 1342
1494180 1340
1494190 1335
1494200 1335
1494210 1329
1494220 1323
1494230 1323
1494240 1318
1494250 1314
1494260 1314
1494270 1309
1494280 1305
1494290 1305
1494300 1300
1494310 1299
1494320 1299
1494330 1307
1494340 1312
1494350 1312
1494360 1318
1494370 1324
1494380 1324
1494390 1329
1494400 1335
1494410 1335
1494420 1342
1494430 1350
1494440 1350
1494450 1359
1494460 1365
1494470 1365
1494480 1370
1494490 1375
1494500 1380
1494510 1380
1494520 1385
1494530 1391
1494540 1391
1494550 1395
1494560 1398
1494570 1398
1494580 1400
1494590 1400
1494600 1400
1494610 1402
1494620 1403
1494630 1403
1494640 1404
1494650 1406
1494660 1406
1494670 1408
1494680 1411
1494690 1411
1494700 1414
1494710 1416
1494720 1416
1494730 1419
1494740 1424
1494750 1424
1494760 1430
1494770 1436
1494780 1436
1494790 1442
1494800 1447
1494810 1447
1494820 1453
1494830 1458
1494840 1458
1494850 1462
1494860 1466
1494870 1466
1494880 1469
1494890 1472
1494900 1472
1494910 1475
1494920 1478
1494930 1480
1494940 1480
1494950 1483
1494960 1485
1494970 1485
1494980 1487
1494990 1489
1495000 1489
1495010 1491
1495020 1492
1495030 1492
1495040 1494
1495050 1495
1495060 1495
1495070 1496
1495080 1497
1495090 1497
1495100 1498
1495110 1499
1495120 1499
1495130 1500
1495140 1501
1495150 1501
1495160 1501
1495170 1502
1495180 1502
1495190 1503
1495200 1504
1495210 1504
1495220 1504
1495230 1505
1495240 1505
1495250 1505
1495260 1504
1495270 1504
1495280 1502
1495290 1502
1495300 1502
1495310 1502
1495320 1501
1495330 1501
1495340 1500
1495350 1499
1495360 1498
1495370 1498
1495380 1497
1495390 1496
1495400 1496
1495410 1494
1495420 1493
1495430 1493
1495440 1492
1495450 1491
1495460 1491
1495470 1491
1495480 1493
1495490 1493
1495500 1494
1495510 1495
1495520 1495
1495530 1497
1495540 1498
1495550 1498
1495560 1500
1495570 1502
1495580 1502
1495590 1503
1495600 1505
1495610 1505
1495620 1506
1495630 1508
1495640 1508
1495650 1509
1495660 1510
1495670 1510
1495680 1512
1495690 1513
1495700 1513
1495710 1514
1495720 1515
1495730 1515
1495740 1516
1495750 1517
1495760 1517
1495770 1518
1495780 1519
1495790 1519
1495800 1519
1495810 1519
1495820 1520
1495830 1520
1495840 1520
1495850 1520
1495860 1520
1495870 1520
1495880 1519
1495890 1519
1495900 1518
1495910 1517
1495920 1517
1495930 1516
1495940 1515
1495950 1515
1495960 1513
1495970 1511
1495980 1511
1495990 1510
1496000 1508
1496010 1508
1496020 1506
1496030 1502
1496040 1502
1496050 1500
1496060 1499
1496070 1499
1496080 1496
1496090 1494
1496100 1494
1496110 1492
1496120 1492
1496130 1492
1496140 1493
1496150 1494
1496160 1494
1496170 1496
1496180 1498
1496190 1498
1496200 1496
1496210 1483
1496220 1483
1496230 1469
1496240 1455
1496250 1431
1496260 1431
1496270 1423
1496280 1408
1496290 1408
1496300 1395
1496310 1377
1496320 1377
1496330 1366
1496340 1359
1496350 1359
1496360 1349
1496370 1340
1496380 1340
1496390 1334
1496400 1327
1496410 1327
1496420 1317
1496430 1299
1496440 1299
1496450 1262
1496460 1250
1496470 1250
1496480 1242
1496490 1234
1496500 1234
1496510 1220
1496520 1207
1496530 1207
1496540 1194
1496550 1182
1496560 1182
1496570 1175
1496580 1169
1496590 1169
1496600 1161
1496610 1153
1496620 1153
1496630 1146
1496640 1138
1496650 1138
1496660 1131
1496670 1124
1496680 1118
1496690 1118
1496700 1111
1496710 1105
1496720 1105
1496730 1099
1496740 1094
1496750 1094
1496760 1088
1496770 1082
1496780 1082
1496790 1077
1496800 1072
1496810 1072
1496820 1067
1496830 1063
1496840 1063
1496850 1058
1496860 1054
1496870 1054
1496880 1051
1496890 1048
1496900 1048
1496910 1045
1496920 1043
1496930 1043
1496940 1041
1496950 1041
1496960 1041
1496970 1040
1496980 1037
1496990 1037
1497000 1036
1497010 1034
1497020 1034
1497030 1030
1497040 1026
1497050 1026
1497060 1021
1497070 1016
1497080 1016
1497090 1012
1497100 1008
1497110 1004
1497120 1004
1497130 999
1497140 996
1497150 996
1497160 993
1497170 990
1497180 990
1497190 986
1497200 984
1497210 984
1497220 981
1497230 978
1497240 978
1497250 974
1497260 970
1497270 970
1497280 968
1497290 967
1497300 967
1497310 966
1497320 963
1497330 963
1497340 959
1497350 955
1497360 955
1497370 953
1497380 950
1497390 950
1497400 946
1497410 941
1497420 941
1497430 936
1497440 931
1497450 931
1497460 927
1497470 923
1497480 923
1497490 919
1497500 916
1497510 916
1497520 913
1497530 910
1497540 908
1497550 908
1497560 904
1497570 901
1497580 901
1497590 900
1497600 899
1497610 899
1497620 897
1497630 896
1497640 896
1497650 894
1497660 892
1497670 892
1497680 890
1497690 888
1497700 888
1497710 887
1497720 886
1497730 886
1497740 885
1497750 885
1497760 885
1497770 885
1497780 884
1497790 884
1497800 883
1497810 882
1497820 882
1497830 879
1497840 878
1497850 878
1497860 875
1497870 873
1497880 873
1497890 870
1497900 868
1497910 868
1497920 865
1497930 863
1497940 863
1497950 861
1497960 857
1497970 854
1497980 854
1497990 851
1498000 846
1498010 846
1498020 842
1498030 838
1498040 838
1498050 834
1498060 830
1498070 830
1498080 824
1498090 818
1498100 818
1498110 813
1498120 811
1498130 811
1498140 812
1498150 812
1498160 812
1498170 813
1498180 813
1498190 813
1498200 812
1498210 810
1498220 810
1498230 807
1498240 803
1498250 803
1498260 800
1498270 797
1498280 797
1498290 795
1498300 792
1498310 792
1498320 790
1498330 787
1498340 787
1498350 785
1498360 783
1498370 783
1498380 781
1498390 778
1498400 778
1498410 775
1498420 772
1498430 769
1498440 769
1498450 766
1498460 764
1498470 764
1498480 763
1498490 761
1498500 761
1498510 760
1498520 758
1498530 758
1498540 757
1498550 756
1498560 756
1498570 755
1498580 752
1498590 752
1498600 749
1498610 746
1498620 746
1498630 746
1498640 745
1498650 745
1498660 743
1498670 742
1498680 742
1498690 740
1498700 738
1498710 738
1498720 735
1498730 734
1498740 734
1498750 731
1498760 728
1498770 728
1498780 726
1498790 725
1498800 725
1498810 724
1498820 723
1498830 723
1498840 723
1498850 724
1498860 721
1498870 721
1498880 721
1498890 718
1498900 718
1498910 713
1498920 709
1498930 709
1498940 705
1498950 701
1498960 701
1498970 697
1498980 696
1498990 696
1499000 696
1499010 694
1499020 694
1499030 691
1499040 688
1499050 688
1499060 687
1499070 686
1499080 686
1499090 685
1499100 683
1499110 683
1499120 682
1499130 680
1499140 680
1499150 676
1499160 675
1499170 675
1499180 675
1499190 676
1499200 676
1499210 676
1499220 676
1499230 676
1499240 676
1499250 676
1499260 676
1499270 676
1499280 677
1499290 682
1499300 682
1499310 694
1499320 699
1499330 699
1499340 700
1499350 702
1499360 702
1499370 706
1499380 709
1499390 709
1499400 709
1499410 709
1499420 709
1499430 710
1499440 711
1499450 711
1499460 712
1499470 711
1499480 711
1499490 709
1499500 707
1499510 707
1499520 703
1499530 695
1499540 695
1499550 694
1499560 699
1499570 699
1499580 704
1499590 705
1499600 705
1499610 706
1499620 706
1499630 706
1499640 706
1499650 707
1499660 707
1499670 707
1499680 707
1499690 707
1499700 707
1499710 708
1499720 709
1499730 709
1499740 708
1499750 708
1499760 708
1499770 707
1499780 705
1499790 705
1499800 702
1499810 696
1499820 696
1499830 696
1499840 700
1499850 700
1499860 703
1499870 704
1499880 704
1499890 705
1499900 705
1499910 705
1499920 704
1499930 705
1499940 705
1499950 705
1499960 704
1499970 704
1499980 705
1499990 704
