1480000 1257
1480010 1263
1480020 1263
1480030 1270
1480040 1277
1480050 1277
1480060 1284
1480070 1290
1480080 1290
1480090 1297
1480100 1303
1480110 1303
1480120 1309
1480130 1315
1480140 1315
1480150 1320
1480160 1324
1480170 1324
1480180 1326
1480190 1327
1480200 1327
1480210 1328
1480220 1329
1480230 1329
1480240 1329
1480250 1329
1480260 1329
1480270 1328
1480280 1327
1480290 1327
1480300 1322
1480310 1317
1480320 1317
1480330 1312
1480340 1307
1480350 1307
1480360 1302
1480370 1296
1480380 1296
1480390 1291
1480400 1284
1480410 1275
1480420 1275
1480430 1268
1480440 1265
1480450 1265
1480460 1265
1480470 1263
1480480 1263
1480490 1255
1480500 1249
1480510 1249
1480520 1243
1480530 1236
1480540 1236
1480550 1231
1480560 1224
1480570 1224
1480580 1219
1480590 1214
1480600 1214
1480610 1207
1480620 1200
1480630 1200
1480640 1194
1480650 1188
1480660 1188
1480670 1182
1480680 1176
1480690 1176
1480700 1170
1480710 1164
1480720 1164
1480730 1159
1480740 1153
1480750 1153
1480760 1148
1480770 1143
1480780 1143
1480790 1139
1480800 1134
1480810 1134
1480820 1129
1480830 1124
1480840 1124
1480850 1119
1480860 1115
1480870 1111
1480880 1111
1480890 1107
1480900 1104
1480910 1104
1480920 1100
1480930 1097
1480940 1097
1480950 1094
1480960 1091
1480970 1091
1480980 1086
1480990 1082
1481000 1082
1481010 1077
1481020 1072
1481030 1072
1481040 1066
1481050 1061
1481060 1061
1481070 1057
1481080 1054
1481090 1054
1481100 1051
1481110 1048
1481120 1048
1481130 1044
1481140 1040
1481150 1040
1481160 1037
1481170 1035
1481180 1035
1481190 1032
1481200 1025
1481210 1025
1481220 1012
1481230 998
1481240 998
1481250 993
1481260 990
1481270 990
1481280 988
1481290 984
1481300 978
1481310 978
1481320 972
1481330 966
1481340 966
1481350 960
1481360 956
1481370 956
1481380 954
1481390 951
1481400 951
1481410 949
1481420 945
1481430 945
1481440 941
1481450 935
1481460 935
1481470 930
1481480 926
1481490 926
1481500 922
1481510 918
1481520 918
1481530 915
1481540 913
1481550 913
1481560 912
1481570 913
1481580 913
1481590 912
1481600 908
1481610 908
1481620 903
1481630 899
1481640 899
1481650 897
1481660 898
1481670 898
1481680 895
1481690 890
1481700 890
1481710 887
1481720 885
1481730 885
1481740 884
1481750 881
1481760 877
1481770 877
1481780 872
1481790 868
1481800 868
1481810 864
1481820 860
1481830 860
1481840 856
1481850 852
1481860 852
1481870 847
1481880 842
1481890 842
1481900 841
1481910 841
1481920 841
1481930 839
1481940 836
1481950 836
1481960 837
1481970 843
1481980 843
1481990 845
1482000 845
1482010 845
1482020 845
1482030 846
1482040 846
1482050 849
1482060 851
1482070 851
1482080 854
1482090 854
1482100 854
1482110 853
1482120 851
1482130 851
1482140 853
1482150 857
1482160 857
1482170 857
1482180 857
1482190 856
1482200 856
1482210 856
1482220 854
1482230 854
1482240 849
1482250 844
1482260 844
1482270 841
1482280 842
1482290 842
1482300 845
1482310 849
1482320 849
1482330 853
1482340 857
1482350 857
1482360 862
1482370 865
1482380 865
1482390 868
1482400 870
1482410 870
1482420 872
1482430 875
1482440 875
1482450 878
1482460 880
1482470 880
1482480 885
1482490 890
1482500 890
1482510 894
1482520 900
1482530 900
1482540 912
1482550 918
1482560 918
1482570 923
1482580 927
1482590 927
1482600 932
1482610 937
1482620 937
1482630 943
1482640 950
1482650 957
1482660 957
1482670 964
1482680 969
1482690 969
1482700 975
1482710 981
1482720 981
1482730 987
1482740 992
1482750 992
1482760 996
1482770 999
1482780 999
1482790 1003
1482800 1007
1482810 1007
1482820 1011
1482830 1017
1482840 1017
1482850 1021
1482860 1026
1482870 1026
1482880 1031
1482890 1035
1482900 1035
1482910 1040
1482920 1045
1482930 1045
1482940 1050
1482950 1054
1482960 1054
1482970 1057
1482980 1059
1482990 1059
1483000 1062
1483010 1065
1483020 1065
1483030 1070
1483040 1075
1483050 1075
1483060 1080
1483070 1086
1483080 1091
1483090 1091
1483100 1097
1483110 1103
1483120 1103
1483130 1109
1483140 1115
1483150 1115
1483160 1121
1483170 1128
1483180 1128
1483190 1134
1483200 1140
1483210 1140
1483220 1146
1483230 1151
1483240 1151
1483250 1157
1483260 1162
1483270 1162
1483280 1167
1483290 1172
1483300 1172
1483310 1176
1483320 1181
1483330 1181
1483340 1186
1483350 1191
1483360 1191
1483370 1197
1483380 1202
1483390 1202
1483400 1208
1483410 1213
1483420 1213
1483430 1219
1483440 1224
1483450 1224
1483460 1230
1483470 1236
1483480 1236
1483490 1241
1483500 1246
1483510 1246
1483520 1251
1483530 1255
1483540 1260
1483550 1260
1483560 1264
1483570 1268
1483580 1268
1483590 1272
1483600 1277
1483610 1277
1483620 1282
1483630 1286
1483640 1286
1483650 1290
1483660 1293
1483670 1293
1483680 1297
1483690 1301
1483700 1301
1483710 1306
1483720 1312
1483730 1312
1483740 1317
1483750 1322
1483760 1322
1483770 1326
1483780 1329
1483790 1329
1483800 1333
1483810 1338
1483820 1338
1483830 1342
1483840 1346
1483850 1346
1483860 1350
1483870 1354
1483880 1354
1483890 1358
1483900 1362
1483910 1362
1483920 1367
1483930 1373
1483940 1373
1483950 1379
1483960 1385
1483970 1385
1483980 1389
1483990 1394
1484000 1402
1484010 1402
1484020 1411
1484030 1419
1484040 1419
1484050 1427
1484060 1434
1484070 1434
1484080 1441
1484090 1448
1484100 1448
1484110 1455
1484120 1462
1484130 1462
1484140 1468
1484150 1475
1484160 1475
1484170 1481
1484180 1488
1484190 1488
1484200 1494
1484210 1501
1484220 1501
1484230 1507
1484240 1513
1484250 1513
1484260 1520
1484270 1527
1484280 1527
1484290 1534
1484300 1540
1484310 1540
1484320 1547
1484330 1553
1484340 1553
1484350 1552
1484360 1544
1484370 1544
1484380 1536
1484390 1528
1484400 1528
1484410 1520
1484420 1513
1484430 1506
1484440 1506
1484450 1501
1484460 1495
1484470 1495
1484480 1489
1484490 1482
1484500 1482
1484510 1474
1484520 1467
1484530 1467
1484540 1459
1484550 1449
1484560 1449
1484570 1439
1484580 1430
1484590 1430
1484600 1422
1484610 1414
1484620 1414
1484630 1407
1484640 1399
1484650 1399
1484660 1392
1484670 1386
1484680 1386
1484690 1378
1484700 1366
1484710 1366
1484720 1354
1484730 1341
1484740 1341
1484750 1330
1484760 1322
1484770 1322
1484780 1314
1484790 1307
1484800 1307
1484810 1301
1484820 1296
1484830 1296
1484840 1289
1484850 1282
1484860 1282
1484870 1276
1484880 1270
1484890 1264
1484900 1264
1484910 1257
1484920 1252
1484930 1252
1484940 1247
1484950 1240
1484960 1240
1484970 1234
1484980 1228
1484990 1228
1485000 1221
1485010 1213
1485020 1213
1485030 1205
1485040 1197
1485050 1197
1485060 1189
1485070 1182
1485080 1182
1485090 1175
1485100 1170
1485110 1170
1485120 1164
1485130 1157
1485140 1157
1485150 1151
1485160 1144
1485170 1144
1485180 1138
1485190 1133
1485200 1133
1485210 1128
1485220 1123
1485230 1123
1485240 1119
1485250 1114
1485260 1114
1485270 1110
1485280 1105
1485290 1105
1485300 1101
1485310 1096
1485320 1091
1485330 1091
1485340 1085
1485350 1080
1485360 1080
1485370 1074
1485380 1069
1485390 1069
1485400 1063
1485410 1054
1485420 1054
1485430 1046
1485440 1040
1485450 1040
1485460 1036
1485470 1032
1485480 1032
1485490 1028
1485500 1023
1485510 1023
1485520 1018
1485530 1014
1485540 1014
1485550 1011
1485560 1007
1485570 1007
1485580 1004
1485590 999
1485600 999
1485610 993
1485620 986
1485630 986
1485640 980
1485650 974
1485660 974
1485670 968
1485680 963
1485690 963
1485700 957
1485710 952
1485720 952
1485730 948
1485740 942
1485750 942
1485760 936
1485770 926
1485780 914
1485790 914
1485800 904
1485810 890
1485820 890
1485830 886
1485840 879
1485850 879
1485860 876
1485870 873
1485880 873
1485890 866
1485900 857
1485910 857
1485920 851
1485930 848
1485940 848
1485950 845
1485960 846
1485970 846
1485980 846
1485990 843
1486000 843
1486010 836
1486020 829
1486030 829
1486040 823
1486050 818
1486060 818
1486070 812
1486080 808
1486090 808
1486100 803
1486110 800
1486120 800
1486130 796
1486140 792
1486150 792
1486160 789
1486170 786
1486180 786
1486190 783
1486200 781
1486210 779
1486220 779
1486230 775
1486240 771
1486250 771
1486260 766
1486270 761
1486280 761
1486290 758
1486300 756
1486310 756
1486320 753
1486330 752
1486340 752
1486350 749
1486360 746
1486370 746
1486380 745
1486390 747
1486400 747
1486410 747
1486420 747
1486430 747
1486440 746
1486450 745
1486460 745
1486470 743
1486480 742
1486490 742
1486500 740
1486510 739
1486520 739
1486530 738
1486540 738
1486550 738
1486560 738
1486570 739
1486580 739
1486590 739
1486600 740
1486610 740
1486620 737
1486630 733
1486640 733
1486650 731
1486660 730
1486670 729
1486680 729
1486690 728
1486700 727
1486710 727
1486720 727
1486730 727
1486740 727
1486750 727
1486760 726
1486770 726
1486780 725
1486790 722
1486800 722
1486810 720
1486820 720
1486830 720
1486840 719
1486850 717
1486860 717
1486870 718
1486880 718
1486890 718
1486900 718
1486910 718
1486920 718
1486930 718
1486940 718
1486950 718
1486960 719
1486970 721
1486980 721
1486990 720
1487000 718
1487010 718
1487020 721
1487030 723
1487040 723
1487050 723
1487060 724
1487070 724
1487080 725
1487090 727
1487100 734
1487110 734
1487120 742
1487130 749
1487140 749
1487150 756
1487160 763
1487170 763
1487180 769
1487190 771
1487200 771
1487210 772
1487220 772
1487230 772
1487240 771
1487250 771
1487260 771
1487270 770
1487280 773
1487290 773
1487300 775
1487310 779
1487320 779
1487330 783
1487340 787
1487350 787
1487360 789
1487370 790
1487380 790
1487390 791
1487400 788
1487410 788
1487420 784
1487430 782
1487440 782
1487450 786
1487460 791
1487470 791
1487480 796
1487490 802
1487500 802
1487510 808
1487520 815
1487530 815
1487540 823
1487550 830
1487560 838
1487570 838
1487580 845
1487590 851
1487600 851
1487610 859
1487620 865
1487630 865
1487640 872
1487650 878
1487660 878
1487670 884
1487680 890
1487690 890
1487700 896
1487710 902
1487720 902
1487730 908
1487740 913
1487750 913
1487760 920
1487770 926
1487780 926
1487790 932
1487800 938
1487810 938
1487820 944
1487830 950
1487840 950
1487850 956
1487860 963
1487870 963
1487880 970
1487890 976
1487900 976
1487910 982
1487920 987
1487930 987
1487940 992
1487950 997
1487960 997
1487970 1002
1487980 1007
1487990 1007
1488000 1013
1488010 1019
1488020 1025
1488030 1025
1488040 1032
1488050 1038
1488060 1038
1488070 1045
1488080 1052
1488090 1052
1488100 1059
1488110 1067
1488120 1067
1488130 1073
1488140 1079
1488150 1079
1488160 1084
1488170 1089
1488180 1089
1488190 1094
1488200 1097
1488210 1097
1488220 1099
1488230 1102
1488240 1102
1488250 1105
1488260 1107
1488270 1107
1488280 1110
1488290 1112
1488300 1112
1488310 1115
1488320 1118
1488330 1118
1488340 1120
1488350 1122
1488360 1122
1488370 1124
1488380 1128
1488390 1128
1488400 1130
1488410 1132
1488420 1132
1488430 1133
1488440 1134
1488450 1134
1488460 1134
1488470 1135
1488480 1135
1488490 1135
1488500 1135
1488510 1135
1488520 1135
1488530 1136
1488540 1138
1488550 1138
1488560 1140
1488570 1141
1488580 1141
1488590 1145
1488600 1147
1488610 1147
1488620 1149
1488630 1150
1488640 1150
1488650 1150
1488660 1151
1488670 1151
1488680 1152
1488690 1153
1488700 1153
1488710 1153
1488720 1154
1488730 1154
1488740 1154
1488750 1154
1488760 1154
1488770 1154
1488780 1155
1488790 1155
1488800 1155
1488810 1156
1488820 1156
1488830 1157
1488840 1158
1488850 1158
1488860 1159
1488870 1160
1488880 1160
1488890 1161
1488900 1162
1488910 1164
1488920 1164
1488930 1165
1488940 1165
1488950 1165
1488960 1166
1488970 1167
1488980 1167
1488990 1167
1489000 1168
1489010 1168
1489020 1169
1489030 1170
1489040 1170
1489050 1172
1489060 1173
1489070 1173
1489080 1175
1489090 1176
1489100 1176
1489110 1177
1489120 1179
1489130 1179
1489140 1180
1489150 1181
1489160 1181
1489170 1182
1489180 1183
1489190 1183
1489200 1183
1489210 1183
1489220 1183
1489230 1183
1489240 1183
1489250 1183
1489260 1183
1489270 1182
1489280 1182
1489290 1183
1489300 1183
1489310 1183
1489320 1184
1489330 1185
1489340 1185
1489350 1185
1489360 1185
1489370 1185
1489380 1185
1489390 1184
1489400 1184
1489410 1184
1489420 1183
1489430 1183
1489440 1183
1489450 1183
1489460 1183
1489470 1183
1489480 1183
1489490 1183
1489500 1183
1489510 1182
1489520 1181
1489530 1181
1489540 1181
1489550 1180
1489560 1180
1489570 1179
1489580 1178
1489590 1178
1489600 1178
1489610 1177
1489620 1177
1489630 1176
1489640 1175
1489650 1175
1489660 1175
1489670 1174
1489680 1174
1489690 1173
1489700 1172
1489710 1172
1489720 1170
1489730 1168
1489740 1168
1489750 1165
1489760 1163
1489770 1163
1489780 1161
1489790 1159
1489800 1157
1489810 1157
1489820 1155
1489830 1153
1489840 1153
1489850 1152
1489860 1150
1489870 1150
1489880 1148
1489890 1147
1489900 1147
1489910 1145
1489920 1144
1489930 1144
1489940 1142
1489950 1140
1489960 1140
1489970 1138
1489980 1136
1489990 1136
1490000 1135
1490010 1134
1490020 1134
1490030 1132
1490040 1132
1490050 1132
1490060 1133
1490070 1135
1490080 1135
1490090 1138
1490100 1140
1490110 1140
1490120 1143
1490130 1145
1490140 1145
1490150 1147
1490160 1148
1490170 1148
1490180 1149
1490190 1150
1490200 1150
1490210 1150
1490220 1151
1490230 1151
1490240 1151
1490250 1150
1490260 1148
1490270 1148
1490280 1145
1490290 1142
1490300 1142
1490310 1139
1490320 1135
1490330 1135
1490340 1130
1490350 1124
1490360 1124
1490370 1119
1490380 1115
1490390 1115
1490400 1111
1490410 1107
1490420 1107
1490430 1104
1490440 1099
1490450 1099
1490460 1095
1490470 1090
1490480 1090
1490490 1082
1490500 1071
1490510 1071
1490520 1055
1490530 1039
1490540 1039
1490550 1028
1490560 1018
1490570 1018
1490580 1009
1490590 1000
1490600 1000
1490610 991
1490620 983
1490630 983
1490640 975
1490650 967
1490660 967
1490670 960
1490680 953
1490690 946
1490700 946
1490710 939
1490720 932
1490730 932
1490740 925
1490750 917
1490760 917
1490770 910
1490780 904
1490790 904
1490800 897
1490810 890
1490820 890
1490830 884
1490840 877
1490850 877
1490860 871
1490870 865
1490880 865
1490890 859
1490900 853
1490910 853
1490920 848
1490930 842
1490940 842
1490950 836
1490960 831
1490970 831
1490980 825
1490990 822
1491000 822
1491010 817
1491020 811
1491030 811
1491040 804
1491050 796
1491060 796
1491070 788
1491080 781
1491090 781
1491100 774
1491110 767
1491120 767
1491130 760
1491140 753
1491150 746
1491160 746
1491170 741
1491180 735
1491190 735
1491200 728
1491210 721
1491220 721
1491230 715
1491240 710
1491250 710
1491260 706
1491270 708
1491280 708
1491290 713
1491300 719
1491310 719
1491320 724
1491330 727
1491340 727
1491350 728
1491360 730
1491370 730
1491380 733
1491390 739
1491400 739
1491410 745
1491420 751
1491430 751
1491440 759
1491450 767
1491460 767
1491470 775
1491480 782
1491490 782
1491500 790
1491510 802
1491520 802
1491530 814
1491540 821
1491550 821
1491560 827
1491570 832
1491580 837
1491590 837
1491600 842
1491610 847
1491620 847
1491630 850
1491640 856
1491650 856
1491660 864
1491670 874
1491680 874
1491690 885
1491700 893
1491710 893
1491720 899
1491730 904
1491740 904
1491750 909
1491760 912
1491770 912
1491780 914
1491790 916
1491800 916
1491810 919
1491820 920
1491830 920
1491840 920
1491850 921
1491860 921
1491870 922
1491880 922
1491890 922
1491900 921
1491910 921
1491920 921
1491930 921
1491940 921
1491950 921
1491960 922
1491970 921
1491980 921
1491990 921
1492000 921
1492010 921
1492020 922
1492030 923
1492040 925
1492050 925
1492060 926
1492070 928
1492080 928
1492090 930
1492100 933
1492110 933
1492120 935
1492130 937
1492140 937
1492150 939
1492160 939
1492170 939
1492180 939
1492190 940
1492200 940
1492210 941
1492220 941
1492230 941
1492240 942
1492250 943
1492260 943
1492270 944
1492280 944
1492290 944
1492300 946
1492310 948
1492320 948
1492330 950
1492340 952
1492350 952
1492360 954
1492370 959
1492380 959
1492390 963
1492400 967
1492410 967
1492420 971
1492430 976
1492440 976
1492450 979
1492460 981
1492470 983
1492480 983
1492490 985
1492500 987
1492510 987
1492520 989
1492530 992
1492540 992
1492550 994
1492560 996
1492570 996
1492580 997
1492590 999
1492600 999
1492610 1000
1492620 999
1492630 999
1492640 998
1492650 997
1492660 997
1492670 998
1492680 999
1492690 999
1492700 1000
1492710 1000
1492720 1000
1492730 1000
1492740 1001
1492750 1001
1492760 1003
1492770 1006
1492780 1006
1492790 1009
1492800 1012
1492810 1012
1492820 1012
1492830 1013
1492840 1013
1492850 1014
1492860 1014
1492870 1014
1492880 1015
1492890 1017
1492900 1017
1492910 1017
1492920 1017
1492930 1020
1492940 1020
1492950 1022
1492960 1022
1492970 1022
1492980 1021
1492990 1020
1493000 1020
1493010 1018
1493020 1017
1493030 1017
1493040 1017
1493050 1017
1493060 1017
1493070 1016
1493080 1016
1493090 1016
1493100 1017
1493110 1017
1493120 1017
1493130 1016
1493140 1012
1493150 1012
1493160 1005
1493170 995
1493180 995
1493190 982
1493200 972
1493210 972
1493220 965
1493230 960
1493240 960
1493250 955
1493260 951
1493270 951
1493280 947
1493290 944
1493300 944
1493310 940
1493320 934
1493330 934
1493340 930
1493350 929
1493360 929
1493370 924
1493380 921
1493390 918
1493400 918
1493410 915
1493420 911
1493430 911
1493440 910
1493450 908
1493460 908
1493470 907
1493480 908
1493490 908
1493500 907
1493510 908
1493520 908
1493530 911
1493540 916
1493550 916
1493560 919
1493570 922
1493580 922
1493590 922
1493600 915
1493610 915
1493620 909
1493630 901
1493640 901
1493650 896
1493660 892
1493670 892
1493680 893
1493690 895
1493700 895
1493710 895
1493720 897
1493730 897
1493740 899
1493750 905
1493760 905
1493770 906
1493780 896
1493790 896
1493800 890
1493810 888
1493820 886
1493830 886
1493840 882
1493850 877
1493860 877
1493870 872
1493880 866
1493890 866
1493900 859
1493910 854
1493920 854
1493930 850
1493940 846
1493950 846
1493960 842
1493970 838
1493980 838
1493990 836
1494000 832
1494010 832
1494020 832
1494030 834
1494040 834
1494050 836
1494060 840
1494070 840
1494080 845
1494090 847
1494100 847
1494110 848
1494120 851
1494130 851
1494140 854
1494150 856
1494160 856
1494170 861
1494180 869
1494190 869
1494200 866
1494210 865
1494220 865
1494230 860
1494240 864
1494250 864
1494260 869
1494270 877
1494280 880
1494290 880
1494300 883
1494310 884
1494320 884
1494330 886
1494340 890
1494350 890
1494360 895
1494370 901
1494380 901
1494390 908
1494400 912
1494410 912
1494420 909
1494430 907
1494440 907
1494450 908
1494460 914
1494470 914
1494480 921
1494490 924
1494500 924
1494510 929
1494520 934
1494530 934
1494540 939
1494550 945
1494560 945
1494570 950
1494580 952
1494590 952
1494600 954
1494610 956
1494620 956
1494630 957
1494640 955
1494650 955
1494660 954
1494670 959
1494680 959
1494690 965
1494700 969
1494710 974
1494720 974
1494730 981
1494740 989
1494750 989
1494760 995
1494770 1000
1494780 1000
1494790 1005
1494800 1009
1494810 1009
1494820 1011
1494830 1014
1494840 1014
1494850 1018
1494860 1021
1494870 1021
1494880 1025
1494890 1027
1494900 1027
1494910 1030
1494920 1034
1494930 1034
1494940 1039
1494950 1043
1494960 1043
1494970 1046
1494980 1045
1494990 1045
1495000 1044
1495010 1042
1495020 1042
1495030 1039
1495040 1035
1495050 1035
1495060 1031
1495070 1029
1495080 1029
1495090 1028
1495100 1027
1495110 1027
1495120 1025
1495130 1022
1495140 1022
1495150 1018
1495160 1016
1495170 1023
1495180 1023
1495190 1033
1495200 1042
1495210 1042
1495220 1048
1495230 1055
1495240 1055
1495250 1061
1495260 1068
1495270 1068
1495280 1073
1495290 1078
1495300 1078
1495310 1082
1495320 1085
1495330 1085
1495340 1086
1495350 1088
1495360 1088
1495370 1090
1495380 1092
1495390 1092
1495400 1096
1495410 1100
1495420 1100
1495430 1104
1495440 1108
1495450 1108
1495460 1110
1495470 1113
1495480 1113
1495490 1118
1495500 1122
1495510 1122
1495520 1124
1495530 1128
1495540 1128
1495550 1133
1495560 1136
1495570 1136
1495580 1141
1495590 1141
1495600 1141
1495610 1143
1495620 1145
1495630 1146
1495640 1146
1495650 1148
1495660 1149
1495670 1149
1495680 1150
1495690 1152
1495700 1152
1495710 1154
1495720 1156
1495730 1156
1495740 1158
1495750 1161
1495760 1161
1495770 1165
1495780 1169
1495790 1169
1495800 1173
1495810 1178
1495820 1178
1495830 1183
1495840 1189
1495850 1189
1495860 1195
1495870 1202
1495880 1202
1495890 1207
1495900 1211
1495910 1211
1495920 1218
1495930 1229
1495940 1229
1495950 1238
1495960 1246
1495970 1246
1495980 1253
1495990 1259
1496000 1259
1496010 1266
1496020 1273
1496030 1273
1496040 1280
1496050 1286
1496060 1291
1496070 1291
1496080 1297
1496090 1303
1496100 1303
1496110 1308
1496120 1313
1496130 1313
1496140 1319
1496150 1325
1496160 1325
1496170 1332
1496180 1339
1496190 1339
1496200 1345
1496210 1352
1496220 1352
1496230 1357
1496240 1363
1496250 1363
1496260 1369
1496270 1376
1496280 1376
1496290 1383
1496300 1389
1496310 1389
1496320 1395
1496330 1401
1496340 1404
1496350 1410
1496360 1415
1496370 1415
1496380 1420
1496390 1426
1496400 1426
1496410 1431
1496420 1436
1496430 1436
1496440 1441
1496450 1445
1496460 1445
1496470 1449
1496480 1451
1496490 1451
1496500 1454
1496510 1456
1496520 1458
1496530 1458
1496540 1462
1496550 1465
1496560 1465
1496570 1469
1496580 1472
1496590 1472
1496600 1476
1496610 1480
1496620 1480
1496630 1483
1496640 1487
1496650 1487
1496660 1491
1496670 1494
1496680 1494
1496690 1498
1496700 1501
1496710 1501
1496720 1505
1496730 1509
1496740 1509
1496750 1512
1496760 1516
1496770 1516
1496780 1519
1496790 1523
1496800 1523
1496810 1526
1496820 1529
1496830 1529
1496840 1531
1496850 1513
1496860 1513
1496870 1487
1496880 1476
1496890 1476
1496900 1466
1496910 1458
1496920 1458
1496930 1449
1496940 1438
1496950 1428
1496960 1428
1496970 1420
1496980 1411
1496990 1411
1497000 1401
1497010 1392
1497020 1392
1497030 1384
1497040 1374
1497050 1374
1497060 1355
1497070 1337
1497080 1337
1497090 1318
1497100 1295
1497110 1295
1497120 1275
1497130 1266
1497140 1266
1497150 1259
1497160 1252
1497170 1252
1497180 1242
1497190 1232
1497200 1232
1497210 1226
1497220 1219
1497230 1219
1497240 1211
1497250 1203
1497260 1203
1497270 1196
1497280 1189
1497290 1189
1497300 1183
1497310 1176
1497320 1176
1497330 1168
1497340 1160
1497350 1160
1497360 1154
1497370 1148
1497380 1148
1497390 1143
1497400 1139
1497410 1134
1497420 1134
1497430 1130
1497440 1126
1497450 1126
1497460 1123
1497470 1123
1497480 1123
1497490 1124
1497500 1124
1497510 1124
1497520 1124
1497530 1123
1497540 1123
1497550 1121
1497560 1119
1497570 1119
1497580 1117
1497590 1116
1497600 1116
1497610 1112
1497620 1108
1497630 1108
1497640 1104
1497650 1102
1497660 1102
1497670 1100
1497680 1098
1497690 1098
1497700 1095
1497710 1091
1497720 1091
1497730 1086
1497740 1083
1497750 1083
1497760 1080
1497770 1077
1497780 1077
1497790 1074
1497800 1072
1497810 1072
1497820 1070
1497830 1067
1497840 1067
1497850 1064
1497860 1060
1497870 1057
1497880 1057
1497890 1054
1497900 1052
1497910 1052
1497920 1049
1497930 1047
1497940 1047
1497950 1046
1497960 1042
1497970 1042
1497980 1038
1497990 1033
1498000 1033
1498010 1030
1498020 1027
1498030 1027
1498040 1022
1498050 1018
1498060 1018
1498070 1014
1498080 1012
1498090 1012
1498100 1010
1498110 1008
1498120 1008
1498130 1007
1498140 1005
1498150 1005
1498160 1004
1498170 1003
1498180 1003
1498190 1001
1498200 1000
1498210 1000
1498220 998
1498230 996
1498240 996
1498250 994
1498260 991
1498270 991
1498280 989
1498290 987
1498300 985
1498310 985
1498320 985
1498330 983
1498340 983
1498350 981
1498360 980
1498370 980
1498380 979
1498390 978
1498400 978
1498410 977
1498420 980
1498430 980
1498440 985
1498450 990
1498460 990
1498470 995
1498480 1001
1498490 1001
1498500 1006
1498510 1010
1498520 1010
1498530 1014
1498540 1019
1498550 1019
1498560 1023
1498570 1026
1498580 1026
1498590 1029
1498600 1032
1498610 1032
1498620 1036
1498630 1048
1498640 1048
1498650 1076
1498660 1102
1498670 1102
1498680 1130
1498690 1153
1498700 1153
1498710 1168
1498720 1188
1498730 1188
1498740 1206
1498750 1223
1498760 1239
1498770 1239
1498780 1256
1498790 1265
1498800 1265
1498810 1278
1498820 1329
1498830 1329
1498840 1378
1498850 1384
1498860 1384
1498870 1393
1498880 1394
1498890 1394
1498900 1386
1498910 1385
1498920 1385
1498930 1385
1498940 1387
1498950 1387
1498960 1395
1498970 1399
1498980 1399
1498990 1403
1499000 1402
1499010 1402
1499020 1406
1499030 1405
1499040 1405
1499050 1387
1499060 1380
1499070 1380
1499080 1376
1499090 1368
1499100 1368
1499110 1358
1499120 1352
1499130 1352
1499140 1349
1499150 1347
1499160 1347
1499170 1345
1499180 1343
1499190 1343
1499200 1343
1499210 1342
1499220 1335
1499230 1335
1499240 1327
1499250 1319
1499260 1319
1499270 1312
1499280 1307
1499290 1307
1499300 1298
1499310 1287
1499320 1287
1499330 1285
1499340 1282
1499350 1282
1499360 1285
1499370 1290
1499380 1290
1499390 1295
1499400 1295
1499410 1295
1499420 1292
1499430 1291
1499440 1291
1499450 1289
1499460 1289
1499470 1289
1499480 1288
1499490 1287
1499500 1287
1499510 1286
1499520 1282
1499530 1282
1499540 1278
1499550 1274
1499560 1274
1499570 1269
1499580 1264
1499590 1264
1499600 1263
1499610 1265
1499620 1265
1499630 1265
1499640 1264
1499650 1261
1499660 1261
1499670 1257
1499680 1252
1499690 1252
1499700 1248
1499710 1247
1499720 1247
1499730 1242
1499740 1236
1499750 1236
1499760 1229
1499770 1220
1499780 1220
1499790 1212
1499800 1198
1499810 1198
1499820 1185
1499830 1175
1499840 1175
1499850 1166
1499860 1156
1499870 1156
1499880 1147
1499890 1139
1499900 1139
1499910 1133
1499920 1127
1499930 1127
1499940 1122
1499950 1117
1499960 1117
1499970 1115
1499980 1116
1499990 1116
