1480000 1004
1480010 1003
1480020 1003
1480030 1003
1480040 1003
1480050 1003
1480060 1003
1480070 1003
1480080 1003
1480090 1004
1480100 1004
1480110 1004
1480120 1005
1480130 1005
1480140 1005
1480150 1005
1480160 1004
1480170 1004
1480180 1003
1480190 1003
1480200 1003
1480210 1001
1480220 1000
1480230 1000
1480240 999
1480250 998
1480260 998
1480270 997
1480280 996
1480290 994
1480300 994
1480310 993
1480320 991
1480330 991
1480340 990
1480350 988
1480360 988
1480370 985
1480380 983
1480390 983
1480400 981
1480410 979
1480420 979
1480430 976
1480440 974
1480450 974
1480460 975
1480470 978
1480480 978
1480490 979
1480500 978
1480510 978
1480520 978
1480530 977
1480540 977
1480550 975
1480560 973
1480570 973
1480580 971
1480590 967
1480600 967
1480610 963
1480620 959
1480630 959
1480640 955
1480650 951
1480660 951
1480670 946
1480680 941
1480690 941
1480700 937
1480710 931
1480720 931
1480730 927
1480740 919
1480750 911
1480760 911
1480770 906
1480780 902
1480790 902
1480800 897
1480810 892
1480820 892
1480830 887
1480840 883
1480850 883
1480860 878
1480870 873
1480880 873
1480890 868
1480900 863
1480910 863
1480920 858
1480930 854
1480940 854
1480950 849
1480960 844
1480970 844
1480980 840
1480990 833
1481000 833
1481010 828
1481020 824
1481030 824
1481040 820
1481050 816
1481060 816
1481070 811
1481080 806
1481090 806
1481100 802
1481110 798
1481120 798
1481130 793
1481140 788
1481150 788
1481160 783
1481170 779
1481180 779
1481190 775
1481200 773
1481210 772
1481220 772
1481230 772
1481240 771
1481250 771
1481260 770
1481270 770
1481280 770
1481290 770
1481300 770
1481310 770
1481320 769
1481330 769
1481340 769
1481350 769
1481360 769
1481370 769
1481380 768
1481390 768
1481400 768
1481410 767
1481420 767
1481430 767
1481440 768
1481450 768
1481460 768
1481470 768
1481480 768
1481490 768
1481500 769
1481510 769
1481520 769
1481530 769
1481540 771
1481550 771
1481560 775
1481570 775
1481580 775
1481590 775
1481600 775
1481610 775
1481620 775
1481630 776
1481640 776
1481650 777
1481660 781
1481670 786
1481680 786
1481690 792
1481700 798
1481710 798
1481720 804
1481730 810
1481740 810
1481750 817
1481760 823
1481770 823
1481780 831
1481790 838
1481800 838
1481810 846
1481820 854
1481830 854
1481840 862
1481850 871
1481860 871
1481870 879
1481880 886
1481890 886
1481900 893
1481910 902
1481920 902
1481930 910
1481940 919
1481950 919
1481960 929
1481970 939
1481980 939
1481990 945
1482000 950
1482010 950
1482020 956
1482030 963
1482040 963
1482050 970
1482060 977
1482070 977
1482080 983
1482090 990
1482100 990
1482110 997
1482120 1004
1482130 1010
1482140 1010
1482150 1017
1482160 1024
1482170 1024
1482180 1029
1482190 1034
1482200 1034
1482210 1038
1482220 1042
1482230 1042
1482240 1047
1482250 1052
1482260 1052
1482270 1057
1482280 1062
1482290 1062
1482300 1066
1482310 1069
1482320 1069
1482330 1073
1482340 1077
1482350 1077
1482360 1079
1482370 1081
1482380 1081
1482390 1082
1482400 1083
1482410 1083
1482420 1084
1482430 1086
1482440 1086
1482450 1087
1482460 1090
1482470 1090
1482480 1094
1482490 1098
1482500 1098
1482510 1099
1482520 1101
1482530 1101
1482540 1104
1482550 1106
1482560 1106
1482570 1108
1482580 1109
1482590 1109
1482600 1109
1482610 1110
1482620 1110
1482630 1110
1482640 1111
1482650 1112
1482660 1112
1482670 1114
1482680 1117
1482690 1117
1482700 1120
1482710 1123
1482720 1123
1482730 1126
1482740 1127
1482750 1127
1482760 1128
1482770 1128
1482780 1128
1482790 1128
1482800 1129
1482810 1129
1482820 1130
1482830 1131
1482840 1131
1482850 1132
1482860 1133
1482870 1133
1482880 1134
1482890 1135
1482900 1135
1482910 1135
1482920 1136
1482930 1136
1482940 1137
1482950 1138
1482960 1138
1482970 1137
1482980 1137
1482990 1137
1483000 1137
1483010 1137
1483020 1137
1483030 1138
1483040 1138
1483050 1139
1483060 1139
1483070 1139
1483080 1140
1483090 1140
1483100 1142
1483110 1144
1483120 1144
1483130 1144
1483140 1145
1483150 1145
1483160 1147
1483170 1147
1483180 1147
1483190 1147
1483200 1146
1483210 1146
1483220 1145
1483230 1146
1483240 1146
1483250 1147
1483260 1147
1483270 1147
1483280 1148
1483290 1149
1483300 1149
1483310 1150
1483320 1150
1483330 1150
1483340 1150
1483350 1149
1483360 1149
1483370 1150
1483380 1151
1483390 1151
1483400 1153
1483410 1157
1483420 1157
1483430 1162
1483440 1166
1483450 1166
1483460 1169
1483470 1169
1483480 1169
1483490 1170
1483500 1171
1483510 1172
1483520 1172
1483530 1172
1483540 1173
1483550 1173
1483560 1173
1483570 1174
1483580 1174
1483590 1174
1483600 1175
1483610 1175
1483620 1175
1483630 1176
1483640 1176
1483650 1176
1483660 1176
1483670 1176
1483680 1177
1483690 1177
1483700 1177
1483710 1177
1483720 1177
1483730 1177
1483740 1178
1483750 1181
1483760 1181
1483770 1186
1483780 1191
1483790 1191
1483800 1194
1483810 1195
1483820 1195
1483830 1195
1483840 1195
1483850 1195
1483860 1194
1483870 1195
1483880 1195
1483890 1195
1483900 1194
1483910 1194
1483920 1192
1483930 1189
1483940 1189
1483950 1187
1483960 1185
1483970 1186
1483980 1186
1483990 1187
1484000 1189
1484010 1189
1484020 1189
1484030 1190
1484040 1190
1484050 1191
1484060 1193
1484070 1193
1484080 1194
1484090 1195
1484100 1195
1484110 1195
1484120 1195
1484130 1195
1484140 1195
1484150 1195
1484160 1195
1484170 1196
1484180 1197
1484190 1197
1484200 1198
1484210 1199
1484220 1199
1484230 1199
1484240 1200
1484250 1200
1484260 1200
1484270 1201
1484280 1201
1484290 1202
1484300 1203
1484310 1203
1484320 1203
1484330 1204
1484340 1204
1484350 1204
1484360 1205
1484370 1205
1484380 1205
1484390 1205
1484400 1205
1484410 1205
1484420 1206
1484430 1206
1484440 1206
1484450 1206
1484460 1206
1484470 1206
1484480 1206
1484490 1206
1484500 1206
1484510 1207
1484520 1207
1484530 1207
1484540 1208
1484550 1209
1484560 1209
1484570 1209
1484580 1209
1484590 1209
1484600 1210
1484610 1210
1484620 1210
1484630 1211
1484640 1212
1484650 1212
1484660 1212
1484670 1212
1484680 1212
1484690 1213
1484700 1213
1484710 1213
1484720 1213
1484730 1213
1484740 1213
1484750 1213
1484760 1213
1484770 1213
1484780 1214
1484790 1214
1484800 1214
1484810 1213
1484820 1213
1484830 1213
1484840 1213
1484850 1214
1484860 1214
1484870 1214
1484880 1215
1484890 1216
1484900 1216
1484910 1217
1484920 1217
1484930 1217
1484940 1218
1484950 1218
1484960 1218
1484970 1218
1484980 1218
1484990 1218
1485000 1217
1485010 1217
1485020 1217
1485030 1218
1485040 1218
1485050 1218
1485060 1218
1485070 1218
1485080 1218
1485090 1218
1485100 1218
1485110 1218
1485120 1218
1485130 1217
1485140 1217
1485150 1217
1485160 1218
1485170 1218
1485180 1218
1485190 1218
1485200 1218
1485210 1218
1485220 1218
1485230 1218
1485240 1218
1485250 1218
1485260 1218
1485270 1218
1485280 1217
1485290 1217
1485300 1216
1485310 1215
1485320 1215
1485330 1215
1485340 1215
1485350 1214
1485360 1214
1485370 1213
1485380 1213
1485390 1213
1485400 1212
1485410 1212
1485420 1212
1485430 1212
1485440 1212
1485450 1212
1485460 1212
1485470 1213
1485480 1213
1485490 1213
1485500 1212
1485510 1212
1485520 1211
1485530 1211
1485540 1211
1485550 1211
1485560 1211
1485570 1211
1485580 1210
1485590 1209
1485600 1209
1485610 1209
1485620 1209
1485630 1209
1485640 1209
1485650 1209
1485660 1209
1485670 1209
1485680 1209
1485690 1209
1485700 1209
1485710 1209
1485720 1209
1485730 1210
1485740 1210
1485750 1210
1485760 1211
1485770 1212
1485780 1212
1485790 1214
1485800 1216
1485810 1216
1485820 1216
1485830 1214
1485840 1213
1485850 1213
1485860 1213
1485870 1213
1485880 1213
1485890 1212
1485900 1213
1485910 1213
1485920 1213
1485930 1213
1485940 1213
1485950 1214
1485960 1214
1485970 1214
1485980 1213
1485990 1212
1486000 1212
1486010 1212
1486020 1212
1486030 1212
1486040 1212
1486050 1213
1486060 1213
1486070 1214
1486080 1214
1486090 1214
1486100 1214
1486110 1215
1486120 1215
1486130 1215
1486140 1215
1486150 1215
1486160 1216
1486170 1216
1486180 1216
1486190 1216
1486200 1216
1486210 1216
1486220 1216
1486230 1215
1486240 1215
1486250 1213
1486260 1211
1486270 1209
1486280 1209
1486290 1207
1486300 1207
1486310 1207
1486320 1206
1486330 1205
1486340 1205
1486350 1204
1486360 1203
1486370 1203
1486380 1203
1486390 1203
1486400 1203
1486410 1202
1486420 1202
1486430 1202
1486440 1201
1486450 1201
1486460 1201
1486470 1200
1486480 1200
1486490 1200
1486500 1201
1486510 1200
1486520 1200
1486530 1200
1486540 1200
1486550 1200
1486560 1201
1486570 1204
1486580 1204
1486590 1205
1486600 1206
1486610 1206
1486620 1207
1486630 1208
1486640 1208
1486650 1208
1486660 1209
1486670 1209
1486680 1210
1486690 1212
1486700 1212
1486710 1213
1486720 1215
1486730 1215
1486740 1215
1486750 1216
1486760 1218
1486770 1218
1486780 1220
1486790 1222
1486800 1222
1486810 1223
1486820 1225
1486830 1225
1486840 1227
1486850 1229
1486860 1229
1486870 1232
1486880 1233
1486890 1233
1486900 1233
1486910 1231
1486920 1231
1486930 1230
1486940 1229
1486950 1229
1486960 1229
1486970 1230
1486980 1230
1486990 1230
1487000 1230
1487010 1230
1487020 1230
1487030 1230
1487040 1230
1487050 1231
1487060 1231
1487070 1231
1487080 1231
1487090 1233
1487100 1233
1487110 1232
1487120 1232
1487130 1232
1487140 1233
1487150 1234
1487160 1234
1487170 1234
1487180 1235
1487190 1236
1487200 1236
1487210 1236
1487220 1235
1487230 1235
1487240 1236
1487250 1239
1487260 1239
1487270 1241
1487280 1243
1487290 1243
1487300 1243
1487310 1242
1487320 1242
1487330 1243
1487340 1244
1487350 1244
1487360 1246
1487370 1247
1487380 1247
1487390 1248
1487400 1250
1487410 1250
1487420 1253
1487430 1253
1487440 1253
1487450 1253
1487460 1253
1487470 1253
1487480 1253
1487490 1251
1487500 1251
1487510 1250
1487520 1250
1487530 1250
1487540 1252
1487550 1252
1487560 1252
1487570 1252
1487580 1253
1487590 1253
1487600 1255
1487610 1257
1487620 1257
1487630 1258
1487640 1259
1487650 1260
1487660 1260
1487670 1261
1487680 1262
1487690 1262
1487700 1263
1487710 1266
1487720 1266
1487730 1268
1487740 1269
1487750 1269
1487760 1271
1487770 1272
1487780 1272
1487790 1273
1487800 1272
1487810 1272
1487820 1271
1487830 1270
1487840 1270
1487850 1270
1487860 1268
1487870 1268
1487880 1263
1487890 1260
1487900 1260
1487910 1255
1487920 1253
1487930 1253
1487940 1250
1487950 1247
1487960 1247
1487970 1244
1487980 1241
1487990 1241
1488000 1239
1488010 1241
1488020 1241
1488030 1239
1488040 1237
1488050 1237
1488060 1236
1488070 1237
1488080 1237
1488090 1235
1488100 1234
1488110 1234
1488120 1234
1488130 1234
1488140 1233
1488150 1233
1488160 1231
1488170 1232
1488180 1232
1488190 1234
1488200 1235
1488210 1235
1488220 1235
1488230 1233
1488240 1233
1488250 1233
1488260 1233
1488270 1233
1488280 1231
1488290 1229
1488300 1229
1488310 1229
1488320 1229
1488330 1229
1488340 1229
1488350 1229
1488360 1229
1488370 1230
1488380 1233
1488390 1233
1488400 1237
1488410 1241
1488420 1241
1488430 1241
1488440 1241
1488450 1241
1488460 1240
1488470 1240
1488480 1240
1488490 1240
1488500 1240
1488510 1240
1488520 1239
1488530 1239
1488540 1239
1488550 1238
1488560 1238
1488570 1238
1488580 1238
1488590 1238
1488600 1239
1488610 1239
1488620 1241
1488630 1241
1488640 1241
1488650 1240
1488660 1240
1488670 1240
1488680 1241
1488690 1242
1488700 1242
1488710 1242
1488720 1241
1488730 1241
1488740 1240
1488750 1238
1488760 1238
1488770 1235
1488780 1233
1488790 1233
1488800 1232
1488810 1228
1488820 1228
1488830 1223
1488840 1221
1488850 1221
1488860 1219
1488870 1216
1488880 1216
1488890 1213
1488900 1212
1488910 1212
1488920 1209
1488930 1207
1488940 1207
1488950 1206
1488960 1205
1488970 1205
1488980 1203
1488990 1203
1489000 1203
1489010 1202
1489020 1202
1489030 1202
1489040 1202
1489050 1202
1489060 1203
1489070 1203
1489080 1202
1489090 1201
1489100 1201
1489110 1199
1489120 1198
1489130 1198
1489140 1197
1489150 1196
1489160 1196
1489170 1195
1489180 1194
1489190 1194
1489200 1194
1489210 1193
1489220 1193
1489230 1193
1489240 1193
1489250 1193
1489260 1192
1489270 1192
1489280 1192
1489290 1191
1489300 1191
1489310 1191
1489320 1191
1489330 1190
1489340 1190
1489350 1190
1489360 1189
1489370 1189
1489380 1188
1489390 1189
1489400 1189
1489410 1187
1489420 1186
1489430 1186
1489440 1185
1489450 1186
1489460 1186
1489470 1186
1489480 1186
1489490 1187
1489500 1187
1489510 1188
1489520 1189
1489530 1189
1489540 1191
1489550 1192
1489560 1192
1489570 1194
1489580 1196
1489590 1196
1489600 1198
1489610 1199
1489620 1199
1489630 1201
1489640 1202
1489650 1202
1489660 1203
1489670 1205
1489680 1205
1489690 1206
1489700 1209
1489710 1209
1489720 1210
1489730 1212
1489740 1212
1489750 1214
1489760 1215
1489770 1215
1489780 1215
1489790 1215
1489800 1215
1489810 1214
1489820 1210
1489830 1210
1489840 1207
1489850 1203
1489860 1203
1489870 1199
1489880 1197
1489890 1197
1489900 1196
1489910 1196
1489920 1196
1489930 1196
1489940 1196
1489950 1196
1489960 1196
1489970 1196
1489980 1195
1489990 1195
1490000 1194
1490010 1194
1490020 1194
1490030 1194
1490040 1194
1490050 1194
1490060 1194
1490070 1194
1490080 1194
1490090 1193
1490100 1192
1490110 1192
1490120 1190
1490130 1189
1490140 1189
1490150 1188
1490160 1187
1490170 1187
1490180 1185
1490190 1183
1490200 1183
1490210 1182
1490220 1180
1490230 1180
1490240 1178
1490250 1177
1490260 1177
1490270 1175
1490280 1173
1490290 1173
1490300 1171
1490310 1167
1490320 1167
1490330 1162
1490340 1158
1490350 1158
1490360 1154
1490370 1151
1490380 1151
1490390 1148
1490400 1146
1490410 1145
1490420 1145
1490430 1143
1490440 1140
1490450 1140
1490460 1137
1490470 1134
1490480 1134
1490490 1132
1490500 1130
1490510 1130
1490520 1129
1490530 1130
1490540 1130
1490550 1130
1490560 1130
1490570 1130
1490580 1129
1490590 1130
1490600 1130
1490610 1130
1490620 1130
1490630 1130
1490640 1131
1490650 1132
1490660 1132
1490670 1133
1490680 1133
1490690 1133
1490700 1134
1490710 1138
1490720 1138
1490730 1140
1490740 1140
1490750 1140
1490760 1138
1490770 1138
1490780 1138
1490790 1139
1490800 1140
1490810 1140
1490820 1141
1490830 1141
1490840 1141
1490850 1140
1490860 1140
1490870 1138
1490880 1138
1490890 1137
1490900 1136
1490910 1136
1490920 1134
1490930 1132
1490940 1132
1490950 1131
1490960 1130
1490970 1130
1490980 1128
1490990 1123
1491000 1123
1491010 1118
1491020 1115
1491030 1115
1491040 1112
1491050 1109
1491060 1109
1491070 1107
1491080 1103
1491090 1103
1491100 1100
1491110 1096
1491120 1096
1491130 1093
1491140 1089
1491150 1089
1491160 1085
1491170 1082
1491180 1082
1491190 1080
1491200 1077
1491210 1077
1491220 1073
1491230 1070
1491240 1070
1491250 1067
1491260 1065
1491270 1065
1491280 1062
1491290 1059
1491300 1059
1491310 1057
1491320 1055
1491330 1053
1491340 1053
1491350 1052
1491360 1051
1491370 1051
1491380 1049
1491390 1048
1491400 1048
1491410 1047
1491420 1046
1491430 1046
1491440 1043
1491450 1042
1491460 1042
1491470 1040
1491480 1039
1491490 1039
1491500 1037
1491510 1035
1491520 1035
1491530 1033
1491540 1031
1491550 1031
1491560 1030
1491570 1028
1491580 1028
1491590 1026
1491600 1025
1491610 1025
1491620 1024
1491630 1023
1491640 1023
1491650 1020
1491660 1018
1491670 1018
1491680 1017
1491690 1015
1491700 1015
1491710 1014
1491720 1013
1491730 1013
1491740 1013
1491750 1013
1491760 1013
1491770 1013
1491780 1013
1491790 1012
1491800 1012
1491810 1012
1491820 1013
1491830 1013
1491840 1015
1491850 1015
1491860 1015
1491870 1015
1491880 1014
1491890 1014
1491900 1013
1491910 1013
1491920 1013
1491930 1012
1491940 1011
1491950 1011
1491960 1010
1491970 1010
1491980 1010
1491990 1009
1492000 1006
1492010 1006
1492020 1003
1492030 1001
1492040 1001
1492050 998
1492060 998
1492070 998
1492080 997
1492090 995
1492100 995
1492110 994
1492120 991
1492130 991
1492140 987
1492150 986
1492160 986
1492170 985
1492180 985
1492190 985
1492200 984
1492210 981
1492220 981
1492230 980
1492240 980
1492250 979
1492260 979
1492270 978
1492280 977
1492290 977
1492300 976
1492310 976
1492320 976
1492330 972
1492340 965
1492350 965
1492360 958
1492370 951
1492380 951
1492390 945
1492400 939
1492410 939
1492420 933
1492430 928
1492440 928
1492450 923
1492460 918
1492470 918
1492480 911
1492490 903
1492500 903
1492510 896
1492520 890
1492530 890
1492540 884
1492550 873
1492560 873
1492570 860
1492580 850
1492590 850
1492600 841
1492610 831
1492620 831
1492630 823
1492640 814
1492650 814
1492660 805
1492670 795
1492680 795
1492690 787
1492700 778
1492710 769
1492720 769
1492730 762
1492740 755
1492750 755
1492760 748
1492770 741
1492780 741
1492790 734
1492800 728
1492810 728
1492820 723
1492830 717
1492840 717
1492850 712
1492860 707
1492870 707
1492880 702
1492890 697
1492900 697
1492910 694
1492920 692
1492930 692
1492940 689
1492950 685
1492960 685
1492970 680
1492980 674
1492990 674
1493000 668
1493010 664
1493020 664
1493030 658
1493040 652
1493050 652
1493060 646
1493070 639
1493080 639
1493090 633
1493100 629
1493110 629
1493120 625
1493130 623
1493140 623
1493150 620
1493160 611
1493170 601
1493180 601
1493190 597
1493200 598
1493210 598
1493220 607
1493230 618
1493240 618
1493250 621
1493260 627
1493270 627
1493280 633
1493290 637
1493300 637
1493310 642
1493320 644
1493330 644
1493340 645
1493350 646
1493360 646
1493370 649
1493380 653
1493390 653
1493400 658
1493410 660
1493420 660
1493430 663
1493440 666
1493450 666
1493460 670
1493470 673
1493480 673
1493490 674
1493500 670
1493510 670
1493520 667
1493530 668
1493540 668
1493550 669
1493560 669
1493570 669
1493580 670
1493590 670
1493600 670
1493610 669
1493620 667
1493630 665
1493640 665
1493650 666
1493660 667
1493670 667
1493680 668
1493690 667
1493700 667
1493710 666
1493720 666
1493730 666
1493740 667
1493750 666
1493760 666
1493770 667
1493780 669
1493790 669
1493800 671
1493810 673
1493820 673
1493830 674
1493840 677
1493850 677
1493860 679
1493870 683
1493880 683
1493890 687
1493900 691
1493910 691
1493920 694
1493930 698
1493940 698
1493950 701
1493960 705
1493970 705
1493980 709
1493990 713
1494000 713
1494010 718
1494020 723
1494030 723
1494040 729
1494050 738
1494060 738
1494070 743
1494080 747
1494090 751
1494100 751
1494110 754
1494120 757
1494130 757
1494140 759
1494150 762
1494160 762
1494170 765
1494180 768
1494190 768
1494200 770
1494210 773
1494220 773
1494230 775
1494240 777
1494250 777
1494260 778
1494270 779
1494280 779
1494290 780
1494300 781
1494310 781
1494320 782
1494330 783
1494340 783
1494350 784
1494360 785
1494370 785
1494380 786
1494390 788
1494400 788
1494410 790
1494420 792
1494430 792
1494440 795
1494450 798
1494460 798
1494470 800
1494480 803
1494490 803
1494500 805
1494510 807
1494520 807
1494530 808
1494540 809
1494550 810
1494560 810
1494570 811
1494580 811
1494590 811
1494600 810
1494610 808
1494620 808
1494630 807
1494640 808
1494650 808
1494660 808
1494670 809
1494680 809
1494690 810
1494700 811
1494710 811
1494720 813
1494730 814
1494740 814
1494750 816
1494760 816
1494770 816
1494780 817
1494790 817
1494800 817
1494810 816
1494820 816
1494830 816
1494840 814
1494850 811
1494860 811
1494870 807
1494880 803
1494890 803
1494900 799
1494910 796
1494920 796
1494930 794
1494940 794
1494950 794
1494960 792
1494970 788
1494980 788
1494990 788
1495000 789
1495010 789
1495020 789
1495030 784
1495040 781
1495050 781
1495060 782
1495070 783
1495080 783
1495090 785
1495100 789
1495110 789
1495120 793
1495130 797
1495140 797
1495150 800
1495160 801
1495170 801
1495180 801
1495190 802
1495200 802
1495210 802
1495220 801
1495230 801
1495240 801
1495250 803
1495260 803
1495270 803
1495280 804
1495290 804
1495300 805
1495310 805
1495320 805
1495330 806
1495340 811
1495350 811
1495360 816
1495370 821
1495380 821
1495390 823
1495400 825
1495410 825
1495420 826
1495430 828
1495440 828
1495450 829
1495460 823
1495470 820
1495480 820
1495490 821
1495500 819
1495510 819
1495520 815
1495530 810
1495540 810
1495550 805
1495560 799
1495570 799
1495580 794
1495590 788
1495600 788
1495610 784
1495620 780
1495630 780
1495640 775
1495650 772
1495660 772
1495670 770
1495680 766
1495690 766
1495700 762
1495710 760
1495720 760
1495730 760
1495740 762
1495750 762
1495760 761
1495770 760
1495780 760
1495790 759
1495800 758
1495810 758
1495820 754
1495830 753
1495840 753
1495850 752
1495860 750
1495870 750
1495880 750
1495890 750
1495900 750
1495910 751
1495920 752
1495930 750
1495940 750
1495950 747
1495960 747
1495970 747
1495980 747
1495990 746
1496000 746
1496010 745
1496020 743
1496030 743
1496040 741
1496050 740
1496060 740
1496070 740
1496080 741
1496090 741
1496100 742
1496110 742
1496120 742
1496130 741
1496140 743
1496150 743
1496160 745
1496170 743
1496180 743
1496190 739
1496200 739
1496210 739
1496220 739
1496230 737
1496240 737
1496250 735
1496260 733
1496270 733
1496280 730
1496290 728
1496300 728
1496310 727
1496320 725
1496330 725
1496340 725
1496350 725
1496360 725
1496370 723
1496380 719
1496390 716
1496400 716
1496410 716
1496420 714
1496430 714
1496440 710
1496450 706
1496460 706
1496470 704
1496480 703
1496490 703
1496500 703
1496510 705
1496520 705
1496530 706
1496540 709
1496550 709
1496560 710
1496570 710
1496580 710
1496590 710
1496600 709
1496610 709
1496620 708
1496630 707
1496640 707
1496650 706
1496660 705
1496670 705
1496680 704
1496690 703
1496700 703
1496710 701
1496720 699
1496730 699
1496740 698
1496750 697
1496760 697
1496770 696
1496780 695
1496790 695
1496800 694
1496810 692
1496820 692
1496830 691
1496840 690
1496850 689
1496860 689
1496870 687
1496880 684
1496890 684
1496900 680
1496910 676
1496920 676
1496930 671
1496940 668
1496950 668
1496960 666
1496970 664
1496980 664
1496990 663
1497000 663
1497010 663
1497020 661
1497030 658
1497040 658
1497050 654
1497060 650
1497070 650
1497080 646
1497090 643
1497100 643
1497110 642
1497120 640
1497130 640
1497140 637
1497150 636
1497160 636
1497170 636
1497180 637
1497190 637
1497200 636
1497210 637
1497220 637
1497230 636
1497240 636
1497250 636
1497260 635
1497270 633
1497280 633
1497290 630
1497300 628
1497310 628
1497320 628
1497330 628
1497340 627
1497350 627
1497360 626
1497370 624
1497380 624
1497390 622
1497400 621
1497410 621
1497420 620
1497430 618
1497440 618
1497450 615
1497460 612
1497470 612
1497480 611
1497490 614
1497500 614
1497510 614
1497520 611
1497530 611
1497540 609
1497550 607
1497560 607
1497570 606
1497580 607
1497590 607
1497600 607
1497610 604
1497620 604
1497630 602
1497640 599
1497650 599
1497660 596
1497670 593
1497680 593
1497690 591
1497700 591
1497710 591
1497720 590
1497730 590
1497740 590
1497750 590
1497760 592
1497770 592
1497780 592
1497790 592
1497800 592
1497810 592
1497820 590
1497830 589
1497840 589
1497850 590
1497860 590
1497870 590
1497880 589
1497890 589
1497900 589
1497910 588
1497920 588
1497930 588
1497940 588
1497950 587
1497960 587
1497970 585
1497980 584
1497990 584
1498000 584
1498010 584
1498020 584
1498030 584
1498040 583
1498050 583
1498060 583
1498070 583
1498080 583
1498090 583
1498100 582
1498110 582
1498120 581
1498130 580
1498140 580
1498150 580
1498160 578
1498170 578
1498180 578
1498190 578
1498200 578
1498210 577
1498220 578
1498230 580
1498240 580
1498250 580
1498260 579
1498270 579
1498280 579
1498290 579
1498300 579
1498310 579
1498320 580
1498330 580
1498340 582
1498350 582
1498360 582
1498370 581
1498380 580
1498390 580
1498400 581
1498410 583
1498420 583
1498430 585
1498440 586
1498450 586
1498460 586
1498470 586
1498480 586
1498490 584
1498500 584
1498510 584
1498520 582
1498530 576
1498540 576
1498550 573
1498560 575
1498570 575
1498580 574
1498590 572
1498600 572
1498610 574
1498620 577
1498630 577
1498640 579
1498650 580
1498660 580
1498670 582
1498680 582
1498690 583
1498700 583
1498710 583
1498720 583
1498730 583
1498740 583
1498750 583
1498760 583
1498770 583
1498780 583
1498790 583
1498800 582
1498810 582
1498820 582
1498830 582
1498840 581
1498850 581
1498860 580
1498870 579
1498880 579
1498890 577
1498900 577
1498910 577
1498920 576
1498930 576
1498940 576
1498950 575
1498960 576
1498970 576
1498980 577
1498990 579
1499000 579
1499010 580
1499020 582
1499030 582
1499040 583
1499050 584
1499060 584
1499070 584
1499080 585
1499090 585
1499100 586
1499110 586
1499120 586
1499130 587
1499140 588
1499150 589
1499160 589
1499170 590
1499180 591
1499190 591
1499200 592
1499210 592
1499220 592
1499230 593
1499240 594
1499250 594
1499260 594
1499270 594
1499280 594
1499290 595
1499300 595
1499310 595
1499320 596
1499330 596
1499340 596
1499350 596
1499360 597
1499370 597
1499380 597
1499390 597
1499400 597
1499410 598
1499420 598
1499430 598
1499440 598
1499450 598
1499460 598
1499470 599
1499480 599
1499490 599
1499500 599
1499510 599
1499520 599
1499530 599
1499540 599
1499550 599
1499560 599
1499570 598
1499580 598
1499590 598
1499600 598
1499610 597
1499620 597
1499630 597
1499640 596
1499650 596
1499660 595
1499670 595
1499680 595
1499690 594
1499700 594
1499710 594
1499720 594
1499730 593
1499740 593
1499750 593
1499760 593
1499770 593
1499780 593
1499790 593
1499800 593
1499810 592
1499820 593
1499830 593
1499840 593
1499850 593
1499860 593
1499870 593
1499880 593
1499890 593
1499900 593
1499910 593
1499920 593
1499930 593
1499940 593
1499950 593
1499960 593
1499970 593
1499980 593
1499990 593
