1480000 748
1480010 748
1480020 748
1480030 748
1480040 747
1480050 747
1480060 745
1480070 744
1480080 744
1480090 744
1480100 744
1480110 744
1480120 745
1480130 745
1480140 745
1480150 745
1480160 745
1480170 745
1480180 746
1480190 746
1480200 746
1480210 746
1480220 746
1480230 746
1480240 747
1480250 745
1480260 746
1480270 746
1480280 746
1480290 746
1480300 746
1480310 746
1480320 746
1480330 746
1480340 747
1480350 747
1480360 747
1480370 747
1480380 747
1480390 747
1480400 747
1480410 747
1480420 747
1480430 748
1480440 748
1480450 748
1480460 748
1480470 748
1480480 748
1480490 748
1480500 749
1480510 749
1480520 749
1480530 749
1480540 749
1480550 750
1480560 750
1480570 750
1480580 750
1480590 750
1480600 750
1480610 750
1480620 750
1480630 750
1480640 750
1480650 751
1480660 751
1480670 751
1480680 751
1480690 751
1480700 752
1480710 752
1480720 752
1480730 752
1480740 752
1480750 752
1480760 752
1480770 752
1480780 753
1480790 753
1480800 753
1480810 757
1480820 757
1480830 758
1480840 759
1480850 759
1480860 759
1480870 758
1480880 758
1480890 756
1480900 756
1480910 756
1480920 756
1480930 755
1480940 755
1480950 755
1480960 755
1480970 755
1480980 755
1480990 755
1481000 755
1481010 754
1481020 756
1481030 756
1481040 756
1481050 756
1481060 756
1481070 756
1481080 756
1481090 756
1481100 756
1481110 757
1481120 757
1481130 757
1481140 757
1481150 757
1481160 757
1481170 758
1481180 759
1481190 759
1481200 760
1481210 761
1481220 761
1481230 763
1481240 763
1481250 763
1481260 764
1481270 764
1481280 764
1481290 764
1481300 764
1481310 764
1481320 765
1481330 766
1481340 766
1481350 767
1481360 769
1481370 769
1481380 773
1481390 783
1481400 783
1481410 790
1481420 793
1481430 793
1481440 795
1481450 798
1481460 798
1481470 801
1481480 806
1481490 806
1481500 813
1481510 822
1481520 822
1481530 830
1481540 836
1481550 836
1481560 841
1481570 844
1481580 844
1481590 847
1481600 852
1481610 852
1481620 855
1481630 860
1481640 867
1481650 867
1481660 875
1481670 883
1481680 883
1481690 889
1481700 896
1481710 896
1481720 901
1481730 909
1481740 909
1481750 916
1481760 923
1481770 923
1481780 929
1481790 935
1481800 935
1481810 940
1481820 946
1481830 946
1481840 951
1481850 958
1481860 958
1481870 965
1481880 972
1481890 972
1481900 979
1481910 987
1481920 987
1481930 994
1481940 1002
1481950 1002
1481960 1010
1481970 1018
1481980 1018
1481990 1026
1482000 1034
1482010 1034
1482020 1045
1482030 1064
1482040 1064
1482050 1078
1482060 1085
1482070 1085
1482080 1089
1482090 1093
1482100 1096
1482110 1096
1482120 1098
1482130 1100
1482140 1100
1482150 1102
1482160 1104
1482170 1104
1482180 1105
1482190 1106
1482200 1106
1482210 1106
1482220 1106
1482230 1106
1482240 1106
1482250 1106
1482260 1106
1482270 1105
1482280 1105
1482290 1105
1482300 1104
1482310 1103
1482320 1103
1482330 1102
1482340 1101
1482350 1101
1482360 1100
1482370 1099
1482380 1099
1482390 1097
1482400 1096
1482410 1096
1482420 1095
1482430 1094
1482440 1094
1482450 1092
1482460 1091
1482470 1091
1482480 1089
1482490 1088
1482500 1088
1482510 1087
1482520 1085
1482530 1085
1482540 1082
1482550 1079
1482560 1079
1482570 1076
1482580 1074
1482590 1071
1482600 1071
1482610 1069
1482620 1067
1482630 1067
1482640 1064
1482650 1060
1482660 1060
1482670 1057
1482680 1055
1482690 1055
1482700 1053
1482710 1050
1482720 1050
1482730 1048
1482740 1047
1482750 1047
1482760 1044
1482770 1042
1482780 1042
1482790 1041
1482800 1040
1482810 1040
1482820 1038
1482830 1036
1482840 1036
1482850 1035
1482860 1034
1482870 1034
1482880 1033
1482890 1032
1482900 1032
1482910 1030
1482920 1028
1482930 1028
1482940 1026
1482950 1022
1482960 1022
1482970 1019
1482980 1021
1482990 1021
1483000 1019
1483010 1017
1483020 1017
1483030 1014
1483040 1011
1483050 1007
1483060 1007
1483070 1006
1483080 1003
1483090 1003
1483100 1006
1483110 1011
1483120 1011
1483130 1011
1483140 1012
1483150 1012
1483160 1017
1483170 1018
1483180 1018
1483190 1019
1483200 1022
1483210 1022
1483220 1027
1483230 1032
1483240 1032
1483250 1037
1483260 1039
1483270 1039
1483280 1040
1483290 1039
1483300 1039
1483310 1040
1483320 1043
1483330 1043
1483340 1046
1483350 1051
1483360 1051
1483370 1058
1483380 1065
1483390 1065
1483400 1071
1483410 1076
1483420 1076
1483430 1081
1483440 1086
1483450 1086
1483460 1091
1483470 1095
1483480 1095
1483490 1100
1483500 1105
1483510 1109
1483520 1109
1483530 1113
1483540 1118
1483550 1118
1483560 1123
1483570 1127
1483580 1127
1483590 1132
1483600 1136
1483610 1136
1483620 1139
1483630 1143
1483640 1143
1483650 1147
1483660 1150
1483670 1150
1483680 1154
1483690 1158
1483700 1158
1483710 1161
1483720 1164
1483730 1164
1483740 1167
1483750 1170
1483760 1170
1483770 1172
1483780 1173
1483790 1173
1483800 1174
1483810 1176
1483820 1176
1483830 1177
1483840 1178
1483850 1178
1483860 1179
1483870 1180
1483880 1180
1483890 1181
1483900 1182
1483910 1182
1483920 1182
1483930 1184
1483940 1184
1483950 1185
1483960 1186
1483970 1187
1483980 1187
1483990 1186
1484000 1188
1484010 1188
1484020 1189
1484030 1190
1484040 1190
1484050 1192
1484060 1193
1484070 1193
1484080 1194
1484090 1194
1484100 1194
1484110 1195
1484120 1196
1484130 1196
1484140 1196
1484150 1197
1484160 1197
1484170 1198
1484180 1199
1484190 1199
1484200 1198
1484210 1199
1484220 1199
1484230 1201
1484240 1203
1484250 1203
1484260 1205
1484270 1208
1484280 1208
1484290 1209
1484300 1211
1484310 1211
1484320 1212
1484330 1214
1484340 1214
1484350 1216
1484360 1219
1484370 1219
1484380 1222
1484390 1224
1484400 1224
1484410 1225
1484420 1227
1484430 1228
1484440 1228
1484450 1229
1484460 1230
1484470 1230
1484480 1232
1484490 1233
1484500 1233
1484510 1234
1484520 1235
1484530 1235
1484540 1236
1484550 1237
1484560 1237
1484570 1238
1484580 1239
1484590 1239
1484600 1240
1484610 1241
1484620 1241
1484630 1242
1484640 1243
1484650 1243
1484660 1243
1484670 1244
1484680 1244
1484690 1245
1484700 1245
1484710 1245
1484720 1246
1484730 1246
1484740 1246
1484750 1246
1484760 1246
1484770 1246
1484780 1246
1484790 1247
1484800 1247
1484810 1247
1484820 1248
1484830 1248
1484840 1249
1484850 1250
1484860 1250
1484870 1251
1484880 1252
1484890 1253
1484900 1253
1484910 1255
1484920 1256
1484930 1256
1484940 1257
1484950 1257
1484960 1257
1484970 1256
1484980 1256
1484990 1256
1485000 1256
1485010 1256
1485020 1256
1485030 1257
1485040 1256
1485050 1256
1485060 1255
1485070 1252
1485080 1252
1485090 1251
1485100 1249
1485110 1249
1485120 1248
1485130 1247
1485140 1247
1485150 1246
1485160 1245
1485170 1245
1485180 1245
1485190 1246
1485200 1246
1485210 1247
1485220 1248
1485230 1248
1485240 1248
1485250 1248
1485260 1248
1485270 1248
1485280 1248
1485290 1248
1485300 1249
1485310 1249
1485320 1249
1485330 1249
1485340 1249
1485350 1249
1485360 1249
1485370 1250
1485380 1251
1485390 1251
1485400 1252
1485410 1251
1485420 1251
1485430 1250
1485440 1249
1485450 1249
1485460 1248
1485470 1249
1485480 1249
1485490 1252
1485500 1254
1485510 1254
1485520 1254
1485530 1253
1485540 1253
1485550 1252
1485560 1252
1485570 1252
1485580 1252
1485590 1252
1485600 1252
1485610 1253
1485620 1253
1485630 1253
1485640 1251
1485650 1249
1485660 1249
1485670 1248
1485680 1248
1485690 1248
1485700 1248
1485710 1249
1485720 1249
1485730 1249
1485740 1249
1485750 1249
1485760 1249
1485770 1251
1485780 1251
1485790 1254
1485800 1255
1485810 1255
1485820 1255
1485830 1255
1485840 1256
1485850 1256
1485860 1256
1485870 1256
1485880 1256
1485890 1257
1485900 1256
1485910 1256
1485920 1255
1485930 1254
1485940 1254
1485950 1254
1485960 1254
1485970 1254
1485980 1254
1485990 1253
1486000 1253
1486010 1252
1486020 1251
1486030 1251
1486040 1250
1486050 1250
1486060 1250
1486070 1249
1486080 1249
1486090 1249
1486100 1249
1486110 1249
1486120 1249
1486130 1249
1486140 1250
1486150 1250
1486160 1250
1486170 1250
1486180 1250
1486190 1251
1486200 1252
1486210 1252
1486220 1254
1486230 1256
1486240 1256
1486250 1258
1486260 1258
1486270 1257
1486280 1257
1486290 1257
1486300 1258
1486310 1258
1486320 1259
1486330 1260
1486340 1260
1486350 1261
1486360 1262
1486370 1262
1486380 1263
1486390 1263
1486400 1263
1486410 1263
1486420 1263
1486430 1263
1486440 1263
1486450 1263
1486460 1263
1486470 1264
1486480 1265
1486490 1265
1486500 1265
1486510 1266
1486520 1266
1486530 1267
1486540 1267
1486550 1267
1486560 1268
1486570 1269
1486580 1269
1486590 1269
1486600 1270
1486610 1270
1486620 1270
1486630 1270
1486640 1270
1486650 1271
1486660 1272
1486670 1272
1486680 1272
1486690 1273
1486700 1273
1486710 1274
1486720 1276
1486730 1278
1486740 1278
1486750 1280
1486760 1280
1486770 1280
1486780 1281
1486790 1281
1486800 1281
1486810 1280
1486820 1280
1486830 1280
1486840 1279
1486850 1279
1486860 1279
1486870 1279
1486880 1279
1486890 1279
1486900 1278
1486910 1277
1486920 1277
1486930 1276
1486940 1277
1486950 1277
1486960 1278
1486970 1279
1486980 1279
1486990 1282
1487000 1285
1487010 1285
1487020 1289
1487030 1293
1487040 1293
1487050 1296
1487060 1298
1487070 1298
1487080 1300
1487090 1302
1487100 1302
1487110 1304
1487120 1305
1487130 1305
1487140 1305
1487150 1305
1487160 1305
1487170 1307
1487180 1307
1487190 1307
1487200 1307
1487210 1306
1487220 1305
1487230 1305
1487240 1304
1487250 1303
1487260 1303
1487270 1302
1487280 1301
1487290 1301
1487300 1300
1487310 1299
1487320 1299
1487330 1298
1487340 1295
1487350 1295
1487360 1294
1487370 1293
1487380 1293
1487390 1291
1487400 1290
1487410 1290
1487420 1289
1487430 1287
1487440 1287
1487450 1286
1487460 1284
1487470 1284
1487480 1282
1487490 1280
1487500 1280
1487510 1278
1487520 1275
1487530 1275
1487540 1272
1487550 1268
1487560 1268
1487570 1265
1487580 1262
1487590 1262
1487600 1259
1487610 1256
1487620 1256
1487630 1253
1487640 1249
1487650 1249
1487660 1247
1487670 1246
1487680 1245
1487690 1245
1487700 1244
1487710 1243
1487720 1243
1487730 1241
1487740 1237
1487750 1237
1487760 1233
1487770 1231
1487780 1231
1487790 1228
1487800 1224
1487810 1224
1487820 1222
1487830 1219
1487840 1219
1487850 1216
1487860 1213
1487870 1213
1487880 1211
1487890 1209
1487900 1209
1487910 1208
1487920 1205
1487930 1205
1487940 1203
1487950 1201
1487960 1201
1487970 1198
1487980 1196
1487990 1196
1488000 1194
1488010 1193
1488020 1193
1488030 1192
1488040 1191
1488050 1191
1488060 1189
1488070 1188
1488080 1188
1488090 1187
1488100 1186
1488110 1186
1488120 1184
1488130 1182
1488140 1181
1488150 1181
1488160 1179
1488170 1178
1488180 1178
1488190 1176
1488200 1174
1488210 1174
1488220 1172
1488230 1169
1488240 1169
1488250 1169
1488260 1171
1488270 1171
1488280 1170
1488290 1168
1488300 1168
1488310 1166
1488320 1165
1488330 1165
1488340 1163
1488350 1163
1488360 1163
1488370 1165
1488380 1166
1488390 1166
1488400 1165
1488410 1166
1488420 1166
1488430 1167
1488440 1167
1488450 1167
1488460 1167
1488470 1167
1488480 1167
1488490 1169
1488500 1169
1488510 1169
1488520 1168
1488530 1170
1488540 1170
1488550 1173
1488560 1170
1488570 1170
1488580 1169
1488590 1168
1488600 1168
1488610 1168
1488620 1167
1488630 1166
1488640 1166
1488650 1165
1488660 1165
1488670 1165
1488680 1166
1488690 1165
1488700 1165
1488710 1164
1488720 1161
1488730 1161
1488740 1160
1488750 1159
1488760 1159
1488770 1159
1488780 1159
1488790 1159
1488800 1156
1488810 1152
1488820 1152
1488830 1149
1488840 1147
1488850 1147
1488860 1144
1488870 1142
1488880 1142
1488890 1142
1488900 1143
1488910 1143
1488920 1143
1488930 1141
1488940 1141
1488950 1139
1488960 1138
1488970 1138
1488980 1136
1488990 1135
1489000 1135
1489010 1136
1489020 1138
1489030 1138
1489040 1136
1489050 1135
1489060 1135
1489070 1135
1489080 1134
1489090 1131
1489100 1131
1489110 1127
1489120 1125
1489130 1125
1489140 1124
1489150 1125
1489160 1125
1489170 1128
1489180 1131
1489190 1131
1489200 1134
1489210 1138
1489220 1138
1489230 1143
1489240 1145
1489250 1145
1489260 1144
1489270 1142
1489280 1142
1489290 1141
1489300 1140
1489310 1140
1489320 1138
1489330 1136
1489340 1136
1489350 1136
1489360 1136
1489370 1136
1489380 1134
1489390 1134
1489400 1134
1489410 1133
1489420 1133
1489430 1133
1489440 1134
1489450 1136
1489460 1136
1489470 1138
1489480 1138
1489490 1138
1489500 1140
1489510 1143
1489520 1147
1489530 1147
1489540 1151
1489550 1155
1489560 1155
1489570 1159
1489580 1161
1489590 1161
1489600 1164
1489610 1167
1489620 1167
1489630 1171
1489640 1174
1489650 1174
1489660 1177
1489670 1177
1489680 1177
1489690 1177
1489700 1179
1489710 1179
1489720 1182
1489730 1184
1489740 1184
1489750 1186
1489760 1188
1489770 1188
1489780 1190
1489790 1192
1489800 1192
1489810 1195
1489820 1197
1489830 1197
1489840 1199
1489850 1201
1489860 1201
1489870 1203
1489880 1209
1489890 1209
1489900 1217
1489910 1221
1489920 1221
1489930 1224
1489940 1227
1489950 1227
1489960 1229
1489970 1230
1489980 1232
1489990 1232
1490000 1235
1490010 1238
1490020 1238
1490030 1241
1490040 1243
1490050 1243
1490060 1244
1490070 1245
1490080 1245
1490090 1245
1490100 1244
1490110 1244
1490120 1244
1490130 1244
1490140 1244
1490150 1244
1490160 1244
1490170 1244
1490180 1244
1490190 1243
1490200 1243
1490210 1241
1490220 1238
1490230 1238
1490240 1236
1490250 1235
1490260 1235
1490270 1234
1490280 1233
1490290 1233
1490300 1232
1490310 1230
1490320 1230
1490330 1229
1490340 1227
1490350 1227
1490360 1227
1490370 1226
1490380 1226
1490390 1225
1490400 1223
1490410 1223
1490420 1222
1490430 1219
1490440 1217
1490450 1217
1490460 1214
1490470 1212
1490480 1212
1490490 1211
1490500 1209
1490510 1209
1490520 1208
1490530 1206
1490540 1206
1490550 1205
1490560 1203
1490570 1203
1490580 1201
1490590 1199
1490600 1199
1490610 1196
1490620 1194
1490630 1194
1490640 1192
1490650 1190
1490660 1190
1490670 1188
1490680 1185
1490690 1185
1490700 1183
1490710 1180
1490720 1180
1490730 1177
1490740 1174
1490750 1174
1490760 1170
1490770 1167
1490780 1167
1490790 1163
1490800 1160
1490810 1160
1490820 1157
1490830 1153
1490840 1153
1490850 1150
1490860 1146
1490870 1146
1490880 1143
1490890 1141
1490900 1139
1490910 1139
1490920 1136
1490930 1134
1490940 1134
1490950 1130
1490960 1126
1490970 1126
1490980 1121
1490990 1116
1491000 1116
1491010 1113
1491020 1111
1491030 1111
1491040 1108
1491050 1106
1491060 1106
1491070 1104
1491080 1103
1491090 1103
1491100 1101
1491110 1098
1491120 1098
1491130 1094
1491140 1091
1491150 1091
1491160 1088
1491170 1085
1491180 1085
1491190 1081
1491200 1078
1491210 1078
1491220 1077
1491230 1075
1491240 1075
1491250 1074
1491260 1071
1491270 1071
1491280 1064
1491290 1058
1491300 1058
1491310 1054
1491320 1050
1491330 1050
1491340 1046
1491350 1044
1491360 1044
1491370 1043
1491380 1042
1491390 1042
1491400 1042
1491410 1041
1491420 1041
1491430 1041
1491440 1041
1491450 1040
1491460 1040
1491470 1039
1491480 1037
1491490 1037
1491500 1036
1491510 1035
1491520 1035
1491530 1035
1491540 1035
1491550 1035
1491560 1035
1491570 1035
1491580 1035
1491590 1035
1491600 1035
1491610 1035
1491620 1035
1491630 1035
1491640 1035
1491650 1033
1491660 1032
1491670 1032
1491680 1032
1491690 1033
1491700 1033
1491710 1034
1491720 1034
1491730 1034
1491740 1035
1491750 1036
1491760 1036
1491770 1037
1491780 1037
1491790 1037
1491800 1038
1491810 1041
1491820 1041
1491830 1044
1491840 1045
1491850 1046
1491860 1046
1491870 1046
1491880 1045
1491890 1045
1491900 1045
1491910 1044
1491920 1044
1491930 1040
1491940 1034
1491950 1034
1491960 1027
1491970 1021
1491980 1021
1491990 1013
1492000 1006
1492010 1006
1492020 998
1492030 990
1492040 990
1492050 981
1492060 972
1492070 972
1492080 964
1492090 957
1492100 957
1492110 951
1492120 946
1492130 946
1492140 941
1492150 939
1492160 939
1492170 934
1492180 927
1492190 927
1492200 920
1492210 911
1492220 911
1492230 902
1492240 894
1492250 894
1492260 887
1492270 882
1492280 882
1492290 876
1492300 871
1492310 866
1492320 866
1492330 863
1492340 858
1492350 858
1492360 853
1492370 849
1492380 849
1492390 844
1492400 840
1492410 840
1492420 835
1492430 831
1492440 831
1492450 826
1492460 821
1492470 821
1492480 814
1492490 809
1492500 809
1492510 804
1492520 800
1492530 800
1492540 795
1492550 789
1492560 789
1492570 784
1492580 779
1492590 779
1492600 775
1492610 769
1492620 769
1492630 764
1492640 760
1492650 760
1492660 755
1492670 750
1492680 750
1492690 741
1492700 730
1492710 730
1492720 726
1492730 721
1492740 721
1492750 716
1492760 713
1492770 711
1492780 711
1492790 712
1492800 713
1492810 713
1492820 714
1492830 712
1492840 712
1492850 711
1492860 709
1492870 709
1492880 708
1492890 706
1492900 706
1492910 704
1492920 702
1492930 702
1492940 700
1492950 697
1492960 697
1492970 695
1492980 693
1492990 693
1493000 691
1493010 688
1493020 688
1493030 686
1493040 684
1493050 684
1493060 682
1493070 679
1493080 679
1493090 677
1493100 674
1493110 674
1493120 672
1493130 670
1493140 670
1493150 669
1493160 668
1493170 668
1493180 667
1493190 665
1493200 665
1493210 665
1493220 661
1493230 655
1493240 655
1493250 649
1493260 643
1493270 643
1493280 636
1493290 629
1493300 629
1493310 624
1493320 616
1493330 616
1493340 596
1493350 585
1493360 585
1493370 583
1493380 589
1493390 589
1493400 600
1493410 613
1493420 613
1493430 625
1493440 630
1493450 630
1493460 633
1493470 636
1493480 636
1493490 641
1493500 646
1493510 646
1493520 649
1493530 651
1493540 651
1493550 653
1493560 656
1493570 656
1493580 660
1493590 664
1493600 664
1493610 669
1493620 673
1493630 673
1493640 675
1493650 678
1493660 678
1493670 681
1493680 683
1493690 684
1493700 684
1493710 685
1493720 686
1493730 686
1493740 686
1493750 686
1493760 686
1493770 685
1493780 686
1493790 686
1493800 686
1493810 686
1493820 686
1493830 686
1493840 685
1493850 685
1493860 685
1493870 684
1493880 684
1493890 683
1493900 681
1493910 681
1493920 679
1493930 678
1493940 678
1493950 677
1493960 676
1493970 676
1493980 675
1493990 678
1494000 678
1494010 681
1494020 685
1494030 685
1494040 689
1494050 693
1494060 693
1494070 696
1494080 699
1494090 699
1494100 702
1494110 704
1494120 704
1494130 707
1494140 709
1494150 710
1494160 710
1494170 711
1494180 712
1494190 712
1494200 712
1494210 712
1494220 712
1494230 711
1494240 710
1494250 710
1494260 709
1494270 707
1494280 707
1494290 704
1494300 699
1494310 699
1494320 694
1494330 690
1494340 690
1494350 686
1494360 684
1494370 684
1494380 682
1494390 681
1494400 681
1494410 680
1494420 679
1494430 679
1494440 679
1494450 679
1494460 679
1494470 679
1494480 677
1494490 677
1494500 678
1494510 679
1494520 679
1494530 681
1494540 683
1494550 683
1494560 684
1494570 686
1494580 686
1494590 687
1494600 688
1494610 688
1494620 689
1494630 690
1494640 692
1494650 692
1494660 693
1494670 694
1494680 694
1494690 695
1494700 696
1494710 696
1494720 699
1494730 701
1494740 701
1494750 703
1494760 704
1494770 704
1494780 703
1494790 696
1494800 696
1494810 690
1494820 686
1494830 686
1494840 683
1494850 680
1494860 680
1494870 678
1494880 675
1494890 675
1494900 673
1494910 671
1494920 671
1494930 669
1494940 668
1494950 668
1494960 669
1494970 670
1494980 670
1494990 672
1495000 675
1495010 675
1495020 677
1495030 678
1495040 678
1495050 678
1495060 677
1495070 677
1495080 677
1495090 676
1495100 674
1495110 674
1495120 671
1495130 668
1495140 668
1495150 667
1495160 666
1495170 666
1495180 667
1495190 668
1495200 668
1495210 669
1495220 667
1495230 667
1495240 664
1495250 661
1495260 661
1495270 660
1495280 659
1495290 659
1495300 658
1495310 656
1495320 656
1495330 655
1495340 654
1495350 654
1495360 654
1495370 654
1495380 654
1495390 654
1495400 654
1495410 654
1495420 654
1495430 654
1495440 654
1495450 655
1495460 656
1495470 656
1495480 656
1495490 657
1495500 657
1495510 657
1495520 657
1495530 657
1495540 656
1495550 655
1495560 655
1495570 655
1495580 653
1495590 651
1495600 651
1495610 651
1495620 650
1495630 650
1495640 649
1495650 648
1495660 648
1495670 647
1495680 646
1495690 646
1495700 648
1495710 648
1495720 648
1495730 646
1495740 645
1495750 645
1495760 644
1495770 642
1495780 642
1495790 641
1495800 641
1495810 641
1495820 641
1495830 641
1495840 641
1495850 639
1495860 636
1495870 636
1495880 634
1495890 632
1495900 632
1495910 632
1495920 633
1495930 633
1495940 634
1495950 635
1495960 635
1495970 637
1495980 637
1495990 637
1496000 637
1496010 638
1496020 638
1496030 638
1496040 640
1496050 641
1496060 641
1496070 645
1496080 647
1496090 647
1496100 650
1496110 651
1496120 651
1496130 651
1496140 649
1496150 649
1496160 648
1496170 649
1496180 649
1496190 648
1496200 647
1496210 647
1496220 648
1496230 648
1496240 648
1496250 648
1496260 646
1496270 646
1496280 642
1496290 641
1496300 641
1496310 640
1496320 639
1496330 639
1496340 640
1496350 638
1496360 638
1496370 634
1496380 634
1496390 634
1496400 632
1496410 630
1496420 630
1496430 628
1496440 625
1496450 625
1496460 622
1496470 619
1496480 617
1496490 617
1496500 615
1496510 614
1496520 614
1496530 611
1496540 608
1496550 608
1496560 604
1496570 603
1496580 603
1496590 603
1496600 602
1496610 602
1496620 600
1496630 598
1496640 598
1496650 596
1496660 594
1496670 594
1496680 592
1496690 591
1496700 591
1496710 589
1496720 587
1496730 587
1496740 586
1496750 584
1496760 584
1496770 582
1496780 581
1496790 581
1496800 579
1496810 578
1496820 578
1496830 576
1496840 575
1496850 575
1496860 573
1496870 572
1496880 572
1496890 570
1496900 569
1496910 569
1496920 567
1496930 566
1496940 565
1496950 565
1496960 565
1496970 566
1496980 566
1496990 566
1497000 565
1497010 565
1497020 565
1497030 564
1497040 564
1497050 562
1497060 560
1497070 560
1497080 559
1497090 558
1497100 558
1497110 557
1497120 557
1497130 557
1497140 558
1497150 558
1497160 558
1497170 557
1497180 557
1497190 557
1497200 557
1497210 557
1497220 557
1497230 557
1497240 557
1497250 557
1497260 556
1497270 556
1497280 556
1497290 557
1497300 557
1497310 557
1497320 557
1497330 557
1497340 557
1497350 556
1497360 556
1497370 556
1497380 556
1497390 555
1497400 555
1497410 555
1497420 555
1497430 555
1497440 555
1497450 555
1497460 554
1497470 554
1497480 554
1497490 554
1497500 554
1497510 554
1497520 554
1497530 554
1497540 553
1497550 552
1497560 552
1497570 552
1497580 551
1497590 551
1497600 551
1497610 552
1497620 552
1497630 552
1497640 551
1497650 551
1497660 551
1497670 551
1497680 551
1497690 552
1497700 551
1497710 551
1497720 551
1497730 551
1497740 551
1497750 551
1497760 551
1497770 551
1497780 551
1497790 551
1497800 551
1497810 550
1497820 550
1497830 550
1497840 550
1497850 550
1497860 550
1497870 550
1497880 550
1497890 549
1497900 549
1497910 549
1497920 549
1497930 549
1497940 549
1497950 548
1497960 548
1497970 548
1497980 548
1497990 548
1498000 548
1498010 547
1498020 547
1498030 547
1498040 547
1498050 547
1498060 548
1498070 549
1498080 549
1498090 549
1498100 550
1498110 550
1498120 550
1498130 550
1498140 550
1498150 551
1498160 551
1498170 551
1498180 550
1498190 549
1498200 549
1498210 548
1498220 548
1498230 548
1498240 547
1498250 547
1498260 547
1498270 547
1498280 546
1498290 546
1498300 546
1498310 546
1498320 546
1498330 546
1498340 546
1498350 546
1498360 546
1498370 547
1498380 547
1498390 547
1498400 547
1498410 547
1498420 547
1498430 547
1498440 548
1498450 548
1498460 547
1498470 547
1498480 547
1498490 547
1498500 548
1498510 548
1498520 548
1498530 547
1498540 547
1498550 547
1498560 547
1498570 547
1498580 547
1498590 547
1498600 547
1498610 547
1498620 547
1498630 547
1498640 547
1498650 547
1498660 547
1498670 547
1498680 547
1498690 547
1498700 546
1498710 546
1498720 546
1498730 546
1498740 546
1498750 546
1498760 546
1498770 546
1498780 546
1498790 546
1498800 546
1498810 546
1498820 546
1498830 546
1498840 546
1498850 546
1498860 546
1498870 546
1498880 546
1498890 545
1498900 545
1498910 545
1498920 545
1498930 545
1498940 545
1498950 545
1498960 545
1498970 545
1498980 544
1498990 544
1499000 544
1499010 544
1499020 544
1499030 544
1499040 544
1499050 544
1499060 544
1499070 544
1499080 544
1499090 544
1499100 543
1499110 544
1499120 544
1499130 544
1499140 544
1499150 544
1499160 544
1499170 544
1499180 544
1499190 544
1499200 544
1499210 544
1499220 544
1499230 544
1499240 544
1499250 544
1499260 544
1499270 545
1499280 545
1499290 545
1499300 545
1499310 545
1499320 545
1499330 545
1499340 545
1499350 545
1499360 545
1499370 545
1499380 545
1499390 544
1499400 544
1499410 544
1499420 544
1499430 544
1499440 544
1499450 544
1499460 544
1499470 544
1499480 544
1499490 544
1499500 544
1499510 544
1499520 544
1499530 543
1499540 543
1499550 543
1499560 543
1499570 543
1499580 543
1499590 543
1499600 543
1499610 543
1499620 543
1499630 543
1499640 543
1499650 543
1499660 543
1499670 543
1499680 543
1499690 543
1499700 543
1499710 543
1499720 543
1499730 543
1499740 543
1499750 542
1499760 542
1499770 542
1499780 542
1499790 542
1499800 542
1499810 542
1499820 542
1499830 542
1499840 542
1499850 542
1499860 542
1499870 542
1499880 542
1499890 542
1499900 542
1499910 542
1499920 542
1499930 542
1499940 542
1499950 542
1499960 541
1499970 541
1499980 541
1499990 542
