1480000 1258
1480010 1260
1480020 1260
1480030 1263
1480040 1264
1480050 1264
1480060 1265
1480070 1267
1480080 1267
1480090 1268
1480100 1270
1480110 1272
1480120 1272
1480130 1272
1480140 1273
1480150 1273
1480160 1274
1480170 1275
1480180 1275
1480190 1276
1480200 1277
1480210 1277
1480220 1278
1480230 1279
1480240 1279
1480250 1282
1480260 1285
1480270 1285
1480280 1289
1480290 1294
1480300 1294
1480310 1298
1480320 1299
1480330 1299
1480340 1299
1480350 1298
1480360 1298
1480370 1297
1480380 1297
1480390 1297
1480400 1296
1480410 1296
1480420 1296
1480430 1296
1480440 1295
1480450 1295
1480460 1294
1480470 1292
1480480 1292
1480490 1290
1480500 1289
1480510 1289
1480520 1288
1480530 1287
1480540 1287
1480550 1284
1480560 1282
1480570 1280
1480580 1280
1480590 1279
1480600 1278
1480610 1278
1480620 1276
1480630 1274
1480640 1274
1480650 1271
1480660 1269
1480670 1269
1480680 1266
1480690 1262
1480700 1262
1480710 1260
1480720 1257
1480730 1257
1480740 1255
1480750 1253
1480760 1253
1480770 1250
1480780 1248
1480790 1248
1480800 1249
1480810 1248
1480820 1248
1480830 1245
1480840 1243
1480850 1243
1480860 1241
1480870 1238
1480880 1238
1480890 1236
1480900 1233
1480910 1233
1480920 1230
1480930 1227
1480940 1227
1480950 1225
1480960 1222
1480970 1222
1480980 1220
1480990 1218
1481000 1218
1481010 1217
1481020 1215
1481030 1215
1481040 1215
1481050 1214
1481060 1214
1481070 1214
1481080 1213
1481090 1211
1481100 1211
1481110 1210
1481120 1208
1481130 1208
1481140 1206
1481150 1204
1481160 1204
1481170 1201
1481180 1198
1481190 1198
1481200 1196
1481210 1193
1481220 1193
1481230 1190
1481240 1187
1481250 1187
1481260 1185
1481270 1182
1481280 1182
1481290 1179
1481300 1177
1481310 1177
1481320 1174
1481330 1169
1481340 1169
1481350 1168
1481360 1168
1481370 1168
1481380 1166
1481390 1165
1481400 1165
1481410 1163
1481420 1161
1481430 1161
1481440 1159
1481450 1157
1481460 1157
1481470 1155
1481480 1153
1481490 1153
1481500 1150
1481510 1148
1481520 1148
1481530 1146
1481540 1145
1481550 1143
1481560 1143
1481570 1140
1481580 1139
1481590 1139
1481600 1138
1481610 1137
1481620 1137
1481630 1135
1481640 1133
1481650 1133
1481660 1131
1481670 1129
1481680 1129
1481690 1126
1481700 1124
1481710 1124
1481720 1121
1481730 1119
1481740 1119
1481750 1116
1481760 1112
1481770 1112
1481780 1109
1481790 1107
1481800 1107
1481810 1105
1481820 1103
1481830 1103
1481840 1102
1481850 1100
1481860 1100
1481870 1097
1481880 1095
1481890 1095
1481900 1092
1481910 1090
1481920 1090
1481930 1087
1481940 1083
1481950 1083
1481960 1080
1481970 1077
1481980 1077
1481990 1074
1482000 1073
1482010 1071
1482020 1071
1482030 1070
1482040 1068
1482050 1068
1482060 1066
1482070 1065
1482080 1065
1482090 1063
1482100 1061
1482110 1061
1482120 1058
1482130 1054
1482140 1054
1482150 1051
1482160 1047
1482170 1047
1482180 1043
1482190 1038
1482200 1038
1482210 1032
1482220 1028
1482230 1028
1482240 1022
1482250 1016
1482260 1016
1482270 1011
1482280 1007
1482290 1007
1482300 1002
1482310 997
1482320 997
1482330 991
1482340 985
1482350 985
1482360 978
1482370 971
1482380 971
1482390 966
1482400 962
1482410 962
1482420 958
1482430 953
1482440 953
1482450 949
1482460 946
1482470 946
1482480 941
1482490 938
1482500 934
1482510 934
1482520 930
1482530 927
1482540 927
1482550 923
1482560 919
1482570 919
1482580 915
1482590 912
1482600 912
1482610 910
1482620 910
1482630 910
1482640 913
1482650 916
1482660 916
1482670 919
1482680 922
1482690 922
1482700 925
1482710 926
1482720 926
1482730 927
1482740 930
1482750 930
1482760 933
1482770 936
1482780 936
1482790 940
1482800 944
1482810 944
1482820 948
1482830 952
1482840 952
1482850 956
1482860 962
1482870 962
1482880 967
1482890 973
1482900 973
1482910 979
1482920 985
1482930 985
1482940 989
1482950 993
1482960 993
1482970 999
1482980 1005
1482990 1010
1483000 1010
1483010 1015
1483020 1019
1483030 1019
1483040 1022
1483050 1026
1483060 1026
1483070 1029
1483080 1031
1483090 1031
1483100 1032
1483110 1034
1483120 1034
1483130 1036
1483140 1038
1483150 1038
1483160 1041
1483170 1044
1483180 1044
1483190 1046
1483200 1048
1483210 1048
1483220 1049
1483230 1049
1483240 1049
1483250 1049
1483260 1051
1483270 1051
1483280 1052
1483290 1054
1483300 1054
1483310 1056
1483320 1058
1483330 1058
1483340 1061
1483350 1064
1483360 1064
1483370 1067
1483380 1071
1483390 1071
1483400 1074
1483410 1076
1483420 1076
1483430 1079
1483440 1083
1483450 1087
1483460 1087
1483470 1091
1483480 1094
1483490 1094
1483500 1098
1483510 1101
1483520 1101
1483530 1103
1483540 1106
1483550 1106
1483560 1110
1483570 1113
1483580 1113
1483590 1116
1483600 1118
1483610 1118
1483620 1119
1483630 1120
1483640 1120
1483650 1121
1483660 1123
1483670 1123
1483680 1125
1483690 1128
1483700 1128
1483710 1130
1483720 1133
1483730 1133
1483740 1135
1483750 1138
1483760 1138
1483770 1141
1483780 1145
1483790 1145
1483800 1150
1483810 1155
1483820 1155
1483830 1157
1483840 1163
1483850 1163
1483860 1168
1483870 1171
1483880 1171
1483890 1175
1483900 1179
1483910 1179
1483920 1183
1483930 1186
1483940 1190
1483950 1190
1483960 1196
1483970 1203
1483980 1203
1483990 1209
1484000 1214
1484010 1214
1484020 1218
1484030 1222
1484040 1222
1484050 1227
1484060 1231
1484070 1231
1484080 1234
1484090 1237
1484100 1237
1484110 1241
1484120 1245
1484130 1245
1484140 1250
1484150 1254
1484160 1254
1484170 1259
1484180 1263
1484190 1263
1484200 1267
1484210 1270
1484220 1270
1484230 1274
1484240 1277
1484250 1277
1484260 1280
1484270 1283
1484280 1283
1484290 1286
1484300 1289
1484310 1289
1484320 1292
1484330 1294
1484340 1294
1484350 1297
1484360 1299
1484370 1299
1484380 1302
1484390 1305
1484400 1305
1484410 1309
1484420 1312
1484430 1315
1484440 1315
1484450 1318
1484460 1322
1484470 1322
1484480 1326
1484490 1330
1484500 1330
1484510 1333
1484520 1337
1484530 1337
1484540 1340
1484550 1344
1484560 1344
1484570 1347
1484580 1350
1484590 1350
1484600 1352
1484610 1353
1484620 1353
1484630 1356
1484640 1359
1484650 1359
1484660 1362
1484670 1364
1484680 1364
1484690 1366
1484700 1367
1484710 1367
1484720 1367
1484730 1366
1484740 1366
1484750 1363
1484760 1360
1484770 1360
1484780 1357
1484790 1354
1484800 1354
1484810 1351
1484820 1349
1484830 1349
1484840 1344
1484850 1338
1484860 1338
1484870 1334
1484880 1331
1484890 1328
1484900 1328
1484910 1325
1484920 1323
1484930 1323
1484940 1322
1484950 1320
1484960 1320
1484970 1316
1484980 1311
1484990 1311
1485000 1306
1485010 1303
1485020 1303
1485030 1301
1485040 1300
1485050 1300
1485060 1298
1485070 1294
1485080 1294
1485090 1290
1485100 1286
1485110 1286
1485120 1282
1485130 1278
1485140 1278
1485150 1274
1485160 1272
1485170 1272
1485180 1269
1485190 1264
1485200 1264
1485210 1261
1485220 1257
1485230 1257
1485240 1255
1485250 1252
1485260 1252
1485270 1250
1485280 1248
1485290 1248
1485300 1245
1485310 1241
1485320 1241
1485330 1237
1485340 1234
1485350 1234
1485360 1231
1485370 1229
1485380 1227
1485390 1227
1485400 1225
1485410 1222
1485420 1222
1485430 1219
1485440 1217
1485450 1217
1485460 1215
1485470 1213
1485480 1213
1485490 1211
1485500 1209
1485510 1209
1485520 1206
1485530 1203
1485540 1203
1485550 1200
1485560 1202
1485570 1202
1485580 1203
1485590 1203
1485600 1203
1485610 1201
1485620 1200
1485630 1200
1485640 1197
1485650 1193
1485660 1193
1485670 1189
1485680 1185
1485690 1185
1485700 1181
1485710 1178
1485720 1178
1485730 1175
1485740 1176
1485750 1176
1485760 1177
1485770 1176
1485780 1176
1485790 1175
1485800 1173
1485810 1173
1485820 1171
1485830 1170
1485840 1170
1485850 1169
1485860 1168
1485870 1168
1485880 1168
1485890 1168
1485900 1168
1485910 1168
1485920 1167
1485930 1165
1485940 1165
1485950 1164
1485960 1163
1485970 1163
1485980 1161
1485990 1158
1486000 1158
1486010 1151
1486020 1145
1486030 1145
1486040 1141
1486050 1136
1486060 1136
1486070 1131
1486080 1126
1486090 1126
1486100 1121
1486110 1113
1486120 1113
1486130 1101
1486140 1092
1486150 1092
1486160 1089
1486170 1088
1486180 1088
1486190 1085
1486200 1083
1486210 1083
1486220 1083
1486230 1084
1486240 1084
1486250 1084
1486260 1083
1486270 1083
1486280 1081
1486290 1080
1486300 1080
1486310 1074
1486320 1067
1486330 1064
1486340 1064
1486350 1068
1486360 1070
1486370 1070
1486380 1067
1486390 1064
1486400 1064
1486410 1062
1486420 1059
1486430 1059
1486440 1056
1486450 1054
1486460 1054
1486470 1051
1486480 1049
1486490 1049
1486500 1046
1486510 1044
1486520 1044
1486530 1041
1486540 1038
1486550 1038
1486560 1034
1486570 1031
1486580 1031
1486590 1030
1486600 1029
1486610 1029
1486620 1026
1486630 1023
1486640 1023
1486650 1019
1486660 1016
1486670 1016
1486680 1014
1486690 1011
1486700 1011
1486710 1007
1486720 1004
1486730 1004
1486740 1001
1486750 999
1486760 999
1486770 996
1486780 996
1486790 996
1486800 994
1486810 990
1486820 985
1486830 985
1486840 980
1486850 973
1486860 973
1486870 969
1486880 967
1486890 967
1486900 968
1486910 973
1486920 973
1486930 981
1486940 986
1486950 986
1486960 989
1486970 989
1486980 989
1486990 987
1487000 987
1487010 987
1487020 986
1487030 984
1487040 984
1487050 982
1487060 978
1487070 978
1487080 974
1487090 970
1487100 970
1487110 966
1487120 963
1487130 963
1487140 960
1487150 959
1487160 959
1487170 959
1487180 957
1487190 957
1487200 951
1487210 943
1487220 943
1487230 937
1487240 933
1487250 933
1487260 929
1487270 927
1487280 927
1487290 926
1487300 927
1487310 926
1487320 926
1487330 925
1487340 924
1487350 924
1487360 922
1487370 918
1487380 918
1487390 912
1487400 907
1487410 907
1487420 903
1487430 903
1487440 903
1487450 908
1487460 906
1487470 906
1487480 910
1487490 913
1487500 913
1487510 916
1487520 919
1487530 919
1487540 925
1487550 929
1487560 929
1487570 934
1487580 939
1487590 939
1487600 943
1487610 947
1487620 947
1487630 949
1487640 948
1487650 948
1487660 946
1487670 945
1487680 945
1487690 945
1487700 948
1487710 948
1487720 950
1487730 950
1487740 950
1487750 952
1487760 954
1487770 955
1487780 955
1487790 956
1487800 956
1487810 956
1487820 957
1487830 958
1487840 958
1487850 959
1487860 959
1487870 959
1487880 960
1487890 961
1487900 961
1487910 962
1487920 963
1487930 963
1487940 963
1487950 964
1487960 964
1487970 965
1487980 966
1487990 966
1488000 968
1488010 969
1488020 969
1488030 971
1488040 972
1488050 972
1488060 974
1488070 976
1488080 976
1488090 980
1488100 985
1488110 985
1488120 990
1488130 992
1488140 992
1488150 993
1488160 994
1488170 994
1488180 996
1488190 998
1488200 998
1488210 1000
1488220 1002
1488230 1002
1488240 1007
1488250 1012
1488260 1015
1488270 1015
1488280 1018
1488290 1020
1488300 1020
1488310 1022
1488320 1023
1488330 1023
1488340 1023
1488350 1024
1488360 1024
1488370 1025
1488380 1026
1488390 1026
1488400 1025
1488410 1024
1488420 1024
1488430 1022
1488440 1019
1488450 1019
1488460 1017
1488470 1015
1488480 1015
1488490 1012
1488500 1009
1488510 1009
1488520 1006
1488530 1003
1488540 1003
1488550 1000
1488560 997
1488570 997
1488580 994
1488590 991
1488600 991
1488610 989
1488620 987
1488630 987
1488640 985
1488650 982
1488660 982
1488670 980
1488680 977
1488690 977
1488700 975
1488710 974
1488720 974
1488730 973
1488740 972
1488750 972
1488760 972
1488770 972
1488780 971
1488790 971
1488800 970
1488810 969
1488820 969
1488830 968
1488840 966
1488850 966
1488860 964
1488870 962
1488880 962
1488890 959
1488900 957
1488910 957
1488920 954
1488930 953
1488940 953
1488950 953
1488960 952
1488970 952
1488980 953
1488990 948
1489000 948
1489010 940
1489020 934
1489030 934
1489040 929
1489050 924
1489060 924
1489070 920
1489080 916
1489090 916
1489100 912
1489110 908
1489120 908
1489130 904
1489140 903
1489150 903
1489160 902
1489170 901
1489180 901
1489190 900
1489200 896
1489210 892
1489220 892
1489230 891
1489240 892
1489250 892
1489260 889
1489270 884
1489280 884
1489290 876
1489300 868
1489310 868
1489320 861
1489330 849
1489340 849
1489350 836
1489360 829
1489370 829
1489380 825
1489390 818
1489400 818
1489410 810
1489420 802
1489430 802
1489440 796
1489450 791
1489460 791
1489470 788
1489480 786
1489490 786
1489500 783
1489510 781
1489520 781
1489530 778
1489540 775
1489550 775
1489560 771
1489570 768
1489580 768
1489590 764
1489600 760
1489610 760
1489620 756
1489630 751
1489640 751
1489650 745
1489660 740
1489670 740
1489680 736
1489690 732
1489700 729
1489710 729
1489720 726
1489730 724
1489740 724
1489750 723
1489760 721
1489770 721
1489780 720
1489790 719
1489800 719
1489810 719
1489820 718
1489830 718
1489840 717
1489850 716
1489860 716
1489870 715
1489880 714
1489890 714
1489900 711
1489910 709
1489920 709
1489930 706
1489940 704
1489950 704
1489960 702
1489970 699
1489980 699
1489990 697
1490000 694
1490010 694
1490020 692
1490030 690
1490040 690
1490050 688
1490060 686
1490070 686
1490080 684
1490090 681
1490100 681
1490110 676
1490120 671
1490130 671
1490140 667
1490150 662
1490160 662
1490170 657
1490180 656
1490190 659
1490200 659
1490210 661
1490220 660
1490230 660
1490240 661
1490250 661
1490260 661
1490270 661
1490280 662
1490290 662
1490300 661
1490310 658
1490320 658
1490330 656
1490340 655
1490350 655
1490360 652
1490370 649
1490380 649
1490390 653
1490400 655
1490410 655
1490420 656
1490430 655
1490440 655
1490450 655
1490460 655
1490470 655
1490480 654
1490490 653
1490500 653
1490510 652
1490520 651
1490530 651
1490540 651
1490550 651
1490560 651
1490570 652
1490580 652
1490590 652
1490600 653
1490610 660
1490620 660
1490630 662
1490640 667
1490650 667
1490660 669
1490670 669
1490680 671
1490690 671
1490700 674
1490710 676
1490720 676
1490730 677
1490740 679
1490750 679
1490760 681
1490770 683
1490780 683
1490790 685
1490800 687
1490810 687
1490820 689
1490830 693
1490840 693
1490850 696
1490860 700
1490870 700
1490880 703
1490890 705
1490900 705
1490910 708
1490920 712
1490930 712
1490940 715
1490950 718
1490960 718
1490970 722
1490980 726
1490990 726
1491000 729
1491010 733
1491020 733
1491030 736
1491040 740
1491050 740
1491060 744
1491070 747
1491080 747
1491090 750
1491100 752
1491110 752
1491120 755
1491130 757
1491140 758
1491150 758
1491160 759
1491170 760
1491180 760
1491190 761
1491200 762
1491210 762
1491220 763
1491230 763
1491240 763
1491250 762
1491260 760
1491270 760
1491280 758
1491290 757
1491300 757
1491310 754
1491320 751
1491330 751
1491340 748
1491350 744
1491360 744
1491370 740
1491380 731
1491390 731
1491400 724
1491410 717
1491420 717
1491430 712
1491440 707
1491450 707
1491460 701
1491470 695
1491480 695
1491490 686
1491500 674
1491510 674
1491520 662
1491530 650
1491540 650
1491550 638
1491560 630
1491570 630
1491580 623
1491590 615
1491600 615
1491610 608
1491620 603
1491630 599
1491640 599
1491650 597
1491660 596
1491670 596
1491680 596
1491690 595
1491700 595
1491710 595
1491720 595
1491730 595
1491740 594
1491750 595
1491760 595
1491770 597
1491780 599
1491790 599
1491800 600
1491810 604
1491820 604
1491830 607
1491840 609
1491850 609
1491860 611
1491870 612
1491880 612
1491890 610
1491900 608
1491910 608
1491920 605
1491930 602
1491940 602
1491950 599
1491960 596
1491970 596
1491980 593
1491990 590
1492000 590
1492010 585
1492020 580
1492030 580
1492040 577
1492050 573
1492060 573
1492070 572
1492080 570
1492090 570
1492100 569
1492110 568
1492120 566
1492130 566
1492140 564
1492150 562
1492160 562
1492170 561
1492180 559
1492190 559
1492200 557
1492210 555
1492220 555
1492230 554
1492240 553
1492250 553
1492260 553
1492270 552
1492280 552
1492290 552
1492300 552
1492310 552
1492320 552
1492330 551
1492340 551
1492350 551
1492360 551
1492370 551
1492380 551
1492390 552
1492400 552
1492410 552
1492420 552
1492430 552
1492440 552
1492450 552
1492460 552
1492470 552
1492480 552
1492490 552
1492500 552
1492510 552
1492520 552
1492530 552
1492540 552
1492550 552
1492560 552
1492570 552
1492580 552
1492590 552
1492600 552
1492610 552
1492620 552
1492630 552
1492640 552
1492650 552
1492660 552
1492670 552
1492680 552
1492690 552
1492700 552
1492710 552
1492720 552
1492730 553
1492740 553
1492750 553
1492760 553
1492770 553
1492780 553
1492790 553
1492800 553
1492810 553
1492820 553
1492830 553
1492840 553
1492850 553
1492860 553
1492870 553
1492880 554
1492890 554
1492900 554
1492910 554
1492920 554
1492930 554
1492940 555
1492950 555
1492960 555
1492970 555
1492980 555
1492990 555
1493000 555
1493010 555
1493020 555
1493030 555
1493040 555
1493050 555
1493060 555
1493070 554
1493080 554
1493090 554
1493100 554
1493110 554
1493120 554
1493130 554
1493140 554
1493150 554
1493160 554
1493170 554
1493180 554
1493190 554
1493200 554
1493210 554
1493220 554
1493230 554
1493240 554
1493250 555
1493260 555
1493270 555
1493280 556
1493290 556
1493300 555
1493310 555
1493320 555
1493330 555
1493340 555
1493350 555
1493360 554
1493370 554
1493380 554
1493390 554
1493400 554
1493410 554
1493420 554
1493430 554
1493440 554
1493450 554
1493460 555
1493470 555
1493480 556
1493490 556
1493500 556
1493510 556
1493520 556
1493530 556
1493540 557
1493550 556
1493560 556
1493570 556
1493580 556
1493590 556
1493600 556
1493610 555
1493620 555
1493630 555
1493640 555
1493650 555
1493660 555
1493670 555
1493680 555
1493690 555
1493700 555
1493710 555
1493720 555
1493730 555
1493740 555
1493750 555
1493760 555
1493770 555
1493780 555
1493790 554
1493800 554
1493810 554
1493820 554
1493830 554
1493840 554
1493850 554
1493860 553
1493870 553
1493880 553
1493890 553
1493900 553
1493910 553
1493920 553
1493930 553
1493940 553
1493950 553
1493960 553
1493970 553
1493980 552
1493990 552
1494000 552
1494010 552
1494020 552
1494030 552
1494040 552
1494050 552
1494060 552
1494070 552
1494080 552
1494090 552
1494100 552
1494110 552
1494120 552
1494130 551
1494140 551
1494150 551
1494160 551
1494170 551
1494180 551
1494190 552
1494200 552
1494210 552
1494220 552
1494230 552
1494240 552
1494250 552
1494260 551
1494270 551
1494280 551
1494290 551
1494300 551
1494310 551
1494320 551
1494330 551
1494340 551
1494350 551
1494360 551
1494370 551
1494380 551
1494390 551
1494400 550
1494410 550
1494420 550
1494430 550
1494440 550
1494450 550
1494460 550
1494470 550
1494480 550
1494490 550
1494500 549
1494510 549
1494520 549
1494530 549
1494540 549
1494550 549
1494560 549
1494570 549
1494580 549
1494590 549
1494600 548
1494610 548
1494620 548
1494630 548
1494640 548
1494650 548
1494660 548
1494670 548
1494680 548
1494690 548
1494700 548
1494710 548
1494720 548
1494730 548
1494740 548
1494750 547
1494760 547
1494770 547
1494780 547
1494790 547
1494800 547
1494810 547
1494820 547
1494830 547
1494840 547
1494850 547
1494860 547
1494870 547
1494880 547
1494890 546
1494900 546
1494910 546
1494920 546
1494930 544
1494940 544
1494950 544
1494960 544
1494970 544
1494980 543
1494990 544
1495000 543
1495010 543
1495020 544
1495030 544
1495040 544
1495050 544
1495060 544
1495070 544
1495080 543
1495090 543
1495100 543
1495110 543
1495120 543
1495130 543
1495140 543
1495150 543
1495160 543
1495170 543
1495180 543
1495190 543
1495200 543
1495210 543
1495220 543
1495230 543
1495240 543
1495250 543
1495260 543
1495270 543
1495280 543
1495290 542
1495300 542
1495310 542
1495320 542
1495330 543
1495340 543
1495350 542
1495360 541
1495370 541
1495380 540
1495390 540
1495400 540
1495410 540
1495420 540
1495430 540
1495440 540
1495450 541
1495460 541
1495470 541
1495480 541
1495490 542
1495500 542
1495510 542
1495520 542
1495530 542
1495540 542
1495550 541
1495560 541
1495570 541
1495580 541
1495590 541
1495600 541
1495610 540
1495620 540
1495630 540
1495640 540
1495650 540
1495660 540
1495670 540
1495680 540
1495690 539
1495700 539
1495710 539
1495720 539
1495730 539
1495740 539
1495750 539
1495760 539
1495770 539
1495780 539
1495790 539
1495800 539
1495810 538
1495820 538
1495830 538
1495840 538
1495850 538
1495860 538
1495870 538
1495880 538
1495890 538
1495900 538
1495910 538
1495920 538
1495930 538
1495940 538
1495950 538
1495960 538
1495970 538
1495980 538
1495990 538
1496000 538
1496010 538
1496020 538
1496030 538
1496040 538
1496050 538
1496060 538
1496070 538
1496080 538
1496090 538
1496100 538
1496110 538
1496120 538
1496130 538
1496140 538
1496150 538
1496160 538
1496170 538
1496180 538
1496190 538
1496200 538
1496210 538
1496220 538
1496230 538
1496240 538
1496250 538
1496260 538
1496270 538
1496280 538
1496290 538
1496300 538
1496310 538
1496320 538
1496330 538
1496340 538
1496350 538
1496360 538
1496370 538
1496380 538
1496390 538
1496400 538
1496410 538
1496420 538
1496430 538
1496440 538
1496450 538
1496460 538
1496470 538
1496480 538
1496490 538
1496500 538
1496510 538
1496520 538
1496530 538
1496540 538
1496550 538
1496560 538
1496570 538
1496580 538
1496590 538
1496600 538
1496610 538
1496620 538
1496630 538
1496640 538
1496650 538
1496660 538
1496670 538
1496680 538
1496690 538
1496700 538
1496710 538
1496720 538
1496730 538
1496740 538
1496750 538
1496760 538
1496770 538
1496780 538
1496790 538
1496800 538
1496810 538
1496820 538
1496830 538
1496840 538
1496850 538
1496860 538
1496870 538
1496880 538
1496890 538
1496900 538
1496910 538
1496920 538
1496930 538
1496940 538
1496950 538
1496960 538
1496970 538
1496980 538
1496990 538
1497000 538
1497010 538
1497020 538
1497030 538
1497040 538
1497050 538
1497060 538
1497070 538
1497080 538
1497090 538
1497100 538
1497110 538
1497120 538
1497130 538
1497140 538
1497150 538
1497160 538
1497170 538
1497180 538
1497190 538
1497200 538
1497210 538
1497220 538
1497230 538
1497240 538
1497250 538
1497260 538
1497270 538
1497280 538
1497290 538
1497300 538
1497310 538
1497320 538
1497330 538
1497340 538
1497350 538
1497360 538
1497370 538
1497380 538
1497390 538
1497400 538
1497410 538
1497420 538
1497430 538
1497440 538
1497450 538
1497460 538
1497470 538
1497480 538
1497490 538
1497500 538
1497510 538
1497520 538
1497530 538
1497540 538
1497550 538
1497560 538
1497570 538
1497580 538
1497590 538
1497600 538
1497610 538
1497620 538
1497630 538
1497640 538
1497650 538
1497660 538
1497670 538
1497680 538
1497690 538
1497700 538
1497710 538
1497720 538
1497730 538
1497740 538
1497750 538
1497760 538
1497770 538
1497780 538
1497790 538
1497800 538
1497810 538
1497820 538
1497830 538
1497840 538
1497850 538
1497860 538
1497870 538
1497880 538
1497890 538
1497900 538
1497910 538
1497920 538
1497930 538
1497940 538
1497950 538
1497960 538
1497970 538
1497980 538
1497990 538
1498000 538
1498010 538
1498020 538
1498030 538
1498040 538
1498050 538
1498060 538
1498070 538
1498080 538
1498090 538
1498100 538
1498110 538
1498120 538
1498130 538
1498140 538
1498150 538
1498160 538
1498170 538
1498180 538
1498190 538
1498200 538
1498210 538
1498220 538
1498230 538
1498240 538
1498250 538
1498260 538
1498270 538
1498280 538
1498290 538
1498300 538
1498310 538
1498320 538
1498330 538
1498340 538
1498350 538
1498360 538
1498370 538
1498380 538
1498390 538
1498400 539
1498410 539
1498420 541
1498430 545
1498440 545
1498450 549
1498460 551
1498470 551
1498480 551
1498490 550
1498500 550
1498510 548
1498520 547
1498530 547
1498540 546
1498550 545
1498560 545
1498570 545
1498580 545
1498590 545
1498600 544
1498610 544
1498620 544
1498630 544
1498640 544
1498650 544
1498660 544
1498670 545
1498680 545
1498690 547
1498700 549
1498710 549
1498720 550
1498730 550
1498740 550
1498750 547
1498760 543
1498770 543
1498780 544
1498790 544
1498800 544
1498810 544
1498820 544
1498830 544
1498840 544
1498850 544
1498860 544
1498870 544
1498880 544
1498890 543
1498900 543
1498910 543
1498920 543
1498930 543
1498940 543
1498950 543
1498960 543
1498970 543
1498980 543
1498990 543
1499000 543
1499010 543
1499020 543
1499030 543
1499040 543
1499050 543
1499060 543
1499070 543
1499080 543
1499090 543
1499100 544
1499110 544
1499120 544
1499130 545
1499140 545
1499150 546
1499160 547
1499170 547
1499180 548
1499190 550
1499200 550
1499210 551
1499220 552
1499230 552
1499240 553
1499250 555
1499260 555
1499270 556
1499280 558
1499290 558
1499300 560
1499310 562
1499320 563
1499330 563
1499340 565
1499350 569
1499360 569
1499370 572
1499380 576
1499390 576
1499400 580
1499410 584
1499420 584
1499430 587
1499440 590
1499450 590
1499460 593
1499470 595
1499480 595
1499490 598
1499500 601
1499510 601
1499520 604
1499530 607
1499540 607
1499550 610
1499560 613
1499570 613
1499580 617
1499590 622
1499600 622
1499610 626
1499620 630
1499630 630
1499640 634
1499650 639
1499660 639
1499670 643
1499680 646
1499690 646
1499700 647
1499710 647
1499720 647
1499730 648
1499740 648
1499750 648
1499760 648
1499770 648
1499780 648
1499790 646
1499800 644
1499810 644
1499820 644
1499830 645
1499840 649
1499850 649
1499860 653
1499870 652
1499880 652
1499890 649
1499900 646
1499910 646
1499920 645
1499930 643
1499940 643
1499950 642
1499960 642
1499970 642
1499980 642
1499990 642
