1480000 1330
1480010 1331
1480020 1335
1480030 1335
1480040 1339
1480050 1344
1480060 1344
1480070 1349
1480080 1354
1480090 1354
1480100 1360
1480110 1366
1480120 1366
1480130 1372
1480140 1375
1480150 1375
1480160 1377
1480170 1379
1480180 1379
1480190 1381
1480200 1382
1480210 1382
1480220 1383
1480230 1384
1480240 1384
1480250 1384
1480260 1383
1480270 1383
1480280 1381
1480290 1379
1480300 1379
1480310 1375
1480320 1370
1480330 1370
1480340 1363
1480350 1356
1480360 1356
1480370 1350
1480380 1344
1480390 1344
1480400 1339
1480410 1333
1480420 1333
1480430 1328
1480440 1323
1480450 1323
1480460 1317
1480470 1312
1480480 1312
1480490 1307
1480500 1300
1480510 1293
1480520 1293
1480530 1287
1480540 1281
1480550 1281
1480560 1277
1480570 1275
1480580 1275
1480590 1273
1480600 1272
1480610 1272
1480620 1270
1480630 1269
1480640 1269
1480650 1268
1480660 1267
1480670 1267
1480680 1266
1480690 1265
1480700 1265
1480710 1264
1480720 1263
1480730 1263
1480740 1262
1480750 1261
1480760 1261
1480770 1259
1480780 1257
1480790 1257
1480800 1255
1480810 1252
1480820 1252
1480830 1250
1480840 1247
1480850 1247
1480860 1243
1480870 1242
1480880 1242
1480890 1241
1480900 1238
1480910 1238
1480920 1235
1480930 1234
1480940 1234
1480950 1233
1480960 1232
1480970 1232
1480980 1231
1480990 1230
1481000 1230
1481010 1230
1481020 1228
1481030 1227
1481040 1227
1481050 1225
1481060 1222
1481070 1222
1481080 1221
1481090 1219
1481100 1219
1481110 1217
1481120 1214
1481130 1214
1481140 1210
1481150 1207
1481160 1207
1481170 1202
1481180 1194
1481190 1194
1481200 1187
1481210 1179
1481220 1179
1481230 1172
1481240 1166
1481250 1166
1481260 1164
1481270 1162
1481280 1162
1481290 1160
1481300 1156
1481310 1156
1481320 1153
1481330 1151
1481340 1151
1481350 1149
1481360 1145
1481370 1145
1481380 1142
1481390 1140
1481400 1140
1481410 1138
1481420 1136
1481430 1136
1481440 1134
1481450 1135
1481460 1135
1481470 1136
1481480 1138
1481490 1137
1481500 1137
1481510 1139
1481520 1143
1481530 1143
1481540 1143
1481550 1140
1481560 1140
1481570 1132
1481580 1134
1481590 1134
1481600 1140
1481610 1143
1481620 1143
1481630 1145
1481640 1144
1481650 1144
1481660 1142
1481670 1137
1481680 1137
1481690 1131
1481700 1127
1481710 1127
1481720 1126
1481730 1134
1481740 1134
1481750 1135
1481760 1134
1481770 1134
1481780 1133
1481790 1132
1481800 1132
1481810 1130
1481820 1129
1481830 1129
1481840 1128
1481850 1127
1481860 1127
1481870 1127
1481880 1126
1481890 1126
1481900 1126
1481910 1126
1481920 1126
1481930 1124
1481940 1123
1481950 1123
1481960 1121
1481970 1121
1481980 1121
1481990 1121
1482000 1120
1482010 1119
1482020 1119
1482030 1117
1482040 1115
1482050 1115
1482060 1113
1482070 1110
1482080 1110
1482090 1108
1482100 1106
1482110 1106
1482120 1104
1482130 1103
1482140 1103
1482150 1101
1482160 1097
1482170 1097
1482180 1092
1482190 1086
1482200 1086
1482210 1079
1482220 1071
1482230 1071
1482240 1066
1482250 1062
1482260 1062
1482270 1059
1482280 1054
1482290 1054
1482300 1050
1482310 1046
1482320 1046
1482330 1047
1482340 1046
1482350 1046
1482360 1046
1482370 1046
1482380 1046
1482390 1045
1482400 1044
1482410 1044
1482420 1044
1482430 1043
1482440 1043
1482450 1043
1482460 1044
1482470 1045
1482480 1045
1482490 1047
1482500 1049
1482510 1049
1482520 1048
1482530 1048
1482540 1048
1482550 1049
1482560 1049
1482570 1049
1482580 1050
1482590 1052
1482600 1052
1482610 1055
1482620 1060
1482630 1060
1482640 1064
1482650 1067
1482660 1067
1482670 1070
1482680 1072
1482690 1072
1482700 1072
1482710 1075
1482720 1075
1482730 1078
1482740 1080
1482750 1080
1482760 1081
1482770 1082
1482780 1082
1482790 1084
1482800 1086
1482810 1086
1482820 1090
1482830 1094
1482840 1094
1482850 1097
1482860 1100
1482870 1100
1482880 1104
1482890 1108
1482900 1108
1482910 1111
1482920 1114
1482930 1114
1482940 1117
1482950 1120
1482960 1124
1482970 1124
1482980 1128
1482990 1131
1483000 1131
1483010 1136
1483020 1141
1483030 1141
1483040 1146
1483050 1151
1483060 1151
1483070 1158
1483080 1164
1483090 1164
1483100 1167
1483110 1169
1483120 1169
1483130 1170
1483140 1170
1483150 1170
1483160 1171
1483170 1171
1483180 1171
1483190 1172
1483200 1172
1483210 1172
1483220 1172
1483230 1174
1483240 1174
1483250 1179
1483260 1185
1483270 1185
1483280 1193
1483290 1200
1483300 1200
1483310 1210
1483320 1220
1483330 1220
1483340 1225
1483350 1228
1483360 1228
1483370 1232
1483380 1235
1483390 1235
1483400 1238
1483410 1241
1483420 1241
1483430 1243
1483440 1245
1483450 1248
1483460 1248
1483470 1250
1483480 1252
1483490 1252
1483500 1253
1483510 1254
1483520 1254
1483530 1256
1483540 1257
1483550 1257
1483560 1258
1483570 1259
1483580 1259
1483590 1260
1483600 1260
1483610 1260
1483620 1260
1483630 1260
1483640 1260
1483650 1260
1483660 1260
1483670 1260
1483680 1261
1483690 1261
1483700 1261
1483710 1262
1483720 1264
1483730 1264
1483740 1266
1483750 1268
1483760 1268
1483770 1269
1483780 1272
1483790 1272
1483800 1275
1483810 1277
1483820 1277
1483830 1280
1483840 1283
1483850 1283
1483860 1287
1483870 1291
1483880 1291
1483890 1295
1483900 1300
1483910 1300
1483920 1305
1483930 1309
1483940 1314
1483950 1314
1483960 1319
1483970 1324
1483980 1324
1483990 1329
1484000 1334
1484010 1334
1484020 1340
1484030 1346
1484040 1346
1484050 1351
1484060 1357
1484070 1357
1484080 1363
1484090 1369
1484100 1369
1484110 1375
1484120 1381
1484130 1381
1484140 1387
1484150 1393
1484160 1393
1484170 1400
1484180 1406
1484190 1406
1484200 1413
1484210 1419
1484220 1419
1484230 1425
1484240 1432
1484250 1432
1484260 1438
1484270 1443
1484280 1443
1484290 1448
1484300 1443
1484310 1443
1484320 1428
1484330 1412
1484340 1412
1484350 1398
1484360 1389
1484370 1389
1484380 1381
1484390 1374
1484400 1374
1484410 1367
1484420 1360
1484430 1353
1484440 1353
1484450 1347
1484460 1342
1484470 1342
1484480 1335
1484490 1328
1484500 1328
1484510 1323
1484520 1318
1484530 1318
1484540 1314
1484550 1309
1484560 1309
1484570 1303
1484580 1297
1484590 1297
1484600 1291
1484610 1284
1484620 1284
1484630 1278
1484640 1272
1484650 1272
1484660 1266
1484670 1261
1484680 1261
1484690 1255
1484700 1249
1484710 1249
1484720 1243
1484730 1238
1484740 1238
1484750 1233
1484760 1227
1484770 1227
1484780 1223
1484790 1218
1484800 1218
1484810 1213
1484820 1209
1484830 1209
1484840 1205
1484850 1201
1484860 1201
1484870 1197
1484880 1193
1484890 1193
1484900 1191
1484910 1189
1484920 1186
1484930 1186
1484940 1184
1484950 1182
1484960 1182
1484970 1179
1484980 1178
1484990 1178
1485000 1177
1485010 1177
1485020 1177
1485030 1175
1485040 1168
1485050 1168
1485060 1166
1485070 1168
1485080 1168
1485090 1161
1485100 1155
1485110 1155
1485120 1161
1485130 1170
1485140 1170
1485150 1174
1485160 1173
1485170 1173
1485180 1170
1485190 1167
1485200 1167
1485210 1166
1485220 1167
1485230 1167
1485240 1166
1485250 1166
1485260 1166
1485270 1169
1485280 1172
1485290 1172
1485300 1175
1485310 1178
1485320 1178
1485330 1181
1485340 1183
1485350 1183
1485360 1184
1485370 1186
1485380 1188
1485390 1188
1485400 1192
1485410 1195
1485420 1195
1485430 1198
1485440 1205
1485450 1205
1485460 1211
1485470 1217
1485480 1217
1485490 1222
1485500 1227
1485510 1227
1485520 1231
1485530 1235
1485540 1235
1485550 1239
1485560 1243
1485570 1243
1485580 1247
1485590 1251
1485600 1251
1485610 1255
1485620 1258
1485630 1258
1485640 1262
1485650 1267
1485660 1267
1485670 1269
1485680 1272
1485690 1272
1485700 1277
1485710 1281
1485720 1281
1485730 1287
1485740 1293
1485750 1293
1485760 1298
1485770 1303
1485780 1303
1485790 1307
1485800 1311
1485810 1311
1485820 1317
1485830 1322
1485840 1322
1485850 1328
1485860 1334
1485870 1338
1485880 1338
1485890 1342
1485900 1347
1485910 1347
1485920 1353
1485930 1358
1485940 1358
1485950 1364
1485960 1369
1485970 1369
1485980 1375
1485990 1381
1486000 1381
1486010 1386
1486020 1391
1486030 1391
1486040 1397
1486050 1402
1486060 1402
1486070 1407
1486080 1413
1486090 1413
1486100 1418
1486110 1423
1486120 1423
1486130 1429
1486140 1435
1486150 1435
1486160 1442
1486170 1449
1486180 1449
1486190 1455
1486200 1461
1486210 1461
1486220 1467
1486230 1471
1486240 1471
1486250 1477
1486260 1483
1486270 1483
1486280 1489
1486290 1494
1486300 1494
1486310 1493
1486320 1491
1486330 1491
1486340 1488
1486350 1486
1486360 1485
1486370 1485
1486380 1483
1486390 1481
1486400 1481
1486410 1480
1486420 1479
1486430 1479
1486440 1477
1486450 1475
1486460 1475
1486470 1474
1486480 1473
1486490 1473
1486500 1472
1486510 1471
1486520 1471
1486530 1469
1486540 1466
1486550 1466
1486560 1465
1486570 1463
1486580 1463
1486590 1462
1486600 1460
1486610 1460
1486620 1459
1486630 1457
1486640 1457
1486650 1456
1486660 1454
1486670 1454
1486680 1453
1486690 1452
1486700 1452
1486710 1450
1486720 1450
1486730 1450
1486740 1449
1486750 1448
1486760 1448
1486770 1447
1486780 1446
1486790 1446
1486800 1444
1486810 1443
1486820 1443
1486830 1442
1486840 1440
1486850 1439
1486860 1439
1486870 1437
1486880 1436
1486890 1436
1486900 1434
1486910 1432
1486920 1432
1486930 1430
1486940 1428
1486950 1428
1486960 1425
1486970 1422
1486980 1422
1486990 1417
1487000 1411
1487010 1411
1487020 1402
1487030 1391
1487040 1391
1487050 1382
1487060 1372
1487070 1372
1487080 1364
1487090 1356
1487100 1356
1487110 1348
1487120 1341
1487130 1341
1487140 1335
1487150 1329
1487160 1329
1487170 1322
1487180 1313
1487190 1313
1487200 1305
1487210 1297
1487220 1297
1487230 1290
1487240 1282
1487250 1282
1487260 1273
1487270 1266
1487280 1266
1487290 1259
1487300 1253
1487310 1253
1487320 1246
1487330 1240
1487340 1233
1487350 1233
1487360 1225
1487370 1218
1487380 1218
1487390 1211
1487400 1204
1487410 1204
1487420 1196
1487430 1188
1487440 1188
1487450 1183
1487460 1178
1487470 1178
1487480 1173
1487490 1168
1487500 1168
1487510 1162
1487520 1157
1487530 1157
1487540 1151
1487550 1147
1487560 1147
1487570 1142
1487580 1139
1487590 1139
1487600 1137
1487610 1134
1487620 1134
1487630 1132
1487640 1130
1487650 1130
1487660 1129
1487670 1127
1487680 1127
1487690 1126
1487700 1124
1487710 1124
1487720 1121
1487730 1119
1487740 1119
1487750 1117
1487760 1115
1487770 1115
1487780 1113
1487790 1112
1487800 1112
1487810 1110
1487820 1108
1487830 1102
1487840 1102
1487850 1086
1487860 1067
1487870 1067
1487880 1056
1487890 1046
1487900 1046
1487910 1038
1487920 1030
1487930 1030
1487940 1022
1487950 1014
1487960 1014
1487970 1006
1487980 999
1487990 999
1488000 992
1488010 984
1488020 984
1488030 977
1488040 970
1488050 970
1488060 963
1488070 956
1488080 956
1488090 949
1488100 942
1488110 942
1488120 936
1488130 930
1488140 930
1488150 925
1488160 920
1488170 920
1488180 915
1488190 911
1488200 911
1488210 909
1488220 907
1488230 907
1488240 906
1488250 904
1488260 904
1488270 902
1488280 902
1488290 902
1488300 900
1488310 897
1488320 896
1488330 896
1488340 895
1488350 893
1488360 893
1488370 890
1488380 887
1488390 887
1488400 885
1488410 882
1488420 882
1488430 881
1488440 881
1488450 881
1488460 880
1488470 880
1488480 880
1488490 880
1488500 881
1488510 881
1488520 881
1488530 883
1488540 883
1488550 887
1488560 891
1488570 891
1488580 895
1488590 898
1488600 898
1488610 902
1488620 906
1488630 906
1488640 911
1488650 916
1488660 916
1488670 921
1488680 927
1488690 927
1488700 932
1488710 938
1488720 938
1488730 943
1488740 948
1488750 948
1488760 953
1488770 958
1488780 958
1488790 962
1488800 965
1488810 967
1488820 967
1488830 965
1488840 964
1488850 964
1488860 961
1488870 958
1488880 958
1488890 951
1488900 943
1488910 943
1488920 934
1488930 926
1488940 926
1488950 919
1488960 913
1488970 913
1488980 908
1488990 902
1489000 902
1489010 897
1489020 892
1489030 892
1489040 887
1489050 884
1489060 884
1489070 882
1489080 880
1489090 880
1489100 877
1489110 874
1489120 874
1489130 870
1489140 867
1489150 867
1489160 863
1489170 857
1489180 857
1489190 847
1489200 840
1489210 840
1489220 833
1489230 826
1489240 826
1489250 822
1489260 818
1489270 818
1489280 813
1489290 808
1489300 803
1489310 803
1489320 797
1489330 792
1489340 792
1489350 787
1489360 783
1489370 783
1489380 779
1489390 776
1489400 776
1489410 772
1489420 769
1489430 769
1489440 763
1489450 756
1489460 756
1489470 745
1489480 737
1489490 737
1489500 729
1489510 723
1489520 723
1489530 718
1489540 711
1489550 711
1489560 706
1489570 700
1489580 700
1489590 694
1489600 689
1489610 689
1489620 684
1489630 679
1489640 679
1489650 675
1489660 671
1489670 671
1489680 667
1489690 664
1489700 664
1489710 663
1489720 664
1489730 664
1489740 664
1489750 662
1489760 662
1489770 665
1489780 665
1489790 648
1489800 648
1489810 637
1489820 632
1489830 632
1489840 628
1489850 622
1489860 622
1489870 618
1489880 615
1489890 615
1489900 610
1489910 605
1489920 605
1489930 599
1489940 593
1489950 593
1489960 589
1489970 586
1489980 586
1489990 584
1490000 581
1490010 581
1490020 578
1490030 574
1490040 574
1490050 570
1490060 567
1490070 567
1490080 564
1490090 561
1490100 561
1490110 558
1490120 556
1490130 556
1490140 558
1490150 562
1490160 562
1490170 564
1490180 564
1490190 564
1490200 562
1490210 559
1490220 559
1490230 558
1490240 560
1490250 560
1490260 557
1490270 553
1490280 549
1490290 549
1490300 546
1490310 544
1490320 544
1490330 544
1490340 544
1490350 544
1490360 544
1490370 543
1490380 543
1490390 539
1490400 538
1490410 538
1490420 538
1490430 538
1490440 538
1490450 538
1490460 538
1490470 538
1490480 538
1490490 538
1490500 538
1490510 538
1490520 538
1490530 538
1490540 538
1490550 538
1490560 538
1490570 538
1490580 538
1490590 538
1490600 538
1490610 538
1490620 538
1490630 538
1490640 538
1490650 538
1490660 538
1490670 538
1490680 538
1490690 538
1490700 538
1490710 538
1490720 538
1490730 538
1490740 538
1490750 538
1490760 538
1490770 538
1490780 538
1490790 538
1490800 538
1490810 538
1490820 538
1490830 538
1490840 538
1490850 538
1490860 538
1490870 538
1490880 538
1490890 538
1490900 538
1490910 538
1490920 538
1490930 538
1490940 538
1490950 538
1490960 538
1490970 538
1490980 538
1490990 538
1491000 538
1491010 538
1491020 538
1491030 538
1491040 538
1491050 538
1491060 538
1491070 538
1491080 538
1491090 538
1491100 538
1491110 538
1491120 538
1491130 538
1491140 538
1491150 538
1491160 538
1491170 538
1491180 538
1491190 538
1491200 538
1491210 538
1491220 538
1491230 538
1491240 538
1491250 538
1491260 538
1491270 538
1491280 538
1491290 538
1491300 538
1491310 538
1491320 538
1491330 538
1491340 538
1491350 538
1491360 538
1491370 538
1491380 538
1491390 538
1491400 538
1491410 538
1491420 538
1491430 538
1491440 538
1491450 538
1491460 538
1491470 538
1491480 538
1491490 538
1491500 538
1491510 538
1491520 538
1491530 538
1491540 538
1491550 538
1491560 538
1491570 538
1491580 538
1491590 538
1491600 538
1491610 538
1491620 538
1491630 538
1491640 538
1491650 538
1491660 538
1491670 538
1491680 538
1491690 538
1491700 538
1491710 538
1491720 538
1491730 538
1491740 538
1491750 538
1491760 538
1491770 538
1491780 538
1491790 538
1491800 538
1491810 538
1491820 538
1491830 538
1491840 538
1491850 538
1491860 538
1491870 538
1491880 538
1491890 538
1491900 538
1491910 538
1491920 538
1491930 538
1491940 538
1491950 538
1491960 538
1491970 538
1491980 538
1491990 538
1492000 538
1492010 538
1492020 538
1492030 538
1492040 538
1492050 538
1492060 538
1492070 538
1492080 538
1492090 538
1492100 538
1492110 538
1492120 538
1492130 538
1492140 538
1492150 538
1492160 538
1492170 538
1492180 538
1492190 538
1492200 538
1492210 538
1492220 538
1492230 538
1492240 538
1492250 538
1492260 538
1492270 538
1492280 538
1492290 538
1492300 538
1492310 538
1492320 538
1492330 538
1492340 538
1492350 538
1492360 538
1492370 538
1492380 538
1492390 538
1492400 538
1492410 538
1492420 538
1492430 538
1492440 538
1492450 538
1492460 538
1492470 538
1492480 538
1492490 538
1492500 538
1492510 538
1492520 538
1492530 538
1492540 538
1492550 538
1492560 538
1492570 538
1492580 538
1492590 538
1492600 538
1492610 538
1492620 538
1492630 538
1492640 538
1492650 538
1492660 538
1492670 538
1492680 538
1492690 538
1492700 538
1492710 538
1492720 538
1492730 538
1492740 538
1492750 538
1492760 538
1492770 538
1492780 538
1492790 538
1492800 538
1492810 538
1492820 538
1492830 538
1492840 538
1492850 538
1492860 538
1492870 538
1492880 538
1492890 538
1492900 538
1492910 538
1492920 538
1492930 538
1492940 538
1492950 538
1492960 538
1492970 538
1492980 538
1492990 538
1493000 538
1493010 538
1493020 538
1493030 538
1493040 538
1493050 538
1493060 538
1493070 538
1493080 538
1493090 538
1493100 538
1493110 538
1493120 538
1493130 538
1493140 538
1493150 538
1493160 538
1493170 538
1493180 538
1493190 538
1493200 538
1493210 538
1493220 538
1493230 538
1493240 538
1493250 538
1493260 538
1493270 538
1493280 538
1493290 538
1493300 538
1493310 538
1493320 538
1493330 538
1493340 538
1493350 538
1493360 538
1493370 538
1493380 538
1493390 538
1493400 538
1493410 538
1493420 538
1493430 538
1493440 538
1493450 538
1493460 538
1493470 538
1493480 538
1493490 538
1493500 538
1493510 538
1493520 538
1493530 538
1493540 538
1493550 538
1493560 538
1493570 538
1493580 538
1493590 538
1493600 538
1493610 538
1493620 538
1493630 538
1493640 538
1493650 538
1493660 538
1493670 538
1493680 538
1493690 538
1493700 538
1493710 538
1493720 538
1493730 538
1493740 538
1493750 538
1493760 538
1493770 538
1493780 538
1493790 538
1493800 538
1493810 538
1493820 538
1493830 538
1493840 538
1493850 538
1493860 538
1493870 538
1493880 538
1493890 538
1493900 538
1493910 538
1493920 538
1493930 538
1493940 538
1493950 538
1493960 538
1493970 538
1493980 538
1493990 538
1494000 538
1494010 538
1494020 538
1494030 538
1494040 538
1494050 538
1494060 538
1494070 538
1494080 538
1494090 538
1494100 538
1494110 538
1494120 538
1494130 538
1494140 538
1494150 538
1494160 538
1494170 538
1494180 538
1494190 538
1494200 538
1494210 538
1494220 538
1494230 538
1494240 538
1494250 538
1494260 538
1494270 538
1494280 538
1494290 538
1494300 538
1494310 538
1494320 538
1494330 538
1494340 538
1494350 538
1494360 538
1494370 538
1494380 538
1494390 538
1494400 538
1494410 538
1494420 538
1494430 538
1494440 538
1494450 538
1494460 538
1494470 538
1494480 538
1494490 538
1494500 538
1494510 538
1494520 538
1494530 538
1494540 538
1494550 538
1494560 538
1494570 538
1494580 538
1494590 538
1494600 538
1494610 538
1494620 538
1494630 538
1494640 538
1494650 538
1494660 538
1494670 538
1494680 538
1494690 538
1494700 538
1494710 538
1494720 538
1494730 538
1494740 538
1494750 538
1494760 538
1494770 538
1494780 538
1494790 538
1494800 538
1494810 538
1494820 538
1494830 538
1494840 538
1494850 538
1494860 538
1494870 538
1494880 538
1494890 538
1494900 538
1494910 538
1494920 538
1494930 538
1494940 538
1494950 538
1494960 538
1494970 538
1494980 538
1494990 538
1495000 538
1495010 538
1495020 538
1495030 538
1495040 538
1495050 538
1495060 538
1495070 538
1495080 538
1495090 538
1495100 538
1495110 538
1495120 538
1495130 538
1495140 538
1495150 538
1495160 538
1495170 538
1495180 538
1495190 538
1495200 538
1495210 538
1495220 538
1495230 538
1495240 538
1495250 538
1495260 538
1495270 538
1495280 538
1495290 538
1495300 539
1495310 539
1495320 540
1495330 542
1495340 542
1495350 543
1495360 544
1495370 544
1495380 544
1495390 546
1495400 546
1495410 546
1495420 547
1495430 547
1495440 548
1495450 549
1495460 549
1495470 550
1495480 551
1495490 551
1495500 552
1495510 553
1495520 553
1495530 554
1495540 555
1495550 555
1495560 556
1495570 556
1495580 556
1495590 557
1495600 557
1495610 557
1495620 558
1495630 559
1495640 559
1495650 559
1495660 560
1495670 561
1495680 561
1495690 562
1495700 562
1495710 562
1495720 563
1495730 564
1495740 564
1495750 565
1495760 565
1495770 565
1495780 566
1495790 567
1495800 567
1495810 568
1495820 569
1495830 569
1495840 569
1495850 568
1495860 568
1495870 563
1495880 558
1495890 558
1495900 554
1495910 555
1495920 555
1495930 561
1495940 564
1495950 564
1495960 565
1495970 565
1495980 565
1495990 566
1496000 566
1496010 566
1496020 570
1496030 574
1496040 574
1496050 579
1496060 583
1496070 583
1496080 584
1496090 588
1496100 588
1496110 591
1496120 592
1496130 592
1496140 592
1496150 592
1496160 593
1496170 593
1496180 594
1496190 594
1496200 594
1496210 595
1496220 596
1496230 596
1496240 597
1496250 598
1496260 598
1496270 599
1496280 599
1496290 599
1496300 600
1496310 601
1496320 601
1496330 601
1496340 602
1496350 602
1496360 603
1496370 604
1496380 604
1496390 606
1496400 608
1496410 608
1496420 610
1496430 612
1496440 612
1496450 615
1496460 617
1496470 617
1496480 620
1496490 622
1496500 622
1496510 625
1496520 628
1496530 628
1496540 630
1496550 633
1496560 633
1496570 636
1496580 638
1496590 638
1496600 639
1496610 641
1496620 641
1496630 642
1496640 643
1496650 644
1496660 644
1496670 644
1496680 645
1496690 645
1496700 645
1496710 645
1496720 645
1496730 646
1496740 646
1496750 646
1496760 646
1496770 645
1496780 645
1496790 645
1496800 645
1496810 645
1496820 645
1496830 644
1496840 644
1496850 645
1496860 645
1496870 645
1496880 646
1496890 646
1496900 646
1496910 646
1496920 646
1496930 646
1496940 646
1496950 645
1496960 645
1496970 644
1496980 644
1496990 644
1497000 643
1497010 643
1497020 643
1497030 643
1497040 644
1497050 644
1497060 645
1497070 646
1497080 646
1497090 646
1497100 646
1497110 646
1497120 647
1497130 646
1497140 646
1497150 646
1497160 648
1497170 648
1497180 648
1497190 650
1497200 651
1497210 651
1497220 652
1497230 654
1497240 654
1497250 655
1497260 657
1497270 657
1497280 658
1497290 659
1497300 659
1497310 660
1497320 661
1497330 661
1497340 662
1497350 662
1497360 662
1497370 663
1497380 663
1497390 663
1497400 664
1497410 665
1497420 665
1497430 665
1497440 666
1497450 666
1497460 666
1497470 666
1497480 666
1497490 666
1497500 667
1497510 667
1497520 667
1497530 667
1497540 667
1497550 667
1497560 667
1497570 667
1497580 667
1497590 668
1497600 674
1497610 675
1497620 678
1497630 679
1497640 679
1497650 680
1497660 682
1497670 682
1497680 685
1497690 689
1497700 689
1497710 693
1497720 696
1497730 696
1497740 698
1497750 701
1497760 701
1497770 703
1497780 705
1497790 705
1497800 707
1497810 708
1497820 708
1497830 710
1497840 711
1497850 711
1497860 712
1497870 714
1497880 714
1497890 715
1497900 717
1497910 717
1497920 718
1497930 718
1497940 718
1497950 719
1497960 720
1497970 720
1497980 720
1497990 721
1498000 721
1498010 726
1498020 728
1498030 728
1498040 729
1498050 731
1498060 731
1498070 726
1498080 715
1498090 715
1498100 709
1498110 706
1498120 704
1498130 704
1498140 705
1498150 706
1498160 706
1498170 708
1498180 712
1498190 712
1498200 716
1498210 719
1498220 719
1498230 722
1498240 725
1498250 725
1498260 729
1498270 732
1498280 732
1498290 735
1498300 740
1498310 740
1498320 744
1498330 748
1498340 748
1498350 749
1498360 750
1498370 750
1498380 750
1498390 751
1498400 751
1498410 753
1498420 757
1498430 757
1498440 761
1498450 765
1498460 765
1498470 766
1498480 766
1498490 766
1498500 767
1498510 769
1498520 769
1498530 771
1498540 772
1498550 772
1498560 773
1498570 775
1498580 775
1498590 777
1498600 779
1498610 781
1498620 781
1498630 784
1498640 788
1498650 788
1498660 793
1498670 797
1498680 797
1498690 799
1498700 800
1498710 800
1498720 801
1498730 803
1498740 803
1498750 805
1498760 809
1498770 809
1498780 811
1498790 811
1498800 811
1498810 811
1498820 813
1498830 813
1498840 814
1498850 814
1498860 814
1498870 813
1498880 810
1498890 810
1498900 809
1498910 808
1498920 808
1498930 809
1498940 810
1498950 810
1498960 811
1498970 813
1498980 813
1498990 817
1499000 824
1499010 824
1499020 831
1499030 836
1499040 836
1499050 841
1499060 842
1499070 842
1499080 843
1499090 842
1499100 841
1499110 841
1499120 840
1499130 840
1499140 840
1499150 842
1499160 844
1499170 844
1499180 848
1499190 853
1499200 853
1499210 859
1499220 864
1499230 864
1499240 870
1499250 876
1499260 876
1499270 882
1499280 886
1499290 886
1499300 887
1499310 887
1499320 887
1499330 888
1499340 888
1499350 888
1499360 889
1499370 891
1499380 891
1499390 894
1499400 897
1499410 897
1499420 900
1499430 900
1499440 900
1499450 901
1499460 904
1499470 904
1499480 908
1499490 912
1499500 912
1499510 915
1499520 918
1499530 918
1499540 920
1499550 922
1499560 922
1499570 923
1499580 923
1499590 924
1499600 924
1499610 925
1499620 927
1499630 927
1499640 928
1499650 928
1499660 928
1499670 927
1499680 924
1499690 924
1499700 919
1499710 913
1499720 913
1499730 906
1499740 898
1499750 898
1499760 891
1499770 884
1499780 884
1499790 878
1499800 871
1499810 871
1499820 864
1499830 856
1499840 856
1499850 847
1499860 838
1499870 838
1499880 829
1499890 823
1499900 823
1499910 817
1499920 817
1499930 817
1499940 821
1499950 825
1499960 825
1499970 830
1499980 834
1499990 834
