1480000 1317
1480010 1316
1480020 1316
1480030 1316
1480040 1317
1480050 1321
1480060 1321
1480070 1325
1480080 1330
1480090 1330
1480100 1335
1480110 1342
1480120 1342
1480130 1351
1480140 1357
1480150 1357
1480160 1361
1480170 1364
1480180 1364
1480190 1366
1480200 1368
1480210 1368
1480220 1370
1480230 1371
1480240 1371
1480250 1371
1480260 1371
1480270 1371
1480280 1371
1480290 1370
1480300 1370
1480310 1369
1480320 1367
1480330 1367
1480340 1363
1480350 1360
1480360 1360
1480370 1356
1480380 1351
1480390 1351
1480400 1345
1480410 1339
1480420 1339
1480430 1333
1480440 1327
1480450 1327
1480460 1323
1480470 1318
1480480 1313
1480490 1313
1480500 1307
1480510 1301
1480520 1301
1480530 1296
1480540 1290
1480550 1290
1480560 1286
1480570 1284
1480580 1284
1480590 1281
1480600 1280
1480610 1280
1480620 1278
1480630 1276
1480640 1276
1480650 1274
1480660 1273
1480670 1273
1480680 1271
1480690 1269
1480700 1269
1480710 1268
1480720 1266
1480730 1266
1480740 1265
1480750 1262
1480760 1262
1480770 1260
1480780 1258
1480790 1258
1480800 1257
1480810 1256
1480820 1256
1480830 1255
1480840 1254
1480850 1254
1480860 1253
1480870 1253
1480880 1253
1480890 1251
1480900 1247
1480910 1247
1480920 1244
1480930 1241
1480940 1241
1480950 1239
1480960 1236
1480970 1232
1480980 1232
1480990 1230
1481000 1228
1481010 1228
1481020 1226
1481030 1224
1481040 1224
1481050 1221
1481060 1218
1481070 1218
1481080 1214
1481090 1209
1481100 1209
1481110 1205
1481120 1202
1481130 1202
1481140 1201
1481150 1201
1481160 1201
1481170 1200
1481180 1199
1481190 1199
1481200 1198
1481210 1197
1481220 1197
1481230 1196
1481240 1193
1481250 1193
1481260 1191
1481270 1186
1481280 1186
1481290 1181
1481300 1178
1481310 1178
1481320 1174
1481330 1172
1481340 1172
1481350 1169
1481360 1167
1481370 1167
1481380 1166
1481390 1165
1481400 1165
1481410 1163
1481420 1160
1481430 1160
1481440 1160
1481450 1163
1481460 1166
1481470 1166
1481480 1164
1481490 1163
1481500 1163
1481510 1169
1481520 1169
1481530 1169
1481540 1162
1481550 1155
1481560 1155
1481570 1156
1481580 1161
1481590 1161
1481600 1162
1481610 1160
1481620 1160
1481630 1158
1481640 1156
1481650 1156
1481660 1152
1481670 1147
1481680 1147
1481690 1144
1481700 1144
1481710 1144
1481720 1146
1481730 1146
1481740 1146
1481750 1146
1481760 1145
1481770 1145
1481780 1144
1481790 1143
1481800 1143
1481810 1141
1481820 1139
1481830 1139
1481840 1138
1481850 1138
1481860 1138
1481870 1137
1481880 1136
1481890 1136
1481900 1136
1481910 1136
1481920 1136
1481930 1136
1481940 1135
1481950 1134
1481960 1134
1481970 1133
1481980 1133
1481990 1133
1482000 1132
1482010 1131
1482020 1131
1482030 1129
1482040 1128
1482050 1128
1482060 1126
1482070 1125
1482080 1125
1482090 1123
1482100 1121
1482110 1121
1482120 1119
1482130 1116
1482140 1116
1482150 1113
1482160 1109
1482170 1109
1482180 1105
1482190 1099
1482200 1099
1482210 1093
1482220 1086
1482230 1086
1482240 1079
1482250 1071
1482260 1071
1482270 1065
1482280 1061
1482290 1061
1482300 1057
1482310 1052
1482320 1052
1482330 1050
1482340 1049
1482350 1049
1482360 1047
1482370 1046
1482380 1046
1482390 1045
1482400 1044
1482410 1044
1482420 1044
1482430 1043
1482440 1043
1482450 1045
1482460 1044
1482470 1045
1482480 1045
1482490 1045
1482500 1046
1482510 1046
1482520 1046
1482530 1048
1482540 1048
1482550 1049
1482560 1050
1482570 1050
1482580 1052
1482590 1053
1482600 1053
1482610 1056
1482620 1059
1482630 1059
1482640 1062
1482650 1065
1482660 1065
1482670 1068
1482680 1071
1482690 1071
1482700 1074
1482710 1077
1482720 1077
1482730 1079
1482740 1081
1482750 1081
1482760 1083
1482770 1086
1482780 1086
1482790 1088
1482800 1089
1482810 1089
1482820 1092
1482830 1096
1482840 1096
1482850 1099
1482860 1101
1482870 1101
1482880 1105
1482890 1109
1482900 1109
1482910 1113
1482920 1116
1482930 1116
1482940 1120
1482950 1122
1482960 1125
1482970 1125
1482980 1127
1482990 1129
1483000 1129
1483010 1133
1483020 1136
1483030 1136
1483040 1138
1483050 1143
1483060 1143
1483070 1149
1483080 1155
1483090 1155
1483100 1161
1483110 1166
1483120 1166
1483130 1168
1483140 1169
1483150 1169
1483160 1170
1483170 1173
1483180 1173
1483190 1176
1483200 1180
1483210 1180
1483220 1185
1483230 1191
1483240 1191
1483250 1197
1483260 1203
1483270 1203
1483280 1209
1483290 1218
1483300 1218
1483310 1229
1483320 1237
1483330 1237
1483340 1240
1483350 1244
1483360 1244
1483370 1248
1483380 1252
1483390 1252
1483400 1256
1483410 1259
1483420 1259
1483430 1263
1483440 1267
1483450 1269
1483460 1269
1483470 1271
1483480 1271
1483490 1271
1483500 1272
1483510 1273
1483520 1273
1483530 1273
1483540 1274
1483550 1274
1483560 1274
1483570 1275
1483580 1275
1483590 1275
1483600 1276
1483610 1276
1483620 1276
1483630 1276
1483640 1276
1483650 1277
1483660 1276
1483670 1276
1483680 1277
1483690 1277
1483700 1277
1483710 1277
1483720 1278
1483730 1278
1483740 1279
1483750 1280
1483760 1280
1483770 1282
1483780 1284
1483790 1284
1483800 1286
1483810 1289
1483820 1289
1483830 1291
1483840 1293
1483850 1293
1483860 1296
1483870 1299
1483880 1299
1483890 1303
1483900 1307
1483910 1307
1483920 1311
1483930 1315
1483940 1318
1483950 1318
1483960 1322
1483970 1325
1483980 1325
1483990 1329
1484000 1333
1484010 1333
1484020 1337
1484030 1342
1484040 1342
1484050 1348
1484060 1353
1484070 1353
1484080 1356
1484090 1360
1484100 1360
1484110 1366
1484120 1372
1484130 1372
1484140 1378
1484150 1385
1484160 1385
1484170 1392
1484180 1397
1484190 1397
1484200 1400
1484210 1404
1484220 1404
1484230 1411
1484240 1417
1484250 1417
1484260 1424
1484270 1431
1484280 1431
1484290 1438
1484300 1445
1484310 1445
1484320 1447
1484330 1439
1484340 1439
1484350 1424
1484360 1411
1484370 1411
1484380 1399
1484390 1388
1484400 1388
1484410 1379
1484420 1371
1484430 1365
1484440 1365
1484450 1358
1484460 1352
1484470 1352
1484480 1347
1484490 1342
1484500 1342
1484510 1336
1484520 1330
1484530 1330
1484540 1324
1484550 1318
1484560 1318
1484570 1312
1484580 1307
1484590 1307
1484600 1301
1484610 1294
1484620 1294
1484630 1287
1484640 1280
1484650 1280
1484660 1275
1484670 1268
1484680 1268
1484690 1262
1484700 1256
1484710 1256
1484720 1249
1484730 1243
1484740 1243
1484750 1238
1484760 1232
1484770 1232
1484780 1227
1484790 1222
1484800 1222
1484810 1217
1484820 1213
1484830 1213
1484840 1209
1484850 1205
1484860 1205
1484870 1200
1484880 1195
1484890 1195
1484900 1190
1484910 1186
1484920 1182
1484930 1182
1484940 1179
1484950 1176
1484960 1176
1484970 1173
1484980 1172
1484990 1172
1485000 1171
1485010 1171
1485020 1171
1485030 1171
1485040 1170
1485050 1170
1485060 1167
1485070 1160
1485080 1160
1485090 1151
1485100 1145
1485110 1145
1485120 1147
1485130 1148
1485140 1148
1485150 1152
1485160 1156
1485170 1156
1485180 1161
1485190 1165
1485200 1165
1485210 1163
1485220 1157
1485230 1157
1485240 1156
1485250 1160
1485260 1160
1485270 1162
1485280 1163
1485290 1163
1485300 1166
1485310 1168
1485320 1168
1485330 1171
1485340 1174
1485350 1174
1485360 1176
1485370 1178
1485380 1179
1485390 1179
1485400 1180
1485410 1182
1485420 1182
1485430 1186
1485440 1192
1485450 1192
1485460 1196
1485470 1201
1485480 1201
1485490 1206
1485500 1211
1485510 1211
1485520 1215
1485530 1218
1485540 1218
1485550 1221
1485560 1224
1485570 1224
1485580 1228
1485590 1232
1485600 1232
1485610 1236
1485620 1243
1485630 1243
1485640 1247
1485650 1250
1485660 1250
1485670 1252
1485680 1255
1485690 1255
1485700 1261
1485710 1267
1485720 1267
1485730 1272
1485740 1276
1485750 1276
1485760 1282
1485770 1286
1485780 1286
1485790 1291
1485800 1296
1485810 1296
1485820 1301
1485830 1305
1485840 1305
1485850 1311
1485860 1316
1485870 1322
1485880 1322
1485890 1328
1485900 1333
1485910 1333
1485920 1339
1485930 1344
1485940 1344
1485950 1349
1485960 1354
1485970 1354
1485980 1359
1485990 1364
1486000 1364
1486010 1368
1486020 1373
1486030 1373
1486040 1378
1486050 1382
1486060 1382
1486070 1387
1486080 1393
1486090 1393
1486100 1398
1486110 1404
1486120 1404
1486130 1409
1486140 1416
1486150 1416
1486160 1422
1486170 1428
1486180 1428
1486190 1433
1486200 1439
1486210 1439
1486220 1446
1486230 1452
1486240 1452
1486250 1460
1486260 1467
1486270 1467
1486280 1473
1486290 1475
1486300 1475
1486310 1472
1486320 1470
1486330 1470
1486340 1469
1486350 1468
1486360 1466
1486370 1466
1486380 1464
1486390 1463
1486400 1463
1486410 1462
1486420 1460
1486430 1460
1486440 1457
1486450 1454
1486460 1454
1486470 1452
1486480 1450
1486490 1450
1486500 1448
1486510 1446
1486520 1446
1486530 1445
1486540 1443
1486550 1443
1486560 1442
1486570 1440
1486580 1440
1486590 1439
1486600 1438
1486610 1438
1486620 1436
1486630 1435
1486640 1435
1486650 1434
1486660 1434
1486670 1434
1486680 1433
1486690 1432
1486700 1432
1486710 1431
1486720 1431
1486730 1431
1486740 1430
1486750 1429
1486760 1429
1486770 1428
1486780 1428
1486790 1428
1486800 1427
1486810 1426
1486820 1426
1486830 1425
1486840 1424
1486850 1423
1486860 1423
1486870 1422
1486880 1421
1486890 1421
1486900 1419
1486910 1418
1486920 1418
1486930 1416
1486940 1414
1486950 1414
1486960 1412
1486970 1410
1486980 1410
1486990 1408
1487000 1404
1487010 1404
1487020 1400
1487030 1396
1487040 1396
1487050 1390
1487060 1383
1487070 1383
1487080 1375
1487090 1368
1487100 1368
1487110 1361
1487120 1355
1487130 1355
1487140 1350
1487150 1346
1487160 1346
1487170 1341
1487180 1334
1487190 1334
1487200 1324
1487210 1314
1487220 1314
1487230 1304
1487240 1296
1487250 1296
1487260 1289
1487270 1282
1487280 1282
1487290 1275
1487300 1265
1487310 1265
1487320 1256
1487330 1248
1487340 1240
1487350 1240
1487360 1232
1487370 1225
1487380 1225
1487390 1218
1487400 1212
1487410 1212
1487420 1206
1487430 1203
1487440 1203
1487450 1198
1487460 1193
1487470 1193
1487480 1188
1487490 1184
1487500 1184
1487510 1179
1487520 1175
1487530 1175
1487540 1171
1487550 1168
1487560 1168
1487570 1164
1487580 1162
1487590 1162
1487600 1159
1487610 1157
1487620 1157
1487630 1156
1487640 1155
1487650 1155
1487660 1154
1487670 1153
1487680 1153
1487690 1152
1487700 1151
1487710 1151
1487720 1149
1487730 1147
1487740 1147
1487750 1145
1487760 1143
1487770 1143
1487780 1134
1487790 1115
1487800 1115
1487810 1101
1487820 1092
1487830 1081
1487840 1081
1487850 1071
1487860 1062
1487870 1062
1487880 1055
1487890 1048
1487900 1048
1487910 1040
1487920 1033
1487930 1033
1487940 1025
1487950 1018
1487960 1018
1487970 1010
1487980 1002
1487990 1002
1488000 994
1488010 987
1488020 987
1488030 979
1488040 972
1488050 972
1488060 964
1488070 957
1488080 957
1488090 950
1488100 944
1488110 944
1488120 939
1488130 935
1488140 935
1488150 931
1488160 929
1488170 929
1488180 929
1488190 929
1488200 929
1488210 928
1488220 927
1488230 927
1488240 926
1488250 924
1488260 924
1488270 922
1488280 919
1488290 919
1488300 918
1488310 914
1488320 909
1488330 909
1488340 906
1488350 903
1488360 903
1488370 900
1488380 897
1488390 897
1488400 894
1488410 891
1488420 891
1488430 890
1488440 889
1488450 889
1488460 889
1488470 890
1488480 890
1488490 891
1488500 892
1488510 892
1488520 894
1488530 896
1488540 896
1488550 898
1488560 901
1488570 901
1488580 903
1488590 905
1488600 905
1488610 908
1488620 912
1488630 912
1488640 917
1488650 923
1488660 923
1488670 928
1488680 935
1488690 935
1488700 941
1488710 947
1488720 947
1488730 953
1488740 958
1488750 958
1488760 963
1488770 965
1488780 965
1488790 965
1488800 963
1488810 961
1488820 961
1488830 958
1488840 948
1488850 948
1488860 936
1488870 927
1488880 927
1488890 920
1488900 914
1488910 914
1488920 907
1488930 902
1488940 902
1488950 896
1488960 891
1488970 891
1488980 885
1488990 880
1489000 880
1489010 877
1489020 873
1489030 873
1489040 871
1489050 868
1489060 868
1489070 865
1489080 862
1489090 862
1489100 857
1489110 852
1489120 852
1489130 846
1489140 838
1489150 838
1489160 830
1489170 824
1489180 824
1489190 819
1489200 813
1489210 813
1489220 808
1489230 802
1489240 802
1489250 796
1489260 791
1489270 791
1489280 787
1489290 783
1489300 778
1489310 778
1489320 773
1489330 768
1489340 768
1489350 764
1489360 760
1489370 760
1489380 756
1489390 753
1489400 753
1489410 750
1489420 748
1489430 748
1489440 738
1489450 727
1489460 727
1489470 718
1489480 712
1489490 712
1489500 707
1489510 702
1489520 702
1489530 697
1489540 692
1489550 692
1489560 687
1489570 682
1489580 682
1489590 677
1489600 673
1489610 673
1489620 668
1489630 664
1489640 664
1489650 660
1489660 655
1489670 655
1489680 651
1489690 649
1489700 649
1489710 646
1489720 640
1489730 640
1489740 633
1489750 627
1489760 627
1489770 623
1489780 619
1489790 615
1489800 615
1489810 609
1489820 604
1489830 604
1489840 600
1489850 597
1489860 597
1489870 592
1489880 587
1489890 587
1489900 583
1489910 579
1489920 579
1489930 574
1489940 570
1489950 570
1489960 565
1489970 562
1489980 562
1489990 559
1490000 556
1490010 556
1490020 554
1490030 552
1490040 552
1490050 550
1490060 549
1490070 549
1490080 548
1490090 548
1490100 548
1490110 548
1490120 549
1490130 549
1490140 549
1490150 550
1490160 550
1490170 550
1490180 548
1490190 548
1490200 547
1490210 547
1490220 547
1490230 546
1490240 546
1490250 546
1490260 545
1490270 545
1490280 543
1490290 543
1490300 540
1490310 538
1490320 538
1490330 538
1490340 538
1490350 538
1490360 538
1490370 538
1490380 538
1490390 538
1490400 538
1490410 538
1490420 538
1490430 538
1490440 538
1490450 538
1490460 538
1490470 538
1490480 538
1490490 538
1490500 538
1490510 538
1490520 538
1490530 538
1490540 538
1490550 538
1490560 538
1490570 538
1490580 538
1490590 538
1490600 538
1490610 538
1490620 538
1490630 538
1490640 538
1490650 538
1490660 538
1490670 538
1490680 538
1490690 538
1490700 538
1490710 538
1490720 538
1490730 538
1490740 538
1490750 538
1490760 538
1490770 538
1490780 538
1490790 538
1490800 538
1490810 538
1490820 538
1490830 538
1490840 538
1490850 538
1490860 538
1490870 538
1490880 538
1490890 538
1490900 538
1490910 538
1490920 538
1490930 538
1490940 538
1490950 538
1490960 538
1490970 538
1490980 538
1490990 538
1491000 538
1491010 538
1491020 538
1491030 538
1491040 538
1491050 538
1491060 538
1491070 538
1491080 538
1491090 538
1491100 538
1491110 538
1491120 538
1491130 538
1491140 538
1491150 538
1491160 538
1491170 538
1491180 538
1491190 538
1491200 538
1491210 538
1491220 538
1491230 538
1491240 538
1491250 538
1491260 538
1491270 538
1491280 538
1491290 538
1491300 538
1491310 538
1491320 538
1491330 538
1491340 538
1491350 538
1491360 538
1491370 538
1491380 538
1491390 538
1491400 538
1491410 538
1491420 538
1491430 538
1491440 538
1491450 538
1491460 538
1491470 538
1491480 538
1491490 538
1491500 538
1491510 538
1491520 538
1491530 538
1491540 538
1491550 538
1491560 538
1491570 538
1491580 538
1491590 538
1491600 538
1491610 538
1491620 538
1491630 538
1491640 538
1491650 538
1491660 538
1491670 538
1491680 538
1491690 538
1491700 538
1491710 538
1491720 538
1491730 538
1491740 538
1491750 538
1491760 538
1491770 538
1491780 538
1491790 538
1491800 538
1491810 538
1491820 538
1491830 538
1491840 538
1491850 538
1491860 538
1491870 538
1491880 538
1491890 538
1491900 538
1491910 538
1491920 538
1491930 538
1491940 538
1491950 538
1491960 538
1491970 538
1491980 538
1491990 538
1492000 538
1492010 538
1492020 538
1492030 538
1492040 538
1492050 538
1492060 538
1492070 538
1492080 538
1492090 538
1492100 538
1492110 538
1492120 538
1492130 538
1492140 538
1492150 538
1492160 538
1492170 538
1492180 538
1492190 538
1492200 538
1492210 538
1492220 538
1492230 538
1492240 538
1492250 538
1492260 538
1492270 538
1492280 538
1492290 538
1492300 538
1492310 538
1492320 538
1492330 538
1492340 538
1492350 538
1492360 538
1492370 538
1492380 538
1492390 538
1492400 538
1492410 538
1492420 538
1492430 538
1492440 538
1492450 538
1492460 538
1492470 538
1492480 538
1492490 538
1492500 538
1492510 538
1492520 538
1492530 538
1492540 538
1492550 538
1492560 538
1492570 538
1492580 538
1492590 538
1492600 538
1492610 538
1492620 538
1492630 538
1492640 538
1492650 538
1492660 538
1492670 538
1492680 538
1492690 538
1492700 538
1492710 538
1492720 538
1492730 538
1492740 538
1492750 538
1492760 538
1492770 538
1492780 538
1492790 538
1492800 538
1492810 538
1492820 538
1492830 538
1492840 538
1492850 538
1492860 538
1492870 538
1492880 538
1492890 538
1492900 538
1492910 538
1492920 538
1492930 538
1492940 538
1492950 538
1492960 538
1492970 538
1492980 538
1492990 538
1493000 538
1493010 538
1493020 538
1493030 538
1493040 538
1493050 538
1493060 538
1493070 538
1493080 538
1493090 538
1493100 538
1493110 538
1493120 538
1493130 538
1493140 538
1493150 538
1493160 538
1493170 538
1493180 538
1493190 538
1493200 538
1493210 538
1493220 538
1493230 538
1493240 538
1493250 538
1493260 538
1493270 538
1493280 538
1493290 538
1493300 538
1493310 538
1493320 538
1493330 538
1493340 538
1493350 538
1493360 538
1493370 538
1493380 538
1493390 538
1493400 538
1493410 538
1493420 538
1493430 538
1493440 538
1493450 538
1493460 538
1493470 538
1493480 538
1493490 538
1493500 538
1493510 538
1493520 538
1493530 538
1493540 538
1493550 538
1493560 538
1493570 538
1493580 538
1493590 538
1493600 538
1493610 538
1493620 538
1493630 538
1493640 538
1493650 538
1493660 538
1493670 538
1493680 538
1493690 538
1493700 538
1493710 538
1493720 538
1493730 538
1493740 538
1493750 538
1493760 538
1493770 538
1493780 538
1493790 538
1493800 538
1493810 538
1493820 538
1493830 538
1493840 538
1493850 538
1493860 538
1493870 538
1493880 538
1493890 538
1493900 538
1493910 538
1493920 538
1493930 538
1493940 538
1493950 538
1493960 538
1493970 538
1493980 538
1493990 538
1494000 538
1494010 538
1494020 538
1494030 538
1494040 538
1494050 538
1494060 538
1494070 538
1494080 538
1494090 538
1494100 538
1494110 538
1494120 538
1494130 538
1494140 538
1494150 538
1494160 538
1494170 538
1494180 538
1494190 538
1494200 538
1494210 538
1494220 538
1494230 538
1494240 538
1494250 538
1494260 538
1494270 538
1494280 538
1494290 538
1494300 538
1494310 538
1494320 538
1494330 538
1494340 538
1494350 538
1494360 538
1494370 538
1494380 538
1494390 538
1494400 538
1494410 538
1494420 538
1494430 538
1494440 538
1494450 538
1494460 538
1494470 538
1494480 538
1494490 538
1494500 538
1494510 538
1494520 538
1494530 538
1494540 538
1494550 538
1494560 538
1494570 538
1494580 538
1494590 538
1494600 538
1494610 538
1494620 538
1494630 538
1494640 538
1494650 538
1494660 538
1494670 538
1494680 538
1494690 538
1494700 538
1494710 538
1494720 538
1494730 538
1494740 538
1494750 538
1494760 538
1494770 538
1494780 538
1494790 538
1494800 538
1494810 538
1494820 538
1494830 538
1494840 538
1494850 538
1494860 538
1494870 538
1494880 538
1494890 538
1494900 538
1494910 538
1494920 538
1494930 538
1494940 538
1494950 538
1494960 538
1494970 538
1494980 538
1494990 538
1495000 538
1495010 538
1495020 538
1495030 538
1495040 538
1495050 538
1495060 538
1495070 538
1495080 538
1495090 538
1495100 538
1495110 538
1495120 538
1495130 538
1495140 538
1495150 538
1495160 538
1495170 538
1495180 538
1495190 538
1495200 538
1495210 538
1495220 538
1495230 538
1495240 538
1495250 538
1495260 538
1495270 539
1495280 539
1495290 539
1495300 541
1495310 541
1495320 542
1495330 543
1495340 543
1495350 544
1495360 545
1495370 545
1495380 547
1495390 549
1495400 549
1495410 552
1495420 554
1495430 554
1495440 556
1495450 558
1495460 558
1495470 559
1495480 561
1495490 561
1495500 561
1495510 562
1495520 562
1495530 564
1495540 566
1495550 566
1495560 567
1495570 565
1495580 565
1495590 562
1495600 561
1495610 561
1495620 561
1495630 562
1495640 562
1495650 562
1495660 563
1495670 563
1495680 563
1495690 564
1495700 565
1495710 565
1495720 566
1495730 566
1495740 566
1495750 567
1495760 567
1495770 567
1495780 568
1495790 569
1495800 569
1495810 570
1495820 571
1495830 571
1495840 572
1495850 572
1495860 572
1495870 572
1495880 573
1495890 573
1495900 572
1495910 568
1495920 568
1495930 563
1495940 558
1495950 558
1495960 561
1495970 565
1495980 565
1495990 570
1496000 576
1496010 576
1496020 581
1496030 587
1496040 587
1496050 591
1496060 593
1496070 593
1496080 590
1496090 592
1496100 592
1496110 594
1496120 595
1496130 595
1496140 595
1496150 596
1496160 596
1496170 597
1496180 598
1496190 599
1496200 599
1496210 600
1496220 601
1496230 601
1496240 601
1496250 602
1496260 602
1496270 603
1496280 605
1496290 605
1496300 607
1496310 610
1496320 610
1496330 613
1496340 615
1496350 615
1496360 618
1496370 620
1496380 620
1496390 623
1496400 626
1496410 626
1496420 629
1496430 633
1496440 633
1496450 636
1496460 638
1496470 638
1496480 639
1496490 638
1496500 638
1496510 637
1496520 636
1496530 636
1496540 635
1496550 634
1496560 634
1496570 633
1496580 633
1496590 633
1496600 634
1496610 635
1496620 635
1496630 635
1496640 636
1496650 636
1496660 637
1496670 637
1496680 638
1496690 638
1496700 639
1496710 639
1496720 639
1496730 639
1496740 640
1496750 640
1496760 641
1496770 643
1496780 643
1496790 643
1496800 644
1496810 644
1496820 644
1496830 643
1496840 643
1496850 643
1496860 643
1496870 643
1496880 643
1496890 643
1496900 643
1496910 643
1496920 643
1496930 643
1496940 643
1496950 645
1496960 645
1496970 646
1496980 647
1496990 647
1497000 648
1497010 650
1497020 650
1497030 651
1497040 653
1497050 653
1497060 655
1497070 656
1497080 656
1497090 658
1497100 660
1497110 660
1497120 663
1497130 664
1497140 664
1497150 666
1497160 668
1497170 669
1497180 669
1497190 670
1497200 672
1497210 672
1497220 673
1497230 674
1497240 674
1497250 676
1497260 678
1497270 678
1497280 680
1497290 682
1497300 682
1497310 689
1497320 691
1497330 691
1497340 692
1497350 693
1497360 693
1497370 693
1497380 693
1497390 693
1497400 694
1497410 695
1497420 695
1497430 694
1497440 694
1497450 694
1497460 694
1497470 694
1497480 694
1497490 693
1497500 692
1497510 692
1497520 691
1497530 690
1497540 690
1497550 691
1497560 692
1497570 692
1497580 694
1497590 695
1497600 695
1497610 696
1497620 698
1497630 698
1497640 700
1497650 702
1497660 704
1497670 704
1497680 706
1497690 708
1497700 708
1497710 710
1497720 712
1497730 712
1497740 714
1497750 716
1497760 716
1497770 719
1497780 722
1497790 722
1497800 725
1497810 728
1497820 728
1497830 731
1497840 734
1497850 734
1497860 736
1497870 739
1497880 739
1497890 742
1497900 748
1497910 748
1497920 757
1497930 764
1497940 764
1497950 769
1497960 774
1497970 774
1497980 776
1497990 775
1498000 775
1498010 773
1498020 765
1498030 765
1498040 752
1498050 745
1498060 745
1498070 740
1498080 734
1498090 734
1498100 727
1498110 725
1498120 725
1498130 727
1498140 730
1498150 734
1498160 734
1498170 739
1498180 742
1498190 742
1498200 743
1498210 745
1498220 745
1498230 747
1498240 748
1498250 748
1498260 749
1498270 752
1498280 752
1498290 754
1498300 757
1498310 757
1498320 759
1498330 760
1498340 760
1498350 762
1498360 764
1498370 764
1498380 767
1498390 770
1498400 770
1498410 774
1498420 781
1498430 781
1498440 788
1498450 794
1498460 794
1498470 796
1498480 799
1498490 799
1498500 797
1498510 794
1498520 794
1498530 792
1498540 790
1498550 790
1498560 790
1498570 791
1498580 791
1498590 792
1498600 793
1498610 793
1498620 794
1498630 796
1498640 799
1498650 799
1498660 803
1498670 807
1498680 807
1498690 811
1498700 813
1498710 813
1498720 816
1498730 819
1498740 819
1498750 824
1498760 828
1498770 828
1498780 833
1498790 837
1498800 837
1498810 838
1498820 839
1498830 839
1498840 837
1498850 832
1498860 832
1498870 829
1498880 827
1498890 827
1498900 825
1498910 824
1498920 824
1498930 824
1498940 826
1498950 826
1498960 830
1498970 839
1498980 839
1498990 852
1499000 857
1499010 857
1499020 861
1499030 865
1499040 865
1499050 867
1499060 870
1499070 870
1499080 872
1499090 873
1499100 873
1499110 875
1499120 876
1499130 876
1499140 876
1499150 876
1499160 877
1499170 877
1499180 879
1499190 882
1499200 882
1499210 886
1499220 893
1499230 893
1499240 901
1499250 907
1499260 907
1499270 909
1499280 910
1499290 910
1499300 911
1499310 912
1499320 912
1499330 913
1499340 915
1499350 915
1499360 917
1499370 919
1499380 919
1499390 922
1499400 925
1499410 925
1499420 928
1499430 930
1499440 930
1499450 933
1499460 936
1499470 936
1499480 940
1499490 942
1499500 942
1499510 943
1499520 945
1499530 945
1499540 947
1499550 947
1499560 947
1499570 946
1499580 946
1499590 946
1499600 949
1499610 950
1499620 950
1499630 950
1499640 947
1499650 942
1499660 942
1499670 937
1499680 930
1499690 930
1499700 923
1499710 917
1499720 917
1499730 910
1499740 903
1499750 903
1499760 897
1499770 890
1499780 890
1499790 883
1499800 876
1499810 876
1499820 869
1499830 862
1499840 862
1499850 854
1499860 846
1499870 846
1499880 839
1499890 833
1499900 833
1499910 830
1499920 835
1499930 835
1499940 841
1499950 847
1499960 847
1499970 853
1499980 858
1499990 858
