1480000 1057
1480010 1059
1480020 1063
1480030 1063
1480040 1066
1480050 1068
1480060 1068
1480070 1070
1480080 1069
1480090 1069
1480100 1072
1480110 1079
1480120 1079
1480130 1084
1480140 1089
1480150 1089
1480160 1096
1480170 1101
1480180 1101
1480190 1105
1480200 1109
1480210 1109
1480220 1114
1480230 1119
1480240 1119
1480250 1125
1480260 1132
1480270 1132
1480280 1140
1480290 1148
1480300 1148
1480310 1156
1480320 1163
1480330 1163
1480340 1170
1480350 1177
1480360 1177
1480370 1184
1480380 1190
1480390 1190
1480400 1196
1480410 1201
1480420 1206
1480430 1206
1480440 1210
1480450 1214
1480460 1214
1480470 1218
1480480 1223
1480490 1223
1480500 1228
1480510 1232
1480520 1232
1480530 1235
1480540 1238
1480550 1238
1480560 1241
1480570 1243
1480580 1243
1480590 1246
1480600 1248
1480610 1248
1480620 1249
1480630 1253
1480640 1253
1480650 1256
1480660 1258
1480670 1258
1480680 1259
1480690 1262
1480700 1262
1480710 1265
1480720 1268
1480730 1268
1480740 1270
1480750 1274
1480760 1274
1480770 1278
1480780 1281
1480790 1281
1480800 1284
1480810 1287
1480820 1287
1480830 1288
1480840 1292
1480850 1292
1480860 1298
1480870 1305
1480880 1305
1480890 1312
1480900 1317
1480910 1323
1480920 1323
1480930 1328
1480940 1334
1480950 1334
1480960 1340
1480970 1346
1480980 1346
1480990 1351
1481000 1356
1481010 1356
1481020 1362
1481030 1369
1481040 1369
1481050 1374
1481060 1378
1481070 1378
1481080 1384
1481090 1389
1481100 1389
1481110 1394
1481120 1395
1481130 1395
1481140 1396
1481150 1393
1481160 1393
1481170 1383
1481180 1372
1481190 1372
1481200 1362
1481210 1352
1481220 1352
1481230 1344
1481240 1336
1481250 1336
1481260 1329
1481270 1323
1481280 1323
1481290 1316
1481300 1310
1481310 1310
1481320 1304
1481330 1298
1481340 1298
1481350 1293
1481360 1286
1481370 1286
1481380 1280
1481390 1273
1481400 1273
1481410 1266
1481420 1260
1481430 1254
1481440 1254
1481450 1248
1481460 1242
1481470 1242
1481480 1235
1481490 1229
1481500 1229
1481510 1223
1481520 1217
1481530 1217
1481540 1211
1481550 1204
1481560 1204
1481570 1198
1481580 1192
1481590 1192
1481600 1187
1481610 1183
1481620 1183
1481630 1177
1481640 1171
1481650 1171
1481660 1166
1481670 1161
1481680 1161
1481690 1156
1481700 1151
1481710 1151
1481720 1147
1481730 1143
1481740 1143
1481750 1138
1481760 1134
1481770 1134
1481780 1130
1481790 1126
1481800 1126
1481810 1124
1481820 1121
1481830 1121
1481840 1118
1481850 1115
1481860 1115
1481870 1112
1481880 1109
1481890 1109
1481900 1105
1481910 1101
1481920 1096
1481930 1096
1481940 1089
1481950 1083
1481960 1083
1481970 1076
1481980 1069
1481990 1069
1482000 1061
1482010 1054
1482020 1054
1482030 1047
1482040 1040
1482050 1040
1482060 1034
1482070 1027
1482080 1027
1482090 1021
1482100 1014
1482110 1014
1482120 1008
1482130 1003
1482140 1003
1482150 997
1482160 992
1482170 992
1482180 987
1482190 982
1482200 982
1482210 977
1482220 973
1482230 973
1482240 969
1482250 965
1482260 965
1482270 963
1482280 962
1482290 962
1482300 961
1482310 961
1482320 961
1482330 960
1482340 960
1482350 960
1482360 960
1482370 959
1482380 959
1482390 958
1482400 957
1482410 955
1482420 955
1482430 953
1482440 949
1482450 949
1482460 946
1482470 945
1482480 945
1482490 951
1482500 954
1482510 954
1482520 956
1482530 957
1482540 957
1482550 958
1482560 959
1482570 959
1482580 960
1482590 961
1482600 961
1482610 961
1482620 960
1482630 960
1482640 960
1482650 962
1482660 962
1482670 964
1482680 966
1482690 966
1482700 969
1482710 973
1482720 973
1482730 977
1482740 980
1482750 980
1482760 984
1482770 987
1482780 987
1482790 989
1482800 990
1482810 990
1482820 992
1482830 993
1482840 993
1482850 995
1482860 996
1482870 996
1482880 996
1482890 996
1482900 996
1482910 998
1482920 999
1482930 1001
1482940 1001
1482950 1001
1482960 1001
1482970 1001
1482980 1002
1482990 1003
1483000 1003
1483010 1005
1483020 1010
1483030 1010
1483040 1015
1483050 1019
1483060 1019
1483070 1024
1483080 1029
1483090 1029
1483100 1034
1483110 1040
1483120 1040
1483130 1046
1483140 1053
1483150 1053
1483160 1061
1483170 1068
1483180 1068
1483190 1075
1483200 1082
1483210 1082
1483220 1089
1483230 1095
1483240 1095
1483250 1102
1483260 1110
1483270 1110
1483280 1118
1483290 1126
1483300 1126
1483310 1134
1483320 1141
1483330 1141
1483340 1148
1483350 1154
1483360 1154
1483370 1162
1483380 1170
1483390 1170
1483400 1178
1483410 1183
1483420 1189
1483430 1189
1483440 1195
1483450 1201
1483460 1201
1483470 1206
1483480 1210
1483490 1210
1483500 1215
1483510 1220
1483520 1220
1483530 1226
1483540 1232
1483550 1232
1483560 1237
1483570 1242
1483580 1242
1483590 1247
1483600 1252
1483610 1252
1483620 1256
1483630 1259
1483640 1259
1483650 1257
1483660 1251
1483670 1251
1483680 1246
1483690 1242
1483700 1242
1483710 1238
1483720 1234
1483730 1234
1483740 1229
1483750 1223
1483760 1223
1483770 1217
1483780 1210
1483790 1210
1483800 1203
1483810 1197
1483820 1197
1483830 1190
1483840 1184
1483850 1184
1483860 1178
1483870 1172
1483880 1172
1483890 1167
1483900 1160
1483910 1155
1483920 1155
1483930 1148
1483940 1141
1483950 1141
1483960 1132
1483970 1126
1483980 1126
1483990 1123
1484000 1121
1484010 1121
1484020 1117
1484030 1112
1484040 1112
1484050 1108
1484060 1105
1484070 1105
1484080 1101
1484090 1098
1484100 1098
1484110 1093
1484120 1086
1484130 1086
1484140 1077
1484150 1070
1484160 1070
1484170 1064
1484180 1055
1484190 1055
1484200 1048
1484210 1040
1484220 1040
1484230 1034
1484240 1029
1484250 1029
1484260 1023
1484270 1015
1484280 1015
1484290 1010
1484300 1007
1484310 1007
1484320 1010
1484330 1018
1484340 1018
1484350 1024
1484360 1029
1484370 1029
1484380 1030
1484390 1031
1484400 1037
1484410 1037
1484420 1044
1484430 1051
1484440 1051
1484450 1059
1484460 1067
1484470 1067
1484480 1071
1484490 1073
1484500 1073
1484510 1073
1484520 1074
1484530 1074
1484540 1078
1484550 1082
1484560 1082
1484570 1086
1484580 1086
1484590 1086
1484600 1087
1484610 1089
1484620 1089
1484630 1092
1484640 1094
1484650 1094
1484660 1096
1484670 1098
1484680 1098
1484690 1101
1484700 1104
1484710 1104
1484720 1107
1484730 1109
1484740 1109
1484750 1110
1484760 1112
1484770 1112
1484780 1114
1484790 1117
1484800 1117
1484810 1121
1484820 1125
1484830 1125
1484840 1129
1484850 1132
1484860 1132
1484870 1137
1484880 1141
1484890 1141
1484900 1145
1484910 1150
1484920 1154
1484930 1154
1484940 1159
1484950 1164
1484960 1164
1484970 1169
1484980 1174
1484990 1174
1485000 1179
1485010 1184
1485020 1184
1485030 1189
1485040 1195
1485050 1195
1485060 1199
1485070 1205
1485080 1205
1485090 1210
1485100 1216
1485110 1216
1485120 1215
1485130 1214
1485140 1214
1485150 1213
1485160 1212
1485170 1212
1485180 1210
1485190 1207
1485200 1207
1485210 1203
1485220 1201
1485230 1201
1485240 1199
1485250 1197
1485260 1197
1485270 1194
1485280 1190
1485290 1190
1485300 1185
1485310 1179
1485320 1179
1485330 1173
1485340 1166
1485350 1166
1485360 1159
1485370 1153
1485380 1153
1485390 1147
1485400 1141
1485410 1133
1485420 1133
1485430 1126
1485440 1119
1485450 1119
1485460 1112
1485470 1105
1485480 1105
1485490 1098
1485500 1092
1485510 1092
1485520 1085
1485530 1079
1485540 1079
1485550 1073
1485560 1066
1485570 1066
1485580 1060
1485590 1053
1485600 1053
1485610 1047
1485620 1041
1485630 1041
1485640 1035
1485650 1029
1485660 1029
1485670 1024
1485680 1018
1485690 1018
1485700 1013
1485710 1009
1485720 1009
1485730 1004
1485740 998
1485750 998
1485760 989
1485770 980
1485780 980
1485790 973
1485800 971
1485810 971
1485820 973
1485830 980
1485840 980
1485850 987
1485860 995
1485870 995
1485880 1003
1485890 1010
1485900 1014
1485910 1014
1485920 1017
1485930 1018
1485940 1018
1485950 1019
1485960 1021
1485970 1021
1485980 1023
1485990 1025
1486000 1025
1486010 1025
1486020 1025
1486030 1025
1486040 1026
1486050 1029
1486060 1029
1486070 1032
1486080 1034
1486090 1034
1486100 1036
1486110 1038
1486120 1038
1486130 1041
1486140 1043
1486150 1043
1486160 1045
1486170 1048
1486180 1048
1486190 1052
1486200 1055
1486210 1055
1486220 1057
1486230 1058
1486240 1058
1486250 1059
1486260 1059
1486270 1059
1486280 1059
1486290 1059
1486300 1059
1486310 1059
1486320 1059
1486330 1059
1486340 1059
1486350 1058
1486360 1058
1486370 1057
1486380 1056
1486390 1055
1486400 1055
1486410 1054
1486420 1053
1486430 1053
1486440 1053
1486450 1053
1486460 1053
1486470 1054
1486480 1055
1486490 1055
1486500 1055
1486510 1056
1486520 1056
1486530 1057
1486540 1058
1486550 1058
1486560 1058
1486570 1057
1486580 1057
1486590 1058
1486600 1060
1486610 1060
1486620 1065
1486630 1070
1486640 1070
1486650 1075
1486660 1079
1486670 1079
1486680 1082
1486690 1086
1486700 1086
1486710 1088
1486720 1089
1486730 1089
1486740 1091
1486750 1092
1486760 1092
1486770 1092
1486780 1091
1486790 1091
1486800 1091
1486810 1090
1486820 1090
1486830 1088
1486840 1085
1486850 1085
1486860 1081
1486870 1078
1486880 1078
1486890 1075
1486900 1072
1486910 1070
1486920 1070
1486930 1069
1486940 1067
1486950 1067
1486960 1064
1486970 1061
1486980 1061
1486990 1058
1487000 1056
1487010 1056
1487020 1054
1487030 1052
1487040 1052
1487050 1050
1487060 1047
1487070 1047
1487080 1044
1487090 1043
1487100 1043
1487110 1041
1487120 1039
1487130 1039
1487140 1037
1487150 1036
1487160 1036
1487170 1035
1487180 1034
1487190 1034
1487200 1033
1487210 1033
1487220 1033
1487230 1034
1487240 1035
1487250 1035
1487260 1035
1487270 1035
1487280 1035
1487290 1035
1487300 1034
1487310 1034
1487320 1032
1487330 1029
1487340 1029
1487350 1027
1487360 1024
1487370 1024
1487380 1022
1487390 1019
1487400 1016
1487410 1016
1487420 1014
1487430 1011
1487440 1011
1487450 1008
1487460 1006
1487470 1006
1487480 1003
1487490 1000
1487500 1000
1487510 996
1487520 992
1487530 992
1487540 986
1487550 980
1487560 980
1487570 974
1487580 968
1487590 968
1487600 963
1487610 957
1487620 957
1487630 952
1487640 948
1487650 948
1487660 942
1487670 937
1487680 937
1487690 932
1487700 927
1487710 927
1487720 922
1487730 917
1487740 917
1487750 912
1487760 908
1487770 908
1487780 902
1487790 896
1487800 896
1487810 889
1487820 883
1487830 883
1487840 876
1487850 870
1487860 870
1487870 864
1487880 859
1487890 855
1487900 855
1487910 851
1487920 846
1487930 846
1487940 843
1487950 839
1487960 839
1487970 835
1487980 831
1487990 831
1488000 827
1488010 824
1488020 824
1488030 822
1488040 820
1488050 820
1488060 818
1488070 816
1488080 816
1488090 816
1488100 818
1488110 818
1488120 822
1488130 826
1488140 826
1488150 828
1488160 826
1488170 826
1488180 821
1488190 818
1488200 818
1488210 810
1488220 796
1488230 796
1488240 783
1488250 775
1488260 775
1488270 768
1488280 760
1488290 760
1488300 753
1488310 746
1488320 746
1488330 739
1488340 731
1488350 731
1488360 724
1488370 717
1488380 717
1488390 710
1488400 703
1488410 696
1488420 696
1488430 689
1488440 682
1488450 682
1488460 677
1488470 673
1488480 673
1488490 669
1488500 666
1488510 666
1488520 665
1488530 665
1488540 665
1488550 663
1488560 658
1488570 658
1488580 650
1488590 639
1488600 639
1488610 626
1488620 613
1488630 613
1488640 596
1488650 567
1488660 567
1488670 547
1488680 546
1488690 546
1488700 547
1488710 546
1488720 546
1488730 546
1488740 542
1488750 542
1488760 540
1488770 538
1488780 538
1488790 538
1488800 538
1488810 538
1488820 538
1488830 538
1488840 538
1488850 538
1488860 538
1488870 538
1488880 538
1488890 538
1488900 538
1488910 538
1488920 538
1488930 538
1488940 538
1488950 538
1488960 538
1488970 538
1488980 538
1488990 538
1489000 538
1489010 538
1489020 538
1489030 538
1489040 538
1489050 538
1489060 538
1489070 538
1489080 538
1489090 538
1489100 538
1489110 538
1489120 538
1489130 538
1489140 538
1489150 538
1489160 538
1489170 538
1489180 538
1489190 538
1489200 538
1489210 538
1489220 538
1489230 538
1489240 538
1489250 538
1489260 537
1489270 537
1489280 538
1489290 538
1489300 538
1489310 538
1489320 538
1489330 538
1489340 538
1489350 538
1489360 538
1489370 538
1489380 538
1489390 538
1489400 538
1489410 538
1489420 538
1489430 538
1489440 538
1489450 538
1489460 538
1489470 538
1489480 538
1489490 538
1489500 538
1489510 538
1489520 538
1489530 538
1489540 538
1489550 538
1489560 538
1489570 538
1489580 538
1489590 538
1489600 538
1489610 538
1489620 538
1489630 538
1489640 538
1489650 538
1489660 538
1489670 538
1489680 538
1489690 538
1489700 538
1489710 538
1489720 538
1489730 538
1489740 538
1489750 538
1489760 538
1489770 538
1489780 538
1489790 538
1489800 538
1489810 538
1489820 538
1489830 538
1489840 538
1489850 538
1489860 538
1489870 538
1489880 538
1489890 538
1489900 538
1489910 538
1489920 538
1489930 538
1489940 538
1489950 538
1489960 538
1489970 538
1489980 538
1489990 538
1490000 538
1490010 538
1490020 538
1490030 538
1490040 538
1490050 538
1490060 538
1490070 538
1490080 538
1490090 538
1490100 538
1490110 538
1490120 538
1490130 538
1490140 538
1490150 538
1490160 538
1490170 538
1490180 538
1490190 538
1490200 538
1490210 538
1490220 538
1490230 538
1490240 538
1490250 538
1490260 538
1490270 538
1490280 538
1490290 538
1490300 538
1490310 538
1490320 538
1490330 538
1490340 538
1490350 538
1490360 538
1490370 538
1490380 538
1490390 538
1490400 538
1490410 538
1490420 538
1490430 538
1490440 538
1490450 538
1490460 538
1490470 538
1490480 538
1490490 538
1490500 538
1490510 538
1490520 538
1490530 538
1490540 538
1490550 538
1490560 538
1490570 538
1490580 538
1490590 538
1490600 538
1490610 538
1490620 538
1490630 538
1490640 538
1490650 538
1490660 538
1490670 538
1490680 538
1490690 538
1490700 538
1490710 538
1490720 538
1490730 538
1490740 538
1490750 538
1490760 538
1490770 538
1490780 538
1490790 538
1490800 538
1490810 538
1490820 538
1490830 538
1490840 538
1490850 538
1490860 538
1490870 538
1490880 538
1490890 538
1490900 538
1490910 538
1490920 538
1490930 538
1490940 538
1490950 538
1490960 538
1490970 538
1490980 538
1490990 538
1491000 538
1491010 538
1491020 538
1491030 538
1491040 538
1491050 538
1491060 538
1491070 538
1491080 538
1491090 538
1491100 538
1491110 538
1491120 538
1491130 538
1491140 538
1491150 538
1491160 538
1491170 538
1491180 538
1491190 538
1491200 538
1491210 538
1491220 538
1491230 538
1491240 538
1491250 538
1491260 538
1491270 538
1491280 538
1491290 538
1491300 538
1491310 538
1491320 538
1491330 538
1491340 538
1491350 538
1491360 538
1491370 538
1491380 538
1491390 538
1491400 538
1491410 538
1491420 538
1491430 538
1491440 538
1491450 538
1491460 538
1491470 538
1491480 538
1491490 538
1491500 538
1491510 538
1491520 538
1491530 538
1491540 538
1491550 538
1491560 538
1491570 538
1491580 538
1491590 538
1491600 538
1491610 538
1491620 538
1491630 538
1491640 538
1491650 538
1491660 538
1491670 538
1491680 538
1491690 538
1491700 538
1491710 538
1491720 538
1491730 538
1491740 538
1491750 538
1491760 538
1491770 538
1491780 538
1491790 538
1491800 538
1491810 538
1491820 538
1491830 538
1491840 538
1491850 538
1491860 538
1491870 538
1491880 538
1491890 538
1491900 538
1491910 538
1491920 538
1491930 538
1491940 538
1491950 538
1491960 538
1491970 538
1491980 538
1491990 538
1492000 538
1492010 538
1492020 538
1492030 538
1492040 538
1492050 538
1492060 538
1492070 538
1492080 538
1492090 538
1492100 538
1492110 538
1492120 538
1492130 538
1492140 538
1492150 538
1492160 538
1492170 538
1492180 538
1492190 538
1492200 538
1492210 538
1492220 538
1492230 538
1492240 538
1492250 538
1492260 538
1492270 538
1492280 538
1492290 538
1492300 538
1492310 539
1492320 540
1492330 540
1492340 543
1492350 545
1492360 545
1492370 546
1492380 546
1492390 547
1492400 547
1492410 548
1492420 548
1492430 548
1492440 549
1492450 550
1492460 550
1492470 552
1492480 553
1492490 553
1492500 554
1492510 555
1492520 555
1492530 556
1492540 556
1492550 556
1492560 557
1492570 557
1492580 557
1492590 558
1492600 558
1492610 558
1492620 558
1492630 559
1492640 559
1492650 560
1492660 562
1492670 562
1492680 564
1492690 567
1492700 567
1492710 568
1492720 569
1492730 569
1492740 569
1492750 569
1492760 569
1492770 570
1492780 572
1492790 572
1492800 573
1492810 574
1492820 574
1492830 575
1492840 576
1492850 576
1492860 577
1492870 578
1492880 577
1492890 577
1492900 576
1492910 576
1492920 576
1492930 576
1492940 576
1492950 576
1492960 576
1492970 576
1492980 576
1492990 576
1493000 576
1493010 576
1493020 576
1493030 576
1493040 576
1493050 578
1493060 580
1493070 580
1493080 580
1493090 581
1493100 581
1493110 582
1493120 582
1493130 582
1493140 582
1493150 582
1493160 582
1493170 580
1493180 575
1493190 575
1493200 572
1493210 571
1493220 571
1493230 571
1493240 571
1493250 571
1493260 571
1493270 568
1493280 568
1493290 566
1493300 565
1493310 565
1493320 565
1493330 566
1493340 566
1493350 565
1493360 564
1493370 563
1493380 563
1493390 562
1493400 561
1493410 561
1493420 560
1493430 559
1493440 559
1493450 558
1493460 558
1493470 558
1493480 557
1493490 556
1493500 556
1493510 556
1493520 555
1493530 555
1493540 555
1493550 556
1493560 556
1493570 557
1493580 557
1493590 557
1493600 558
1493610 558
1493620 558
1493630 559
1493640 561
1493650 561
1493660 562
1493670 562
1493680 562
1493690 563
1493700 563
1493710 563
1493720 564
1493730 564
1493740 564
1493750 564
1493760 563
1493770 563
1493780 562
1493790 561
1493800 561
1493810 561
1493820 560
1493830 560
1493840 560
1493850 560
1493860 560
1493870 561
1493880 564
1493890 567
1493900 567
1493910 570
1493920 572
1493930 572
1493940 574
1493950 576
1493960 576
1493970 577
1493980 577
1493990 577
1494000 578
1494010 580
1494020 580
1494030 583
1494040 587
1494050 587
1494060 590
1494070 593
1494080 593
1494090 594
1494100 594
1494110 594
1494120 594
1494130 595
1494140 595
1494150 595
1494160 596
1494170 596
1494180 597
1494190 599
1494200 599
1494210 600
1494220 602
1494230 602
1494240 604
1494250 606
1494260 606
1494270 609
1494280 610
1494290 610
1494300 610
1494310 612
1494320 612
1494330 615
1494340 617
1494350 617
1494360 618
1494370 618
1494380 618
1494390 618
1494400 618
1494410 617
1494420 617
1494430 619
1494440 621
1494450 621
1494460 623
1494470 622
1494480 622
1494490 621
1494500 622
1494510 622
1494520 624
1494530 626
1494540 626
1494550 629
1494560 631
1494570 631
1494580 633
1494590 635
1494600 635
1494610 639
1494620 642
1494630 642
1494640 643
1494650 643
1494660 643
1494670 643
1494680 645
1494690 645
1494700 648
1494710 650
1494720 650
1494730 653
1494740 654
1494750 654
1494760 657
1494770 659
1494780 659
1494790 662
1494800 664
1494810 664
1494820 666
1494830 666
1494840 666
1494850 668
1494860 670
1494870 672
1494880 672
1494890 674
1494900 676
1494910 676
1494920 679
1494930 681
1494940 681
1494950 682
1494960 683
1494970 683
1494980 685
1494990 685
1495000 685
1495010 684
1495020 685
1495030 685
1495040 685
1495050 686
1495060 686
1495070 687
1495080 688
1495090 688
1495100 688
1495110 687
1495120 687
1495130 687
1495140 692
1495150 692
1495160 696
1495170 701
1495180 701
1495190 706
1495200 710
1495210 710
1495220 713
1495230 717
1495240 717
1495250 722
1495260 725
1495270 725
1495280 728
1495290 731
1495300 731
1495310 733
1495320 733
1495330 733
1495340 733
1495350 733
1495360 733
1495370 735
1495380 738
1495390 742
1495400 742
1495410 745
1495420 748
1495430 748
1495440 751
1495450 753
1495460 753
1495470 756
1495480 758
1495490 758
1495500 760
1495510 763
1495520 763
1495530 763
1495540 767
1495550 767
1495560 771
1495570 775
1495580 775
1495590 777
1495600 779
1495610 779
1495620 781
1495630 784
1495640 784
1495650 787
1495660 789
1495670 789
1495680 792
1495690 793
1495700 793
1495710 796
1495720 797
1495730 797
1495740 798
1495750 799
1495760 799
1495770 800
1495780 803
1495790 803
1495800 805
1495810 807
1495820 807
1495830 809
1495840 811
1495850 811
1495860 811
1495870 812
1495880 811
1495890 811
1495900 809
1495910 805
1495920 805
1495930 800
1495940 795
1495950 795
1495960 790
1495970 784
1495980 784
1495990 779
1496000 773
1496010 773
1496020 767
1496030 760
1496040 760
1496050 754
1496060 747
1496070 747
1496080 741
1496090 735
1496100 735
1496110 728
1496120 721
1496130 721
1496140 714
1496150 708
1496160 708
1496170 700
1496180 692
1496190 692
1496200 684
1496210 670
1496220 670
1496230 664
1496240 667
1496250 667
1496260 673
1496270 681
1496280 681
1496290 688
1496300 695
1496310 695
1496320 701
1496330 708
1496340 708
1496350 714
1496360 720
1496370 726
1496380 726
1496390 732
1496400 738
1496410 738
1496420 745
1496430 752
1496440 752
1496450 759
1496460 765
1496470 765
1496480 772
1496490 778
1496500 778
1496510 784
1496520 790
1496530 790
1496540 796
1496550 802
1496560 802
1496570 809
1496580 814
1496590 814
1496600 820
1496610 825
1496620 825
1496630 829
1496640 834
1496650 834
1496660 838
1496670 842
1496680 842
1496690 847
1496700 851
1496710 851
1496720 856
1496730 860
1496740 860
1496750 864
1496760 869
1496770 869
1496780 874
1496790 879
1496800 879
1496810 885
1496820 890
1496830 890
1496840 896
1496850 901
1496860 906
1496870 906
1496880 911
1496890 916
1496900 916
1496910 921
1496920 926
1496930 926
1496940 931
1496950 936
1496960 936
1496970 940
1496980 944
1496990 944
1497000 949
1497010 953
1497020 953
1497030 959
1497040 964
1497050 964
1497060 970
1497070 976
1497080 976
1497090 983
1497100 989
1497110 989
1497120 994
1497130 1000
1497140 1000
1497150 1006
1497160 1012
1497170 1012
1497180 1019
1497190 1026
1497200 1026
1497210 1034
1497220 1043
1497230 1043
1497240 1051
1497250 1058
1497260 1058
1497270 1064
1497280 1070
1497290 1070
1497300 1075
1497310 1079
1497320 1079
1497330 1083
1497340 1089
1497350 1089
1497360 1096
1497370 1104
1497380 1112
1497390 1112
1497400 1119
1497410 1125
1497420 1125
1497430 1127
1497440 1130
1497450 1130
1497460 1134
1497470 1138
1497480 1138
1497490 1141
1497500 1144
1497510 1144
1497520 1145
1497530 1146
1497540 1146
1497550 1146
1497560 1144
1497570 1144
1497580 1142
1497590 1141
1497600 1141
1497610 1141
1497620 1141
1497630 1141
1497640 1143
1497650 1145
1497660 1145
1497670 1148
1497680 1150
1497690 1150
1497700 1153
1497710 1156
1497720 1156
1497730 1158
1497740 1159
1497750 1159
1497760 1160
1497770 1162
1497780 1162
1497790 1164
1497800 1165
1497810 1165
1497820 1167
1497830 1169
1497840 1169
1497850 1171
1497860 1173
1497870 1174
1497880 1174
1497890 1175
1497900 1177
1497910 1177
1497920 1180
1497930 1183
1497940 1183
1497950 1186
1497960 1189
1497970 1189
1497980 1192
1497990 1195
1498000 1195
1498010 1199
1498020 1204
1498030 1204
1498040 1209
1498050 1216
1498060 1216
1498070 1221
1498080 1224
1498090 1224
1498100 1226
1498110 1227
1498120 1227
1498130 1227
1498140 1227
1498150 1227
1498160 1227
1498170 1227
1498180 1227
1498190 1228
1498200 1228
1498210 1228
1498220 1229
1498230 1231
1498240 1231
1498250 1231
1498260 1233
1498270 1233
1498280 1236
1498290 1238
1498300 1238
1498310 1242
1498320 1245
1498330 1245
1498340 1248
1498350 1251
1498360 1253
1498370 1253
1498380 1258
1498390 1263
1498400 1263
1498410 1268
1498420 1273
1498430 1273
1498440 1275
1498450 1275
1498460 1275
1498470 1274
1498480 1275
1498490 1275
1498500 1275
1498510 1276
1498520 1276
1498530 1278
1498540 1281
1498550 1281
1498560 1284
1498570 1288
1498580 1288
1498590 1292
1498600 1296
1498610 1296
1498620 1300
1498630 1305
1498640 1305
1498650 1311
1498660 1316
1498670 1316
1498680 1322
1498690 1326
1498700 1326
1498710 1330
1498720 1334
1498730 1334
1498740 1338
1498750 1341
1498760 1341
1498770 1346
1498780 1350
1498790 1350
1498800 1354
1498810 1357
1498820 1357
1498830 1360
1498840 1362
1498850 1362
1498860 1365
1498870 1366
1498880 1367
1498890 1367
1498900 1368
1498910 1368
1498920 1368
1498930 1368
1498940 1368
1498950 1368
1498960 1368
1498970 1366
1498980 1366
1498990 1362
1499000 1358
1499010 1358
1499020 1355
1499030 1351
1499040 1351
1499050 1347
1499060 1343
1499070 1343
1499080 1337
1499090 1331
1499100 1331
1499110 1326
1499120 1321
1499130 1321
1499140 1316
1499150 1311
1499160 1311
1499170 1306
1499180 1301
1499190 1301
1499200 1297
1499210 1292
1499220 1292
1499230 1288
1499240 1284
1499250 1284
1499260 1278
1499270 1274
1499280 1274
1499290 1268
1499300 1262
1499310 1262
1499320 1255
1499330 1247
1499340 1247
1499350 1240
1499360 1235
1499370 1229
1499380 1229
1499390 1224
1499400 1219
1499410 1219
1499420 1214
1499430 1209
1499440 1209
1499450 1204
1499460 1201
1499470 1201
1499480 1197
1499490 1194
1499500 1194
1499510 1190
1499520 1187
1499530 1187
1499540 1184
1499550 1181
1499560 1181
1499570 1179
1499580 1177
1499590 1177
1499600 1174
1499610 1171
1499620 1171
1499630 1171
1499640 1173
1499650 1173
1499660 1175
1499670 1177
1499680 1177
1499690 1181
1499700 1184
1499710 1184
1499720 1188
1499730 1191
1499740 1191
1499750 1194
1499760 1199
1499770 1199
1499780 1206
1499790 1212
1499800 1212
1499810 1214
1499820 1213
1499830 1213
1499840 1211
1499850 1213
1499860 1215
1499870 1215
1499880 1218
1499890 1220
1499900 1220
1499910 1223
1499920 1225
1499930 1225
1499940 1229
1499950 1232
1499960 1232
1499970 1235
1499980 1239
1499990 1239
