1480000 941
1480010 948
1480020 954
1480030 954
1480040 961
1480050 968
1480060 968
1480070 976
1480080 983
1480090 983
1480100 991
1480110 998
1480120 998
1480130 1005
1480140 1012
1480150 1012
1480160 1018
1480170 1023
1480180 1023
1480190 1029
1480200 1034
1480210 1034
1480220 1040
1480230 1045
1480240 1045
1480250 1051
1480260 1057
1480270 1057
1480280 1062
1480290 1068
1480300 1068
1480310 1073
1480320 1078
1480330 1084
1480340 1084
1480350 1089
1480360 1093
1480370 1093
1480380 1098
1480390 1102
1480400 1102
1480410 1107
1480420 1111
1480430 1111
1480440 1114
1480450 1116
1480460 1116
1480470 1117
1480480 1117
1480490 1117
1480500 1117
1480510 1118
1480520 1118
1480530 1119
1480540 1118
1480550 1118
1480560 1118
1480570 1119
1480580 1119
1480590 1119
1480600 1119
1480610 1119
1480620 1120
1480630 1121
1480640 1121
1480650 1122
1480660 1123
1480670 1123
1480680 1125
1480690 1126
1480700 1126
1480710 1128
1480720 1128
1480730 1128
1480740 1129
1480750 1129
1480760 1129
1480770 1130
1480780 1131
1480790 1131
1480800 1132
1480810 1132
1480820 1132
1480830 1132
1480840 1131
1480850 1131
1480860 1131
1480870 1130
1480880 1129
1480890 1129
1480900 1127
1480910 1124
1480920 1124
1480930 1119
1480940 1112
1480950 1112
1480960 1104
1480970 1097
1480980 1097
1480990 1089
1481000 1080
1481010 1080
1481020 1072
1481030 1066
1481040 1066
1481050 1060
1481060 1055
1481070 1055
1481080 1049
1481090 1045
1481100 1045
1481110 1041
1481120 1037
1481130 1037
1481140 1033
1481150 1029
1481160 1029
1481170 1025
1481180 1021
1481190 1021
1481200 1018
1481210 1014
1481220 1014
1481230 1011
1481240 1009
1481250 1009
1481260 1006
1481270 1003
1481280 1003
1481290 999
1481300 995
1481310 995
1481320 991
1481330 987
1481340 983
1481350 983
1481360 980
1481370 977
1481380 977
1481390 973
1481400 968
1481410 968
1481420 964
1481430 960
1481440 960
1481450 956
1481460 951
1481470 951
1481480 946
1481490 941
1481500 941
1481510 937
1481520 933
1481530 933
1481540 929
1481550 924
1481560 924
1481570 919
1481580 915
1481590 915
1481600 912
1481610 910
1481620 910
1481630 907
1481640 903
1481650 903
1481660 900
1481670 897
1481680 897
1481690 894
1481700 891
1481710 891
1481720 888
1481730 885
1481740 885
1481750 882
1481760 879
1481770 879
1481780 876
1481790 873
1481800 873
1481810 870
1481820 868
1481830 868
1481840 866
1481850 863
1481860 859
1481870 859
1481880 856
1481890 852
1481900 852
1481910 848
1481920 845
1481930 845
1481940 844
1481950 842
1481960 842
1481970 840
1481980 838
1481990 838
1482000 836
1482010 835
1482020 835
1482030 835
1482040 833
1482050 833
1482060 831
1482070 830
1482080 830
1482090 829
1482100 828
1482110 828
1482120 827
1482130 826
1482140 826
1482150 826
1482160 826
1482170 826
1482180 824
1482190 821
1482200 821
1482210 818
1482220 818
1482230 818
1482240 818
1482250 819
1482260 819
1482270 818
1482280 817
1482290 817
1482300 815
1482310 811
1482320 811
1482330 808
1482340 804
1482350 800
1482360 800
1482370 798
1482380 796
1482390 796
1482400 796
1482410 796
1482420 796
1482430 796
1482440 797
1482450 797
1482460 797
1482470 796
1482480 796
1482490 796
1482500 797
1482510 797
1482520 797
1482530 797
1482540 797
1482550 796
1482560 796
1482570 796
1482580 796
1482590 798
1482600 798
1482610 800
1482620 801
1482630 801
1482640 802
1482650 802
1482660 802
1482670 802
1482680 801
1482690 801
1482700 801
1482710 802
1482720 802
1482730 802
1482740 802
1482750 802
1482760 802
1482770 802
1482780 802
1482790 802
1482800 801
1482810 801
1482820 802
1482830 802
1482840 802
1482850 803
1482860 802
1482870 802
1482880 802
1482890 801
1482900 800
1482910 800
1482920 799
1482930 799
1482940 799
1482950 799
1482960 799
1482970 799
1482980 799
1482990 799
1483000 799
1483010 798
1483020 798
1483030 798
1483040 798
1483050 798
1483060 798
1483070 799
1483080 798
1483090 798
1483100 797
1483110 797
1483120 797
1483130 797
1483140 797
1483150 797
1483160 796
1483170 795
1483180 795
1483190 795
1483200 794
1483210 794
1483220 795
1483230 795
1483240 795
1483250 795
1483260 795
1483270 795
1483280 795
1483290 796
1483300 796
1483310 796
1483320 796
1483330 796
1483340 796
1483350 797
1483360 797
1483370 797
1483380 798
1483390 798
1483400 798
1483410 798
1483420 798
1483430 798
1483440 798
1483450 799
1483460 799
1483470 799
1483480 799
1483490 799
1483500 800
1483510 800
1483520 800
1483530 801
1483540 801
1483550 801
1483560 801
1483570 802
1483580 802
1483590 802
1483600 802
1483610 802
1483620 803
1483630 803
1483640 803
1483650 803
1483660 803
1483670 803
1483680 804
1483690 804
1483700 804
1483710 805
1483720 805
1483730 805
1483740 806
1483750 806
1483760 806
1483770 807
1483780 807
1483790 807
1483800 808
1483810 810
1483820 810
1483830 813
1483840 814
1483850 814
1483860 815
1483870 815
1483880 815
1483890 815
1483900 814
1483910 813
1483920 813
1483930 813
1483940 813
1483950 813
1483960 813
1483970 813
1483980 813
1483990 813
1484000 814
1484010 814
1484020 814
1484030 815
1484040 815
1484050 816
1484060 817
1484070 817
1484080 817
1484090 817
1484100 817
1484110 818
1484120 819
1484130 819
1484140 819
1484150 820
1484160 820
1484170 821
1484180 821
1484190 821
1484200 822
1484210 821
1484220 821
1484230 821
1484240 821
1484250 821
1484260 821
1484270 820
1484280 820
1484290 820
1484300 819
1484310 819
1484320 819
1484330 820
1484340 820
1484350 820
1484360 820
1484370 820
1484380 820
1484390 820
1484400 820
1484410 820
1484420 820
1484430 821
1484440 821
1484450 821
1484460 821
1484470 821
1484480 821
1484490 822
1484500 822
1484510 822
1484520 822
1484530 822
1484540 824
1484550 827
1484560 827
1484570 828
1484580 828
1484590 828
1484600 829
1484610 829
1484620 829
1484630 829
1484640 830
1484650 830
1484660 831
1484670 831
1484680 831
1484690 831
1484700 831
1484710 831
1484720 832
1484730 832
1484740 832
1484750 833
1484760 833
1484770 833
1484780 833
1484790 834
1484800 834
1484810 834
1484820 835
1484830 835
1484840 835
1484850 836
1484860 836
1484870 838
1484880 839
1484890 839
1484900 840
1484910 842
1484920 844
1484930 844
1484940 846
1484950 849
1484960 849
1484970 851
1484980 854
1484990 854
1485000 858
1485010 860
1485020 860
1485030 863
1485040 865
1485050 865
1485060 868
1485070 871
1485080 871
1485090 873
1485100 876
1485110 876
1485120 879
1485130 881
1485140 881
1485150 884
1485160 886
1485170 886
1485180 889
1485190 891
1485200 891
1485210 893
1485220 895
1485230 895
1485240 897
1485250 898
1485260 898
1485270 900
1485280 902
1485290 902
1485300 903
1485310 905
1485320 905
1485330 906
1485340 908
1485350 908
1485360 909
1485370 910
1485380 910
1485390 911
1485400 913
1485410 913
1485420 914
1485430 914
1485440 915
1485450 915
1485460 915
1485470 915
1485480 915
1485490 915
1485500 914
1485510 914
1485520 914
1485530 912
1485540 912
1485550 910
1485560 910
1485570 910
1485580 909
1485590 909
1485600 909
1485610 910
1485620 910
1485630 910
1485640 910
1485650 910
1485660 910
1485670 911
1485680 911
1485690 911
1485700 911
1485710 911
1485720 911
1485730 910
1485740 909
1485750 909
1485760 908
1485770 907
1485780 907
1485790 906
1485800 906
1485810 906
1485820 906
1485830 906
1485840 906
1485850 904
1485860 903
1485870 903
1485880 899
1485890 891
1485900 891
1485910 885
1485920 880
1485930 875
1485940 875
1485950 871
1485960 866
1485970 866
1485980 859
1485990 853
1486000 853
1486010 848
1486020 844
1486030 844
1486040 841
1486050 839
1486060 839
1486070 838
1486080 836
1486090 836
1486100 828
1486110 811
1486120 811
1486130 798
1486140 793
1486150 793
1486160 803
1486170 815
1486180 815
1486190 810
1486200 804
1486210 804
1486220 797
1486230 787
1486240 787
1486250 773
1486260 766
1486270 766
1486280 770
1486290 771
1486300 771
1486310 767
1486320 762
1486330 762
1486340 756
1486350 753
1486360 753
1486370 748
1486380 743
1486390 743
1486400 736
1486410 724
1486420 724
1486430 714
1486440 708
1486450 701
1486460 701
1486470 692
1486480 685
1486490 685
1486500 680
1486510 676
1486520 676
1486530 672
1486540 668
1486550 668
1486560 666
1486570 665
1486580 665
1486590 665
1486600 665
1486610 665
1486620 665
1486630 664
1486640 664
1486650 662
1486660 660
1486670 660
1486680 658
1486690 657
1486700 657
1486710 655
1486720 655
1486730 655
1486740 654
1486750 653
1486760 653
1486770 652
1486780 651
1486790 651
1486800 650
1486810 649
1486820 649
1486830 648
1486840 647
1486850 647
1486860 646
1486870 645
1486880 645
1486890 644
1486900 642
1486910 642
1486920 640
1486930 639
1486940 639
1486950 637
1486960 636
1486970 634
1486980 634
1486990 632
1487000 631
1487010 631
1487020 629
1487030 627
1487040 627
1487050 625
1487060 624
1487070 624
1487080 622
1487090 620
1487100 620
1487110 619
1487120 617
1487130 617
1487140 615
1487150 613
1487160 613
1487170 611
1487180 609
1487190 609
1487200 607
1487210 605
1487220 605
1487230 604
1487240 602
1487250 602
1487260 597
1487270 595
1487280 595
1487290 593
1487300 593
1487310 593
1487320 593
1487330 592
1487340 592
1487350 589
1487360 588
1487370 588
1487380 587
1487390 586
1487400 586
1487410 584
1487420 582
1487430 582
1487440 581
1487450 580
1487460 578
1487470 578
1487480 577
1487490 575
1487500 575
1487510 574
1487520 572
1487530 572
1487540 571
1487550 569
1487560 569
1487570 568
1487580 566
1487590 566
1487600 565
1487610 564
1487620 564
1487630 562
1487640 561
1487650 561
1487660 558
1487670 557
1487680 557
1487690 557
1487700 557
1487710 557
1487720 557
1487730 556
1487740 556
1487750 556
1487760 556
1487770 556
1487780 553
1487790 550
1487800 550
1487810 549
1487820 549
1487830 549
1487840 548
1487850 547
1487860 547
1487870 547
1487880 545
1487890 545
1487900 544
1487910 544
1487920 544
1487930 543
1487940 543
1487950 543
1487960 542
1487970 542
1487980 541
1487990 541
1488000 541
1488010 540
1488020 540
1488030 540
1488040 540
1488050 540
1488060 540
1488070 539
1488080 539
1488090 539
1488100 539
1488110 539
1488120 538
1488130 538
1488140 538
1488150 538
1488160 538
1488170 538
1488180 538
1488190 538
1488200 538
1488210 538
1488220 538
1488230 538
1488240 538
1488250 538
1488260 538
1488270 538
1488280 538
1488290 538
1488300 538
1488310 538
1488320 538
1488330 538
1488340 538
1488350 538
1488360 538
1488370 538
1488380 538
1488390 538
1488400 538
1488410 538
1488420 538
1488430 538
1488440 538
1488450 538
1488460 538
1488470 538
1488480 538
1488490 538
1488500 538
1488510 538
1488520 538
1488530 538
1488540 538
1488550 538
1488560 538
1488570 538
1488580 538
1488590 538
1488600 538
1488610 538
1488620 538
1488630 538
1488640 538
1488650 538
1488660 538
1488670 538
1488680 538
1488690 538
1488700 538
1488710 538
1488720 538
1488730 538
1488740 538
1488750 538
1488760 538
1488770 538
1488780 538
1488790 538
1488800 538
1488810 538
1488820 538
1488830 538
1488840 538
1488850 538
1488860 538
1488870 538
1488880 538
1488890 538
1488900 538
1488910 538
1488920 538
1488930 538
1488940 538
1488950 538
1488960 538
1488970 538
1488980 538
1488990 538
1489000 538
1489010 538
1489020 538
1489030 538
1489040 538
1489050 538
1489060 538
1489070 538
1489080 538
1489090 538
1489100 538
1489110 538
1489120 538
1489130 538
1489140 538
1489150 538
1489160 538
1489170 538
1489180 538
1489190 538
1489200 538
1489210 538
1489220 538
1489230 538
1489240 538
1489250 538
1489260 538
1489270 538
1489280 538
1489290 538
1489300 538
1489310 538
1489320 538
1489330 538
1489340 538
1489350 538
1489360 538
1489370 538
1489380 538
1489390 538
1489400 538
1489410 538
1489420 538
1489430 538
1489440 538
1489450 538
1489460 538
1489470 538
1489480 538
1489490 538
1489500 538
1489510 538
1489520 538
1489530 538
1489540 538
1489550 538
1489560 538
1489570 538
1489580 538
1489590 538
1489600 538
1489610 538
1489620 538
1489630 538
1489640 538
1489650 538
1489660 538
1489670 538
1489680 538
1489690 538
1489700 538
1489710 538
1489720 538
1489730 538
1489740 538
1489750 538
1489760 538
1489770 538
1489780 538
1489790 538
1489800 538
1489810 538
1489820 538
1489830 538
1489840 538
1489850 538
1489860 538
1489870 538
1489880 538
1489890 538
1489900 538
1489910 538
1489920 538
1489930 538
1489940 538
1489950 538
1489960 538
1489970 538
1489980 538
1489990 538
1490000 538
1490010 538
1490020 538
1490030 538
1490040 538
1490050 538
1490060 538
1490070 538
1490080 538
1490090 538
1490100 538
1490110 538
1490120 538
1490130 538
1490140 538
1490150 538
1490160 538
1490170 538
1490180 538
1490190 538
1490200 538
1490210 538
1490220 538
1490230 538
1490240 538
1490250 538
1490260 538
1490270 538
1490280 538
1490290 538
1490300 538
1490310 538
1490320 538
1490330 538
1490340 538
1490350 538
1490360 538
1490370 538
1490380 538
1490390 538
1490400 538
1490410 538
1490420 538
1490430 538
1490440 538
1490450 538
1490460 538
1490470 538
1490480 538
1490490 538
1490500 538
1490510 538
1490520 538
1490530 538
1490540 538
1490550 538
1490560 538
1490570 538
1490580 538
1490590 538
1490600 538
1490610 538
1490620 538
1490630 538
1490640 538
1490650 538
1490660 538
1490670 538
1490680 538
1490690 538
1490700 538
1490710 538
1490720 539
1490730 540
1490740 540
1490750 540
1490760 541
1490770 541
1490780 542
1490790 542
1490800 542
1490810 543
1490820 544
1490830 544
1490840 544
1490850 545
1490860 545
1490870 547
1490880 552
1490890 552
1490900 557
1490910 563
1490920 563
1490930 569
1490940 575
1490950 575
1490960 590
1490970 604
1490980 604
1490990 615
1491000 621
1491010 621
1491020 628
1491030 635
1491040 640
1491050 640
1491060 644
1491070 649
1491080 649
1491090 654
1491100 659
1491110 659
1491120 665
1491130 670
1491140 670
1491150 677
1491160 683
1491170 683
1491180 688
1491190 693
1491200 693
1491210 698
1491220 704
1491230 704
1491240 710
1491250 716
1491260 716
1491270 721
1491280 728
1491290 728
1491300 734
1491310 740
1491320 740
1491330 746
1491340 754
1491350 754
1491360 759
1491370 763
1491380 763
1491390 769
1491400 773
1491410 773
1491420 778
1491430 783
1491440 783
1491450 791
1491460 796
1491470 796
1491480 803
1491490 809
1491500 809
1491510 817
1491520 824
1491530 824
1491540 831
1491550 839
1491560 847
1491570 847
1491580 854
1491590 862
1491600 862
1491610 869
1491620 877
1491630 877
1491640 887
1491650 895
1491660 895
1491670 901
1491680 908
1491690 908
1491700 917
1491710 924
1491720 924
1491730 930
1491740 933
1491750 933
1491760 936
1491770 940
1491780 940
1491790 945
1491800 949
1491810 949
1491820 953
1491830 956
1491840 956
1491850 958
1491860 961
1491870 961
1491880 964
1491890 968
1491900 968
1491910 972
1491920 976
1491930 976
1491940 979
1491950 983
1491960 983
1491970 987
1491980 991
1491990 991
1492000 994
1492010 997
1492020 997
1492030 999
1492040 1001
1492050 1001
1492060 1002
1492070 1005
1492080 1008
1492090 1008
1492100 1012
1492110 1015
1492120 1015
1492130 1016
1492140 1017
1492150 1017
1492160 1017
1492170 1014
1492180 1014
1492190 1013
1492200 1011
1492210 1011
1492220 1008
1492230 1007
1492240 1007
1492250 1007
1492260 1009
1492270 1009
1492280 1010
1492290 1011
1492300 1011
1492310 1017
1492320 1019
1492330 1019
1492340 1019
1492350 1019
1492360 1019
1492370 1021
1492380 1023
1492390 1023
1492400 1025
1492410 1027
1492420 1027
1492430 1028
1492440 1028
1492450 1028
1492460 1030
1492470 1034
1492480 1034
1492490 1038
1492500 1041
1492510 1041
1492520 1042
1492530 1044
1492540 1044
1492550 1045
1492560 1046
1492570 1047
1492580 1047
1492590 1050
1492600 1056
1492610 1056
1492620 1062
1492630 1064
1492640 1064
1492650 1068
1492660 1074
1492670 1074
1492680 1080
1492690 1088
1492700 1088
1492710 1096
1492720 1106
1492730 1106
1492740 1115
1492750 1123
1492760 1123
1492770 1129
1492780 1136
1492790 1136
1492800 1142
1492810 1148
1492820 1148
1492830 1155
1492840 1161
1492850 1161
1492860 1168
1492870 1172
1492880 1172
1492890 1176
1492900 1180
1492910 1180
1492920 1184
1492930 1187
1492940 1187
1492950 1188
1492960 1186
1492970 1186
1492980 1183
1492990 1179
1493000 1179
1493010 1177
1493020 1173
1493030 1173
1493040 1170
1493050 1169
1493060 1169
1493070 1168
1493080 1167
1493090 1165
1493100 1165
1493110 1162
1493120 1157
1493130 1157
1493140 1152
1493150 1146
1493160 1146
1493170 1140
1493180 1133
1493190 1133
1493200 1127
1493210 1123
1493220 1123
1493230 1119
1493240 1116
1493250 1116
1493260 1114
1493270 1114
1493280 1114
1493290 1113
1493300 1111
1493310 1111
1493320 1108
1493330 1106
1493340 1106
1493350 1104
1493360 1100
1493370 1100
1493380 1097
1493390 1093
1493400 1093
1493410 1090
1493420 1092
1493430 1092
1493440 1096
1493450 1097
1493460 1097
1493470 1096
1493480 1095
1493490 1095
1493500 1092
1493510 1090
1493520 1090
1493530 1087
1493540 1085
1493550 1085
1493560 1083
1493570 1082
1493580 1082
1493590 1081
1493600 1080
1493610 1077
1493620 1077
1493630 1075
1493640 1074
1493650 1074
1493660 1072
1493670 1069
1493680 1069
1493690 1067
1493700 1071
1493710 1071
1493720 1069
1493730 1066
1493740 1066
1493750 1063
1493760 1061
1493770 1061
1493780 1058
1493790 1058
1493800 1058
1493810 1057
1493820 1057
1493830 1057
1493840 1059
1493850 1065
1493860 1065
1493870 1073
1493880 1079
1493890 1079
1493900 1085
1493910 1091
1493920 1091
1493930 1097
1493940 1103
1493950 1103
1493960 1109
1493970 1116
1493980 1116
1493990 1122
1494000 1128
1494010 1128
1494020 1134
1494030 1140
1494040 1140
1494050 1146
1494060 1152
1494070 1152
1494080 1158
1494090 1164
1494100 1170
1494110 1170
1494120 1176
1494130 1183
1494140 1183
1494150 1189
1494160 1195
1494170 1195
1494180 1201
1494190 1208
1494200 1208
1494210 1214
1494220 1220
1494230 1220
1494240 1226
1494250 1232
1494260 1232
1494270 1238
1494280 1244
1494290 1244
1494300 1250
1494310 1257
1494320 1257
1494330 1263
1494340 1269
1494350 1269
1494360 1276
1494370 1282
1494380 1282
1494390 1289
1494400 1297
1494410 1297
1494420 1306
1494430 1314
1494440 1314
1494450 1321
1494460 1329
1494470 1329
1494480 1337
1494490 1347
1494500 1347
1494510 1354
1494520 1361
1494530 1361
1494540 1368
1494550 1374
1494560 1374
1494570 1380
1494580 1386
1494590 1386
1494600 1392
1494610 1397
1494620 1400
1494630 1400
1494640 1403
1494650 1404
1494660 1404
1494670 1404
1494680 1402
1494690 1402
1494700 1400
1494710 1397
1494720 1397
1494730 1394
1494740 1390
1494750 1390
1494760 1386
1494770 1381
1494780 1381
1494790 1376
1494800 1370
1494810 1370
1494820 1362
1494830 1353
1494840 1353
1494850 1342
1494860 1335
1494870 1335
1494880 1329
1494890 1323
1494900 1323
1494910 1315
1494920 1305
1494930 1305
1494940 1295
1494950 1287
1494960 1287
1494970 1281
1494980 1275
1494990 1275
1495000 1269
1495010 1264
1495020 1264
1495030 1260
1495040 1255
1495050 1255
1495060 1249
1495070 1244
1495080 1244
1495090 1241
1495100 1238
1495110 1238
1495120 1234
1495130 1231
1495140 1228
1495150 1228
1495160 1225
1495170 1223
1495180 1223
1495190 1221
1495200 1218
1495210 1218
1495220 1215
1495230 1213
1495240 1213
1495250 1211
1495260 1209
1495270 1209
1495280 1206
1495290 1204
1495300 1204
1495310 1201
1495320 1199
1495330 1199
1495340 1198
1495350 1195
1495360 1195
1495370 1189
1495380 1184
1495390 1184
1495400 1179
1495410 1176
1495420 1176
1495430 1173
1495440 1170
1495450 1170
1495460 1167
1495470 1161
1495480 1161
1495490 1154
1495500 1145
1495510 1145
1495520 1134
1495530 1125
1495540 1125
1495550 1123
1495560 1122
1495570 1122
1495580 1121
1495590 1119
1495600 1119
1495610 1116
1495620 1116
1495630 1116
1495640 1116
1495650 1113
1495660 1109
1495670 1109
1495680 1103
1495690 1098
1495700 1098
1495710 1091
1495720 1083
1495730 1083
1495740 1079
1495750 1075
1495760 1075
1495770 1071
1495780 1066
1495790 1066
1495800 1063
1495810 1059
1495820 1059
1495830 1056
1495840 1056
1495850 1056
1495860 1058
1495870 1057
1495880 1057
1495890 1054
1495900 1048
1495910 1048
1495920 1044
1495930 1039
1495940 1039
1495950 1032
1495960 1026
1495970 1026
1495980 1018
1495990 1010
1496000 1010
1496010 1006
1496020 1000
1496030 1000
1496040 993
1496050 986
1496060 986
1496070 980
1496080 979
1496090 979
1496100 978
1496110 977
1496120 977
1496130 976
1496140 975
1496150 978
1496160 978
1496170 979
1496180 979
1496190 979
1496200 976
1496210 974
1496220 974
1496230 973
1496240 971
1496250 971
1496260 970
1496270 969
1496280 969
1496290 967
1496300 965
1496310 965
1496320 963
1496330 961
1496340 961
1496350 960
1496360 962
1496370 962
1496380 965
1496390 966
1496400 966
1496410 964
1496420 962
1496430 962
1496440 961
1496450 959
1496460 959
1496470 958
1496480 958
1496490 958
1496500 958
1496510 959
1496520 959
1496530 958
1496540 958
1496550 958
1496560 958
1496570 959
1496580 959
1496590 961
1496600 964
1496610 964
1496620 968
1496630 972
1496640 972
1496650 975
1496660 977
1496670 980
1496680 980
1496690 983
1496700 985
1496710 985
1496720 986
1496730 988
1496740 988
1496750 990
1496760 993
1496770 993
1496780 994
1496790 996
1496800 996
1496810 996
1496820 995
1496830 995
1496840 994
1496850 996
1496860 996
1496870 998
1496880 1002
1496890 1002
1496900 1006
1496910 1009
1496920 1009
1496930 1013
1496940 1015
1496950 1015
1496960 1018
1496970 1022
1496980 1022
1496990 1026
1497000 1030
1497010 1030
1497020 1034
1497030 1038
1497040 1038
1497050 1041
1497060 1045
1497070 1045
1497080 1049
1497090 1053
1497100 1053
1497110 1057
1497120 1061
1497130 1061
1497140 1066
1497150 1071
1497160 1071
1497170 1076
1497180 1080
1497190 1085
1497200 1085
1497210 1090
1497220 1096
1497230 1096
1497240 1102
1497250 1107
1497260 1107
1497270 1112
1497280 1118
1497290 1118
1497300 1123
1497310 1129
1497320 1129
1497330 1135
1497340 1141
1497350 1141
1497360 1146
1497370 1153
1497380 1153
1497390 1159
1497400 1165
1497410 1165
1497420 1171
1497430 1179
1497440 1179
1497450 1185
1497460 1193
1497470 1193
1497480 1198
1497490 1201
1497500 1201
1497510 1202
1497520 1203
1497530 1203
1497540 1203
1497550 1204
1497560 1204
1497570 1205
1497580 1205
1497590 1205
1497600 1205
1497610 1205
1497620 1205
1497630 1204
1497640 1203
1497650 1203
1497660 1203
1497670 1203
1497680 1202
1497690 1202
1497700 1202
1497710 1201
1497720 1201
1497730 1201
1497740 1201
1497750 1201
1497760 1202
1497770 1203
1497780 1203
1497790 1205
1497800 1207
1497810 1207
1497820 1209
1497830 1212
1497840 1212
1497850 1214
1497860 1218
1497870 1218
1497880 1221
1497890 1224
1497900 1224
1497910 1227
1497920 1230
1497930 1230
1497940 1234
1497950 1237
1497960 1237
1497970 1240
1497980 1243
1497990 1243
1498000 1246
1498010 1250
1498020 1250
1498030 1255
1498040 1259
1498050 1259
1498060 1264
1498070 1269
1498080 1269
1498090 1273
1498100 1276
1498110 1276
1498120 1280
1498130 1284
1498140 1284
1498150 1288
1498160 1291
1498170 1291
1498180 1296
1498190 1300
1498200 1304
1498210 1304
1498220 1309
1498230 1313
1498240 1313
1498250 1317
1498260 1321
1498270 1321
1498280 1324
1498290 1327
1498300 1327
1498310 1330
1498320 1333
1498330 1333
1498340 1336
1498350 1339
1498360 1339
1498370 1341
1498380 1344
1498390 1344
1498400 1346
1498410 1349
1498420 1349
1498430 1351
1498440 1353
1498450 1353
1498460 1355
1498470 1357
1498480 1357
1498490 1358
1498500 1357
1498510 1357
1498520 1350
1498530 1341
1498540 1341
1498550 1332
1498560 1323
1498570 1323
1498580 1314
1498590 1306
1498600 1306
1498610 1300
1498620 1294
1498630 1294
1498640 1287
1498650 1282
1498660 1282
1498670 1275
1498680 1269
1498690 1269
1498700 1263
1498710 1257
1498720 1252
1498730 1252
1498740 1248
1498750 1245
1498760 1245
1498770 1242
1498780 1238
1498790 1238
1498800 1234
1498810 1231
1498820 1231
1498830 1230
1498840 1229
1498850 1229
1498860 1228
1498870 1227
1498880 1227
1498890 1227
1498900 1229
1498910 1229
1498920 1232
1498930 1234
1498940 1234
1498950 1233
1498960 1228
1498970 1228
1498980 1221
1498990 1215
1499000 1215
1499010 1209
1499020 1204
1499030 1204
1499040 1199
1499050 1190
1499060 1190
1499070 1182
1499080 1174
1499090 1174
1499100 1166
1499110 1159
1499120 1159
1499130 1153
1499140 1147
1499150 1147
1499160 1141
1499170 1136
1499180 1136
1499190 1131
1499200 1126
1499210 1121
1499220 1121
1499230 1116
1499240 1112
1499250 1112
1499260 1107
1499270 1102
1499280 1102
1499290 1098
1499300 1094
1499310 1094
1499320 1089
1499330 1084
1499340 1084
1499350 1077
1499360 1071
1499370 1071
1499380 1067
1499390 1063
1499400 1063
1499410 1059
1499420 1054
1499430 1054
1499440 1048
1499450 1042
1499460 1042
1499470 1037
1499480 1032
1499490 1032
1499500 1025
1499510 1019
1499520 1019
1499530 1013
1499540 1007
1499550 1007
1499560 1001
1499570 995
1499580 995
1499590 990
1499600 985
1499610 985
1499620 979
1499630 975
1499640 975
1499650 970
1499660 966
1499670 966
1499680 961
1499690 956
1499700 956
1499710 949
1499720 943
1499730 937
1499740 937
1499750 931
1499760 926
1499770 926
1499780 921
1499790 918
1499800 918
1499810 914
1499820 911
1499830 911
1499840 909
1499850 906
1499860 906
1499870 903
1499880 896
1499890 896
1499900 890
1499910 883
1499920 883
1499930 876
1499940 871
1499950 871
1499960 872
1499970 874
1499980 874
1499990 875
