1480000 746
1480010 747
1480020 747
1480030 747
1480040 751
1480050 754
1480060 754
1480070 757
1480080 760
1480090 760
1480100 761
1480110 763
1480120 763
1480130 765
1480140 767
1480150 767
1480160 770
1480170 772
1480180 772
1480190 775
1480200 778
1480210 778
1480220 780
1480230 783
1480240 783
1480250 785
1480260 786
1480270 788
1480280 788
1480290 791
1480300 794
1480310 794
1480320 796
1480330 797
1480340 797
1480350 798
1480360 800
1480370 800
1480380 802
1480390 803
1480400 803
1480410 804
1480420 804
1480430 804
1480440 809
1480450 811
1480460 811
1480470 812
1480480 812
1480490 812
1480500 812
1480510 813
1480520 813
1480530 813
1480540 813
1480550 813
1480560 814
1480570 814
1480580 814
1480590 814
1480600 814
1480610 814
1480620 814
1480630 813
1480640 813
1480650 812
1480660 811
1480670 811
1480680 808
1480690 805
1480700 805
1480710 804
1480720 805
1480730 805
1480740 805
1480750 804
1480760 804
1480770 802
1480780 801
1480790 800
1480800 800
1480810 799
1480820 797
1480830 797
1480840 796
1480850 795
1480860 795
1480870 795
1480880 795
1480890 795
1480900 795
1480910 794
1480920 794
1480930 795
1480940 795
1480950 795
1480960 794
1480970 792
1480980 792
1480990 790
1481000 788
1481010 788
1481020 785
1481030 784
1481040 784
1481050 781
1481060 777
1481070 777
1481080 774
1481090 773
1481100 773
1481110 772
1481120 770
1481130 770
1481140 769
1481150 767
1481160 767
1481170 765
1481180 764
1481190 764
1481200 763
1481210 762
1481220 762
1481230 761
1481240 761
1481250 761
1481260 761
1481270 761
1481280 761
1481290 760
1481300 760
1481310 760
1481320 760
1481330 760
1481340 760
1481350 760
1481360 760
1481370 760
1481380 760
1481390 760
1481400 760
1481410 760
1481420 760
1481430 760
1481440 760
1481450 760
1481460 760
1481470 760
1481480 760
1481490 761
1481500 761
1481510 761
1481520 761
1481530 761
1481540 762
1481550 762
1481560 762
1481570 762
1481580 763
1481590 763
1481600 763
1481610 763
1481620 763
1481630 763
1481640 764
1481650 764
1481660 764
1481670 764
1481680 764
1481690 764
1481700 764
1481710 764
1481720 764
1481730 765
1481740 765
1481750 765
1481760 765
1481770 765
1481780 765
1481790 765
1481800 765
1481810 765
1481820 765
1481830 765
1481840 765
1481850 766
1481860 766
1481870 766
1481880 766
1481890 766
1481900 766
1481910 766
1481920 767
1481930 767
1481940 766
1481950 766
1481960 766
1481970 766
1481980 766
1481990 766
1482000 766
1482010 767
1482020 767
1482030 767
1482040 767
1482050 767
1482060 767
1482070 767
1482080 767
1482090 768
1482100 768
1482110 768
1482120 768
1482130 768
1482140 768
1482150 767
1482160 768
1482170 768
1482180 768
1482190 768
1482200 768
1482210 769
1482220 770
1482230 770
1482240 772
1482250 774
1482260 774
1482270 776
1482280 778
1482290 778
1482300 781
1482310 782
1482320 785
1482330 785
1482340 789
1482350 792
1482360 792
1482370 796
1482380 800
1482390 800
1482400 803
1482410 807
1482420 807
1482430 811
1482440 814
1482450 814
1482460 819
1482470 824
1482480 824
1482490 828
1482500 833
1482510 833
1482520 839
1482530 845
1482540 845
1482550 852
1482560 859
1482570 859
1482580 865
1482590 872
1482600 872
1482610 879
1482620 886
1482630 886
1482640 893
1482650 900
1482660 900
1482670 907
1482680 915
1482690 915
1482700 922
1482710 930
1482720 930
1482730 939
1482740 947
1482750 947
1482760 955
1482770 962
1482780 962
1482790 966
1482800 970
1482810 970
1482820 973
1482830 976
1482840 979
1482850 979
1482860 982
1482870 985
1482880 985
1482890 987
1482900 989
1482910 989
1482920 990
1482930 992
1482940 992
1482950 993
1482960 995
1482970 995
1482980 996
1482990 996
1483000 996
1483010 997
1483020 998
1483030 998
1483040 997
1483050 996
1483060 996
1483070 995
1483080 996
1483090 996
1483100 998
1483110 1001
1483120 1001
1483130 1002
1483140 1003
1483150 1003
1483160 1007
1483170 1011
1483180 1011
1483190 1014
1483200 1017
1483210 1017
1483220 1018
1483230 1019
1483240 1019
1483250 1020
1483260 1022
1483270 1022
1483280 1024
1483290 1026
1483300 1026
1483310 1027
1483320 1027
1483330 1027
1483340 1026
1483350 1024
1483360 1024
1483370 1024
1483380 1025
1483390 1025
1483400 1025
1483410 1025
1483420 1025
1483430 1025
1483440 1025
1483450 1026
1483460 1026
1483470 1024
1483480 1021
1483490 1021
1483500 1019
1483510 1018
1483520 1018
1483530 1017
1483540 1017
1483550 1017
1483560 1017
1483570 1016
1483580 1016
1483590 1017
1483600 1019
1483610 1019
1483620 1021
1483630 1022
1483640 1022
1483650 1022
1483660 1022
1483670 1022
1483680 1021
1483690 1023
1483700 1023
1483710 1025
1483720 1026
1483730 1026
1483740 1027
1483750 1028
1483760 1028
1483770 1029
1483780 1029
1483790 1029
1483800 1028
1483810 1031
1483820 1031
1483830 1031
1483840 1028
1483850 1028
1483860 1025
1483870 1025
1483880 1026
1483890 1026
1483900 1025
1483910 1024
1483920 1024
1483930 1021
1483940 1017
1483950 1017
1483960 1012
1483970 1004
1483980 1004
1483990 997
1484000 993
1484010 993
1484020 988
1484030 983
1484040 983
1484050 978
1484060 973
1484070 973
1484080 970
1484090 968
1484100 968
1484110 965
1484120 963
1484130 963
1484140 959
1484150 954
1484160 954
1484170 951
1484180 952
1484190 952
1484200 959
1484210 969
1484220 969
1484230 974
1484240 977
1484250 977
1484260 979
1484270 977
1484280 977
1484290 973
1484300 965
1484310 965
1484320 956
1484330 949
1484340 949
1484350 943
1484360 939
1484370 939
1484380 934
1484390 931
1484400 928
1484410 928
1484420 927
1484430 925
1484440 925
1484450 922
1484460 918
1484470 918
1484480 913
1484490 910
1484500 910
1484510 908
1484520 905
1484530 905
1484540 902
1484550 902
1484560 902
1484570 902
1484580 902
1484590 902
1484600 904
1484610 906
1484620 906
1484630 909
1484640 912
1484650 912
1484660 916
1484670 915
1484680 915
1484690 912
1484700 909
1484710 909
1484720 907
1484730 905
1484740 905
1484750 906
1484760 906
1484770 906
1484780 906
1484790 904
1484800 904
1484810 898
1484820 890
1484830 890
1484840 888
1484850 887
1484860 887
1484870 886
1484880 887
1484890 887
1484900 888
1484910 887
1484920 883
1484930 883
1484940 878
1484950 874
1484960 874
1484970 872
1484980 869
1484990 869
1485000 865
1485010 865
1485020 865
1485030 869
1485040 871
1485050 871
1485060 874
1485070 880
1485080 880
1485090 887
1485100 892
1485110 892
1485120 895
1485130 898
1485140 898
1485150 899
1485160 898
1485170 898
1485180 897
1485190 896
1485200 896
1485210 895
1485220 894
1485230 894
1485240 894
1485250 894
1485260 894
1485270 895
1485280 897
1485290 897
1485300 902
1485310 906
1485320 906
1485330 907
1485340 907
1485350 907
1485360 905
1485370 901
1485380 901
1485390 893
1485400 885
1485410 885
1485420 879
1485430 873
1485440 868
1485450 868
1485460 862
1485470 855
1485480 855
1485490 848
1485500 840
1485510 840
1485520 830
1485530 820
1485540 820
1485550 812
1485560 806
1485570 806
1485580 802
1485590 795
1485600 795
1485610 787
1485620 779
1485630 779
1485640 771
1485650 763
1485660 763
1485670 753
1485680 744
1485690 744
1485700 734
1485710 727
1485720 727
1485730 721
1485740 715
1485750 715
1485760 712
1485770 710
1485780 710
1485790 706
1485800 704
1485810 704
1485820 702
1485830 699
1485840 699
1485850 696
1485860 692
1485870 692
1485880 690
1485890 687
1485900 687
1485910 683
1485920 679
1485930 679
1485940 677
1485950 675
1485960 672
1485970 672
1485980 669
1485990 666
1486000 666
1486010 665
1486020 665
1486030 665
1486040 665
1486050 665
1486060 665
1486070 664
1486080 662
1486090 662
1486100 659
1486110 653
1486120 653
1486130 648
1486140 644
1486150 644
1486160 642
1486170 640
1486180 640
1486190 637
1486200 633
1486210 633
1486220 629
1486230 625
1486240 625
1486250 623
1486260 621
1486270 621
1486280 619
1486290 618
1486300 618
1486310 615
1486320 612
1486330 612
1486340 609
1486350 607
1486360 607
1486370 605
1486380 604
1486390 604
1486400 601
1486410 600
1486420 600
1486430 600
1486440 602
1486450 602
1486460 602
1486470 603
1486480 604
1486490 604
1486500 604
1486510 604
1486520 604
1486530 604
1486540 604
1486550 604
1486560 603
1486570 603
1486580 603
1486590 603
1486600 603
1486610 603
1486620 601
1486630 600
1486640 600
1486650 600
1486660 599
1486670 599
1486680 599
1486690 599
1486700 599
1486710 599
1486720 599
1486730 599
1486740 599
1486750 599
1486760 599
1486770 599
1486780 599
1486790 599
1486800 598
1486810 597
1486820 597
1486830 597
1486840 596
1486850 596
1486860 595
1486870 595
1486880 595
1486890 595
1486900 595
1486910 595
1486920 595
1486930 595
1486940 595
1486950 595
1486960 595
1486970 595
1486980 595
1486990 594
1487000 594
1487010 594
1487020 594
1487030 593
1487040 593
1487050 593
1487060 592
1487070 592
1487080 592
1487090 591
1487100 591
1487110 590
1487120 588
1487130 588
1487140 587
1487150 587
1487160 587
1487170 585
1487180 585
1487190 585
1487200 584
1487210 584
1487220 584
1487230 583
1487240 583
1487250 583
1487260 582
1487270 580
1487280 580
1487290 579
1487300 580
1487310 580
1487320 578
1487330 574
1487340 574
1487350 571
1487360 573
1487370 573
1487380 573
1487390 573
1487400 573
1487410 573
1487420 571
1487430 571
1487440 568
1487450 568
1487460 568
1487470 567
1487480 566
1487490 566
1487500 566
1487510 565
1487520 564
1487530 564
1487540 562
1487550 560
1487560 560
1487570 559
1487580 557
1487590 557
1487600 554
1487610 552
1487620 552
1487630 552
1487640 551
1487650 551
1487660 551
1487670 551
1487680 551
1487690 551
1487700 550
1487710 550
1487720 550
1487730 549
1487740 549
1487750 548
1487760 548
1487770 548
1487780 548
1487790 547
1487800 547
1487810 547
1487820 546
1487830 546
1487840 546
1487850 545
1487860 545
1487870 545
1487880 545
1487890 545
1487900 544
1487910 544
1487920 544
1487930 544
1487940 544
1487950 544
1487960 543
1487970 543
1487980 543
1487990 543
1488000 543
1488010 543
1488020 543
1488030 542
1488040 541
1488050 541
1488060 541
1488070 541
1488080 541
1488090 541
1488100 541
1488110 541
1488120 541
1488130 541
1488140 541
1488150 541
1488160 541
1488170 541
1488180 541
1488190 542
1488200 542
1488210 542
1488220 542
1488230 542
1488240 542
1488250 542
1488260 542
1488270 542
1488280 542
1488290 542
1488300 542
1488310 543
1488320 543
1488330 548
1488340 550
1488350 550
1488360 550
1488370 549
1488380 549
1488390 548
1488400 548
1488410 548
1488420 549
1488430 549
1488440 549
1488450 547
1488460 540
1488470 540
1488480 538
1488490 538
1488500 538
1488510 538
1488520 538
1488530 538
1488540 538
1488550 538
1488560 538
1488570 538
1488580 538
1488590 538
1488600 538
1488610 538
1488620 538
1488630 538
1488640 538
1488650 538
1488660 538
1488670 538
1488680 538
1488690 538
1488700 538
1488710 538
1488720 538
1488730 538
1488740 538
1488750 538
1488760 538
1488770 538
1488780 538
1488790 538
1488800 538
1488810 538
1488820 538
1488830 538
1488840 538
1488850 538
1488860 538
1488870 538
1488880 538
1488890 538
1488900 538
1488910 538
1488920 538
1488930 538
1488940 538
1488950 538
1488960 538
1488970 538
1488980 538
1488990 538
1489000 538
1489010 538
1489020 538
1489030 538
1489040 538
1489050 538
1489060 538
1489070 538
1489080 538
1489090 538
1489100 538
1489110 538
1489120 538
1489130 538
1489140 538
1489150 538
1489160 538
1489170 538
1489180 538
1489190 538
1489200 538
1489210 538
1489220 538
1489230 538
1489240 538
1489250 538
1489260 538
1489270 538
1489280 538
1489290 538
1489300 538
1489310 538
1489320 538
1489330 538
1489340 540
1489350 550
1489360 550
1489370 559
1489380 565
1489390 565
1489400 574
1489410 587
1489420 587
1489430 592
1489440 598
1489450 598
1489460 601
1489470 603
1489480 603
1489490 605
1489500 611
1489510 611
1489520 619
1489530 624
1489540 624
1489550 629
1489560 630
1489570 631
1489580 631
1489590 633
1489600 637
1489610 637
1489620 642
1489630 650
1489640 650
1489650 655
1489660 657
1489670 657
1489680 657
1489690 660
1489700 660
1489710 664
1489720 671
1489730 671
1489740 677
1489750 679
1489760 679
1489770 682
1489780 686
1489790 686
1489800 684
1489810 682
1489820 682
1489830 686
1489840 687
1489850 687
1489860 688
1489870 690
1489880 690
1489890 690
1489900 691
1489910 691
1489920 693
1489930 693
1489940 693
1489950 691
1489960 692
1489970 692
1489980 691
1489990 690
1490000 690
1490010 687
1490020 685
1490030 685
1490040 682
1490050 680
1490060 680
1490070 678
1490080 678
1490090 676
1490100 676
1490110 675
1490120 676
1490130 676
1490140 677
1490150 677
1490160 677
1490170 676
1490180 676
1490190 676
1490200 673
1490210 672
1490220 672
1490230 673
1490240 675
1490250 675
1490260 675
1490270 671
1490280 671
1490290 665
1490300 655
1490310 655
1490320 647
1490330 640
1490340 640
1490350 632
1490360 623
1490370 623
1490380 604
1490390 593
1490400 593
1490410 588
1490420 586
1490430 586
1490440 589
1490450 591
1490460 591
1490470 586
1490480 581
1490490 581
1490500 581
1490510 581
1490520 581
1490530 581
1490540 580
1490550 580
1490560 581
1490570 585
1490580 585
1490590 589
1490600 590
1490610 592
1490620 592
1490630 595
1490640 597
1490650 597
1490660 601
1490670 604
1490680 604
1490690 608
1490700 613
1490710 613
1490720 619
1490730 625
1490740 625
1490750 628
1490760 631
1490770 631
1490780 635
1490790 639
1490800 639
1490810 643
1490820 645
1490830 645
1490840 649
1490850 652
1490860 652
1490870 655
1490880 658
1490890 658
1490900 661
1490910 664
1490920 664
1490930 666
1490940 667
1490950 667
1490960 669
1490970 673
1490980 673
1490990 676
1491000 679
1491010 679
1491020 681
1491030 683
1491040 683
1491050 687
1491060 689
1491070 689
1491080 691
1491090 694
1491100 694
1491110 698
1491120 701
1491130 704
1491140 704
1491150 705
1491160 706
1491170 706
1491180 707
1491190 709
1491200 709
1491210 709
1491220 707
1491230 707
1491240 707
1491250 706
1491260 706
1491270 705
1491280 704
1491290 704
1491300 703
1491310 703
1491320 703
1491330 703
1491340 702
1491350 702
1491360 701
1491370 700
1491380 700
1491390 698
1491400 696
1491410 696
1491420 692
1491430 690
1491440 690
1491450 686
1491460 684
1491470 680
1491480 676
1491490 675
1491500 675
1491510 677
1491520 680
1491530 680
1491540 685
1491550 690
1491560 690
1491570 693
1491580 694
1491590 694
1491600 697
1491610 700
1491620 700
1491630 704
1491640 708
1491650 710
1491660 710
1491670 713
1491680 714
1491690 714
1491700 715
1491710 717
1491720 717
1491730 719
1491740 723
1491750 723
1491760 729
1491770 735
1491780 735
1491790 739
1491800 744
1491810 744
1491820 750
1491830 756
1491840 756
1491850 761
1491860 765
1491870 765
1491880 766
1491890 767
1491900 767
1491910 769
1491920 773
1491930 773
1491940 777
1491950 780
1491960 780
1491970 784
1491980 788
1491990 788
1492000 792
1492010 796
1492020 796
1492030 800
1492040 804
1492050 804
1492060 809
1492070 816
1492080 816
1492090 829
1492100 841
1492110 841
1492120 847
1492130 851
1492140 851
1492150 854
1492160 857
1492170 863
1492180 863
1492190 870
1492200 878
1492210 878
1492220 885
1492230 890
1492240 890
1492250 893
1492260 898
1492270 898
1492280 902
1492290 907
1492300 907
1492310 913
1492320 921
1492330 921
1492340 930
1492350 938
1492360 938
1492370 944
1492380 948
1492390 948
1492400 951
1492410 953
1492420 953
1492430 953
1492440 953
1492450 953
1492460 955
1492470 957
1492480 957
1492490 959
1492500 961
1492510 961
1492520 964
1492530 967
1492540 967
1492550 971
1492560 975
1492570 975
1492580 981
1492590 986
1492600 986
1492610 990
1492620 995
1492630 995
1492640 1001
1492650 1007
1492660 1007
1492670 1012
1492680 1018
1492690 1023
1492700 1023
1492710 1027
1492720 1033
1492730 1033
1492740 1037
1492750 1042
1492760 1042
1492770 1048
1492780 1052
1492790 1052
1492800 1058
1492810 1066
1492820 1066
1492830 1073
1492840 1080
1492850 1080
1492860 1088
1492870 1094
1492880 1094
1492890 1099
1492900 1105
1492910 1105
1492920 1110
1492930 1116
1492940 1116
1492950 1122
1492960 1128
1492970 1128
1492980 1134
1492990 1140
1493000 1140
1493010 1147
1493020 1153
1493030 1153
1493040 1159
1493050 1165
1493060 1165
1493070 1171
1493080 1177
1493090 1177
1493100 1183
1493110 1189
1493120 1189
1493130 1195
1493140 1200
1493150 1200
1493160 1206
1493170 1211
1493180 1211
1493190 1215
1493200 1220
1493210 1224
1493220 1224
1493230 1227
1493240 1229
1493250 1229
1493260 1231
1493270 1232
1493280 1232
1493290 1232
1493300 1233
1493310 1233
1493320 1233
1493330 1233
1493340 1233
1493350 1233
1493360 1233
1493370 1233
1493380 1232
1493390 1230
1493400 1230
1493410 1227
1493420 1222
1493430 1222
1493440 1216
1493450 1211
1493460 1211
1493470 1207
1493480 1205
1493490 1205
1493500 1203
1493510 1202
1493520 1202
1493530 1201
1493540 1199
1493550 1199
1493560 1193
1493570 1190
1493580 1190
1493590 1195
1493600 1201
1493610 1201
1493620 1208
1493630 1212
1493640 1212
1493650 1214
1493660 1217
1493670 1217
1493680 1218
1493690 1220
1493700 1220
1493710 1221
1493720 1222
1493730 1221
1493740 1221
1493750 1218
1493760 1215
1493770 1215
1493780 1223
1493790 1232
1493800 1232
1493810 1240
1493820 1247
1493830 1247
1493840 1253
1493850 1260
1493860 1260
1493870 1266
1493880 1272
1493890 1272
1493900 1279
1493910 1285
1493920 1285
1493930 1290
1493940 1295
1493950 1295
1493960 1300
1493970 1303
1493980 1303
1493990 1308
1494000 1313
1494010 1313
1494020 1319
1494030 1325
1494040 1325
1494050 1331
1494060 1338
1494070 1338
1494080 1344
1494090 1349
1494100 1349
1494110 1356
1494120 1363
1494130 1363
1494140 1369
1494150 1375
1494160 1375
1494170 1383
1494180 1389
1494190 1389
1494200 1395
1494210 1402
1494220 1407
1494230 1407
1494240 1409
1494250 1411
1494260 1411
1494270 1414
1494280 1416
1494290 1416
1494300 1420
1494310 1424
1494320 1424
1494330 1428
1494340 1432
1494350 1432
1494360 1436
1494370 1439
1494380 1439
1494390 1442
1494400 1446
1494410 1446
1494420 1450
1494430 1452
1494440 1452
1494450 1454
1494460 1458
1494470 1458
1494480 1462
1494490 1465
1494500 1465
1494510 1469
1494520 1472
1494530 1472
1494540 1476
1494550 1479
1494560 1479
1494570 1482
1494580 1486
1494590 1486
1494600 1489
1494610 1493
1494620 1493
1494630 1497
1494640 1501
1494650 1501
1494660 1506
1494670 1510
1494680 1510
1494690 1514
1494700 1517
1494710 1517
1494720 1520
1494730 1522
1494740 1523
1494750 1523
1494760 1523
1494770 1524
1494780 1524
1494790 1524
1494800 1524
1494810 1524
1494820 1524
1494830 1524
1494840 1524
1494850 1524
1494860 1522
1494870 1522
1494880 1522
1494890 1522
1494900 1522
1494910 1521
1494920 1520
1494930 1520
1494940 1519
1494950 1517
1494960 1517
1494970 1516
1494980 1514
1494990 1514
1495000 1513
1495010 1514
1495020 1514
1495030 1513
1495040 1512
1495050 1512
1495060 1514
1495070 1513
1495080 1513
1495090 1511
1495100 1510
1495110 1510
1495120 1511
1495130 1511
1495140 1511
1495150 1511
1495160 1509
1495170 1509
1495180 1508
1495190 1508
1495200 1508
1495210 1508
1495220 1507
1495230 1507
1495240 1506
1495250 1507
1495260 1508
1495270 1508
1495280 1511
1495290 1511
1495300 1511
1495310 1509
1495320 1508
1495330 1508
1495340 1507
1495350 1508
1495360 1508
1495370 1508
1495380 1509
1495390 1509
1495400 1512
1495410 1514
1495420 1514
1495430 1513
1495440 1513
1495450 1513
1495460 1513
1495470 1515
1495480 1515
1495490 1516
1495500 1518
1495510 1518
1495520 1518
1495530 1518
1495540 1518
1495550 1519
1495560 1519
1495570 1519
1495580 1520
1495590 1520
1495600 1520
1495610 1521
1495620 1522
1495630 1522
1495640 1523
1495650 1524
1495660 1524
1495670 1526
1495680 1528
1495690 1528
1495700 1530
1495710 1532
1495720 1532
1495730 1533
1495740 1534
1495750 1534
1495760 1534
1495770 1535
1495780 1537
1495790 1537
1495800 1538
1495810 1540
1495820 1540
1495830 1541
1495840 1543
1495850 1543
1495860 1544
1495870 1545
1495880 1545
1495890 1547
1495900 1548
1495910 1548
1495920 1549
1495930 1550
1495940 1550
1495950 1551
1495960 1552
1495970 1552
1495980 1553
1495990 1554
1496000 1554
1496010 1554
1496020 1554
1496030 1554
1496040 1554
1496050 1553
1496060 1553
1496070 1552
1496080 1551
1496090 1551
1496100 1548
1496110 1544
1496120 1544
1496130 1539
1496140 1534
1496150 1534
1496160 1528
1496170 1524
1496180 1524
1496190 1521
1496200 1520
1496210 1520
1496220 1520
1496230 1520
1496240 1520
1496250 1517
1496260 1515
1496270 1515
1496280 1513
1496290 1512
1496300 1510
1496310 1510
1496320 1508
1496330 1508
1496340 1508
1496350 1507
1496360 1507
1496370 1507
1496380 1507
1496390 1506
1496400 1506
1496410 1507
1496420 1506
1496430 1506
1496440 1505
1496450 1504
1496460 1504
1496470 1504
1496480 1502
1496490 1502
1496500 1500
1496510 1498
1496520 1498
1496530 1492
1496540 1481
1496550 1481
1496560 1458
1496570 1425
1496580 1425
1496590 1415
1496600 1413
1496610 1413
1496620 1413
1496630 1412
1496640 1412
1496650 1416
1496660 1418
1496670 1418
1496680 1419
1496690 1417
1496700 1417
1496710 1416
1496720 1416
1496730 1416
1496740 1423
1496750 1421
1496760 1421
1496770 1428
1496780 1436
1496790 1436
1496800 1443
1496810 1448
1496820 1453
1496830 1453
1496840 1457
1496850 1462
1496860 1462
1496870 1468
1496880 1476
1496890 1476
1496900 1486
1496910 1498
1496920 1498
1496930 1506
1496940 1514
1496950 1514
1496960 1521
1496970 1526
1496980 1526
1496990 1533
1497000 1541
1497010 1541
1497020 1549
1497030 1557
1497040 1557
1497050 1564
1497060 1568
1497070 1568
1497080 1560
1497090 1533
1497100 1533
1497110 1512
1497120 1496
1497130 1496
1497140 1476
1497150 1452
1497160 1452
1497170 1429
1497180 1421
1497190 1421
1497200 1413
1497210 1407
1497220 1407
1497230 1401
1497240 1396
1497250 1396
1497260 1390
1497270 1386
1497280 1386
1497290 1383
1497300 1381
1497310 1381
1497320 1379
1497330 1378
1497340 1378
1497350 1378
1497360 1378
1497370 1378
1497380 1378
1497390 1377
1497400 1378
1497410 1378
1497420 1378
1497430 1378
1497440 1378
1497450 1377
1497460 1377
1497470 1377
1497480 1374
1497490 1372
1497500 1372
1497510 1370
1497520 1369
1497530 1369
1497540 1370
1497550 1372
1497560 1372
1497570 1374
1497580 1374
1497590 1374
1497600 1374
1497610 1375
1497620 1375
1497630 1377
1497640 1379
1497650 1379
1497660 1381
1497670 1384
1497680 1384
1497690 1387
1497700 1390
1497710 1390
1497720 1394
1497730 1397
1497740 1397
1497750 1401
1497760 1405
1497770 1405
1497780 1409
1497790 1412
1497800 1412
1497810 1415
1497820 1419
1497830 1419
1497840 1423
1497850 1426
1497860 1430
1497870 1430
1497880 1433
1497890 1435
1497900 1435
1497910 1436
1497920 1432
1497930 1432
1497940 1418
1497950 1408
1497960 1408
1497970 1403
1497980 1400
1497990 1400
1498000 1393
1498010 1383
1498020 1383
1498030 1376
1498040 1369
1498050 1369
1498060 1362
1498070 1356
1498080 1356
1498090 1350
1498100 1345
1498110 1345
1498120 1341
1498130 1337
1498140 1337
1498150 1333
1498160 1327
1498170 1327
1498180 1323
1498190 1322
1498200 1322
1498210 1322
1498220 1321
1498230 1321
1498240 1319
1498250 1316
1498260 1316
1498270 1316
1498280 1315
1498290 1315
1498300 1313
1498310 1314
1498320 1314
1498330 1316
1498340 1317
1498350 1317
1498360 1318
1498370 1319
1498380 1321
1498390 1321
1498400 1323
1498410 1325
1498420 1325
1498430 1327
1498440 1329
1498450 1329
1498460 1332
1498470 1336
1498480 1336
1498490 1339
1498500 1343
1498510 1343
1498520 1345
1498530 1346
1498540 1346
1498550 1346
1498560 1347
1498570 1347
1498580 1348
1498590 1349
1498600 1349
1498610 1349
1498620 1349
1498630 1349
1498640 1349
1498650 1348
1498660 1348
1498670 1346
1498680 1344
1498690 1344
1498700 1342
1498710 1340
1498720 1340
1498730 1337
1498740 1333
1498750 1333
1498760 1328
1498770 1322
1498780 1322
1498790 1318
1498800 1315
1498810 1315
1498820 1311
1498830 1309
1498840 1309
1498850 1307
1498860 1305
1498870 1305
1498880 1302
1498890 1301
1498900 1300
1498910 1300
1498920 1300
1498930 1299
1498940 1299
1498950 1299
1498960 1299
1498970 1299
1498980 1299
1498990 1300
1499000 1300
1499010 1301
1499020 1301
1499030 1301
1499040 1300
1499050 1299
1499060 1299
1499070 1297
1499080 1293
1499090 1293
1499100 1289
1499110 1286
1499120 1286
1499130 1283
1499140 1280
1499150 1280
1499160 1277
1499170 1275
1499180 1275
1499190 1274
1499200 1272
1499210 1272
1499220 1271
1499230 1269
1499240 1269
1499250 1268
1499260 1267
1499270 1267
1499280 1266
1499290 1265
1499300 1265
1499310 1264
1499320 1262
1499330 1262
1499340 1260
1499350 1258
1499360 1258
1499370 1254
1499380 1249
1499390 1249
1499400 1244
1499410 1238
1499420 1230
1499430 1230
1499440 1222
1499450 1215
1499460 1215
1499470 1208
1499480 1202
1499490 1202
1499500 1196
1499510 1190
1499520 1190
1499530 1184
1499540 1178
1499550 1178
1499560 1171
1499570 1165
1499580 1165
1499590 1159
1499600 1153
1499610 1153
1499620 1148
1499630 1142
1499640 1142
1499650 1136
1499660 1130
1499670 1130
1499680 1125
1499690 1119
1499700 1119
1499710 1113
1499720 1107
1499730 1107
1499740 1101
1499750 1095
1499760 1095
1499770 1090
1499780 1085
1499790 1085
1499800 1080
1499810 1076
1499820 1076
1499830 1071
1499840 1066
1499850 1066
1499860 1061
1499870 1057
1499880 1057
1499890 1053
1499900 1049
1499910 1049
1499920 1045
1499930 1041
1499940 1039
1499950 1039
1499960 1038
1499970 1039
1499980 1039
1499990 1038
