1480000 732
1480010 731
1480020 730
1480030 730
1480040 728
1480050 727
1480060 727
1480070 726
1480080 725
1480090 725
1480100 723
1480110 723
1480120 723
1480130 722
1480140 723
1480150 724
1480160 724
1480170 724
1480180 725
1480190 725
1480200 727
1480210 728
1480220 728
1480230 728
1480240 729
1480250 729
1480260 729
1480270 728
1480280 728
1480290 728
1480300 727
1480310 727
1480320 727
1480330 727
1480340 727
1480350 727
1480360 728
1480370 728
1480380 728
1480390 728
1480400 728
1480410 728
1480420 728
1480430 728
1480440 727
1480450 726
1480460 726
1480470 726
1480480 726
1480490 726
1480500 726
1480510 726
1480520 726
1480530 727
1480540 728
1480550 728
1480560 729
1480570 731
1480580 731
1480590 733
1480600 734
1480610 734
1480620 737
1480630 740
1480640 740
1480650 742
1480660 745
1480670 745
1480680 748
1480690 751
1480700 753
1480710 753
1480720 756
1480730 759
1480740 759
1480750 763
1480760 768
1480770 768
1480780 771
1480790 773
1480800 773
1480810 775
1480820 777
1480830 777
1480840 780
1480850 782
1480860 782
1480870 784
1480880 786
1480890 786
1480900 788
1480910 790
1480920 790
1480930 790
1480940 788
1480950 788
1480960 786
1480970 784
1480980 784
1480990 782
1481000 779
1481010 779
1481020 775
1481030 772
1481040 772
1481050 769
1481060 767
1481070 767
1481080 766
1481090 764
1481100 764
1481110 761
1481120 759
1481130 759
1481140 756
1481150 753
1481160 753
1481170 751
1481180 749
1481190 749
1481200 747
1481210 745
1481220 743
1481230 743
1481240 741
1481250 740
1481260 740
1481270 739
1481280 738
1481290 738
1481300 737
1481310 737
1481320 737
1481330 737
1481340 737
1481350 737
1481360 737
1481370 737
1481380 737
1481390 736
1481400 735
1481410 735
1481420 734
1481430 734
1481440 734
1481450 735
1481460 737
1481470 737
1481480 741
1481490 745
1481500 745
1481510 748
1481520 749
1481530 749
1481540 748
1481550 747
1481560 747
1481570 746
1481580 745
1481590 745
1481600 745
1481610 746
1481620 746
1481630 746
1481640 747
1481650 747
1481660 748
1481670 749
1481680 749
1481690 753
1481700 757
1481710 757
1481720 760
1481730 763
1481740 766
1481750 766
1481760 769
1481770 770
1481780 770
1481790 771
1481800 773
1481810 773
1481820 776
1481830 781
1481840 781
1481850 788
1481860 794
1481870 794
1481880 796
1481890 798
1481900 798
1481910 799
1481920 798
1481930 798
1481940 796
1481950 797
1481960 797
1481970 797
1481980 797
1481990 797
1482000 796
1482010 797
1482020 797
1482030 801
1482040 807
1482050 807
1482060 815
1482070 822
1482080 822
1482090 828
1482100 833
1482110 833
1482120 836
1482130 836
1482140 836
1482150 837
1482160 839
1482170 839
1482180 840
1482190 838
1482200 838
1482210 834
1482220 832
1482230 832
1482240 832
1482250 831
1482260 831
1482270 827
1482280 822
1482290 820
1482300 820
1482310 818
1482320 816
1482330 816
1482340 812
1482350 809
1482360 809
1482370 808
1482380 806
1482390 806
1482400 803
1482410 800
1482420 800
1482430 796
1482440 792
1482450 792
1482460 787
1482470 784
1482480 784
1482490 783
1482500 782
1482510 782
1482520 779
1482530 773
1482540 773
1482550 767
1482560 763
1482570 763
1482580 758
1482590 753
1482600 753
1482610 748
1482620 746
1482630 746
1482640 749
1482650 752
1482660 752
1482670 753
1482680 752
1482690 752
1482700 750
1482710 746
1482720 746
1482730 741
1482740 737
1482750 737
1482760 736
1482770 737
1482780 737
1482790 737
1482800 736
1482810 731
1482820 731
1482830 729
1482840 727
1482850 727
1482860 724
1482870 721
1482880 721
1482890 723
1482900 729
1482910 729
1482920 733
1482930 734
1482940 734
1482950 739
1482960 742
1482970 742
1482980 745
1482990 748
1483000 748
1483010 748
1483020 748
1483030 748
1483040 746
1483050 744
1483060 744
1483070 742
1483080 740
1483090 740
1483100 737
1483110 734
1483120 734
1483130 731
1483140 727
1483150 727
1483160 723
1483170 719
1483180 719
1483190 716
1483200 714
1483210 714
1483220 713
1483230 711
1483240 711
1483250 708
1483260 705
1483270 705
1483280 704
1483290 704
1483300 704
1483310 704
1483320 704
1483330 705
1483340 705
1483350 705
1483360 705
1483370 705
1483380 705
1483390 705
1483400 705
1483410 706
1483420 706
1483430 706
1483440 706
1483450 706
1483460 706
1483470 706
1483480 706
1483490 706
1483500 705
1483510 706
1483520 706
1483530 706
1483540 706
1483550 706
1483560 706
1483570 706
1483580 706
1483590 705
1483600 705
1483610 705
1483620 706
1483630 708
1483640 708
1483650 710
1483660 712
1483670 712
1483680 715
1483690 719
1483700 719
1483710 722
1483720 726
1483730 726
1483740 728
1483750 731
1483760 731
1483770 734
1483780 735
1483790 735
1483800 736
1483810 737
1483820 737
1483830 739
1483840 741
1483850 741
1483860 742
1483870 741
1483880 739
1483890 739
1483900 741
1483910 745
1483920 745
1483930 747
1483940 750
1483950 750
1483960 757
1483970 761
1483980 761
1483990 763
1484000 764
1484010 764
1484020 765
1484030 766
1484040 766
1484050 767
1484060 769
1484070 769
1484080 773
1484090 774
1484100 774
1484110 776
1484120 777
1484130 777
1484140 778
1484150 778
1484160 778
1484170 776
1484180 774
1484190 774
1484200 773
1484210 773
1484220 773
1484230 775
1484240 778
1484250 778
1484260 783
1484270 789
1484280 789
1484290 796
1484300 802
1484310 802
1484320 809
1484330 812
1484340 812
1484350 815
1484360 817
1484370 817
1484380 818
1484390 818
1484400 817
1484410 817
1484420 818
1484430 820
1484440 820
1484450 825
1484460 827
1484470 827
1484480 828
1484490 831
1484500 831
1484510 834
1484520 837
1484530 837
1484540 839
1484550 839
1484560 839
1484570 838
1484580 837
1484590 837
1484600 836
1484610 834
1484620 834
1484630 831
1484640 828
1484650 828
1484660 826
1484670 825
1484680 825
1484690 824
1484700 821
1484710 821
1484720 818
1484730 815
1484740 815
1484750 811
1484760 805
1484770 805
1484780 793
1484790 784
1484800 784
1484810 782
1484820 778
1484830 778
1484840 775
1484850 773
1484860 773
1484870 769
1484880 766
1484890 766
1484900 763
1484910 760
1484920 757
1484930 757
1484940 754
1484950 752
1484960 752
1484970 749
1484980 745
1484990 745
1485000 741
1485010 737
1485020 737
1485030 735
1485040 734
1485050 734
1485060 733
1485070 732
1485080 732
1485090 731
1485100 730
1485110 730
1485120 728
1485130 726
1485140 726
1485150 724
1485160 722
1485170 722
1485180 720
1485190 717
1485200 717
1485210 715
1485220 714
1485230 714
1485240 712
1485250 710
1485260 710
1485270 708
1485280 706
1485290 706
1485300 704
1485310 703
1485320 703
1485330 703
1485340 702
1485350 702
1485360 702
1485370 702
1485380 702
1485390 701
1485400 701
1485410 701
1485420 701
1485430 700
1485440 700
1485450 700
1485460 699
1485470 701
1485480 701
1485490 704
1485500 704
1485510 704
1485520 701
1485530 700
1485540 700
1485550 699
1485560 699
1485570 699
1485580 698
1485590 699
1485600 699
1485610 698
1485620 697
1485630 697
1485640 697
1485650 697
1485660 697
1485670 696
1485680 696
1485690 696
1485700 696
1485710 696
1485720 696
1485730 696
1485740 696
1485750 696
1485760 696
1485770 696
1485780 696
1485790 697
1485800 700
1485810 700
1485820 703
1485830 705
1485840 705
1485850 706
1485860 705
1485870 705
1485880 703
1485890 703
1485900 703
1485910 703
1485920 705
1485930 705
1485940 705
1485950 704
1485960 704
1485970 704
1485980 703
1485990 704
1486000 704
1486010 704
1486020 705
1486030 705
1486040 706
1486050 706
1486060 706
1486070 708
1486080 711
1486090 711
1486100 713
1486110 712
1486120 712
1486130 712
1486140 713
1486150 713
1486160 714
1486170 716
1486180 716
1486190 717
1486200 719
1486210 719
1486220 721
1486230 725
1486240 725
1486250 728
1486260 730
1486270 730
1486280 732
1486290 734
1486300 734
1486310 736
1486320 739
1486330 739
1486340 743
1486350 746
1486360 746
1486370 749
1486380 752
1486390 752
1486400 755
1486410 758
1486420 758
1486430 760
1486440 762
1486450 762
1486460 765
1486470 767
1486480 767
1486490 770
1486500 772
1486510 775
1486520 775
1486530 777
1486540 780
1486550 780
1486560 782
1486570 785
1486580 785
1486590 787
1486600 790
1486610 790
1486620 793
1486630 796
1486640 796
1486650 799
1486660 800
1486670 800
1486680 801
1486690 799
1486700 799
1486710 795
1486720 791
1486730 791
1486740 786
1486750 780
1486760 780
1486770 775
1486780 770
1486790 770
1486800 765
1486810 760
1486820 760
1486830 755
1486840 750
1486850 750
1486860 743
1486870 737
1486880 737
1486890 733
1486900 736
1486910 736
1486920 741
1486930 743
1486940 743
1486950 745
1486960 747
1486970 747
1486980 749
1486990 751
1487000 751
1487010 752
1487020 755
1487030 755
1487040 758
1487050 762
1487060 767
1487070 767
1487080 772
1487090 779
1487100 779
1487110 796
1487120 814
1487130 814
1487140 829
1487150 845
1487160 845
1487170 868
1487180 880
1487190 880
1487200 887
1487210 891
1487220 891
1487230 893
1487240 895
1487250 895
1487260 894
1487270 887
1487280 887
1487290 876
1487300 865
1487310 865
1487320 857
1487330 848
1487340 848
1487350 841
1487360 831
1487370 831
1487380 819
1487390 813
1487400 813
1487410 807
1487420 808
1487430 808
1487440 807
1487450 802
1487460 802
1487470 791
1487480 777
1487490 777
1487500 749
1487510 726
1487520 726
1487530 722
1487540 722
1487550 722
1487560 720
1487570 716
1487580 715
1487590 715
1487600 714
1487610 714
1487620 714
1487630 714
1487640 715
1487650 715
1487660 716
1487670 716
1487680 716
1487690 715
1487700 712
1487710 712
1487720 711
1487730 711
1487740 711
1487750 711
1487760 714
1487770 714
1487780 714
1487790 714
1487800 714
1487810 714
1487820 710
1487830 710
1487840 707
1487850 706
1487860 706
1487870 705
1487880 706
1487890 706
1487900 707
1487910 710
1487920 710
1487930 711
1487940 712
1487950 712
1487960 712
1487970 712
1487980 712
1487990 713
1488000 714
1488010 714
1488020 716
1488030 718
1488040 718
1488050 721
1488060 727
1488070 727
1488080 734
1488090 740
1488100 745
1488110 745
1488120 748
1488130 752
1488140 752
1488150 755
1488160 756
1488170 756
1488180 757
1488190 759
1488200 759
1488210 760
1488220 760
1488230 760
1488240 759
1488250 757
1488260 757
1488270 754
1488280 749
1488290 749
1488300 743
1488310 736
1488320 736
1488330 727
1488340 719
1488350 719
1488360 711
1488370 704
1488380 704
1488390 697
1488400 692
1488410 692
1488420 687
1488430 684
1488440 684
1488450 680
1488460 677
1488470 677
1488480 675
1488490 673
1488500 673
1488510 671
1488520 670
1488530 670
1488540 670
1488550 670
1488560 670
1488570 670
1488580 668
1488590 668
1488600 666
1488610 665
1488620 665
1488630 662
1488640 659
1488650 657
1488660 657
1488670 656
1488680 656
1488690 656
1488700 656
1488710 657
1488720 657
1488730 655
1488740 648
1488750 648
1488760 640
1488770 632
1488780 632
1488790 626
1488800 621
1488810 621
1488820 616
1488830 613
1488840 613
1488850 610
1488860 608
1488870 608
1488880 605
1488890 601
1488900 601
1488910 597
1488920 594
1488930 594
1488940 594
1488950 593
1488960 593
1488970 593
1488980 592
1488990 592
1489000 591
1489010 590
1489020 590
1489030 590
1489040 590
1489050 590
1489060 589
1489070 589
1489080 589
1489090 589
1489100 588
1489110 588
1489120 588
1489130 588
1489140 588
1489150 588
1489160 588
1489170 588
1489180 588
1489190 587
1489200 587
1489210 587
1489220 587
1489230 587
1489240 587
1489250 588
1489260 589
1489270 589
1489280 589
1489290 590
1489300 590
1489310 589
1489320 588
1489330 588
1489340 586
1489350 585
1489360 585
1489370 585
1489380 585
1489390 585
1489400 585
1489410 584
1489420 584
1489430 584
1489440 584
1489450 584
1489460 584
1489470 583
1489480 583
1489490 583
1489500 582
1489510 582
1489520 582
1489530 582
1489540 582
1489550 583
1489560 583
1489570 583
1489580 583
1489590 583
1489600 583
1489610 583
1489620 583
1489630 583
1489640 583
1489650 583
1489660 583
1489670 583
1489680 583
1489690 584
1489700 584
1489710 585
1489720 585
1489730 585
1489740 585
1489750 586
1489760 586
1489770 585
1489780 584
1489790 584
1489800 584
1489810 584
1489820 584
1489830 584
1489840 583
1489850 583
1489860 583
1489870 583
1489880 583
1489890 583
1489900 584
1489910 584
1489920 583
1489930 581
1489940 581
1489950 580
1489960 580
1489970 580
1489980 580
1489990 581
1490000 581
1490010 581
1490020 581
1490030 581
1490040 581
1490050 580
1490060 580
1490070 580
1490080 580
1490090 580
1490100 579
1490110 579
1490120 579
1490130 579
1490140 579
1490150 579
1490160 579
1490170 579
1490180 579
1490190 579
1490200 579
1490210 579
1490220 579
1490230 579
1490240 579
1490250 579
1490260 579
1490270 579
1490280 579
1490290 579
1490300 579
1490310 579
1490320 579
1490330 579
1490340 579
1490350 578
1490360 578
1490370 578
1490380 578
1490390 578
1490400 578
1490410 578
1490420 578
1490430 578
1490440 578
1490450 578
1490460 578
1490470 578
1490480 579
1490490 579
1490500 579
1490510 579
1490520 579
1490530 579
1490540 579
1490550 579
1490560 578
1490570 578
1490580 578
1490590 578
1490600 579
1490610 579
1490620 578
1490630 578
1490640 578
1490650 579
1490660 579
1490670 579
1490680 579
1490690 580
1490700 580
1490710 583
1490720 587
1490730 587
1490740 593
1490750 599
1490760 606
1490770 606
1490780 614
1490790 624
1490800 624
1490810 633
1490820 640
1490830 640
1490840 645
1490850 649
1490860 649
1490870 654
1490880 658
1490890 658
1490900 662
1490910 666
1490920 666
1490930 669
1490940 667
1490950 667
1490960 665
1490970 665
1490980 665
1490990 666
1491000 665
1491010 665
1491020 668
1491030 676
1491040 676
1491050 685
1491060 691
1491070 691
1491080 696
1491090 700
1491100 700
1491110 701
1491120 704
1491130 704
1491140 708
1491150 713
1491160 713
1491170 717
1491180 722
1491190 722
1491200 726
1491210 732
1491220 732
1491230 737
1491240 742
1491250 742
1491260 746
1491270 749
1491280 753
1491290 753
1491300 755
1491310 758
1491320 758
1491330 761
1491340 765
1491350 765
1491360 769
1491370 774
1491380 774
1491390 776
1491400 777
1491410 777
1491420 780
1491430 780
1491440 780
1491450 780
1491460 780
1491470 780
1491480 781
1491490 781
1491500 781
1491510 781
1491520 781
1491530 781
1491540 785
1491550 789
1491560 789
1491570 791
1491580 793
1491590 793
1491600 795
1491610 796
1491620 796
1491630 797
1491640 797
1491650 797
1491660 795
1491670 797
1491680 797
1491690 798
1491700 799
1491710 799
1491720 802
1491730 802
1491740 802
1491750 803
1491760 806
1491770 806
1491780 808
1491790 811
1491800 811
1491810 814
1491820 817
1491830 820
1491840 820
1491850 823
1491860 827
1491870 827
1491880 831
1491890 835
1491900 835
1491910 838
1491920 840
1491930 840
1491940 843
1491950 847
1491960 847
1491970 849
1491980 852
1491990 852
1492000 854
1492010 856
1492020 856
1492030 854
1492040 849
1492050 849
1492060 845
1492070 844
1492080 844
1492090 845
1492100 846
1492110 846
1492120 847
1492130 850
1492140 850
1492150 851
1492160 852
1492170 852
1492180 854
1492190 856
1492200 856
1492210 860
1492220 864
1492230 864
1492240 867
1492250 869
1492260 869
1492270 874
1492280 877
1492290 877
1492300 879
1492310 885
1492320 885
1492330 887
1492340 893
1492350 898
1492360 898
1492370 906
1492380 912
1492390 912
1492400 917
1492410 923
1492420 923
1492430 929
1492440 935
1492450 935
1492460 941
1492470 947
1492480 947
1492490 951
1492500 955
1492510 955
1492520 962
1492530 968
1492540 968
1492550 976
1492560 980
1492570 980
1492580 982
1492590 985
1492600 985
1492610 988
1492620 991
1492630 991
1492640 994
1492650 996
1492660 996
1492670 998
1492680 1002
1492690 1002
1492700 1006
1492710 1009
1492720 1009
1492730 1014
1492740 1017
1492750 1017
1492760 1021
1492770 1025
1492780 1025
1492790 1029
1492800 1031
1492810 1031
1492820 1034
1492830 1035
1492840 1035
1492850 1036
1492860 1038
1492870 1038
1492880 1038
1492890 1038
1492900 1040
1492910 1040
1492920 1042
1492930 1044
1492940 1044
1492950 1047
1492960 1049
1492970 1049
1492980 1050
1492990 1052
1493000 1052
1493010 1056
1493020 1059
1493030 1059
1493040 1062
1493050 1064
1493060 1064
1493070 1067
1493080 1070
1493090 1070
1493100 1074
1493110 1076
1493120 1076
1493130 1076
1493140 1077
1493150 1077
1493160 1078
1493170 1075
1493180 1075
1493190 1074
1493200 1075
1493210 1075
1493220 1076
1493230 1075
1493240 1075
1493250 1081
1493260 1088
1493270 1088
1493280 1095
1493290 1100
1493300 1100
1493310 1102
1493320 1104
1493330 1104
1493340 1107
1493350 1111
1493360 1111
1493370 1116
1493380 1120
1493390 1120
1493400 1123
1493410 1127
1493420 1131
1493430 1131
1493440 1136
1493450 1139
1493460 1139
1493470 1143
1493480 1147
1493490 1147
1493500 1150
1493510 1145
1493520 1145
1493530 1139
1493540 1132
1493550 1132
1493560 1130
1493570 1131
1493580 1131
1493590 1127
1493600 1123
1493610 1123
1493620 1125
1493630 1121
1493640 1121
1493650 1116
1493660 1115
1493670 1115
1493680 1114
1493690 1120
1493700 1120
1493710 1123
1493720 1126
1493730 1126
1493740 1132
1493750 1141
1493760 1141
1493770 1147
1493780 1149
1493790 1149
1493800 1151
1493810 1150
1493820 1150
1493830 1145
1493840 1140
1493850 1140
1493860 1139
1493870 1138
1493880 1138
1493890 1138
1493900 1137
1493910 1137
1493920 1133
1493930 1131
1493940 1134
1493950 1134
1493960 1136
1493970 1139
1493980 1133
1493990 1134
1494000 1136
1494010 1136
1494020 1139
1494030 1145
1494040 1145
1494050 1147
1494060 1143
1494070 1143
1494080 1142
1494090 1136
1494100 1136
1494110 1135
1494120 1141
1494130 1141
1494140 1146
1494150 1152
1494160 1152
1494170 1155
1494180 1158
1494190 1158
1494200 1169
1494210 1179
1494220 1179
1494230 1185
1494240 1193
1494250 1193
1494260 1202
1494270 1212
1494280 1212
1494290 1214
1494300 1217
1494310 1217
1494320 1222
1494330 1227
1494340 1227
1494350 1229
1494360 1221
1494370 1221
1494380 1215
1494390 1212
1494400 1212
1494410 1208
1494420 1200
1494430 1200
1494440 1199
1494450 1202
1494460 1194
1494470 1194
1494480 1184
1494490 1174
1494500 1174
1494510 1166
1494520 1163
1494530 1163
1494540 1159
1494550 1155
1494560 1155
1494570 1153
1494580 1151
1494590 1151
1494600 1155
1494610 1160
1494620 1160
1494630 1166
1494640 1173
1494650 1173
1494660 1170
1494670 1163
1494680 1163
1494690 1157
1494700 1152
1494710 1152
1494720 1147
1494730 1140
1494740 1140
1494750 1142
1494760 1149
1494770 1149
1494780 1152
1494790 1148
1494800 1148
1494810 1146
1494820 1146
1494830 1146
1494840 1150
1494850 1151
1494860 1151
1494870 1144
1494880 1148
1494890 1148
1494900 1154
1494910 1161
1494920 1161
1494930 1169
1494940 1175
1494950 1175
1494960 1183
1494970 1190
1494980 1190
1494990 1198
1495000 1206
1495010 1218
1495020 1218
1495030 1236
1495040 1249
1495050 1249
1495060 1243
1495070 1249
1495080 1249
1495090 1258
1495100 1245
1495110 1245
1495120 1238
1495130 1236
1495140 1236
1495150 1216
1495160 1202
1495170 1202
1495180 1198
1495190 1198
1495200 1198
1495210 1194
1495220 1196
1495230 1196
1495240 1194
1495250 1196
1495260 1196
1495270 1199
1495280 1201
1495290 1201
1495300 1212
1495310 1213
1495320 1213
1495330 1201
1495340 1194
1495350 1194
1495360 1193
1495370 1180
1495380 1180
1495390 1170
1495400 1157
1495410 1157
1495420 1149
1495430 1142
1495440 1142
1495450 1136
1495460 1130
1495470 1130
1495480 1125
1495490 1120
1495500 1120
1495510 1118
1495520 1115
1495530 1114
1495540 1114
1495550 1116
1495560 1116
1495570 1116
1495580 1113
1495590 1112
1495600 1112
1495610 1119
1495620 1123
1495630 1123
1495640 1126
1495650 1130
1495660 1130
1495670 1137
1495680 1141
1495690 1141
1495700 1145
1495710 1152
1495720 1152
1495730 1163
1495740 1183
1495750 1183
1495760 1188
1495770 1188
1495780 1188
1495790 1187
1495800 1186
1495810 1186
1495820 1182
1495830 1179
1495840 1179
1495850 1178
1495860 1185
1495870 1185
1495880 1192
1495890 1193
1495900 1193
1495910 1196
1495920 1203
1495930 1203
1495940 1210
1495950 1215
1495960 1215
1495970 1215
1495980 1211
1495990 1211
1496000 1207
1496010 1203
1496020 1203
1496030 1199
1496040 1198
1496050 1199
1496060 1199
1496070 1201
1496080 1199
1496090 1199
1496100 1195
1496110 1189
1496120 1189
1496130 1185
1496140 1180
1496150 1180
1496160 1177
1496170 1173
1496180 1173
1496190 1176
1496200 1182
1496210 1182
1496220 1188
1496230 1195
1496240 1195
1496250 1204
1496260 1203
1496270 1203
1496280 1199
1496290 1194
1496300 1194
1496310 1190
1496320 1185
1496330 1185
1496340 1182
1496350 1178
1496360 1178
1496370 1175
1496380 1178
1496390 1178
1496400 1181
1496410 1178
1496420 1178
1496430 1180
1496440 1171
1496450 1171
1496460 1164
1496470 1158
1496480 1158
1496490 1151
1496500 1146
1496510 1146
1496520 1142
1496530 1137
1496540 1137
1496550 1131
1496560 1123
1496570 1123
1496580 1119
1496590 1124
1496600 1127
1496610 1127
1496620 1131
1496630 1131
1496640 1131
1496650 1127
1496660 1123
1496670 1123
1496680 1122
1496690 1123
1496700 1123
1496710 1126
1496720 1124
1496730 1124
1496740 1119
1496750 1115
1496760 1115
1496770 1112
1496780 1111
1496790 1111
1496800 1114
1496810 1118
1496820 1118
1496830 1122
1496840 1124
1496850 1124
1496860 1123
1496870 1121
1496880 1121
1496890 1120
1496900 1119
1496910 1119
1496920 1118
1496930 1113
1496940 1113
1496950 1106
1496960 1100
1496970 1100
1496980 1095
1496990 1089
1497000 1089
1497010 1083
1497020 1078
1497030 1078
1497040 1073
1497050 1069
1497060 1069
1497070 1065
1497080 1060
1497090 1060
1497100 1056
1497110 1051
1497120 1046
1497130 1046
1497140 1041
1497150 1038
1497160 1038
1497170 1036
1497180 1034
1497190 1034
1497200 1031
1497210 1027
1497220 1027
1497230 1030
1497240 1030
1497250 1030
1497260 1028
1497270 1024
1497280 1024
1497290 1019
1497300 1016
1497310 1016
1497320 1014
1497330 1012
1497340 1012
1497350 1011
1497360 1009
1497370 1009
1497380 1006
1497390 1006
1497400 1006
1497410 1009
1497420 1011
1497430 1011
1497440 1012
1497450 1013
1497460 1013
1497470 1016
1497480 1019
1497490 1019
1497500 1024
1497510 1027
1497520 1027
1497530 1029
1497540 1032
1497550 1032
1497560 1036
1497570 1040
1497580 1040
1497590 1043
1497600 1046
1497610 1046
1497620 1047
1497630 1046
1497640 1047
1497650 1047
1497660 1049
1497670 1049
1497680 1049
1497690 1050
1497700 1050
1497710 1050
1497720 1051
1497730 1052
1497740 1052
1497750 1053
1497760 1053
1497770 1053
1497780 1052
1497790 1051
1497800 1051
1497810 1049
1497820 1047
1497830 1047
1497840 1044
1497850 1041
1497860 1041
1497870 1036
1497880 1033
1497890 1033
1497900 1027
1497910 1024
1497920 1024
1497930 1024
1497940 1022
1497950 1022
1497960 1019
1497970 1018
1497980 1018
1497990 1015
1498000 1012
1498010 1012
1498020 1009
1498030 1007
1498040 1007
1498050 1005
1498060 1003
1498070 1003
1498080 999
1498090 996
1498100 996
1498110 993
1498120 991
1498130 991
1498140 989
1498150 988
1498160 985
1498170 985
1498180 982
1498190 979
1498200 979
1498210 976
1498220 974
1498230 974
1498240 972
1498250 968
1498260 968
1498270 964
1498280 961
1498290 961
1498300 958
1498310 955
1498320 955
1498330 951
1498340 946
1498350 946
1498360 941
1498370 936
1498380 936
1498390 933
1498400 931
1498410 931
1498420 929
1498430 927
1498440 927
1498450 926
1498460 926
1498470 926
1498480 926
1498490 926
1498500 926
1498510 924
1498520 921
1498530 921
1498540 920
1498550 915
1498560 915
1498570 909
1498580 904
1498590 904
1498600 901
1498610 902
1498620 902
1498630 906
1498640 910
1498650 910
1498660 911
1498670 907
1498680 907
1498690 906
1498700 908
1498710 911
1498720 911
1498730 914
1498740 919
1498750 919
1498760 924
1498770 927
1498780 927
1498790 927
1498800 929
1498810 929
1498820 930
1498830 930
1498840 930
1498850 931
1498860 931
1498870 931
1498880 931
1498890 931
1498900 931
1498910 931
1498920 931
1498930 931
1498940 931
1498950 931
1498960 931
1498970 931
1498980 931
1498990 931
1499000 931
1499010 931
1499020 931
1499030 930
1499040 929
1499050 929
1499060 928
1499070 927
1499080 927
1499090 926
1499100 925
1499110 925
1499120 924
1499130 923
1499140 923
1499150 922
1499160 922
1499170 922
1499180 921
1499190 920
1499200 920
1499210 919
1499220 916
1499230 914
1499240 914
1499250 913
1499260 912
1499270 912
1499280 910
1499290 908
1499300 908
1499310 906
1499320 905
1499330 905
1499340 904
1499350 903
1499360 903
1499370 901
1499380 899
1499390 899
1499400 897
1499410 895
1499420 895
1499430 893
1499440 891
1499450 891
1499460 889
1499470 887
1499480 887
1499490 885
1499500 883
1499510 883
1499520 881
1499530 879
1499540 879
1499550 877
1499560 875
1499570 875
1499580 872
1499590 870
1499600 870
1499610 868
1499620 866
1499630 866
1499640 863
1499650 861
1499660 861
1499670 859
1499680 857
1499690 857
1499700 854
1499710 852
1499720 852
1499730 850
1499740 847
1499750 842
1499760 842
1499770 838
1499780 836
1499790 836
1499800 835
1499810 833
1499820 833
1499830 829
1499840 823
1499850 823
1499860 817
1499870 812
1499880 812
1499890 810
1499900 807
1499910 807
1499920 802
1499930 795
1499940 795
1499950 789
1499960 783
1499970 783
1499980 775
1499990 768
