1480000 709
1480010 711
1480020 710
1480030 710
1480040 707
1480050 704
1480060 704
1480070 703
1480080 704
1480090 704
1480100 705
1480110 707
1480120 709
1480130 709
1480140 711
1480150 712
1480160 712
1480170 711
1480180 710
1480190 710
1480200 709
1480210 709
1480220 709
1480230 709
1480240 710
1480250 710
1480260 709
1480270 709
1480280 709
1480290 710
1480300 712
1480310 712
1480320 713
1480330 715
1480340 715
1480350 716
1480360 718
1480370 718
1480380 720
1480390 724
1480400 724
1480410 725
1480420 728
1480430 728
1480440 731
1480450 733
1480460 733
1480470 736
1480480 739
1480490 739
1480500 744
1480510 749
1480520 749
1480530 755
1480540 761
1480550 761
1480560 767
1480570 772
1480580 772
1480590 776
1480600 778
1480610 778
1480620 780
1480630 783
1480640 783
1480650 785
1480660 790
1480670 795
1480680 795
1480690 801
1480700 806
1480710 806
1480720 812
1480730 814
1480740 814
1480750 815
1480760 814
1480770 814
1480780 813
1480790 812
1480800 812
1480810 811
1480820 811
1480830 811
1480840 811
1480850 811
1480860 811
1480870 808
1480880 806
1480890 806
1480900 806
1480910 803
1480920 803
1480930 800
1480940 797
1480950 797
1480960 795
1480970 795
1480980 795
1480990 794
1481000 793
1481010 793
1481020 791
1481030 790
1481040 790
1481050 789
1481060 787
1481070 787
1481080 786
1481090 785
1481100 785
1481110 782
1481120 780
1481130 780
1481140 774
1481150 769
1481160 769
1481170 766
1481180 766
1481190 767
1481200 767
1481210 765
1481220 761
1481230 761
1481240 757
1481250 754
1481260 754
1481270 751
1481280 745
1481290 745
1481300 737
1481310 732
1481320 732
1481330 728
1481340 726
1481350 726
1481360 725
1481370 725
1481380 725
1481390 727
1481400 727
1481410 727
1481420 727
1481430 726
1481440 726
1481450 723
1481460 719
1481470 719
1481480 715
1481490 712
1481500 712
1481510 708
1481520 708
1481530 708
1481540 709
1481550 712
1481560 712
1481570 713
1481580 715
1481590 715
1481600 715
1481610 713
1481620 713
1481630 711
1481640 707
1481650 707
1481660 705
1481670 704
1481680 704
1481690 703
1481700 701
1481710 700
1481720 700
1481730 700
1481740 700
1481750 700
1481760 700
1481770 700
1481780 700
1481790 700
1481800 700
1481810 700
1481820 699
1481830 699
1481840 699
1481850 698
1481860 698
1481870 698
1481880 698
1481890 698
1481900 698
1481910 698
1481920 698
1481930 698
1481940 698
1481950 697
1481960 697
1481970 697
1481980 698
1481990 698
1482000 699
1482010 700
1482020 700
1482030 700
1482040 700
1482050 700
1482060 700
1482070 701
1482080 701
1482090 701
1482100 702
1482110 702
1482120 703
1482130 701
1482140 701
1482150 700
1482160 700
1482170 700
1482180 701
1482190 704
1482200 704
1482210 707
1482220 710
1482230 710
1482240 710
1482250 711
1482260 712
1482270 712
1482280 714
1482290 716
1482300 716
1482310 717
1482320 716
1482330 716
1482340 718
1482350 719
1482360 719
1482370 717
1482380 716
1482390 716
1482400 715
1482410 711
1482420 711
1482430 708
1482440 706
1482450 706
1482460 704
1482470 703
1482480 703
1482490 703
1482500 701
1482510 701
1482520 699
1482530 697
1482540 697
1482550 695
1482560 694
1482570 694
1482580 694
1482590 694
1482600 694
1482610 694
1482620 694
1482630 694
1482640 694
1482650 695
1482660 695
1482670 695
1482680 695
1482690 695
1482700 695
1482710 695
1482720 695
1482730 695
1482740 695
1482750 695
1482760 695
1482770 695
1482780 695
1482790 695
1482800 696
1482810 696
1482820 696
1482830 696
1482840 696
1482850 696
1482860 696
1482870 696
1482880 696
1482890 696
1482900 696
1482910 696
1482920 697
1482930 697
1482940 697
1482950 697
1482960 698
1482970 698
1482980 698
1482990 697
1483000 697
1483010 697
1483020 697
1483030 697
1483040 697
1483050 698
1483060 698
1483070 699
1483080 699
1483090 699
1483100 699
1483110 699
1483120 699
1483130 699
1483140 699
1483150 699
1483160 699
1483170 699
1483180 699
1483190 699
1483200 700
1483210 700
1483220 700
1483230 700
1483240 700
1483250 700
1483260 700
1483270 700
1483280 700
1483290 701
1483300 701
1483310 701
1483320 703
1483330 705
1483340 705
1483350 708
1483360 712
1483370 712
1483380 715
1483390 719
1483400 719
1483410 721
1483420 725
1483430 725
1483440 727
1483450 731
1483460 731
1483470 735
1483480 740
1483490 740
1483500 746
1483510 753
1483520 753
1483530 767
1483540 784
1483550 784
1483560 798
1483570 805
1483580 805
1483590 811
1483600 816
1483610 816
1483620 820
1483630 823
1483640 823
1483650 824
1483660 826
1483670 826
1483680 827
1483690 828
1483700 828
1483710 830
1483720 833
1483730 833
1483740 835
1483750 835
1483760 835
1483770 837
1483780 842
1483790 842
1483800 853
1483810 865
1483820 865
1483830 874
1483840 878
1483850 880
1483860 880
1483870 882
1483880 885
1483890 885
1483900 886
1483910 886
1483920 886
1483930 886
1483940 885
1483950 885
1483960 884
1483970 883
1483980 883
1483990 882
1484000 880
1484010 880
1484020 878
1484030 878
1484040 878
1484050 882
1484060 889
1484070 889
1484080 896
1484090 901
1484100 901
1484110 901
1484120 900
1484130 900
1484140 899
1484150 899
1484160 899
1484170 899
1484180 898
1484190 898
1484200 897
1484210 894
1484220 894
1484230 890
1484240 886
1484250 886
1484260 883
1484270 881
1484280 881
1484290 879
1484300 877
1484310 877
1484320 879
1484330 881
1484340 881
1484350 882
1484360 881
1484370 881
1484380 877
1484390 871
1484400 864
1484410 864
1484420 856
1484430 851
1484440 851
1484450 845
1484460 837
1484470 837
1484480 829
1484490 822
1484500 822
1484510 816
1484520 811
1484530 811
1484540 808
1484550 804
1484560 804
1484570 801
1484580 798
1484590 798
1484600 795
1484610 792
1484620 792
1484630 788
1484640 784
1484650 784
1484660 781
1484670 779
1484680 779
1484690 777
1484700 773
1484710 773
1484720 771
1484730 768
1484740 768
1484750 766
1484760 765
1484770 765
1484780 763
1484790 760
1484800 760
1484810 757
1484820 754
1484830 754
1484840 752
1484850 750
1484860 750
1484870 749
1484880 747
1484890 747
1484900 746
1484910 745
1484920 743
1484930 743
1484940 740
1484950 736
1484960 736
1484970 734
1484980 733
1484990 733
1485000 733
1485010 731
1485020 731
1485030 729
1485040 731
1485050 731
1485060 735
1485070 739
1485080 739
1485090 743
1485100 747
1485110 747
1485120 750
1485130 751
1485140 751
1485150 753
1485160 754
1485170 754
1485180 754
1485190 752
1485200 752
1485210 754
1485220 758
1485230 758
1485240 763
1485250 768
1485260 768
1485270 773
1485280 780
1485290 780
1485300 787
1485310 792
1485320 792
1485330 795
1485340 797
1485350 797
1485360 800
1485370 803
1485380 803
1485390 806
1485400 807
1485410 807
1485420 807
1485430 803
1485440 803
1485450 796
1485460 790
1485470 784
1485480 784
1485490 789
1485500 805
1485510 805
1485520 819
1485530 829
1485540 829
1485550 834
1485560 840
1485570 840
1485580 844
1485590 847
1485600 847
1485610 850
1485620 852
1485630 852
1485640 853
1485650 854
1485660 854
1485670 855
1485680 855
1485690 855
1485700 855
1485710 857
1485720 857
1485730 859
1485740 862
1485750 862
1485760 865
1485770 867
1485780 867
1485790 869
1485800 872
1485810 872
1485820 875
1485830 880
1485840 880
1485850 886
1485860 892
1485870 892
1485880 896
1485890 897
1485900 897
1485910 898
1485920 899
1485930 899
1485940 903
1485950 907
1485960 907
1485970 910
1485980 912
1485990 913
1486000 913
1486010 915
1486020 917
1486030 917
1486040 918
1486050 920
1486060 920
1486070 923
1486080 925
1486090 925
1486100 926
1486110 924
1486120 924
1486130 920
1486140 916
1486150 916
1486160 915
1486170 913
1486180 913
1486190 912
1486200 909
1486210 909
1486220 904
1486230 901
1486240 901
1486250 896
1486260 892
1486270 892
1486280 890
1486290 888
1486300 888
1486310 886
1486320 885
1486330 885
1486340 884
1486350 883
1486360 883
1486370 881
1486380 880
1486390 880
1486400 877
1486410 875
1486420 875
1486430 873
1486440 871
1486450 871
1486460 868
1486470 867
1486480 867
1486490 866
1486500 864
1486510 864
1486520 864
1486530 862
1486540 860
1486550 860
1486560 859
1486570 857
1486580 857
1486590 856
1486600 855
1486610 855
1486620 855
1486630 854
1486640 854
1486650 854
1486660 852
1486670 852
1486680 851
1486690 849
1486700 849
1486710 847
1486720 845
1486730 845
1486740 844
1486750 842
1486760 842
1486770 841
1486780 841
1486790 841
1486800 844
1486810 845
1486820 845
1486830 848
1486840 851
1486850 851
1486860 854
1486870 857
1486880 857
1486890 861
1486900 864
1486910 864
1486920 867
1486930 869
1486940 869
1486950 871
1486960 873
1486970 873
1486980 876
1486990 878
1487000 878
1487010 880
1487020 881
1487030 881
1487040 882
1487050 882
1487060 880
1487070 880
1487080 878
1487090 876
1487100 876
1487110 873
1487120 873
1487130 873
1487140 875
1487150 875
1487160 875
1487170 876
1487180 877
1487190 877
1487200 878
1487210 880
1487220 880
1487230 882
1487240 883
1487250 883
1487260 886
1487270 891
1487280 891
1487290 900
1487300 906
1487310 906
1487320 917
1487330 933
1487340 933
1487350 943
1487360 946
1487370 946
1487380 941
1487390 927
1487400 927
1487410 911
1487420 897
1487430 897
1487440 890
1487450 884
1487460 884
1487470 875
1487480 868
1487490 868
1487500 857
1487510 849
1487520 849
1487530 836
1487540 820
1487550 820
1487560 803
1487570 794
1487580 794
1487590 788
1487600 782
1487610 777
1487620 777
1487630 769
1487640 755
1487650 755
1487660 743
1487670 734
1487680 734
1487690 728
1487700 724
1487710 724
1487720 722
1487730 722
1487740 722
1487750 722
1487760 722
1487770 722
1487780 721
1487790 721
1487800 721
1487810 721
1487820 720
1487830 720
1487840 719
1487850 720
1487860 720
1487870 722
1487880 725
1487890 725
1487900 727
1487910 730
1487920 730
1487930 735
1487940 740
1487950 740
1487960 743
1487970 744
1487980 744
1487990 742
1488000 739
1488010 739
1488020 736
1488030 732
1488040 732
1488050 727
1488060 723
1488070 723
1488080 720
1488090 716
1488100 716
1488110 709
1488120 701
1488130 693
1488140 693
1488150 686
1488160 678
1488170 678
1488180 670
1488190 664
1488200 664
1488210 658
1488220 652
1488230 652
1488240 647
1488250 643
1488260 643
1488270 639
1488280 636
1488290 636
1488300 630
1488310 625
1488320 625
1488330 623
1488340 624
1488350 624
1488360 626
1488370 628
1488380 628
1488390 631
1488400 634
1488410 634
1488420 636
1488430 638
1488440 638
1488450 641
1488460 645
1488470 645
1488480 648
1488490 648
1488500 648
1488510 648
1488520 648
1488530 648
1488540 652
1488550 653
1488560 653
1488570 653
1488580 654
1488590 654
1488600 657
1488610 659
1488620 659
1488630 661
1488640 663
1488650 664
1488660 664
1488670 665
1488680 665
1488690 665
1488700 666
1488710 667
1488720 667
1488730 670
1488740 672
1488750 672
1488760 675
1488770 677
1488780 677
1488790 678
1488800 679
1488810 679
1488820 682
1488830 684
1488840 684
1488850 685
1488860 687
1488870 687
1488880 688
1488890 688
1488900 688
1488910 686
1488920 685
1488930 685
1488940 685
1488950 685
1488960 685
1488970 685
1488980 683
1488990 683
1489000 679
1489010 677
1489020 677
1489030 677
1489040 678
1489050 678
1489060 679
1489070 683
1489080 683
1489090 685
1489100 686
1489110 686
1489120 688
1489130 688
1489140 688
1489150 688
1489160 689
1489170 689
1489180 690
1489190 692
1489200 692
1489210 692
1489220 693
1489230 694
1489240 694
1489250 695
1489260 696
1489270 696
1489280 698
1489290 700
1489300 700
1489310 701
1489320 703
1489330 703
1489340 705
1489350 706
1489360 706
1489370 707
1489380 709
1489390 709
1489400 711
1489410 711
1489420 711
1489430 710
1489440 711
1489450 711
1489460 713
1489470 715
1489480 715
1489490 716
1489500 717
1489510 717
1489520 718
1489530 720
1489540 720
1489550 723
1489560 725
1489570 725
1489580 726
1489590 727
1489600 727
1489610 728
1489620 729
1489630 729
1489640 730
1489650 731
1489660 731
1489670 732
1489680 733
1489690 733
1489700 734
1489710 735
1489720 736
1489730 736
1489740 737
1489750 738
1489760 738
1489770 739
1489780 740
1489790 740
1489800 741
1489810 743
1489820 743
1489830 744
1489840 746
1489850 746
1489860 748
1489870 749
1489880 749
1489890 751
1489900 754
1489910 754
1489920 754
1489930 754
1489940 754
1489950 756
1489960 756
1489970 756
1489980 757
1489990 757
1490000 757
1490010 758
1490020 759
1490030 759
1490040 760
1490050 760
1490060 760
1490070 761
1490080 760
1490090 760
1490100 760
1490110 761
1490120 761
1490130 761
1490140 760
1490150 760
1490160 760
1490170 759
1490180 759
1490190 759
1490200 759
1490210 759
1490220 758
1490230 758
1490240 758
1490250 758
1490260 756
1490270 754
1490280 754
1490290 753
1490300 752
1490310 752
1490320 749
1490330 746
1490340 746
1490350 740
1490360 730
1490370 730
1490380 720
1490390 712
1490400 712
1490410 704
1490420 695
1490430 695
1490440 686
1490450 678
1490460 678
1490470 670
1490480 662
1490490 662
1490500 654
1490510 645
1490520 645
1490530 636
1490540 627
1490550 627
1490560 622
1490570 615
1490580 615
1490590 607
1490600 602
1490610 602
1490620 602
1490630 605
1490640 605
1490650 611
1490660 617
1490670 617
1490680 624
1490690 630
1490700 630
1490710 637
1490720 646
1490730 646
1490740 655
1490750 664
1490760 664
1490770 678
1490780 695
1490790 705
1490800 705
1490810 711
1490820 717
1490830 717
1490840 723
1490850 728
1490860 728
1490870 733
1490880 736
1490890 736
1490900 736
1490910 731
1490920 731
1490930 730
1490940 732
1490950 732
1490960 734
1490970 736
1490980 736
1490990 735
1491000 731
1491010 731
1491020 733
1491030 734
1491040 734
1491050 733
1491060 732
1491070 732
1491080 734
1491090 736
1491100 736
1491110 738
1491120 739
1491130 739
1491140 739
1491150 735
1491160 735
1491170 730
1491180 725
1491190 725
1491200 719
1491210 710
1491220 710
1491230 703
1491240 698
1491250 698
1491260 696
1491270 695
1491280 695
1491290 693
1491300 690
1491310 690
1491320 688
1491330 689
1491340 690
1491350 690
1491360 694
1491370 698
1491380 698
1491390 703
1491400 709
1491410 709
1491420 715
1491430 721
1491440 721
1491450 728
1491460 732
1491470 732
1491480 731
1491490 729
1491500 729
1491510 727
1491520 724
1491530 724
1491540 723
1491550 721
1491560 721
1491570 720
1491580 722
1491590 722
1491600 724
1491610 727
1491620 727
1491630 736
1491640 743
1491650 743
1491660 747
1491670 750
1491680 750
1491690 752
1491700 756
1491710 756
1491720 760
1491730 763
1491740 763
1491750 765
1491760 766
1491770 766
1491780 760
1491790 748
1491800 748
1491810 739
1491820 727
1491830 727
1491840 724
1491850 723
1491860 721
1491870 721
1491880 719
1491890 719
1491900 719
1491910 720
1491920 724
1491930 724
1491940 729
1491950 735
1491960 735
1491970 741
1491980 745
1491990 745
1492000 748
1492010 753
1492020 753
1492030 751
1492040 747
1492050 747
1492060 749
1492070 755
1492080 755
1492090 763
1492100 761
1492110 761
1492120 754
1492130 746
1492140 746
1492150 744
1492160 743
1492170 743
1492180 746
1492190 750
1492200 750
1492210 754
1492220 756
1492230 756
1492240 760
1492250 765
1492260 765
1492270 768
1492280 768
1492290 768
1492300 768
1492310 773
1492320 773
1492330 778
1492340 783
1492350 783
1492360 785
1492370 785
1492380 785
1492390 788
1492400 790
1492410 790
1492420 790
1492430 791
1492440 792
1492450 792
1492460 792
1492470 793
1492480 793
1492490 794
1492500 796
1492510 796
1492520 796
1492530 796
1492540 796
1492550 803
1492560 809
1492570 809
1492580 818
1492590 824
1492600 824
1492610 828
1492620 831
1492630 831
1492640 836
1492650 841
1492660 841
1492670 847
1492680 851
1492690 851
1492700 856
1492710 862
1492720 862
1492730 863
1492740 865
1492750 865
1492760 867
1492770 871
1492780 871
1492790 875
1492800 879
1492810 879
1492820 885
1492830 890
1492840 890
1492850 894
1492860 899
1492870 899
1492880 903
1492890 908
1492900 908
1492910 912
1492920 914
1492930 916
1492940 916
1492950 919
1492960 924
1492970 924
1492980 928
1492990 933
1493000 933
1493010 938
1493020 941
1493030 941
1493040 944
1493050 947
1493060 947
1493070 949
1493080 949
1493090 949
1493100 948
1493110 945
1493120 945
1493130 942
1493140 934
1493150 934
1493160 924
1493170 918
1493180 918
1493190 912
1493200 907
1493210 907
1493220 903
1493230 895
1493240 895
1493250 888
1493260 884
1493270 884
1493280 882
1493290 886
1493300 886
1493310 887
1493320 887
1493330 887
1493340 882
1493350 880
1493360 880
1493370 883
1493380 881
1493390 881
1493400 876
1493410 869
1493420 869
1493430 871
1493440 878
1493450 878
1493460 884
1493470 891
1493480 898
1493490 898
1493500 904
1493510 909
1493520 909
1493530 917
1493540 924
1493550 924
1493560 930
1493570 935
1493580 935
1493590 940
1493600 944
1493610 944
1493620 945
1493630 942
1493640 942
1493650 940
1493660 936
1493670 936
1493680 931
1493690 928
1493700 928
1493710 924
1493720 915
1493730 915
1493740 914
1493750 922
1493760 922
1493770 928
1493780 933
1493790 933
1493800 939
1493810 945
1493820 945
1493830 950
1493840 953
1493850 953
1493860 955
1493870 956
1493880 956
1493890 958
1493900 959
1493910 959
1493920 960
1493930 962
1493940 962
1493950 963
1493960 963
1493970 963
1493980 964
1493990 964
1494000 964
1494010 964
1494020 967
1494030 971
1494040 971
1494050 976
1494060 981
1494070 981
1494080 986
1494090 990
1494100 990
1494110 992
1494120 994
1494130 994
1494140 996
1494150 995
1494160 995
1494170 992
1494180 988
1494190 988
1494200 987
1494210 986
1494220 986
1494230 982
1494240 979
1494250 979
1494260 976
1494270 971
1494280 971
1494290 966
1494300 960
1494310 960
1494320 953
1494330 945
1494340 945
1494350 940
1494360 937
1494370 937
1494380 934
1494390 937
1494400 937
1494410 943
1494420 948
1494430 948
1494440 954
1494450 959
1494460 959
1494470 966
1494480 971
1494490 971
1494500 972
1494510 965
1494520 965
1494530 952
1494540 950
1494550 954
1494560 954
1494570 963
1494580 969
1494590 969
1494600 977
1494610 987
1494620 987
1494630 995
1494640 1003
1494650 1003
1494660 1008
1494670 1013
1494680 1013
1494690 1018
1494700 1025
1494710 1025
1494720 1029
1494730 1033
1494740 1033
1494750 1037
1494760 1042
1494770 1042
1494780 1048
1494790 1053
1494800 1053
1494810 1056
1494820 1059
1494830 1059
1494840 1062
1494850 1063
1494860 1063
1494870 1064
1494880 1065
1494890 1065
1494900 1065
1494910 1065
1494920 1065
1494930 1065
1494940 1065
1494950 1065
1494960 1065
1494970 1063
1494980 1063
1494990 1061
1495000 1056
1495010 1056
1495020 1049
1495030 1042
1495040 1042
1495050 1038
1495060 1034
1495070 1028
1495080 1028
1495090 1020
1495100 1014
1495110 1014
1495120 1008
1495130 1004
1495140 1004
1495150 1001
1495160 1000
1495170 1000
1495180 1001
1495190 1001
1495200 1001
1495210 1001
1495220 1001
1495230 1001
1495240 996
1495250 989
1495260 989
1495270 991
1495280 994
1495290 994
1495300 994
1495310 995
1495320 995
1495330 998
1495340 1002
1495350 1002
1495360 1006
1495370 1010
1495380 1010
1495390 1012
1495400 1014
1495410 1014
1495420 1016
1495430 1016
1495440 1016
1495450 1014
1495460 1012
1495470 1012
1495480 1009
1495490 1006
1495500 1006
1495510 1004
1495520 1001
1495530 1001
1495540 995
1495550 989
1495560 989
1495570 982
1495580 975
1495590 975
1495600 977
1495610 985
1495620 991
1495630 991
1495640 997
1495650 1004
1495660 1004
1495670 1011
1495680 1017
1495690 1017
1495700 1022
1495710 1027
1495720 1027
1495730 1031
1495740 1035
1495750 1035
1495760 1037
1495770 1039
1495780 1039
1495790 1040
1495800 1043
1495810 1043
1495820 1047
1495830 1052
1495840 1052
1495850 1058
1495860 1066
1495870 1066
1495880 1067
1495890 1064
1495900 1064
1495910 1063
1495920 1064
1495930 1064
1495940 1066
1495950 1064
1495960 1064
1495970 1062
1495980 1063
1495990 1063
1496000 1061
1496010 1065
1496020 1065
1496030 1067
1496040 1073
1496050 1073
1496060 1079
1496070 1088
1496080 1088
1496090 1100
1496100 1108
1496110 1108
1496120 1122
1496130 1129
1496140 1125
1496150 1125
1496160 1130
1496170 1137
1496180 1137
1496190 1136
1496200 1134
1496210 1134
1496220 1133
1496230 1129
1496240 1129
1496250 1122
1496260 1117
1496270 1117
1496280 1113
1496290 1108
1496300 1108
1496310 1105
1496320 1100
1496330 1100
1496340 1094
1496350 1089
1496360 1089
1496370 1090
1496380 1092
1496390 1092
1496400 1089
1496410 1086
1496420 1086
1496430 1088
1496440 1090
1496450 1090
1496460 1087
1496470 1084
1496480 1084
1496490 1081
1496500 1076
1496510 1076
1496520 1072
1496530 1067
1496540 1067
1496550 1062
1496560 1062
1496570 1062
1496580 1063
1496590 1061
1496600 1061
1496610 1059
1496620 1058
1496630 1058
1496640 1057
1496650 1056
1496660 1056
1496670 1056
1496680 1049
1496690 1048
1496700 1048
1496710 1055
1496720 1059
1496730 1059
1496740 1063
1496750 1065
1496760 1065
1496770 1068
1496780 1071
1496790 1071
1496800 1073
1496810 1076
1496820 1076
1496830 1078
1496840 1079
1496850 1079
1496860 1076
1496870 1073
1496880 1073
1496890 1070
1496900 1067
1496910 1067
1496920 1064
1496930 1061
1496940 1061
1496950 1057
1496960 1054
1496970 1054
1496980 1051
1496990 1048
1497000 1048
1497010 1046
1497020 1043
1497030 1043
1497040 1041
1497050 1038
1497060 1038
1497070 1035
1497080 1033
1497090 1033
1497100 1029
1497110 1025
1497120 1025
1497130 1020
1497140 1016
1497150 1016
1497160 1011
1497170 1008
1497180 1008
1497190 1005
1497200 1003
1497210 1000
1497220 1000
1497230 997
1497240 995
1497250 995
1497260 992
1497270 991
1497280 991
1497290 990
1497300 990
1497310 990
1497320 990
1497330 990
1497340 990
1497350 990
1497360 991
1497370 991
1497380 991
1497390 990
1497400 990
1497410 988
1497420 987
1497430 987
1497440 984
1497450 986
1497460 986
1497470 991
1497480 994
1497490 994
1497500 996
1497510 996
1497520 996
1497530 996
1497540 995
1497550 995
1497560 995
1497570 997
1497580 997
1497590 999
1497600 1001
1497610 1001
1497620 1002
1497630 1002
1497640 1002
1497650 999
1497660 997
1497670 997
1497680 996
1497690 996
1497700 996
1497710 996
1497720 995
1497730 994
1497740 994
1497750 993
1497760 993
1497770 993
1497780 992
1497790 992
1497800 992
1497810 990
1497820 989
1497830 989
1497840 987
1497850 985
1497860 985
1497870 984
1497880 983
1497890 983
1497900 982
1497910 982
1497920 982
1497930 983
1497940 984
1497950 984
1497960 985
1497970 986
1497980 986
1497990 988
1498000 990
1498010 990
1498020 991
1498030 992
1498040 992
1498050 994
1498060 995
1498070 995
1498080 996
1498090 996
1498100 996
1498110 994
1498120 990
1498130 990
1498140 985
1498150 980
1498160 980
1498170 975
1498180 970
1498190 970
1498200 965
1498210 960
1498220 960
1498230 956
1498240 951
1498250 951
1498260 947
1498270 943
1498280 940
1498290 940
1498300 938
1498310 936
1498320 936
1498330 934
1498340 933
1498350 933
1498360 931
1498370 929
1498380 929
1498390 926
1498400 924
1498410 924
1498420 923
1498430 922
1498440 922
1498450 921
1498460 920
1498470 920
1498480 919
1498490 916
1498500 916
1498510 915
1498520 912
1498530 906
1498540 901
1498550 896
1498560 896
1498570 893
1498580 890
1498590 890
1498600 888
1498610 888
1498620 888
1498630 886
1498640 886
1498650 886
1498660 884
1498670 884
1498680 884
1498690 887
1498700 890
1498710 890
1498720 891
1498730 890
1498740 890
1498750 887
1498760 885
1498770 885
1498780 885
1498790 880
1498800 880
1498810 880
1498820 878
1498830 878
1498840 878
1498850 883
1498860 878
1498870 878
1498880 881
1498890 885
1498900 885
1498910 886
1498920 880
1498930 880
1498940 872
1498950 869
1498960 869
1498970 868
1498980 863
1498990 863
1499000 855
1499010 856
1499020 856
1499030 859
1499040 855
1499050 855
1499060 850
1499070 843
1499080 843
1499090 842
1499100 845
1499110 845
1499120 843
1499130 844
1499140 844
1499150 844
1499160 846
1499170 846
1499180 847
1499190 840
1499200 840
1499210 842
1499220 842
1499230 842
1499240 843
1499250 844
1499260 844
1499270 843
1499280 836
1499290 836
1499300 845
1499310 846
1499320 846
1499330 845
1499340 845
1499350 844
1499360 844
1499370 839
1499380 840
1499390 840
1499400 843
1499410 843
1499420 843
1499430 843
1499440 843
1499450 843
1499460 841
1499470 835
1499480 835
1499490 834
1499500 837
1499510 837
1499520 836
1499530 830
1499540 830
1499550 830
1499560 833
1499570 833
1499580 829
1499590 824
1499600 824
1499610 823
1499620 824
1499630 824
1499640 825
1499650 826
1499660 826
1499670 830
1499680 834
1499690 834
1499700 836
1499710 834
1499720 834
1499730 833
1499740 834
1499750 834
1499760 836
1499770 840
1499780 840
1499790 843
1499800 845
1499810 845
1499820 845
1499830 845
1499840 845
1499850 845
1499860 847
1499870 848
1499880 848
1499890 849
1499900 848
1499910 848
1499920 846
1499930 845
1499940 845
1499950 846
1499960 847
1499970 847
1499980 849
1499990 847
