1480000 725
1480010 725
1480020 725
1480030 725
1480040 725
1480050 724
1480060 724
1480070 724
1480080 722
1480090 721
1480100 721
1480110 721
1480120 720
1480130 720
1480140 718
1480150 715
1480160 715
1480170 714
1480180 716
1480190 716
1480200 719
1480210 719
1480220 719
1480230 719
1480240 720
1480250 720
1480260 720
1480270 721
1480280 721
1480290 722
1480300 723
1480310 723
1480320 723
1480330 725
1480340 725
1480350 725
1480360 726
1480370 726
1480380 727
1480390 728
1480400 728
1480410 730
1480420 731
1480430 731
1480440 732
1480450 735
1480460 735
1480470 735
1480480 737
1480490 737
1480500 737
1480510 737
1480520 736
1480530 736
1480540 735
1480550 735
1480560 735
1480570 734
1480580 734
1480590 734
1480600 734
1480610 733
1480620 733
1480630 733
1480640 733
1480650 733
1480660 733
1480670 734
1480680 734
1480690 735
1480700 737
1480710 737
1480720 739
1480730 741
1480740 741
1480750 743
1480760 746
1480770 746
1480780 748
1480790 751
1480800 751
1480810 753
1480820 756
1480830 756
1480840 761
1480850 766
1480860 766
1480870 770
1480880 774
1480890 774
1480900 779
1480910 784
1480920 784
1480930 792
1480940 805
1480950 805
1480960 816
1480970 830
1480980 830
1480990 836
1481000 837
1481010 837
1481020 833
1481030 829
1481040 829
1481050 828
1481060 831
1481070 836
1481080 836
1481090 840
1481100 845
1481110 845
1481120 850
1481130 856
1481140 856
1481150 867
1481160 878
1481170 878
1481180 887
1481190 893
1481200 893
1481210 898
1481220 900
1481230 900
1481240 898
1481250 893
1481260 893
1481270 888
1481280 886
1481290 886
1481300 883
1481310 881
1481320 881
1481330 877
1481340 873
1481350 873
1481360 868
1481370 864
1481380 864
1481390 861
1481400 857
1481410 857
1481420 854
1481430 852
1481440 852
1481450 852
1481460 853
1481470 853
1481480 854
1481490 856
1481500 856
1481510 859
1481520 865
1481530 865
1481540 871
1481550 876
1481560 876
1481570 880
1481580 883
1481590 883
1481600 886
1481610 888
1481620 892
1481630 892
1481640 897
1481650 903
1481660 903
1481670 905
1481680 908
1481690 908
1481700 911
1481710 914
1481720 914
1481730 919
1481740 919
1481750 919
1481760 916
1481770 915
1481780 915
1481790 912
1481800 907
1481810 907
1481820 900
1481830 891
1481840 891
1481850 883
1481860 875
1481870 875
1481880 867
1481890 860
1481900 860
1481910 854
1481920 852
1481930 852
1481940 852
1481950 854
1481960 854
1481970 855
1481980 854
1481990 854
1482000 852
1482010 848
1482020 848
1482030 845
1482040 842
1482050 842
1482060 838
1482070 835
1482080 835
1482090 832
1482100 829
1482110 829
1482120 825
1482130 822
1482140 822
1482150 820
1482160 817
1482170 813
1482180 813
1482190 810
1482200 806
1482210 806
1482220 802
1482230 799
1482240 799
1482250 797
1482260 797
1482270 797
1482280 797
1482290 795
1482300 795
1482310 794
1482320 794
1482330 794
1482340 796
1482350 799
1482360 799
1482370 803
1482380 805
1482390 805
1482400 807
1482410 808
1482420 808
1482430 806
1482440 802
1482450 802
1482460 803
1482470 801
1482480 801
1482490 800
1482500 799
1482510 799
1482520 797
1482530 795
1482540 795
1482550 793
1482560 790
1482570 790
1482580 788
1482590 785
1482600 785
1482610 783
1482620 781
1482630 781
1482640 780
1482650 780
1482660 780
1482670 780
1482680 780
1482690 780
1482700 779
1482710 783
1482720 785
1482730 785
1482740 784
1482750 783
1482760 783
1482770 780
1482780 775
1482790 775
1482800 770
1482810 768
1482820 768
1482830 767
1482840 766
1482850 766
1482860 767
1482870 771
1482880 771
1482890 774
1482900 773
1482910 773
1482920 773
1482930 771
1482940 771
1482950 769
1482960 767
1482970 767
1482980 765
1482990 764
1483000 764
1483010 763
1483020 761
1483030 761
1483040 761
1483050 761
1483060 761
1483070 758
1483080 755
1483090 755
1483100 753
1483110 753
1483120 753
1483130 754
1483140 755
1483150 755
1483160 756
1483170 757
1483180 757
1483190 758
1483200 759
1483210 759
1483220 761
1483230 764
1483240 764
1483250 768
1483260 772
1483270 776
1483280 776
1483290 781
1483300 786
1483310 786
1483320 791
1483330 794
1483340 794
1483350 796
1483360 797
1483370 797
1483380 800
1483390 804
1483400 804
1483410 808
1483420 813
1483430 813
1483440 818
1483450 823
1483460 823
1483470 828
1483480 833
1483490 833
1483500 839
1483510 844
1483520 844
1483530 850
1483540 854
1483550 854
1483560 860
1483570 870
1483580 870
1483590 883
1483600 890
1483610 890
1483620 892
1483630 893
1483640 893
1483650 895
1483660 897
1483670 897
1483680 899
1483690 899
1483700 899
1483710 896
1483720 894
1483730 894
1483740 892
1483750 889
1483760 889
1483770 885
1483780 881
1483790 881
1483800 882
1483810 883
1483820 887
1483830 887
1483840 889
1483850 892
1483860 892
1483870 895
1483880 899
1483890 899
1483900 902
1483910 905
1483920 905
1483930 908
1483940 910
1483950 910
1483960 912
1483970 913
1483980 913
1483990 915
1484000 917
1484010 917
1484020 919
1484030 921
1484040 921
1484050 924
1484060 928
1484070 928
1484080 931
1484090 935
1484100 935
1484110 938
1484120 941
1484130 941
1484140 943
1484150 945
1484160 945
1484170 947
1484180 949
1484190 949
1484200 952
1484210 956
1484220 956
1484230 959
1484240 961
1484250 961
1484260 963
1484270 966
1484280 966
1484290 969
1484300 973
1484310 973
1484320 975
1484330 977
1484340 977
1484350 979
1484360 980
1484370 980
1484380 980
1484390 978
1484400 976
1484410 976
1484420 972
1484430 969
1484440 969
1484450 965
1484460 963
1484470 963
1484480 959
1484490 955
1484500 955
1484510 950
1484520 945
1484530 945
1484540 941
1484550 937
1484560 937
1484570 933
1484580 929
1484590 929
1484600 926
1484610 923
1484620 923
1484630 920
1484640 917
1484650 917
1484660 916
1484670 915
1484680 915
1484690 915
1484700 914
1484710 914
1484720 913
1484730 913
1484740 913
1484750 912
1484760 913
1484770 913
1484780 912
1484790 912
1484800 912
1484810 912
1484820 912
1484830 912
1484840 912
1484850 912
1484860 912
1484870 912
1484880 912
1484890 912
1484900 912
1484910 912
1484920 912
1484930 912
1484940 912
1484950 912
1484960 912
1484970 912
1484980 912
1484990 912
1485000 911
1485010 911
1485020 911
1485030 910
1485040 911
1485050 911
1485060 911
1485070 910
1485080 910
1485090 911
1485100 911
1485110 911
1485120 911
1485130 911
1485140 911
1485150 912
1485160 912
1485170 912
1485180 912
1485190 914
1485200 914
1485210 918
1485220 922
1485230 922
1485240 926
1485250 930
1485260 930
1485270 935
1485280 939
1485290 939
1485300 942
1485310 943
1485320 943
1485330 944
1485340 944
1485350 944
1485360 946
1485370 948
1485380 948
1485390 950
1485400 951
1485410 951
1485420 953
1485430 955
1485440 955
1485450 958
1485460 962
1485470 962
1485480 966
1485490 970
1485500 975
1485510 975
1485520 980
1485530 984
1485540 984
1485550 989
1485560 995
1485570 995
1485580 1002
1485590 1003
1485600 1003
1485610 1004
1485620 1004
1485630 1004
1485640 1005
1485650 1010
1485660 1010
1485670 1018
1485680 1025
1485690 1025
1485700 1031
1485710 1035
1485720 1035
1485730 1036
1485740 1037
1485750 1037
1485760 1041
1485770 1046
1485780 1046
1485790 1053
1485800 1061
1485810 1061
1485820 1059
1485830 1053
1485840 1053
1485850 1050
1485860 1048
1485870 1048
1485880 1046
1485890 1046
1485900 1046
1485910 1049
1485920 1055
1485930 1055
1485940 1058
1485950 1052
1485960 1052
1485970 1044
1485980 1040
1485990 1040
1486000 1040
1486010 1039
1486020 1039
1486030 1037
1486040 1035
1486050 1032
1486060 1032
1486070 1029
1486080 1026
1486090 1026
1486100 1022
1486110 1018
1486120 1018
1486130 1016
1486140 1015
1486150 1015
1486160 1013
1486170 1008
1486180 1008
1486190 1001
1486200 996
1486210 996
1486220 997
1486230 1001
1486240 1001
1486250 1005
1486260 1007
1486270 1007
1486280 1011
1486290 1014
1486300 1014
1486310 1016
1486320 1019
1486330 1019
1486340 1022
1486350 1025
1486360 1025
1486370 1027
1486380 1030
1486390 1030
1486400 1033
1486410 1034
1486420 1034
1486430 1035
1486440 1035
1486450 1035
1486460 1032
1486470 1024
1486480 1024
1486490 1014
1486500 1004
1486510 1004
1486520 999
1486530 998
1486540 998
1486550 998
1486560 996
1486570 996
1486580 994
1486590 992
1486600 991
1486610 991
1486620 985
1486630 982
1486640 982
1486650 979
1486660 972
1486670 972
1486680 958
1486690 950
1486700 950
1486710 942
1486720 934
1486730 934
1486740 928
1486750 922
1486760 922
1486770 914
1486780 906
1486790 906
1486800 895
1486810 885
1486820 885
1486830 887
1486840 896
1486850 896
1486860 902
1486870 906
1486880 906
1486890 909
1486900 914
1486910 914
1486920 919
1486930 923
1486940 923
1486950 929
1486960 934
1486970 934
1486980 939
1486990 944
1487000 944
1487010 949
1487020 954
1487030 954
1487040 959
1487050 965
1487060 965
1487070 972
1487080 979
1487090 979
1487100 985
1487110 988
1487120 988
1487130 984
1487140 978
1487150 973
1487160 973
1487170 971
1487180 970
1487190 970
1487200 968
1487210 968
1487220 968
1487230 972
1487240 960
1487250 960
1487260 955
1487270 952
1487280 952
1487290 949
1487300 948
1487310 948
1487320 949
1487330 955
1487340 955
1487350 961
1487360 967
1487370 967
1487380 973
1487390 980
1487400 980
1487410 986
1487420 992
1487430 992
1487440 992
1487450 987
1487460 987
1487470 983
1487480 980
1487490 980
1487500 982
1487510 986
1487520 986
1487530 991
1487540 996
1487550 996
1487560 1002
1487570 1007
1487580 1007
1487590 1011
1487600 1014
1487610 1014
1487620 1015
1487630 1014
1487640 1014
1487650 1014
1487660 1014
1487670 1014
1487680 1014
1487690 1015
1487700 1016
1487710 1016
1487720 1017
1487730 1017
1487740 1017
1487750 1016
1487760 1014
1487770 1014
1487780 1012
1487790 1010
1487800 1010
1487810 1008
1487820 1006
1487830 1006
1487840 1004
1487850 1000
1487860 1000
1487870 994
1487880 988
1487890 988
1487900 982
1487910 976
1487920 976
1487930 971
1487940 966
1487950 966
1487960 962
1487970 957
1487980 957
1487990 952
1488000 947
1488010 947
1488020 943
1488030 938
1488040 938
1488050 934
1488060 929
1488070 929
1488080 923
1488090 918
1488100 918
1488110 913
1488120 908
1488130 908
1488140 905
1488150 902
1488160 902
1488170 898
1488180 895
1488190 895
1488200 892
1488210 887
1488220 887
1488230 883
1488240 880
1488250 876
1488260 876
1488270 873
1488280 868
1488290 868
1488300 864
1488310 860
1488320 860
1488330 855
1488340 850
1488350 850
1488360 845
1488370 841
1488380 841
1488390 835
1488400 830
1488410 830
1488420 826
1488430 821
1488440 821
1488450 817
1488460 812
1488470 812
1488480 807
1488490 801
1488500 801
1488510 796
1488520 789
1488530 789
1488540 784
1488550 776
1488560 776
1488570 770
1488580 766
1488590 766
1488600 760
1488610 754
1488620 754
1488630 750
1488640 742
1488650 742
1488660 738
1488670 736
1488680 736
1488690 734
1488700 732
1488710 732
1488720 729
1488730 726
1488740 726
1488750 721
1488760 711
1488770 711
1488780 710
1488790 701
1488800 693
1488810 693
1488820 689
1488830 683
1488840 683
1488850 678
1488860 672
1488870 672
1488880 668
1488890 666
1488900 666
1488910 664
1488920 662
1488930 662
1488940 661
1488950 660
1488960 660
1488970 655
1488980 649
1488990 649
1489000 644
1489010 639
1489020 639
1489030 636
1489040 631
1489050 631
1489060 627
1489070 624
1489080 624
1489090 623
1489100 622
1489110 622
1489120 621
1489130 618
1489140 618
1489150 614
1489160 609
1489170 609
1489180 602
1489190 597
1489200 597
1489210 591
1489220 586
1489230 586
1489240 581
1489250 576
1489260 576
1489270 569
1489280 561
1489290 561
1489300 553
1489310 547
1489320 547
1489330 541
1489340 535
1489350 535
1489360 529
1489370 522
1489380 518
1489390 518
1489400 512
1489410 509
1489420 509
1489430 504
1489440 499
1489450 499
1489460 493
1489470 486
1489480 486
1489490 484
1489500 482
1489510 482
1489520 480
1489530 480
1489540 480
1489550 480
1489560 480
1489570 480
1489580 480
1489590 480
1489600 480
1489610 480
1489620 480
1489630 480
1489640 480
1489650 480
1489660 480
1489670 480
1489680 480
1489690 480
1489700 480
1489710 480
1489720 480
1489730 480
1489740 480
1489750 480
1489760 480
1489770 480
1489780 480
1489790 480
1489800 480
1489810 480
1489820 480
1489830 480
1489840 480
1489850 480
1489860 480
1489870 480
1489880 480
1489890 480
1489900 480
1489910 480
1489920 480
1489930 480
1489940 480
1489950 480
1489960 480
1489970 480
1489980 480
1489990 480
1490000 480
1490010 480
1490020 480
1490030 480
1490040 480
1490050 480
1490060 480
1490070 480
1490080 480
1490090 480
1490100 480
1490110 480
1490120 480
1490130 480
1490140 480
1490150 480
1490160 480
1490170 480
1490180 480
1490190 480
1490200 480
1490210 480
1490220 480
1490230 480
1490240 480
1490250 480
1490260 480
1490270 480
1490280 480
1490290 480
1490300 480
1490310 480
1490320 480
1490330 480
1490340 480
1490350 480
1490360 480
1490370 480
1490380 480
1490390 480
1490400 480
1490410 480
1490420 480
1490430 480
1490440 480
1490450 480
1490460 480
1490470 480
1490480 480
1490490 480
1490500 480
1490510 480
1490520 480
1490530 480
1490540 480
1490550 480
1490560 480
1490570 480
1490580 480
1490590 480
1490600 480
1490610 480
1490620 480
1490630 480
1490640 480
1490650 480
1490660 480
1490670 480
1490680 480
1490690 480
1490700 480
1490710 480
1490720 480
1490730 480
1490740 480
1490750 480
1490760 480
1490770 480
1490780 480
1490790 480
1490800 480
1490810 480
1490820 480
1490830 480
1490840 480
1490850 480
1490860 480
1490870 480
1490880 480
1490890 480
1490900 480
1490910 480
1490920 480
1490930 480
1490940 480
1490950 480
1490960 480
1490970 480
1490980 480
1490990 480
1491000 480
1491010 480
1491020 480
1491030 480
1491040 480
1491050 480
1491060 480
1491070 480
1491080 480
1491090 480
1491100 480
1491110 480
1491120 480
1491130 480
1491140 480
1491150 480
1491160 480
1491170 480
1491180 480
1491190 480
1491200 480
1491210 480
1491220 480
1491230 480
1491240 480
1491250 480
1491260 480
1491270 480
1491280 480
1491290 480
1491300 480
1491310 480
1491320 480
1491330 480
1491340 480
1491350 480
1491360 480
1491370 480
1491380 480
1491390 480
1491400 480
1491410 480
1491420 480
1491430 480
1491440 480
1491450 480
1491460 480
1491470 480
1491480 480
1491490 480
1491500 480
1491510 480
1491520 480
1491530 480
1491540 480
1491550 480
1491560 480
1491570 480
1491580 480
1491590 480
1491600 480
1491610 480
1491620 480
1491630 480
1491640 480
1491650 480
1491660 480
1491670 480
1491680 480
1491690 480
1491700 480
1491710 480
1491720 480
1491730 480
1491740 480
1491750 480
1491760 480
1491770 480
1491780 480
1491790 480
1491800 480
1491810 480
1491820 480
1491830 480
1491840 480
1491850 480
1491860 480
1491870 480
1491880 480
1491890 480
1491900 480
1491910 480
1491920 480
1491930 480
1491940 480
1491950 480
1491960 480
1491970 480
1491980 480
1491990 480
1492000 480
1492010 480
1492020 480
1492030 480
1492040 480
1492050 480
1492060 480
1492070 480
1492080 480
1492090 480
1492100 480
1492110 480
1492120 480
1492130 480
1492140 480
1492150 480
1492160 480
1492170 480
1492180 480
1492190 480
1492200 480
1492210 480
1492220 480
1492230 480
1492240 480
1492250 480
1492260 480
1492270 480
1492280 480
1492290 480
1492300 480
1492310 480
1492320 480
1492330 480
1492340 480
1492350 480
1492360 480
1492370 480
1492380 480
1492390 480
1492400 480
1492410 480
1492420 480
1492430 480
1492440 480
1492450 480
1492460 480
1492470 480
1492480 480
1492490 480
1492500 480
1492510 480
1492520 480
1492530 480
1492540 480
1492550 480
1492560 480
1492570 480
1492580 480
1492590 480
1492600 480
1492610 480
1492620 480
1492630 480
1492640 480
1492650 480
1492660 480
1492670 480
1492680 480
1492690 480
1492700 480
1492710 480
1492720 480
1492730 480
1492740 480
1492750 480
1492760 480
1492770 480
1492780 480
1492790 480
1492800 480
1492810 480
1492820 480
1492830 480
1492840 480
1492850 480
1492860 480
1492870 480
1492880 480
1492890 480
1492900 480
1492910 480
1492920 480
1492930 480
1492940 480
1492950 480
1492960 480
1492970 480
1492980 480
1492990 480
1493000 480
1493010 480
1493020 480
1493030 480
1493040 480
1493050 480
1493060 480
1493070 480
1493080 480
1493090 480
1493100 480
1493110 480
1493120 480
1493130 480
1493140 480
1493150 480
1493160 480
1493170 480
1493180 480
1493190 480
1493200 480
1493210 480
1493220 480
1493230 480
1493240 480
1493250 480
1493260 480
1493270 480
1493280 480
1493290 480
1493300 480
1493310 480
1493320 480
1493330 480
1493340 480
1493350 480
1493360 480
1493370 480
1493380 480
1493390 480
1493400 480
1493410 480
1493420 480
1493430 480
1493440 480
1493450 480
1493460 480
1493470 480
1493480 480
1493490 480
1493500 480
1493510 480
1493520 480
1493530 480
1493540 480
1493550 480
1493560 480
1493570 480
1493580 480
1493590 480
1493600 480
1493610 480
1493620 480
1493630 480
1493640 480
1493650 480
1493660 480
1493670 480
1493680 480
1493690 480
1493700 480
1493710 480
1493720 480
1493730 480
1493740 480
1493750 480
1493760 480
1493770 480
1493780 480
1493790 480
1493800 480
1493810 480
1493820 480
1493830 480
1493840 480
1493850 480
1493860 480
1493870 480
1493880 480
1493890 480
1493900 480
1493910 480
1493920 480
1493930 480
1493940 480
1493950 480
1493960 480
1493970 480
1493980 480
1493990 480
1494000 480
1494010 480
1494020 480
1494030 480
1494040 480
1494050 480
1494060 480
1494070 480
1494080 480
1494090 480
1494100 480
1494110 480
1494120 480
1494130 480
1494140 480
1494150 480
1494160 480
1494170 480
1494180 480
1494190 480
1494200 480
1494210 480
1494220 480
1494230 480
1494240 480
1494250 480
1494260 480
1494270 480
1494280 480
1494290 480
1494300 480
1494310 480
1494320 480
1494330 480
1494340 480
1494350 480
1494360 480
1494370 480
1494380 480
1494390 480
1494400 480
1494410 480
1494420 480
1494430 480
1494440 480
1494450 480
1494460 480
1494470 480
1494480 480
1494490 480
1494500 480
1494510 480
1494520 480
1494530 480
1494540 480
1494550 480
1494560 480
1494570 480
1494580 480
1494590 480
1494600 480
1494610 480
1494620 480
1494630 480
1494640 480
1494650 480
1494660 480
1494670 480
1494680 480
1494690 480
1494700 480
1494710 480
1494720 480
1494730 480
1494740 480
1494750 481
1494760 481
1494770 481
1494780 482
1494790 482
1494800 482
1494810 483
1494820 483
1494830 484
1494840 484
1494850 484
1494860 485
1494870 485
1494880 485
1494890 485
1494900 485
1494910 485
1494920 485
1494930 485
1494940 485
1494950 485
1494960 486
1494970 486
1494980 486
1494990 486
1495000 486
1495010 486
1495020 487
1495030 487
1495040 487
1495050 487
1495060 487
1495070 487
1495080 487
1495090 487
1495100 487
1495110 486
1495120 486
1495130 486
1495140 486
1495150 486
1495160 486
1495170 485
1495180 485
1495190 485
1495200 485
1495210 484
1495220 484
1495230 484
1495240 484
1495250 484
1495260 483
1495270 483
1495280 483
1495290 483
1495300 482
1495310 482
1495320 482
1495330 482
1495340 482
1495350 482
1495360 481
1495370 481
1495380 481
1495390 481
1495400 481
1495410 481
1495420 480
1495430 480
1495440 480
1495450 480
1495460 480
1495470 480
1495480 480
1495490 480
1495500 480
1495510 480
1495520 480
1495530 480
1495540 480
1495550 480
1495560 480
1495570 480
1495580 480
1495590 480
1495600 480
1495610 480
1495620 480
1495630 480
1495640 480
1495650 480
1495660 480
1495670 480
1495680 480
1495690 480
1495700 480
1495710 480
1495720 480
1495730 480
1495740 480
1495750 480
1495760 480
1495770 480
1495780 480
1495790 480
1495800 480
1495810 480
1495820 480
1495830 480
1495840 480
1495850 480
1495860 480
1495870 480
1495880 480
1495890 480
1495900 480
1495910 480
1495920 480
1495930 480
1495940 480
1495950 480
1495960 480
1495970 480
1495980 480
1495990 480
1496000 480
1496010 480
1496020 480
1496030 480
1496040 480
1496050 480
1496060 480
1496070 480
1496080 480
1496090 480
1496100 480
1496110 480
1496120 480
1496130 480
1496140 480
1496150 480
1496160 480
1496170 480
1496180 480
1496190 480
1496200 480
1496210 480
1496220 480
1496230 480
1496240 480
1496250 480
1496260 480
1496270 480
1496280 480
1496290 480
1496300 480
1496310 480
1496320 480
1496330 480
1496340 480
1496350 480
1496360 480
1496370 480
1496380 480
1496390 480
1496400 480
1496410 480
1496420 480
1496430 480
1496440 480
1496450 480
1496460 480
1496470 480
1496480 480
1496490 480
1496500 480
1496510 480
1496520 480
1496530 480
1496540 480
1496550 480
1496560 480
1496570 480
1496580 480
1496590 480
1496600 480
1496610 480
1496620 480
1496630 480
1496640 480
1496650 480
1496660 480
1496670 480
1496680 480
1496690 480
1496700 480
1496710 480
1496720 480
1496730 480
1496740 480
1496750 480
1496760 480
1496770 480
1496780 480
1496790 480
1496800 480
1496810 480
1496820 480
1496830 480
1496840 480
1496850 480
1496860 480
1496870 480
1496880 480
1496890 480
1496900 480
1496910 480
1496920 480
1496930 480
1496940 480
1496950 480
1496960 480
1496970 480
1496980 480
1496990 480
1497000 481
1497010 481
1497020 481
1497030 481
1497040 481
1497050 481
1497060 481
1497070 481
1497080 481
1497090 481
1497100 481
1497110 481
1497120 481
1497130 481
1497140 481
1497150 481
1497160 482
1497170 482
1497180 482
1497190 482
1497200 483
1497210 483
1497220 483
1497230 484
1497240 484
1497250 484
1497260 485
1497270 485
1497280 485
1497290 485
1497300 485
1497310 485
1497320 485
1497330 485
1497340 485
1497350 485
1497360 485
1497370 485
1497380 485
1497390 485
1497400 485
1497410 486
1497420 486
1497430 486
1497440 486
1497450 486
1497460 486
1497470 486
1497480 486
1497490 486
1497500 486
1497510 486
1497520 486
1497530 485
1497540 485
1497550 485
1497560 485
1497570 485
1497580 485
1497590 485
1497600 485
1497610 486
1497620 487
1497630 487
1497640 487
1497650 486
1497660 486
1497670 486
1497680 486
1497690 486
1497700 486
1497710 487
1497720 487
1497730 487
1497740 487
1497750 488
1497760 488
1497770 487
1497780 488
1497790 488
1497800 488
1497810 488
1497820 488
1497830 488
1497840 488
1497850 488
1497860 488
1497870 488
1497880 488
1497890 487
1497900 487
1497910 487
1497920 487
1497930 488
1497940 488
1497950 489
1497960 491
1497970 491
1497980 491
1497990 491
1498000 491
1498010 492
1498020 492
1498030 492
1498040 492
1498050 492
1498060 492
1498070 492
1498080 493
1498090 493
1498100 493
1498110 493
1498120 493
1498130 493
1498140 493
1498150 493
1498160 494
1498170 494
1498180 494
1498190 494
1498200 494
1498210 494
1498220 494
1498230 494
1498240 494
1498250 494
1498260 494
1498270 494
1498280 494
1498290 494
1498300 495
1498310 495
1498320 495
1498330 494
1498340 494
1498350 494
1498360 494
1498370 494
1498380 494
1498390 494
1498400 494
1498410 495
1498420 494
1498430 494
1498440 494
1498450 494
1498460 494
1498470 493
1498480 493
1498490 493
1498500 493
1498510 492
1498520 492
1498530 491
1498540 491
1498550 491
1498560 492
1498570 492
1498580 492
1498590 492
1498600 491
1498610 491
1498620 491
1498630 491
1498640 491
1498650 491
1498660 491
1498670 491
1498680 490
1498690 490
1498700 490
1498710 491
1498720 491
1498730 491
1498740 492
1498750 492
1498760 492
1498770 492
1498780 492
1498790 492
1498800 491
1498810 492
1498820 493
1498830 493
1498840 493
1498850 493
1498860 493
1498870 493
1498880 493
1498890 493
1498900 493
1498910 493
1498920 493
1498930 493
1498940 493
1498950 493
1498960 493
1498970 492
1498980 492
1498990 492
1499000 492
1499010 492
1499020 492
1499030 491
1499040 491
1499050 491
1499060 491
1499070 491
1499080 492
1499090 493
1499100 493
1499110 493
1499120 493
1499130 493
1499140 493
1499150 492
1499160 492
1499170 492
1499180 492
1499190 492
1499200 492
1499210 492
1499220 492
1499230 491
1499240 491
1499250 491
1499260 490
1499270 490
1499280 490
1499290 491
1499300 493
1499310 493
1499320 494
1499330 495
1499340 497
1499350 497
1499360 497
1499370 497
1499380 497
1499390 497
1499400 496
1499410 496
1499420 496
1499430 496
1499440 496
1499450 496
1499460 496
1499470 496
1499480 495
1499490 495
1499500 495
1499510 497
1499520 496
1499530 496
1499540 496
1499550 495
1499560 495
1499570 494
1499580 492
1499590 492
1499600 495
1499610 498
1499620 498
1499630 500
1499640 501
1499650 501
1499660 502
1499670 502
1499680 502
1499690 503
1499700 502
1499710 502
1499720 501
1499730 501
1499740 501
1499750 501
1499760 501
1499770 501
1499780 501
1499790 503
1499800 503
1499810 503
1499820 504
1499830 504
1499840 504
1499850 504
1499860 504
1499870 504
1499880 504
1499890 504
1499900 504
1499910 505
1499920 505
1499930 505
1499940 505
1499950 505
1499960 505
1499970 506
1499980 506
1499990 506
