1480000 793
1480010 793
1480020 794
1480030 795
1480040 795
1480050 795
1480060 795
1480070 795
1480080 794
1480090 794
1480100 794
1480110 795
1480120 797
1480130 797
1480140 798
1480150 800
1480160 800
1480170 801
1480180 803
1480190 803
1480200 803
1480210 804
1480220 804
1480230 807
1480240 810
1480250 810
1480260 814
1480270 816
1480280 816
1480290 817
1480300 818
1480310 818
1480320 818
1480330 819
1480340 819
1480350 820
1480360 820
1480370 820
1480380 820
1480390 821
1480400 821
1480410 823
1480420 824
1480430 826
1480440 826
1480450 827
1480460 827
1480470 827
1480480 827
1480490 826
1480500 826
1480510 825
1480520 825
1480530 825
1480540 825
1480550 826
1480560 826
1480570 827
1480580 829
1480590 829
1480600 831
1480610 834
1480620 834
1480630 837
1480640 839
1480650 839
1480660 840
1480670 842
1480680 842
1480690 845
1480700 847
1480710 847
1480720 850
1480730 854
1480740 854
1480750 857
1480760 860
1480770 860
1480780 863
1480790 866
1480800 866
1480810 869
1480820 871
1480830 871
1480840 874
1480850 877
1480860 877
1480870 882
1480880 888
1480890 888
1480900 894
1480910 900
1480920 900
1480930 905
1480940 909
1480950 909
1480960 912
1480970 916
1480980 922
1480990 922
1481000 928
1481010 934
1481020 934
1481030 938
1481040 940
1481050 940
1481060 943
1481070 946
1481080 946
1481090 950
1481100 954
1481110 954
1481120 957
1481130 959
1481140 959
1481150 961
1481160 963
1481170 963
1481180 965
1481190 967
1481200 967
1481210 970
1481220 973
1481230 973
1481240 974
1481250 976
1481260 976
1481270 978
1481280 982
1481290 982
1481300 985
1481310 990
1481320 990
1481330 995
1481340 1000
1481350 1000
1481360 1006
1481370 1012
1481380 1012
1481390 1019
1481400 1026
1481410 1026
1481420 1033
1481430 1042
1481440 1042
1481450 1051
1481460 1059
1481470 1059
1481480 1068
1481490 1090
1481500 1090
1481510 1101
1481520 1114
1481530 1114
1481540 1125
1481550 1136
1481560 1155
1481570 1155
1481580 1171
1481590 1180
1481600 1180
1481610 1187
1481620 1195
1481630 1195
1481640 1202
1481650 1205
1481660 1205
1481670 1210
1481680 1214
1481690 1214
1481700 1218
1481710 1220
1481720 1220
1481730 1225
1481740 1231
1481750 1231
1481760 1238
1481770 1245
1481780 1245
1481790 1251
1481800 1252
1481810 1252
1481820 1249
1481830 1249
1481840 1249
1481850 1248
1481860 1245
1481870 1245
1481880 1237
1481890 1237
1481900 1237
1481910 1246
1481920 1238
1481930 1238
1481940 1236
1481950 1239
1481960 1239
1481970 1238
1481980 1236
1481990 1236
1482000 1231
1482010 1230
1482020 1230
1482030 1230
1482040 1230
1482050 1230
1482060 1230
1482070 1229
1482080 1229
1482090 1229
1482100 1224
1482110 1211
1482120 1211
1482130 1209
1482140 1215
1482150 1215
1482160 1219
1482170 1216
1482180 1216
1482190 1214
1482200 1207
1482210 1207
1482220 1195
1482230 1196
1482240 1196
1482250 1196
1482260 1184
1482270 1184
1482280 1186
1482290 1197
1482300 1197
1482310 1205
1482320 1203
1482330 1203
1482340 1195
1482350 1181
1482360 1181
1482370 1173
1482380 1169
1482390 1169
1482400 1168
1482410 1169
1482420 1169
1482430 1171
1482440 1173
1482450 1173
1482460 1174
1482470 1175
1482480 1175
1482490 1177
1482500 1179
1482510 1179
1482520 1181
1482530 1184
1482540 1184
1482550 1187
1482560 1191
1482570 1191
1482580 1195
1482590 1198
1482600 1198
1482610 1202
1482620 1203
1482630 1203
1482640 1201
1482650 1201
1482660 1201
1482670 1197
1482680 1187
1482690 1177
1482700 1177
1482710 1178
1482720 1182
1482730 1182
1482740 1186
1482750 1192
1482760 1192
1482770 1203
1482780 1205
1482790 1205
1482800 1205
1482810 1210
1482820 1210
1482830 1211
1482840 1215
1482850 1215
1482860 1212
1482870 1220
1482880 1220
1482890 1231
1482900 1233
1482910 1233
1482920 1229
1482930 1230
1482940 1230
1482950 1234
1482960 1233
1482970 1233
1482980 1228
1482990 1226
1483000 1226
1483010 1226
1483020 1221
1483030 1221
1483040 1207
1483050 1184
1483060 1184
1483070 1141
1483080 1108
1483090 1108
1483100 1087
1483110 1073
1483120 1073
1483130 1069
1483140 1067
1483150 1067
1483160 1068
1483170 1072
1483180 1072
1483190 1073
1483200 1071
1483210 1071
1483220 1065
1483230 1061
1483240 1059
1483250 1059
1483260 1058
1483270 1059
1483280 1059
1483290 1062
1483300 1062
1483310 1062
1483320 1059
1483330 1055
1483340 1055
1483350 1051
1483360 1047
1483370 1047
1483380 1043
1483390 1040
1483400 1040
1483410 1038
1483420 1036
1483430 1036
1483440 1032
1483450 1026
1483460 1026
1483470 1022
1483480 1020
1483490 1020
1483500 1016
1483510 1014
1483520 1014
1483530 1011
1483540 1009
1483550 1009
1483560 1008
1483570 1008
1483580 1008
1483590 1006
1483600 1004
1483610 1004
1483620 1002
1483630 1000
1483640 1000
1483650 1003
1483660 1003
1483670 1003
1483680 1001
1483690 999
1483700 999
1483710 998
1483720 997
1483730 997
1483740 995
1483750 996
1483760 996
1483770 999
1483780 999
1483790 999
1483800 999
1483810 997
1483820 994
1483830 994
1483840 990
1483850 989
1483860 989
1483870 997
1483880 1007
1483890 1007
1483900 1010
1483910 1004
1483920 1004
1483930 995
1483940 993
1483950 993
1483960 997
1483970 996
1483980 996
1483990 992
1484000 989
1484010 989
1484020 987
1484030 987
1484040 987
1484050 986
1484060 983
1484070 983
1484080 984
1484090 987
1484100 987
1484110 984
1484120 983
1484130 983
1484140 981
1484150 981
1484160 981
1484170 982
1484180 986
1484190 986
1484200 992
1484210 996
1484220 996
1484230 1000
1484240 1007
1484250 1007
1484260 1010
1484270 1005
1484280 1005
1484290 991
1484300 988
1484310 988
1484320 991
1484330 986
1484340 986
1484350 976
1484360 971
1484370 968
1484380 968
1484390 961
1484400 958
1484410 958
1484420 982
1484430 1031
1484440 1031
1484450 1032
1484460 1012
1484470 1012
1484480 985
1484490 987
1484500 987
1484510 994
1484520 1001
1484530 1001
1484540 1009
1484550 1018
1484560 1018
1484570 1024
1484580 1027
1484590 1027
1484600 1029
1484610 1030
1484620 1030
1484630 1031
1484640 1033
1484650 1033
1484660 1033
1484670 1032
1484680 1032
1484690 1033
1484700 1034
1484710 1034
1484720 1037
1484730 1040
1484740 1040
1484750 1045
1484760 1049
1484770 1049
1484780 1053
1484790 1057
1484800 1057
1484810 1057
1484820 1055
1484830 1055
1484840 1055
1484850 1057
1484860 1057
1484870 1060
1484880 1064
1484890 1064
1484900 1064
1484910 1056
1484920 1056
1484930 1044
1484940 1032
1484950 1023
1484960 1023
1484970 1015
1484980 1008
1484990 1008
1485000 1002
1485010 996
1485020 996
1485030 992
1485040 990
1485050 990
1485060 991
1485070 998
1485080 998
1485090 1000
1485100 1004
1485110 1004
1485120 1006
1485130 1017
1485140 1017
1485150 1015
1485160 1021
1485170 1021
1485180 1028
1485190 1088
1485200 1088
1485210 1083
1485220 1020
1485230 1020
1485240 1016
1485250 1027
1485260 1027
1485270 1037
1485280 1062
1485290 1062
1485300 1092
1485310 1113
1485320 1113
1485330 1120
1485340 1120
1485350 1120
1485360 1121
1485370 1125
1485380 1125
1485390 1131
1485400 1135
1485410 1135
1485420 1138
1485430 1137
1485440 1137
1485450 1140
1485460 1144
1485470 1144
1485480 1142
1485490 1112
1485500 1087
1485510 1087
1485520 1078
1485530 1068
1485540 1068
1485550 1040
1485560 1043
1485570 1043
1485580 1067
1485590 1092
1485600 1092
1485610 1109
1485620 1124
1485630 1124
1485640 1138
1485650 1150
1485660 1150
1485670 1158
1485680 1162
1485690 1162
1485700 1163
1485710 1162
1485720 1162
1485730 1161
1485740 1160
1485750 1160
1485760 1159
1485770 1158
1485780 1158
1485790 1157
1485800 1155
1485810 1155
1485820 1154
1485830 1151
1485840 1151
1485850 1149
1485860 1147
1485870 1147
1485880 1145
1485890 1143
1485900 1143
1485910 1141
1485920 1139
1485930 1139
1485940 1137
1485950 1135
1485960 1135
1485970 1133
1485980 1132
1485990 1132
1486000 1129
1486010 1127
1486020 1127
1486030 1125
1486040 1122
1486050 1122
1486060 1118
1486070 1114
1486080 1111
1486090 1111
1486100 1108
1486110 1105
1486120 1105
1486130 1102
1486140 1093
1486150 1093
1486160 1082
1486170 1074
1486180 1074
1486190 1067
1486200 1058
1486210 1058
1486220 1050
1486230 1044
1486240 1044
1486250 1038
1486260 1032
1486270 1032
1486280 1028
1486290 1025
1486300 1025
1486310 1024
1486320 1026
1486330 1026
1486340 1027
1486350 1030
1486360 1030
1486370 1036
1486380 1044
1486390 1044
1486400 1045
1486410 1044
1486420 1044
1486430 1045
1486440 1047
1486450 1047
1486460 1051
1486470 1051
1486480 1051
1486490 1048
1486500 1048
1486510 1048
1486520 1049
1486530 1048
1486540 1048
1486550 1045
1486560 1044
1486570 1044
1486580 1042
1486590 1042
1486600 1042
1486610 1042
1486620 1043
1486630 1045
1486640 1045
1486650 1046
1486660 1050
1486670 1050
1486680 1050
1486690 1042
1486700 1042
1486710 1022
1486720 973
1486730 973
1486740 951
1486750 929
1486760 929
1486770 908
1486780 874
1486790 874
1486800 835
1486810 773
1486820 773
1486830 690
1486840 671
1486850 671
1486860 662
1486870 654
1486880 654
1486890 647
1486900 641
1486910 641
1486920 635
1486930 629
1486940 629
1486950 625
1486960 620
1486970 620
1486980 614
1486990 609
1487000 609
1487010 604
1487020 599
1487030 599
1487040 594
1487050 587
1487060 587
1487070 582
1487080 582
1487090 582
1487100 585
1487110 586
1487120 586
1487130 585
1487140 579
1487150 579
1487160 575
1487170 572
1487180 572
1487190 570
1487200 565
1487210 565
1487220 565
1487230 564
1487240 561
1487250 561
1487260 560
1487270 560
1487280 560
1487290 564
1487300 565
1487310 565
1487320 564
1487330 564
1487340 564
1487350 564
1487360 564
1487370 564
1487380 565
1487390 567
1487400 567
1487410 567
1487420 565
1487430 565
1487440 562
1487450 561
1487460 561
1487470 563
1487480 565
1487490 565
1487500 565
1487510 565
1487520 565
1487530 564
1487540 562
1487550 562
1487560 559
1487570 557
1487580 557
1487590 556
1487600 557
1487610 557
1487620 557
1487630 557
1487640 557
1487650 556
1487660 556
1487670 556
1487680 555
1487690 555
1487700 555
1487710 556
1487720 559
1487730 559
1487740 564
1487750 570
1487760 572
1487770 572
1487780 575
1487790 574
1487800 574
1487810 569
1487820 559
1487830 559
1487840 549
1487850 544
1487860 544
1487870 539
1487880 534
1487890 534
1487900 529
1487910 528
1487920 528
1487930 525
1487940 521
1487950 521
1487960 516
1487970 513
1487980 513
1487990 510
1488000 507
1488010 507
1488020 504
1488030 501
1488040 501
1488050 499
1488060 498
1488070 498
1488080 499
1488090 499
1488100 499
1488110 498
1488120 498
1488130 498
1488140 497
1488150 497
1488160 497
1488170 495
1488180 493
1488190 493
1488200 490
1488210 486
1488220 486
1488230 485
1488240 484
1488250 484
1488260 482
1488270 482
1488280 482
1488290 480
1488300 480
1488310 480
1488320 480
1488330 480
1488340 480
1488350 480
1488360 480
1488370 480
1488380 480
1488390 480
1488400 480
1488410 480
1488420 480
1488430 480
1488440 480
1488450 480
1488460 480
1488470 480
1488480 480
1488490 480
1488500 480
1488510 480
1488520 480
1488530 480
1488540 480
1488550 480
1488560 480
1488570 480
1488580 480
1488590 480
1488600 480
1488610 480
1488620 480
1488630 480
1488640 480
1488650 480
1488660 480
1488670 480
1488680 480
1488690 480
1488700 480
1488710 480
1488720 480
1488730 480
1488740 480
1488750 480
1488760 480
1488770 480
1488780 480
1488790 480
1488800 480
1488810 480
1488820 480
1488830 480
1488840 480
1488850 480
1488860 480
1488870 480
1488880 480
1488890 480
1488900 480
1488910 480
1488920 480
1488930 480
1488940 480
1488950 480
1488960 480
1488970 480
1488980 480
1488990 480
1489000 480
1489010 480
1489020 480
1489030 480
1489040 480
1489050 480
1489060 480
1489070 480
1489080 480
1489090 480
1489100 480
1489110 480
1489120 480
1489130 480
1489140 480
1489150 480
1489160 480
1489170 480
1489180 480
1489190 480
1489200 480
1489210 480
1489220 480
1489230 480
1489240 480
1489250 480
1489260 480
1489270 480
1489280 480
1489290 480
1489300 480
1489310 480
1489320 480
1489330 480
1489340 480
1489350 480
1489360 480
1489370 480
1489380 480
1489390 480
1489400 480
1489410 480
1489420 480
1489430 480
1489440 480
1489450 480
1489460 480
1489470 480
1489480 480
1489490 480
1489500 480
1489510 480
1489520 480
1489530 480
1489540 480
1489550 480
1489560 480
1489570 480
1489580 480
1489590 480
1489600 480
1489610 480
1489620 480
1489630 480
1489640 480
1489650 480
1489660 480
1489670 480
1489680 480
1489690 480
1489700 480
1489710 480
1489720 480
1489730 480
1489740 480
1489750 480
1489760 480
1489770 480
1489780 480
1489790 480
1489800 480
1489810 480
1489820 480
1489830 480
1489840 480
1489850 480
1489860 480
1489870 480
1489880 480
1489890 480
1489900 480
1489910 480
1489920 480
1489930 480
1489940 480
1489950 480
1489960 480
1489970 480
1489980 480
1489990 480
1490000 480
1490010 480
1490020 480
1490030 480
1490040 480
1490050 480
1490060 480
1490070 480
1490080 480
1490090 480
1490100 480
1490110 480
1490120 480
1490130 480
1490140 480
1490150 480
1490160 480
1490170 480
1490180 480
1490190 480
1490200 480
1490210 480
1490220 480
1490230 480
1490240 480
1490250 480
1490260 480
1490270 480
1490280 480
1490290 480
1490300 480
1490310 480
1490320 480
1490330 480
1490340 480
1490350 480
1490360 480
1490370 480
1490380 480
1490390 480
1490400 480
1490410 480
1490420 480
1490430 480
1490440 480
1490450 480
1490460 480
1490470 481
1490480 481
1490490 482
1490500 482
1490510 482
1490520 483
1490530 484
1490540 484
1490550 485
1490560 485
1490570 485
1490580 485
1490590 485
1490600 484
1490610 484
1490620 483
1490630 483
1490640 483
1490650 482
1490660 482
1490670 482
1490680 481
1490690 481
1490700 481
1490710 480
1490720 480
1490730 480
1490740 480
1490750 480
1490760 480
1490770 480
1490780 480
1490790 480
1490800 480
1490810 480
1490820 480
1490830 480
1490840 480
1490850 480
1490860 480
1490870 480
1490880 480
1490890 480
1490900 480
1490910 480
1490920 480
1490930 480
1490940 480
1490950 481
1490960 483
1490970 483
1490980 488
1490990 492
1491000 492
1491010 494
1491020 498
1491030 498
1491040 501
1491050 504
1491060 504
1491070 507
1491080 509
1491090 509
1491100 511
1491110 514
1491120 514
1491130 516
1491140 518
1491150 519
1491160 519
1491170 520
1491180 521
1491190 521
1491200 522
1491210 522
1491220 522
1491230 521
1491240 518
1491250 518
1491260 517
1491270 516
1491280 516
1491290 517
1491300 517
1491310 517
1491320 517
1491330 517
1491340 517
1491350 517
1491360 516
1491370 516
1491380 516
1491390 517
1491400 517
1491410 518
1491420 519
1491430 519
1491440 518
1491450 515
1491460 515
1491470 511
1491480 506
1491490 506
1491500 500
1491510 495
1491520 495
1491530 490
1491540 488
1491550 488
1491560 486
1491570 484
1491580 484
1491590 481
1491600 480
1491610 480
1491620 480
1491630 480
1491640 480
1491650 480
1491660 480
1491670 480
1491680 480
1491690 480
1491700 480
1491710 480
1491720 480
1491730 480
1491740 480
1491750 480
1491760 480
1491770 480
1491780 480
1491790 480
1491800 480
1491810 480
1491820 480
1491830 480
1491840 480
1491850 480
1491860 480
1491870 480
1491880 480
1491890 480
1491900 480
1491910 480
1491920 480
1491930 480
1491940 480
1491950 480
1491960 480
1491970 480
1491980 480
1491990 480
1492000 480
1492010 480
1492020 480
1492030 480
1492040 480
1492050 480
1492060 480
1492070 480
1492080 480
1492090 480
1492100 480
1492110 480
1492120 480
1492130 480
1492140 480
1492150 480
1492160 480
1492170 480
1492180 480
1492190 480
1492200 480
1492210 480
1492220 480
1492230 480
1492240 480
1492250 480
1492260 480
1492270 480
1492280 480
1492290 480
1492300 480
1492310 480
1492320 480
1492330 480
1492340 480
1492350 480
1492360 480
1492370 480
1492380 480
1492390 480
1492400 480
1492410 480
1492420 480
1492430 480
1492440 480
1492450 480
1492460 480
1492470 480
1492480 480
1492490 480
1492500 480
1492510 480
1492520 480
1492530 480
1492540 480
1492550 480
1492560 480
1492570 480
1492580 480
1492590 480
1492600 480
1492610 480
1492620 480
1492630 480
1492640 480
1492650 480
1492660 480
1492670 480
1492680 480
1492690 480
1492700 480
1492710 480
1492720 480
1492730 481
1492740 481
1492750 482
1492760 483
1492770 483
1492780 485
1492790 485
1492800 485
1492810 485
1492820 486
1492830 486
1492840 489
1492850 492
1492860 495
1492870 495
1492880 497
1492890 498
1492900 498
1492910 500
1492920 502
1492930 502
1492940 503
1492950 505
1492960 505
1492970 507
1492980 508
1492990 508
1493000 510
1493010 512
1493020 512
1493030 513
1493040 515
1493050 515
1493060 516
1493070 519
1493080 519
1493090 522
1493100 524
1493110 524
1493120 528
1493130 532
1493140 532
1493150 536
1493160 540
1493170 540
1493180 544
1493190 548
1493200 548
1493210 552
1493220 555
1493230 555
1493240 558
1493250 561
1493260 561
1493270 564
1493280 566
1493290 566
1493300 568
1493310 570
1493320 570
1493330 572
1493340 574
1493350 574
1493360 575
1493370 577
1493380 577
1493390 580
1493400 583
1493410 584
1493420 584
1493430 585
1493440 585
1493450 585
1493460 586
1493470 587
1493480 587
1493490 588
1493500 589
1493510 589
1493520 590
1493530 591
1493540 591
1493550 593
1493560 595
1493570 595
1493580 596
1493590 598
1493600 598
1493610 599
1493620 600
1493630 600
1493640 602
1493650 602
1493660 602
1493670 604
1493680 608
1493690 608
1493700 612
1493710 616
1493720 616
1493730 619
1493740 622
1493750 622
1493760 624
1493770 627
1493780 627
1493790 630
1493800 633
1493810 633
1493820 636
1493830 638
1493840 638
1493850 640
1493860 642
1493870 642
1493880 644
1493890 646
1493900 646
1493910 648
1493920 650
1493930 650
1493940 651
1493950 653
1493960 653
1493970 655
1493980 657
1493990 659
1494000 659
1494010 662
1494020 664
1494030 664
1494040 666
1494050 669
1494060 669
1494070 671
1494080 673
1494090 673
1494100 674
1494110 675
1494120 675
1494130 679
1494140 683
1494150 683
1494160 686
1494170 690
1494180 690
1494190 693
1494200 697
1494210 697
1494220 701
1494230 704
1494240 704
1494250 707
1494260 710
1494270 710
1494280 712
1494290 714
1494300 714
1494310 716
1494320 718
1494330 718
1494340 720
1494350 721
1494360 721
1494370 722
1494380 723
1494390 723
1494400 724
1494410 726
1494420 726
1494430 729
1494440 731
1494450 731
1494460 734
1494470 736
1494480 736
1494490 738
1494500 740
1494510 740
1494520 742
1494530 744
1494540 745
1494550 745
1494560 747
1494570 748
1494580 748
1494590 750
1494600 751
1494610 751
1494620 751
1494630 751
1494640 751
1494650 752
1494660 752
1494670 752
1494680 753
1494690 753
1494700 753
1494710 755
1494720 756
1494730 756
1494740 756
1494750 755
1494760 755
1494770 754
1494780 753
1494790 753
1494800 752
1494810 750
1494820 750
1494830 749
1494840 746
1494850 746
1494860 744
1494870 742
1494880 742
1494890 740
1494900 738
1494910 738
1494920 734
1494930 729
1494940 729
1494950 726
1494960 722
1494970 722
1494980 719
1494990 716
1495000 716
1495010 712
1495020 708
1495030 708
1495040 704
1495050 699
1495060 699
1495070 694
1495080 687
1495090 687
1495100 681
1495110 674
1495120 667
1495130 667
1495140 659
1495150 652
1495160 652
1495170 656
1495180 663
1495190 663
1495200 670
1495210 676
1495220 676
1495230 682
1495240 687
1495250 687
1495260 692
1495270 696
1495280 696
1495290 701
1495300 705
1495310 705
1495320 710
1495330 714
1495340 714
1495350 719
1495360 722
1495370 722
1495380 726
1495390 730
1495400 730
1495410 735
1495420 738
1495430 738
1495440 741
1495450 743
1495460 743
1495470 744
1495480 745
1495490 745
1495500 744
1495510 744
1495520 744
1495530 744
1495540 744
1495550 744
1495560 744
1495570 744
1495580 744
1495590 744
1495600 744
1495610 744
1495620 744
1495630 745
1495640 745
1495650 745
1495660 746
1495670 746
1495680 746
1495690 747
1495700 747
1495710 747
1495720 748
1495730 749
1495740 749
1495750 750
1495760 751
1495770 751
1495780 752
1495790 753
1495800 753
1495810 754
1495820 755
1495830 755
1495840 756
1495850 758
1495860 758
1495870 759
1495880 759
1495890 759
1495900 761
1495910 763
1495920 763
1495930 765
1495940 766
1495950 766
1495960 768
1495970 769
1495980 769
1495990 771
1496000 772
1496010 772
1496020 773
1496030 774
1496040 774
1496050 775
1496060 776
1496070 776
1496080 777
1496090 776
1496100 776
1496110 777
1496120 779
1496130 779
1496140 781
1496150 783
1496160 783
1496170 785
1496180 787
1496190 787
1496200 788
1496210 790
1496220 790
1496230 792
1496240 794
1496250 796
1496260 796
1496270 798
1496280 799
1496290 799
1496300 800
1496310 802
1496320 802
1496330 803
1496340 805
1496350 805
1496360 806
1496370 807
1496380 807
1496390 808
1496400 809
1496410 809
1496420 809
1496430 810
1496440 810
1496450 810
1496460 810
1496470 810
1496480 811
1496490 810
1496500 810
1496510 810
1496520 811
1496530 811
1496540 810
1496550 809
1496560 809
1496570 810
1496580 810
1496590 810
1496600 809
1496610 807
1496620 807
1496630 809
1496640 811
1496650 811
1496660 810
1496670 810
1496680 810
1496690 810
1496700 811
1496710 811
1496720 811
1496730 811
1496740 811
1496750 811
1496760 812
1496770 812
1496780 811
1496790 811
1496800 810
1496810 810
1496820 810
1496830 810
1496840 810
1496850 808
1496860 805
1496870 805
1496880 803
1496890 802
1496900 802
1496910 801
1496920 799
1496930 799
1496940 798
1496950 797
1496960 797
1496970 795
1496980 790
1496990 790
1497000 782
1497010 773
1497020 773
1497030 764
1497040 756
1497050 756
1497060 750
1497070 742
1497080 742
1497090 742
1497100 750
1497110 750
1497120 756
1497130 756
1497140 756
1497150 752
1497160 749
1497170 749
1497180 749
1497190 746
1497200 746
1497210 739
1497220 727
1497230 727
1497240 720
1497250 728
1497260 728
1497270 736
1497280 738
1497290 738
1497300 737
1497310 736
1497320 736
1497330 732
1497340 733
1497350 733
1497360 742
1497370 748
1497380 754
1497390 754
1497400 759
1497410 765
1497420 765
1497430 770
1497440 775
1497450 775
1497460 779
1497470 783
1497480 783
1497490 785
1497500 784
1497510 784
1497520 782
1497530 781
1497540 781
1497550 780
1497560 783
1497570 783
1497580 786
1497590 787
1497600 787
1497610 787
1497620 786
1497630 786
1497640 784
1497650 782
1497660 782
1497670 781
1497680 781
1497690 781
1497700 779
1497710 779
1497720 779
1497730 778
1497740 776
1497750 776
1497760 774
1497770 772
1497780 772
1497790 770
1497800 767
1497810 767
1497820 763
1497830 762
1497840 762
1497850 763
1497860 763
1497870 763
1497880 762
1497890 759
1497900 759
1497910 758
1497920 758
1497930 758
1497940 758
1497950 758
1497960 758
1497970 758
1497980 754
1497990 748
1498000 748
1498010 742
1498020 736
1498030 736
1498040 731
1498050 725
1498060 725
1498070 721
1498080 717
1498090 717
1498100 715
1498110 713
1498120 713
1498130 710
1498140 706
1498150 706
1498160 700
1498170 693
1498180 693
1498190 692
1498200 699
1498210 699
1498220 706
1498230 708
1498240 708
1498250 710
1498260 713
1498270 713
1498280 716
1498290 720
1498300 720
1498310 725
1498320 730
1498330 730
1498340 734
1498350 737
1498360 737
1498370 740
1498380 742
1498390 742
1498400 745
1498410 747
1498420 747
1498430 750
1498440 753
1498450 753
1498460 756
1498470 758
1498480 758
1498490 760
1498500 762
1498510 764
1498520 764
1498530 764
1498540 763
1498550 763
1498560 762
1498570 762
1498580 762
1498590 761
1498600 761
1498610 761
1498620 761
1498630 760
1498640 760
1498650 759
1498660 757
1498670 757
1498680 755
1498690 754
1498700 754
1498710 752
1498720 748
1498730 748
1498740 747
1498750 748
1498760 748
1498770 748
1498780 747
1498790 747
1498800 746
1498810 746
1498820 746
1498830 743
1498840 735
1498850 735
1498860 725
1498870 720
1498880 720
1498890 724
1498900 726
1498910 726
1498920 727
1498930 728
1498940 728
1498950 729
1498960 731
1498970 731
1498980 732
1498990 734
1499000 734
1499010 735
1499020 732
1499030 732
1499040 725
1499050 717
1499060 710
1499070 710
1499080 705
1499090 701
1499100 701
1499110 696
1499120 694
1499130 694
1499140 698
1499150 703
1499160 703
1499170 706
1499180 706
1499190 706
1499200 706
1499210 707
1499220 707
1499230 710
1499240 712
1499250 712
1499260 716
1499270 719
1499280 719
1499290 721
1499300 722
1499310 722
1499320 720
1499330 717
1499340 717
1499350 712
1499360 707
1499370 707
1499380 704
1499390 700
1499400 700
1499410 695
1499420 690
1499430 690
1499440 684
1499450 677
1499460 677
1499470 676
1499480 680
1499490 680
1499500 685
1499510 688
1499520 688
1499530 690
1499540 689
1499550 689
1499560 685
1499570 682
1499580 682
1499590 684
1499600 683
1499610 683
1499620 681
1499630 676
1499640 673
1499650 673
1499660 674
1499670 677
1499680 677
1499690 679
1499700 681
1499710 681
1499720 683
1499730 683
1499740 683
1499750 680
1499760 679
1499770 679
1499780 679
1499790 679
1499800 679
1499810 678
1499820 679
1499830 679
1499840 685
1499850 688
1499860 688
1499870 689
1499880 690
1499890 690
1499900 690
1499910 689
1499920 689
1499930 687
1499940 686
1499950 686
1499960 685
1499970 686
1499980 686
1499990 689
