1480000 802
1480010 802
1480020 801
1480030 800
1480040 800
1480050 799
1480060 799
1480070 799
1480080 798
1480090 796
1480100 796
1480110 795
1480120 794
1480130 794
1480140 793
1480150 794
1480160 794
1480170 794
1480180 793
1480190 793
1480200 793
1480210 792
1480220 792
1480230 792
1480240 791
1480250 791
1480260 790
1480270 789
1480280 789
1480290 788
1480300 787
1480310 786
1480320 786
1480330 784
1480340 782
1480350 782
1480360 781
1480370 778
1480380 778
1480390 776
1480400 774
1480410 774
1480420 772
1480430 771
1480440 771
1480450 769
1480460 767
1480470 767
1480480 766
1480490 764
1480500 764
1480510 765
1480520 766
1480530 766
1480540 768
1480550 768
1480560 768
1480570 767
1480580 766
1480590 766
1480600 766
1480610 765
1480620 765
1480630 764
1480640 763
1480650 763
1480660 759
1480670 757
1480680 757
1480690 757
1480700 758
1480710 758
1480720 757
1480730 755
1480740 755
1480750 755
1480760 755
1480770 755
1480780 754
1480790 754
1480800 754
1480810 753
1480820 751
1480830 751
1480840 748
1480850 747
1480860 747
1480870 746
1480880 746
1480890 745
1480900 745
1480910 745
1480920 744
1480930 744
1480940 744
1480950 743
1480960 743
1480970 742
1480980 742
1480990 742
1481000 741
1481010 740
1481020 740
1481030 740
1481040 740
1481050 740
1481060 739
1481070 739
1481080 739
1481090 738
1481100 738
1481110 738
1481120 737
1481130 735
1481140 735
1481150 734
1481160 732
1481170 732
1481180 731
1481190 728
1481200 728
1481210 725
1481220 720
1481230 720
1481240 711
1481250 710
1481260 710
1481270 717
1481280 720
1481290 720
1481300 720
1481310 720
1481320 720
1481330 721
1481340 721
1481350 721
1481360 721
1481370 721
1481380 721
1481390 721
1481400 721
1481410 721
1481420 720
1481430 720
1481440 720
1481450 719
1481460 717
1481470 715
1481480 715
1481490 713
1481500 713
1481510 713
1481520 710
1481530 708
1481540 708
1481550 706
1481560 706
1481570 706
1481580 706
1481590 706
1481600 706
1481610 706
1481620 705
1481630 705
1481640 705
1481650 705
1481660 705
1481670 705
1481680 705
1481690 705
1481700 705
1481710 705
1481720 705
1481730 704
1481740 703
1481750 703
1481760 702
1481770 703
1481780 703
1481790 705
1481800 708
1481810 708
1481820 712
1481830 713
1481840 713
1481850 711
1481860 707
1481870 707
1481880 705
1481890 704
1481900 704
1481910 703
1481920 701
1481930 701
1481940 698
1481950 696
1481960 696
1481970 697
1481980 697
1481990 697
1482000 697
1482010 697
1482020 697
1482030 697
1482040 695
1482050 694
1482060 694
1482070 691
1482080 688
1482090 688
1482100 685
1482110 683
1482120 683
1482130 681
1482140 679
1482150 679
1482160 678
1482170 678
1482180 678
1482190 680
1482200 680
1482210 680
1482220 678
1482230 679
1482240 679
1482250 678
1482260 676
1482270 676
1482280 674
1482290 672
1482300 672
1482310 670
1482320 670
1482330 670
1482340 669
1482350 668
1482360 668
1482370 667
1482380 665
1482390 665
1482400 665
1482410 664
1482420 664
1482430 663
1482440 663
1482450 663
1482460 663
1482470 663
1482480 663
1482490 662
1482500 661
1482510 661
1482520 660
1482530 660
1482540 660
1482550 661
1482560 661
1482570 661
1482580 663
1482590 665
1482600 665
1482610 665
1482620 666
1482630 665
1482640 665
1482650 665
1482660 663
1482670 663
1482680 662
1482690 660
1482700 660
1482710 658
1482720 655
1482730 655
1482740 653
1482750 652
1482760 652
1482770 651
1482780 650
1482790 650
1482800 650
1482810 650
1482820 650
1482830 650
1482840 649
1482850 649
1482860 649
1482870 648
1482880 648
1482890 646
1482900 645
1482910 645
1482920 644
1482930 642
1482940 642
1482950 641
1482960 639
1482970 639
1482980 638
1482990 638
1483000 638
1483010 637
1483020 634
1483030 634
1483040 631
1483050 628
1483060 628
1483070 627
1483080 625
1483090 625
1483100 623
1483110 621
1483120 621
1483130 620
1483140 618
1483150 618
1483160 617
1483170 617
1483180 617
1483190 616
1483200 615
1483210 613
1483220 613
1483230 609
1483240 607
1483250 607
1483260 604
1483270 603
1483280 603
1483290 604
1483300 605
1483310 605
1483320 605
1483330 603
1483340 603
1483350 602
1483360 600
1483370 600
1483380 599
1483390 599
1483400 599
1483410 599
1483420 598
1483430 598
1483440 597
1483450 596
1483460 596
1483470 595
1483480 593
1483490 593
1483500 593
1483510 592
1483520 592
1483530 591
1483540 590
1483550 590
1483560 589
1483570 587
1483580 587
1483590 586
1483600 585
1483610 585
1483620 584
1483630 582
1483640 582
1483650 581
1483660 580
1483670 580
1483680 579
1483690 578
1483700 578
1483710 577
1483720 575
1483730 575
1483740 574
1483750 572
1483760 572
1483770 571
1483780 570
1483790 569
1483800 569
1483810 568
1483820 566
1483830 566
1483840 566
1483850 566
1483860 566
1483870 565
1483880 564
1483890 564
1483900 564
1483910 563
1483920 563
1483930 563
1483940 563
1483950 563
1483960 562
1483970 561
1483980 561
1483990 559
1484000 558
1484010 558
1484020 557
1484030 556
1484040 556
1484050 554
1484060 553
1484070 553
1484080 551
1484090 550
1484100 550
1484110 549
1484120 547
1484130 547
1484140 546
1484150 545
1484160 545
1484170 544
1484180 543
1484190 543
1484200 542
1484210 541
1484220 541
1484230 539
1484240 537
1484250 537
1484260 538
1484270 538
1484280 538
1484290 538
1484300 537
1484310 537
1484320 536
1484330 535
1484340 535
1484350 535
1484360 534
1484370 533
1484380 533
1484390 532
1484400 531
1484410 531
1484420 530
1484430 529
1484440 529
1484450 528
1484460 528
1484470 528
1484480 527
1484490 526
1484500 526
1484510 525
1484520 524
1484530 524
1484540 524
1484550 523
1484560 523
1484570 522
1484580 521
1484590 521
1484600 520
1484610 520
1484620 520
1484630 518
1484640 517
1484650 517
1484660 517
1484670 517
1484680 517
1484690 517
1484700 517
1484710 517
1484720 516
1484730 516
1484740 516
1484750 516
1484760 515
1484770 515
1484780 515
1484790 514
1484800 514
1484810 513
1484820 512
1484830 512
1484840 512
1484850 511
1484860 511
1484870 510
1484880 510
1484890 510
1484900 509
1484910 509
1484920 509
1484930 509
1484940 508
1484950 508
1484960 508
1484970 509
1484980 509
1484990 509
1485000 509
1485010 509
1485020 509
1485030 509
1485040 509
1485050 509
1485060 508
1485070 507
1485080 507
1485090 506
1485100 504
1485110 504
1485120 502
1485130 500
1485140 500
1485150 498
1485160 496
1485170 496
1485180 495
1485190 494
1485200 494
1485210 494
1485220 493
1485230 493
1485240 493
1485250 493
1485260 493
1485270 492
1485280 492
1485290 492
1485300 492
1485310 492
1485320 492
1485330 492
1485340 492
1485350 492
1485360 491
1485370 492
1485380 492
1485390 492
1485400 492
1485410 492
1485420 492
1485430 491
1485440 491
1485450 491
1485460 491
1485470 491
1485480 491
1485490 491
1485500 491
1485510 491
1485520 491
1485530 491
1485540 491
1485550 490
1485560 490
1485570 490
1485580 490
1485590 490
1485600 490
1485610 490
1485620 490
1485630 490
1485640 490
1485650 490
1485660 490
1485670 490
1485680 490
1485690 490
1485700 489
1485710 489
1485720 489
1485730 489
1485740 489
1485750 489
1485760 489
1485770 488
1485780 488
1485790 488
1485800 488
1485810 488
1485820 488
1485830 488
1485840 488
1485850 488
1485860 488
1485870 488
1485880 488
1485890 488
1485900 488
1485910 488
1485920 487
1485930 487
1485940 487
1485950 487
1485960 487
1485970 487
1485980 487
1485990 487
1486000 487
1486010 487
1486020 487
1486030 487
1486040 487
1486050 487
1486060 487
1486070 487
1486080 487
1486090 487
1486100 487
1486110 487
1486120 487
1486130 487
1486140 487
1486150 487
1486160 487
1486170 487
1486180 487
1486190 487
1486200 487
1486210 487
1486220 487
1486230 487
1486240 487
1486250 487
1486260 487
1486270 487
1486280 486
1486290 486
1486300 486
1486310 486
1486320 486
1486330 486
1486340 486
1486350 486
1486360 486
1486370 486
1486380 486
1486390 486
1486400 486
1486410 486
1486420 486
1486430 486
1486440 486
1486450 486
1486460 486
1486470 486
1486480 486
1486490 486
1486500 486
1486510 486
1486520 486
1486530 486
1486540 486
1486550 486
1486560 486
1486570 486
1486580 486
1486590 484
1486600 484
1486610 485
1486620 486
1486630 486
1486640 485
1486650 485
1486660 485
1486670 485
1486680 485
1486690 485
1486700 485
1486710 485
1486720 485
1486730 485
1486740 485
1486750 485
1486760 485
1486770 484
1486780 484
1486790 484
1486800 484
1486810 484
1486820 484
1486830 484
1486840 484
1486850 484
1486860 484
1486870 484
1486880 484
1486890 484
1486900 484
1486910 484
1486920 484
1486930 484
1486940 484
1486950 484
1486960 484
1486970 484
1486980 484
1486990 485
1487000 485
1487010 485
1487020 485
1487030 485
1487040 484
1487050 483
1487060 483
1487070 483
1487080 483
1487090 483
1487100 483
1487110 483
1487120 483
1487130 483
1487140 483
1487150 483
1487160 483
1487170 483
1487180 483
1487190 483
1487200 483
1487210 483
1487220 483
1487230 483
1487240 483
1487250 483
1487260 483
1487270 483
1487280 483
1487290 483
1487300 483
1487310 483
1487320 483
1487330 483
1487340 483
1487350 483
1487360 482
1487370 482
1487380 482
1487390 482
1487400 482
1487410 482
1487420 482
1487430 482
1487440 482
1487450 482
1487460 482
1487470 482
1487480 482
1487490 482
1487500 482
1487510 482
1487520 482
1487530 482
1487540 482
1487550 482
1487560 482
1487570 482
1487580 482
1487590 482
1487600 482
1487610 482
1487620 482
1487630 481
1487640 481
1487650 481
1487660 481
1487670 481
1487680 481
1487690 481
1487700 481
1487710 481
1487720 481
1487730 481
1487740 481
1487750 481
1487760 481
1487770 481
1487780 481
1487790 481
1487800 481
1487810 481
1487820 481
1487830 481
1487840 480
1487850 480
1487860 480
1487870 480
1487880 480
1487890 480
1487900 480
1487910 480
1487920 480
1487930 480
1487940 480
1487950 480
1487960 480
1487970 480
1487980 480
1487990 480
1488000 480
1488010 480
1488020 480
1488030 480
1488040 480
1488050 480
1488060 480
1488070 480
1488080 480
1488090 480
1488100 480
1488110 480
1488120 480
1488130 480
1488140 480
1488150 480
1488160 480
1488170 480
1488180 480
1488190 480
1488200 480
1488210 480
1488220 480
1488230 480
1488240 480
1488250 480
1488260 480
1488270 480
1488280 480
1488290 480
1488300 480
1488310 480
1488320 480
1488330 480
1488340 480
1488350 480
1488360 480
1488370 480
1488380 480
1488390 480
1488400 480
1488410 480
1488420 480
1488430 480
1488440 480
1488450 480
1488460 480
1488470 480
1488480 480
1488490 480
1488500 480
1488510 480
1488520 480
1488530 480
1488540 480
1488550 480
1488560 480
1488570 480
1488580 480
1488590 480
1488600 480
1488610 480
1488620 480
1488630 480
1488640 480
1488650 480
1488660 480
1488670 480
1488680 480
1488690 480
1488700 480
1488710 480
1488720 480
1488730 480
1488740 480
1488750 480
1488760 480
1488770 480
1488780 480
1488790 480
1488800 480
1488810 480
1488820 480
1488830 480
1488840 480
1488850 480
1488860 480
1488870 480
1488880 480
1488890 480
1488900 480
1488910 480
1488920 480
1488930 480
1488940 480
1488950 480
1488960 480
1488970 480
1488980 480
1488990 480
1489000 480
1489010 480
1489020 480
1489030 480
1489040 480
1489050 480
1489060 480
1489070 480
1489080 480
1489090 480
1489100 480
1489110 480
1489120 480
1489130 480
1489140 480
1489150 480
1489160 480
1489170 480
1489180 480
1489190 480
1489200 480
1489210 480
1489220 480
1489230 480
1489240 480
1489250 480
1489260 480
1489270 480
1489280 480
1489290 480
1489300 480
1489310 480
1489320 480
1489330 480
1489340 480
1489350 480
1489360 480
1489370 480
1489380 480
1489390 480
1489400 480
1489410 480
1489420 480
1489430 480
1489440 480
1489450 480
1489460 480
1489470 480
1489480 480
1489490 480
1489500 480
1489510 480
1489520 480
1489530 480
1489540 480
1489550 480
1489560 480
1489570 480
1489580 480
1489590 480
1489600 480
1489610 480
1489620 480
1489630 480
1489640 480
1489650 480
1489660 480
1489670 480
1489680 480
1489690 480
1489700 480
1489710 480
1489720 480
1489730 480
1489740 480
1489750 480
1489760 480
1489770 480
1489780 480
1489790 480
1489800 480
1489810 480
1489820 480
1489830 480
1489840 480
1489850 480
1489860 480
1489870 480
1489880 480
1489890 480
1489900 480
1489910 480
1489920 480
1489930 480
1489940 480
1489950 480
1489960 480
1489970 480
1489980 480
1489990 480
1490000 480
1490010 480
1490020 480
1490030 480
1490040 480
1490050 480
1490060 480
1490070 480
1490080 480
1490090 480
1490100 480
1490110 480
1490120 480
1490130 480
1490140 480
1490150 480
1490160 480
1490170 480
1490180 480
1490190 480
1490200 480
1490210 480
1490220 480
1490230 480
1490240 480
1490250 480
1490260 480
1490270 480
1490280 480
1490290 480
1490300 480
1490310 480
1490320 480
1490330 480
1490340 480
1490350 480
1490360 480
1490370 480
1490380 480
1490390 480
1490400 480
1490410 480
1490420 480
1490430 480
1490440 480
1490450 480
1490460 480
1490470 480
1490480 480
1490490 480
1490500 480
1490510 480
1490520 480
1490530 480
1490540 480
1490550 480
1490560 480
1490570 480
1490580 480
1490590 480
1490600 480
1490610 480
1490620 480
1490630 480
1490640 480
1490650 480
1490660 480
1490670 480
1490680 480
1490690 480
1490700 480
1490710 480
1490720 480
1490730 480
1490740 480
1490750 480
1490760 480
1490770 480
1490780 480
1490790 480
1490800 480
1490810 480
1490820 480
1490830 480
1490840 480
1490850 480
1490860 480
1490870 480
1490880 480
1490890 480
1490900 480
1490910 480
1490920 480
1490930 480
1490940 480
1490950 480
1490960 480
1490970 480
1490980 480
1490990 480
1491000 480
1491010 480
1491020 480
1491030 480
1491040 480
1491050 480
1491060 480
1491070 480
1491080 480
1491090 480
1491100 480
1491110 481
1491120 481
1491130 482
1491140 482
1491150 482
1491160 482
1491170 482
1491180 482
1491190 482
1491200 482
1491210 482
1491220 482
1491230 482
1491240 482
1491250 482
1491260 482
1491270 482
1491280 482
1491290 482
1491300 482
1491310 482
1491320 482
1491330 482
1491340 482
1491350 482
1491360 482
1491370 482
1491380 482
1491390 482
1491400 482
1491410 482
1491420 483
1491430 483
1491440 483
1491450 483
1491460 483
1491470 483
1491480 483
1491490 483
1491500 483
1491510 483
1491520 483
1491530 484
1491540 484
1491550 484
1491560 484
1491570 485
1491580 485
1491590 486
1491600 487
1491610 487
1491620 488
1491630 490
1491640 490
1491650 493
1491660 499
1491670 499
1491680 505
1491690 510
1491700 510
1491710 516
1491720 520
1491730 520
1491740 525
1491750 529
1491760 529
1491770 532
1491780 535
1491790 535
1491800 539
1491810 542
1491820 542
1491830 545
1491840 548
1491850 548
1491860 551
1491870 554
1491880 557
1491890 557
1491900 560
1491910 562
1491920 562
1491930 564
1491940 567
1491950 567
1491960 570
1491970 572
1491980 572
1491990 575
1492000 578
1492010 578
1492020 581
1492030 584
1492040 584
1492050 586
1492060 588
1492070 588
1492080 589
1492090 590
1492100 590
1492110 590
1492120 589
1492130 589
1492140 587
1492150 584
1492160 584
1492170 582
1492180 580
1492190 580
1492200 579
1492210 583
1492220 583
1492230 585
1492240 588
1492250 588
1492260 590
1492270 592
1492280 592
1492290 592
1492300 593
1492310 593
1492320 594
1492330 596
1492340 596
1492350 598
1492360 597
1492370 597
1492380 592
1492390 592
1492400 592
1492410 601
1492420 606
1492430 606
1492440 609
1492450 613
1492460 615
1492470 615
1492480 618
1492490 620
1492500 620
1492510 624
1492520 628
1492530 628
1492540 631
1492550 633
1492560 633
1492570 635
1492580 635
1492590 635
1492600 634
1492610 633
1492620 633
1492630 633
1492640 633
1492650 633
1492660 634
1492670 636
1492680 636
1492690 639
1492700 641
1492710 641
1492720 642
1492730 642
1492740 642
1492750 643
1492760 646
1492770 646
1492780 649
1492790 652
1492800 652
1492810 654
1492820 656
1492830 656
1492840 658
1492850 660
1492860 660
1492870 660
1492880 659
1492890 659
1492900 658
1492910 657
1492920 657
1492930 656
1492940 655
1492950 655
1492960 656
1492970 656
1492980 656
1492990 655
1493000 655
1493010 655
1493020 657
1493030 659
1493040 663
1493050 663
1493060 667
1493070 670
1493080 670
1493090 672
1493100 674
1493110 674
1493120 673
1493130 673
1493140 673
1493150 675
1493160 676
1493170 676
1493180 676
1493190 677
1493200 677
1493210 678
1493220 679
1493230 679
1493240 680
1493250 681
1493260 681
1493270 681
1493280 682
1493290 682
1493300 683
1493310 686
1493320 686
1493330 688
1493340 691
1493350 691
1493360 694
1493370 697
1493380 697
1493390 700
1493400 702
1493410 702
1493420 704
1493430 705
1493440 705
1493450 705
1493460 705
1493470 705
1493480 702
1493490 700
1493500 700
1493510 697
1493520 695
1493530 695
1493540 694
1493550 692
1493560 692
1493570 691
1493580 691
1493590 691
1493600 693
1493610 695
1493620 696
1493630 696
1493640 696
1493650 697
1493660 697
1493670 699
1493680 699
1493690 699
1493700 700
1493710 702
1493720 702
1493730 703
1493740 705
1493750 705
1493760 706
1493770 709
1493780 709
1493790 711
1493800 713
1493810 713
1493820 717
1493830 721
1493840 721
1493850 725
1493860 730
1493870 730
1493880 734
1493890 738
1493900 738
1493910 743
1493920 748
1493930 748
1493940 754
1493950 759
1493960 759
1493970 763
1493980 765
1493990 765
1494000 768
1494010 773
1494020 773
1494030 778
1494040 781
1494050 781
1494060 785
1494070 787
1494080 787
1494090 788
1494100 789
1494110 789
1494120 790
1494130 790
1494140 790
1494150 791
1494160 792
1494170 792
1494180 793
1494190 795
1494200 797
1494210 797
1494220 799
1494230 802
1494240 802
1494250 803
1494260 805
1494270 805
1494280 806
1494290 807
1494300 807
1494310 809
1494320 810
1494330 810
1494340 811
1494350 813
1494360 813
1494370 815
1494380 817
1494390 817
1494400 819
1494410 821
1494420 821
1494430 822
1494440 825
1494450 825
1494460 828
1494470 831
1494480 831
1494490 835
1494500 838
1494510 838
1494520 841
1494530 844
1494540 844
1494550 846
1494560 848
1494570 848
1494580 851
1494590 855
1494600 855
1494610 861
1494620 866
1494630 866
1494640 872
1494650 877
1494660 877
1494670 881
1494680 883
1494690 883
1494700 886
1494710 889
1494720 889
1494730 894
1494740 899
1494750 899
1494760 903
1494770 907
1494780 910
1494790 910
1494800 913
1494810 914
1494820 914
1494830 914
1494840 913
1494850 913
1494860 913
1494870 913
1494880 913
1494890 912
1494900 911
1494910 911
1494920 912
1494930 914
1494940 914
1494950 917
1494960 921
1494970 921
1494980 925
1494990 928
1495000 928
1495010 932
1495020 937
1495030 937
1495040 942
1495050 945
1495060 945
1495070 947
1495080 949
1495090 949
1495100 950
1495110 951
1495120 951
1495130 953
1495140 954
1495150 954
1495160 955
1495170 954
1495180 954
1495190 952
1495200 950
1495210 950
1495220 948
1495230 944
1495240 944
1495250 941
1495260 935
1495270 935
1495280 929
1495290 928
1495300 928
1495310 931
1495320 931
1495330 931
1495340 929
1495350 928
1495360 929
1495370 929
1495380 931
1495390 934
1495400 934
1495410 935
1495420 934
1495430 934
1495440 933
1495450 931
1495460 931
1495470 929
1495480 927
1495490 927
1495500 928
1495510 929
1495520 929
1495530 930
1495540 931
1495550 931
1495560 932
1495570 934
1495580 934
1495590 936
1495600 939
1495610 939
1495620 941
1495630 942
1495640 942
1495650 943
1495660 946
1495670 946
1495680 948
1495690 952
1495700 952
1495710 955
1495720 958
1495730 958
1495740 960
1495750 963
1495760 963
1495770 965
1495780 968
1495790 968
1495800 970
1495810 972
1495820 972
1495830 974
1495840 976
1495850 976
1495860 978
1495870 980
1495880 980
1495890 983
1495900 986
1495910 986
1495920 988
1495930 991
1495940 993
1495950 993
1495960 995
1495970 997
1495980 997
1495990 998
1496000 999
1496010 999
1496020 1000
1496030 1001
1496040 1001
1496050 1003
1496060 1005
1496070 1005
1496080 1007
1496090 1009
1496100 1009
1496110 1011
1496120 1013
1496130 1013
1496140 1015
1496150 1017
1496160 1017
1496170 1017
1496180 1016
1496190 1016
1496200 1017
1496210 1018
1496220 1018
1496230 1019
1496240 1020
1496250 1020
1496260 1020
1496270 1021
1496280 1021
1496290 1021
1496300 1021
1496310 1021
1496320 1019
1496330 1015
1496340 1015
1496350 1010
1496360 1007
1496370 1007
1496380 1004
1496390 1001
1496400 1001
1496410 998
1496420 996
1496430 996
1496440 995
1496450 993
1496460 993
1496470 991
1496480 987
1496490 987
1496500 984
1496510 980
1496520 977
1496530 977
1496540 973
1496550 969
1496560 969
1496570 967
1496580 965
1496590 965
1496600 963
1496610 959
1496620 959
1496630 959
1496640 960
1496650 960
1496660 961
1496670 961
1496680 961
1496690 960
1496700 957
1496710 957
1496720 953
1496730 948
1496740 948
1496750 944
1496760 939
1496770 939
1496780 933
1496790 927
1496800 927
1496810 921
1496820 917
1496830 917
1496840 911
1496850 905
1496860 905
1496870 901
1496880 896
1496890 896
1496900 892
1496910 887
1496920 887
1496930 882
1496940 877
1496950 877
1496960 872
1496970 872
1496980 872
1496990 872
1497000 868
1497010 868
1497020 870
1497030 874
1497040 874
1497050 878
1497060 881
1497070 881
1497080 885
1497090 889
1497100 893
1497110 893
1497120 897
1497130 901
1497140 901
1497150 904
1497160 907
1497170 907
1497180 909
1497190 911
1497200 911
1497210 911
1497220 911
1497230 911
1497240 911
1497250 909
1497260 909
1497270 907
1497280 906
1497290 906
1497300 905
1497310 904
1497320 904
1497330 903
1497340 903
1497350 903
1497360 903
1497370 904
1497380 904
1497390 904
1497400 903
1497410 903
1497420 901
1497430 903
1497440 903
1497450 904
1497460 904
1497470 904
1497480 903
1497490 902
1497500 902
1497510 900
1497520 897
1497530 897
1497540 896
1497550 895
1497560 895
1497570 895
1497580 898
1497590 898
1497600 904
1497610 911
1497620 911
1497630 913
1497640 917
1497650 917
1497660 921
1497670 925
1497680 931
1497690 931
1497700 937
1497710 942
1497720 942
1497730 947
1497740 952
1497750 952
1497760 957
1497770 963
1497780 963
1497790 968
1497800 974
1497810 974
1497820 979
1497830 985
1497840 985
1497850 991
1497860 997
1497870 997
1497880 1002
1497890 1008
1497900 1008
1497910 1014
1497920 1020
1497930 1020
1497940 1025
1497950 1031
1497960 1031
1497970 1036
1497980 1041
1497990 1041
1498000 1045
1498010 1048
1498020 1048
1498030 1050
1498040 1050
1498050 1050
1498060 1050
1498070 1049
1498080 1049
1498090 1047
1498100 1046
1498110 1046
1498120 1044
1498130 1043
1498140 1043
1498150 1040
1498160 1036
1498170 1036
1498180 1030
1498190 1025
1498200 1025
1498210 1019
1498220 1013
1498230 1013
1498240 1007
1498250 1001
1498260 995
1498270 995
1498280 989
1498290 985
1498300 985
1498310 980
1498320 977
1498330 977
1498340 973
1498350 969
1498360 969
1498370 965
1498380 963
1498390 963
1498400 960
1498410 958
1498420 958
1498430 956
1498440 954
1498450 954
1498460 956
1498470 958
1498480 958
1498490 959
1498500 961
1498510 961
1498520 963
1498530 965
1498540 965
1498550 967
1498560 969
1498570 969
1498580 970
1498590 972
1498600 972
1498610 974
1498620 977
1498630 977
1498640 980
1498650 983
1498660 983
1498670 987
1498680 990
1498690 990
1498700 994
1498710 997
1498720 997
1498730 999
1498740 1002
1498750 1002
1498760 1005
1498770 1007
1498780 1007
1498790 1009
1498800 1011
1498810 1011
1498820 1012
1498830 1012
1498840 1012
1498850 1012
1498860 1011
1498870 1006
1498880 1006
1498890 1001
1498900 995
1498910 995
1498920 988
1498930 981
1498940 981
1498950 976
1498960 980
1498970 980
1498980 984
1498990 986
1499000 986
1499010 986
1499020 988
1499030 988
1499040 989
1499050 991
1499060 991
1499070 993
1499080 993
1499090 993
1499100 994
1499110 995
1499120 995
1499130 994
1499140 990
1499150 990
1499160 991
1499170 997
1499180 997
1499190 1002
1499200 1005
1499210 1005
1499220 1009
1499230 1012
1499240 1012
1499250 1015
1499260 1019
1499270 1019
1499280 1023
1499290 1026
1499300 1026
1499310 1029
1499320 1032
1499330 1032
1499340 1036
1499350 1039
1499360 1039
1499370 1042
1499380 1045
1499390 1045
1499400 1048
1499410 1050
1499420 1052
1499430 1052
1499440 1053
1499450 1052
1499460 1052
1499470 1049
1499480 1044
1499490 1044
1499500 1038
1499510 1032
1499520 1032
1499530 1026
1499540 1020
1499550 1020
1499560 1013
1499570 1006
1499580 1006
1499590 999
1499600 992
1499610 992
1499620 986
1499630 978
1499640 978
1499650 971
1499660 965
1499670 965
1499680 958
1499690 952
1499700 952
1499710 946
1499720 941
1499730 941
1499740 934
1499750 927
1499760 927
1499770 924
1499780 925
1499790 925
1499800 923
1499810 917
1499820 917
1499830 913
1499840 919
1499850 919
1499860 923
1499870 924
1499880 924
1499890 925
1499900 927
1499910 927
1499920 930
1499930 932
1499940 932
1499950 934
1499960 938
1499970 938
1499980 941
1499990 943
