1480000 655
1480010 655
1480020 654
1480030 654
1480040 654
1480050 653
1480060 651
1480070 651
1480080 651
1480090 651
1480100 651
1480110 651
1480120 651
1480130 651
1480140 652
1480150 651
1480160 651
1480170 649
1480180 647
1480190 647
1480200 644
1480210 645
1480220 645
1480230 650
1480240 652
1480250 652
1480260 653
1480270 653
1480280 653
1480290 653
1480300 654
1480310 655
1480320 655
1480330 655
1480340 652
1480350 652
1480360 649
1480370 651
1480380 651
1480390 654
1480400 655
1480410 655
1480420 655
1480430 655
1480440 655
1480450 655
1480460 655
1480470 655
1480480 654
1480490 654
1480500 654
1480510 653
1480520 651
1480530 651
1480540 649
1480550 649
1480560 649
1480570 650
1480580 650
1480590 650
1480600 650
1480610 649
1480620 649
1480630 649
1480640 648
1480650 648
1480660 646
1480670 642
1480680 642
1480690 638
1480700 637
1480710 637
1480720 638
1480730 640
1480740 640
1480750 642
1480760 643
1480770 643
1480780 644
1480790 643
1480800 643
1480810 639
1480820 634
1480830 634
1480840 631
1480850 636
1480860 641
1480870 641
1480880 644
1480890 644
1480900 644
1480910 645
1480920 645
1480930 645
1480940 645
1480950 645
1480960 645
1480970 644
1480980 644
1480990 644
1481000 643
1481010 643
1481020 643
1481030 643
1481040 643
1481050 643
1481060 644
1481070 644
1481080 644
1481090 644
1481100 644
1481110 644
1481120 644
1481130 644
1481140 644
1481150 643
1481160 644
1481170 644
1481180 643
1481190 641
1481200 641
1481210 637
1481220 633
1481230 633
1481240 631
1481250 630
1481260 630
1481270 630
1481280 628
1481290 628
1481300 622
1481310 613
1481320 613
1481330 607
1481340 608
1481350 608
1481360 611
1481370 616
1481380 616
1481390 619
1481400 622
1481410 622
1481420 624
1481430 628
1481440 632
1481450 632
1481460 635
1481470 637
1481480 637
1481490 640
1481500 641
1481510 641
1481520 641
1481530 641
1481540 641
1481550 641
1481560 641
1481570 641
1481580 641
1481590 641
1481600 641
1481610 640
1481620 640
1481630 640
1481640 640
1481650 640
1481660 640
1481670 639
1481680 638
1481690 638
1481700 637
1481710 637
1481720 637
1481730 637
1481740 636
1481750 636
1481760 635
1481770 632
1481780 632
1481790 633
1481800 633
1481810 633
1481820 631
1481830 630
1481840 630
1481850 629
1481860 627
1481870 627
1481880 624
1481890 626
1481900 626
1481910 627
1481920 627
1481930 627
1481940 626
1481950 625
1481960 625
1481970 625
1481980 624
1481990 624
1482000 624
1482010 623
1482020 623
1482030 622
1482040 622
1482050 621
1482060 621
1482070 621
1482080 621
1482090 621
1482100 620
1482110 619
1482120 619
1482130 618
1482140 617
1482150 617
1482160 616
1482170 616
1482180 616
1482190 616
1482200 616
1482210 616
1482220 616
1482230 614
1482240 614
1482250 612
1482260 611
1482270 611
1482280 611
1482290 610
1482300 610
1482310 610
1482320 609
1482330 609
1482340 608
1482350 607
1482360 607
1482370 607
1482380 607
1482390 607
1482400 607
1482410 606
1482420 606
1482430 605
1482440 604
1482450 604
1482460 604
1482470 603
1482480 603
1482490 603
1482500 603
1482510 603
1482520 603
1482530 603
1482540 603
1482550 603
1482560 602
1482570 602
1482580 602
1482590 602
1482600 602
1482610 602
1482620 601
1482630 601
1482640 601
1482650 600
1482660 600
1482670 600
1482680 599
1482690 599
1482700 599
1482710 598
1482720 597
1482730 597
1482740 596
1482750 595
1482760 595
1482770 594
1482780 592
1482790 592
1482800 591
1482810 590
1482820 590
1482830 588
1482840 588
1482850 588
1482860 589
1482870 588
1482880 588
1482890 588
1482900 588
1482910 588
1482920 587
1482930 587
1482940 587
1482950 586
1482960 585
1482970 585
1482980 585
1482990 584
1483000 584
1483010 582
1483020 580
1483030 580
1483040 578
1483050 578
1483060 578
1483070 579
1483080 579
1483090 579
1483100 579
1483110 577
1483120 577
1483130 576
1483140 575
1483150 575
1483160 574
1483170 573
1483180 573
1483190 572
1483200 572
1483210 572
1483220 572
1483230 571
1483240 570
1483250 570
1483260 569
1483270 568
1483280 568
1483290 568
1483300 567
1483310 567
1483320 567
1483330 566
1483340 566
1483350 565
1483360 565
1483370 565
1483380 564
1483390 563
1483400 563
1483410 561
1483420 563
1483430 563
1483440 563
1483450 561
1483460 561
1483470 561
1483480 560
1483490 560
1483500 558
1483510 556
1483520 556
1483530 556
1483540 555
1483550 555
1483560 554
1483570 553
1483580 553
1483590 551
1483600 550
1483610 550
1483620 548
1483630 545
1483640 545
1483650 543
1483660 541
1483670 541
1483680 538
1483690 536
1483700 536
1483710 533
1483720 530
1483730 530
1483740 527
1483750 525
1483760 525
1483770 523
1483780 521
1483790 519
1483800 519
1483810 519
1483820 518
1483830 518
1483840 516
1483850 513
1483860 513
1483870 512
1483880 511
1483890 511
1483900 510
1483910 508
1483920 508
1483930 507
1483940 506
1483950 506
1483960 505
1483970 505
1483980 505
1483990 505
1484000 505
1484010 505
1484020 506
1484030 506
1484040 506
1484050 506
1484060 506
1484070 506
1484080 506
1484090 505
1484100 505
1484110 505
1484120 505
1484130 505
1484140 505
1484150 504
1484160 504
1484170 504
1484180 504
1484190 504
1484200 504
1484210 503
1484220 503
1484230 503
1484240 503
1484250 503
1484260 502
1484270 502
1484280 502
1484290 501
1484300 501
1484310 501
1484320 501
1484330 500
1484340 500
1484350 500
1484360 500
1484370 500
1484380 500
1484390 500
1484400 499
1484410 499
1484420 499
1484430 499
1484440 499
1484450 499
1484460 499
1484470 499
1484480 499
1484490 498
1484500 498
1484510 498
1484520 498
1484530 498
1484540 498
1484550 499
1484560 499
1484570 499
1484580 498
1484590 498
1484600 498
1484610 497
1484620 497
1484630 497
1484640 497
1484650 497
1484660 497
1484670 496
1484680 496
1484690 496
1484700 496
1484710 496
1484720 496
1484730 495
1484740 495
1484750 495
1484760 495
1484770 495
1484780 494
1484790 494
1484800 494
1484810 494
1484820 494
1484830 494
1484840 494
1484850 494
1484860 494
1484870 493
1484880 493
1484890 493
1484900 493
1484910 493
1484920 493
1484930 493
1484940 493
1484950 492
1484960 492
1484970 492
1484980 492
1484990 492
1485000 492
1485010 492
1485020 492
1485030 492
1485040 492
1485050 492
1485060 492
1485070 492
1485080 492
1485090 492
1485100 491
1485110 491
1485120 491
1485130 491
1485140 491
1485150 491
1485160 491
1485170 491
1485180 492
1485190 492
1485200 492
1485210 491
1485220 490
1485230 490
1485240 490
1485250 491
1485260 491
1485270 491
1485280 491
1485290 491
1485300 491
1485310 491
1485320 491
1485330 491
1485340 491
1485350 491
1485360 491
1485370 491
1485380 491
1485390 490
1485400 490
1485410 490
1485420 490
1485430 490
1485440 490
1485450 490
1485460 490
1485470 490
1485480 490
1485490 490
1485500 490
1485510 490
1485520 490
1485530 490
1485540 490
1485550 490
1485560 490
1485570 490
1485580 490
1485590 490
1485600 490
1485610 490
1485620 490
1485630 490
1485640 490
1485650 490
1485660 490
1485670 490
1485680 490
1485690 490
1485700 489
1485710 489
1485720 489
1485730 489
1485740 489
1485750 489
1485760 489
1485770 489
1485780 489
1485790 489
1485800 489
1485810 489
1485820 488
1485830 488
1485840 488
1485850 488
1485860 488
1485870 488
1485880 488
1485890 488
1485900 488
1485910 488
1485920 488
1485930 488
1485940 488
1485950 488
1485960 488
1485970 488
1485980 488
1485990 488
1486000 488
1486010 488
1486020 488
1486030 488
1486040 488
1486050 488
1486060 487
1486070 487
1486080 487
1486090 487
1486100 487
1486110 487
1486120 487
1486130 487
1486140 487
1486150 487
1486160 487
1486170 487
1486180 487
1486190 487
1486200 487
1486210 487
1486220 487
1486230 487
1486240 487
1486250 486
1486260 487
1486270 487
1486280 487
1486290 487
1486300 487
1486310 487
1486320 487
1486330 487
1486340 487
1486350 486
1486360 486
1486370 486
1486380 486
1486390 486
1486400 486
1486410 486
1486420 486
1486430 486
1486440 486
1486450 486
1486460 486
1486470 486
1486480 486
1486490 486
1486500 486
1486510 486
1486520 486
1486530 486
1486540 486
1486550 486
1486560 485
1486570 485
1486580 485
1486590 485
1486600 485
1486610 485
1486620 485
1486630 485
1486640 485
1486650 486
1486660 486
1486670 487
1486680 485
1486690 485
1486700 485
1486710 485
1486720 486
1486730 486
1486740 484
1486750 484
1486760 484
1486770 485
1486780 485
1486790 485
1486800 485
1486810 484
1486820 484
1486830 484
1486840 482
1486850 482
1486860 482
1486870 483
1486880 483
1486890 484
1486900 484
1486910 484
1486920 484
1486930 484
1486940 484
1486950 484
1486960 484
1486970 484
1486980 484
1486990 484
1487000 484
1487010 484
1487020 484
1487030 484
1487040 484
1487050 485
1487060 485
1487070 485
1487080 485
1487090 485
1487100 485
1487110 484
1487120 484
1487130 483
1487140 483
1487150 483
1487160 483
1487170 483
1487180 483
1487190 483
1487200 483
1487210 483
1487220 483
1487230 483
1487240 483
1487250 483
1487260 483
1487270 483
1487280 483
1487290 483
1487300 483
1487310 483
1487320 483
1487330 483
1487340 483
1487350 483
1487360 483
1487370 483
1487380 482
1487390 483
1487400 483
1487410 483
1487420 483
1487430 483
1487440 483
1487450 483
1487460 483
1487470 483
1487480 483
1487490 483
1487500 483
1487510 482
1487520 482
1487530 482
1487540 482
1487550 482
1487560 482
1487570 482
1487580 482
1487590 482
1487600 482
1487610 482
1487620 482
1487630 482
1487640 482
1487650 482
1487660 482
1487670 482
1487680 482
1487690 482
1487700 482
1487710 482
1487720 482
1487730 482
1487740 482
1487750 482
1487760 482
1487770 482
1487780 482
1487790 482
1487800 482
1487810 482
1487820 482
1487830 482
1487840 482
1487850 482
1487860 482
1487870 482
1487880 482
1487890 482
1487900 481
1487910 481
1487920 481
1487930 481
1487940 481
1487950 481
1487960 481
1487970 481
1487980 481
1487990 481
1488000 481
1488010 481
1488020 481
1488030 481
1488040 481
1488050 480
1488060 480
1488070 480
1488080 480
1488090 480
1488100 480
1488110 480
1488120 480
1488130 480
1488140 480
1488150 480
1488160 480
1488170 480
1488180 480
1488190 480
1488200 480
1488210 480
1488220 480
1488230 480
1488240 480
1488250 480
1488260 480
1488270 480
1488280 480
1488290 480
1488300 480
1488310 480
1488320 480
1488330 480
1488340 480
1488350 480
1488360 480
1488370 480
1488380 480
1488390 480
1488400 480
1488410 480
1488420 480
1488430 480
1488440 480
1488450 480
1488460 480
1488470 480
1488480 480
1488490 480
1488500 480
1488510 480
1488520 480
1488530 480
1488540 480
1488550 480
1488560 480
1488570 480
1488580 480
1488590 480
1488600 480
1488610 480
1488620 480
1488630 480
1488640 480
1488650 480
1488660 480
1488670 480
1488680 480
1488690 480
1488700 480
1488710 480
1488720 480
1488730 480
1488740 480
1488750 480
1488760 480
1488770 480
1488780 480
1488790 480
1488800 480
1488810 480
1488820 480
1488830 480
1488840 480
1488850 480
1488860 480
1488870 480
1488880 480
1488890 480
1488900 480
1488910 480
1488920 480
1488930 480
1488940 480
1488950 480
1488960 480
1488970 480
1488980 480
1488990 480
1489000 480
1489010 480
1489020 480
1489030 480
1489040 480
1489050 480
1489060 480
1489070 480
1489080 480
1489090 480
1489100 480
1489110 480
1489120 480
1489130 480
1489140 480
1489150 480
1489160 480
1489170 480
1489180 480
1489190 480
1489200 480
1489210 480
1489220 480
1489230 480
1489240 480
1489250 480
1489260 480
1489270 480
1489280 480
1489290 480
1489300 480
1489310 480
1489320 480
1489330 480
1489340 480
1489350 480
1489360 480
1489370 480
1489380 480
1489390 480
1489400 480
1489410 480
1489420 480
1489430 480
1489440 480
1489450 480
1489460 480
1489470 480
1489480 480
1489490 480
1489500 480
1489510 480
1489520 480
1489530 480
1489540 480
1489550 480
1489560 480
1489570 480
1489580 480
1489590 480
1489600 480
1489610 480
1489620 480
1489630 480
1489640 480
1489650 480
1489660 480
1489670 480
1489680 480
1489690 480
1489700 480
1489710 480
1489720 480
1489730 480
1489740 480
1489750 480
1489760 480
1489770 480
1489780 480
1489790 480
1489800 480
1489810 480
1489820 480
1489830 480
1489840 480
1489850 480
1489860 480
1489870 480
1489880 480
1489890 480
1489900 480
1489910 480
1489920 480
1489930 480
1489940 480
1489950 480
1489960 480
1489970 480
1489980 480
1489990 480
1490000 480
1490010 480
1490020 480
1490030 480
1490040 480
1490050 480
1490060 480
1490070 480
1490080 480
1490090 480
1490100 480
1490110 480
1490120 480
1490130 480
1490140 480
1490150 480
1490160 480
1490170 480
1490180 480
1490190 480
1490200 480
1490210 480
1490220 480
1490230 480
1490240 480
1490250 480
1490260 480
1490270 480
1490280 480
1490290 480
1490300 480
1490310 480
1490320 480
1490330 480
1490340 480
1490350 480
1490360 480
1490370 480
1490380 480
1490390 480
1490400 480
1490410 480
1490420 480
1490430 480
1490440 480
1490450 480
1490460 480
1490470 480
1490480 480
1490490 480
1490500 480
1490510 480
1490520 480
1490530 480
1490540 480
1490550 480
1490560 480
1490570 480
1490580 480
1490590 480
1490600 480
1490610 480
1490620 480
1490630 480
1490640 480
1490650 480
1490660 480
1490670 480
1490680 480
1490690 480
1490700 480
1490710 480
1490720 480
1490730 480
1490740 480
1490750 480
1490760 480
1490770 480
1490780 480
1490790 480
1490800 480
1490810 481
1490820 481
1490830 481
1490840 481
1490850 481
1490860 481
1490870 481
1490880 481
1490890 481
1490900 481
1490910 481
1490920 482
1490930 482
1490940 482
1490950 482
1490960 482
1490970 482
1490980 482
1490990 482
1491000 482
1491010 482
1491020 482
1491030 482
1491040 482
1491050 482
1491060 482
1491070 482
1491080 482
1491090 482
1491100 482
1491110 482
1491120 482
1491130 483
1491140 483
1491150 483
1491160 483
1491170 483
1491180 483
1491190 483
1491200 483
1491210 483
1491220 483
1491230 483
1491240 483
1491250 484
1491260 484
1491270 484
1491280 484
1491290 484
1491300 484
1491310 484
1491320 484
1491330 484
1491340 484
1491350 484
1491360 484
1491370 484
1491380 484
1491390 484
1491400 484
1491410 484
1491420 484
1491430 484
1491440 485
1491450 485
1491460 485
1491470 485
1491480 485
1491490 485
1491500 486
1491510 487
1491520 487
1491530 486
1491540 485
1491550 485
1491560 486
1491570 484
1491580 484
1491590 484
1491600 485
1491610 485
1491620 486
1491630 485
1491640 485
1491650 485
1491660 485
1491670 485
1491680 486
1491690 486
1491700 486
1491710 486
1491720 486
1491730 486
1491740 486
1491750 486
1491760 486
1491770 486
1491780 486
1491790 486
1491800 486
1491810 486
1491820 486
1491830 487
1491840 487
1491850 487
1491860 487
1491870 487
1491880 487
1491890 487
1491900 487
1491910 487
1491920 488
1491930 488
1491940 488
1491950 488
1491960 488
1491970 488
1491980 488
1491990 489
1492000 489
1492010 489
1492020 489
1492030 489
1492040 489
1492050 490
1492060 491
1492070 491
1492080 492
1492090 493
1492100 493
1492110 492
1492120 493
1492130 493
1492140 493
1492150 493
1492160 493
1492170 492
1492180 492
1492190 492
1492200 492
1492210 493
1492220 493
1492230 493
1492240 494
1492250 494
1492260 494
1492270 495
1492280 495
1492290 496
1492300 497
1492310 497
1492320 499
1492330 501
1492340 501
1492350 504
1492360 508
1492370 508
1492380 512
1492390 513
1492400 513
1492410 513
1492420 511
1492430 511
1492440 510
1492450 508
1492460 508
1492470 505
1492480 503
1492490 503
1492500 504
1492510 505
1492520 505
1492530 505
1492540 504
1492550 500
1492560 500
1492570 500
1492580 499
1492590 499
1492600 497
1492610 496
1492620 496
1492630 495
1492640 495
1492650 495
1492660 495
1492670 495
1492680 495
1492690 494
1492700 493
1492710 493
1492720 493
1492730 492
1492740 492
1492750 492
1492760 492
1492770 492
1492780 492
1492790 492
1492800 492
1492810 493
1492820 493
1492830 493
1492840 493
1492850 493
1492860 493
1492870 492
1492880 492
1492890 492
1492900 493
1492910 493
1492920 493
1492930 494
1492940 495
1492950 495
1492960 497
1492970 498
1492980 498
1492990 501
1493000 506
1493010 506
1493020 512
1493030 516
1493040 516
1493050 519
1493060 521
1493070 521
1493080 523
1493090 525
1493100 525
1493110 525
1493120 525
1493130 524
1493140 524
1493150 524
1493160 524
1493170 524
1493180 524
1493190 524
1493200 524
1493210 521
1493220 516
1493230 516
1493240 514
1493250 515
1493260 515
1493270 514
1493280 514
1493290 514
1493300 520
1493310 523
1493320 523
1493330 524
1493340 525
1493350 525
1493360 526
1493370 525
1493380 525
1493390 525
1493400 523
1493410 523
1493420 522
1493430 521
1493440 521
1493450 519
1493460 518
1493470 518
1493480 517
1493490 519
1493500 519
1493510 520
1493520 519
1493530 519
1493540 520
1493550 520
1493560 520
1493570 520
1493580 520
1493590 520
1493600 521
1493610 522
1493620 522
1493630 522
1493640 522
1493650 522
1493660 525
1493670 529
1493680 529
1493690 532
1493700 534
1493710 537
1493720 537
1493730 539
1493740 541
1493750 541
1493760 543
1493770 546
1493780 546
1493790 548
1493800 550
1493810 550
1493820 552
1493830 555
1493840 555
1493850 558
1493860 562
1493870 562
1493880 567
1493890 571
1493900 571
1493910 576
1493920 580
1493930 580
1493940 583
1493950 585
1493960 585
1493970 587
1493980 588
1493990 588
1494000 586
1494010 585
1494020 585
1494030 591
1494040 597
1494050 597
1494060 601
1494070 604
1494080 604
1494090 606
1494100 608
1494110 608
1494120 611
1494130 614
1494140 614
1494150 616
1494160 618
1494170 618
1494180 620
1494190 622
1494200 622
1494210 625
1494220 627
1494230 627
1494240 630
1494250 631
1494260 631
1494270 633
1494280 636
1494290 637
1494300 637
1494310 638
1494320 639
1494330 639
1494340 641
1494350 643
1494360 643
1494370 645
1494380 649
1494390 649
1494400 653
1494410 655
1494420 655
1494430 658
1494440 660
1494450 660
1494460 662
1494470 663
1494480 663
1494490 663
1494500 663
1494510 663
1494520 663
1494530 666
1494540 666
1494550 666
1494560 666
1494570 666
1494580 665
1494590 662
1494600 662
1494610 660
1494620 666
1494630 666
1494640 675
1494650 683
1494660 683
1494670 689
1494680 692
1494690 692
1494700 692
1494710 693
1494720 693
1494730 698
1494740 701
1494750 701
1494760 702
1494770 703
1494780 703
1494790 705
1494800 707
1494810 707
1494820 708
1494830 709
1494840 709
1494850 710
1494860 711
1494870 713
1494880 713
1494890 714
1494900 715
1494910 715
1494920 717
1494930 718
1494940 718
1494950 720
1494960 722
1494970 722
1494980 725
1494990 727
1495000 727
1495010 728
1495020 728
1495030 728
1495040 729
1495050 730
1495060 730
1495070 731
1495080 732
1495090 732
1495100 733
1495110 734
1495120 734
1495130 734
1495140 734
1495150 734
1495160 734
1495170 733
1495180 733
1495190 731
1495200 729
1495210 729
1495220 728
1495230 725
1495240 725
1495250 722
1495260 719
1495270 719
1495280 718
1495290 715
1495300 715
1495310 713
1495320 709
1495330 709
1495340 709
1495350 713
1495360 713
1495370 717
1495380 720
1495390 720
1495400 722
1495410 724
1495420 724
1495430 727
1495440 730
1495450 730
1495460 734
1495470 737
1495480 742
1495490 742
1495500 745
1495510 744
1495520 744
1495530 741
1495540 743
1495550 743
1495560 750
1495570 756
1495580 756
1495590 761
1495600 766
1495610 766
1495620 770
1495630 774
1495640 774
1495650 778
1495660 779
1495670 779
1495680 779
1495690 780
1495700 780
1495710 782
1495720 784
1495730 784
1495740 786
1495750 789
1495760 789
1495770 792
1495780 795
1495790 795
1495800 798
1495810 801
1495820 801
1495830 805
1495840 808
1495850 808
1495860 810
1495870 812
1495880 812
1495890 815
1495900 817
1495910 817
1495920 819
1495930 821
1495940 821
1495950 822
1495960 823
1495970 823
1495980 824
1495990 825
1496000 825
1496010 825
1496020 825
1496030 825
1496040 824
1496050 823
1496060 823
1496070 823
1496080 823
1496090 824
1496100 824
1496110 825
1496120 826
1496130 826
1496140 828
1496150 830
1496160 830
1496170 833
1496180 836
1496190 836
1496200 837
1496210 837
1496220 837
1496230 832
1496240 827
1496250 827
1496260 822
1496270 819
1496280 819
1496290 817
1496300 819
1496310 819
1496320 823
1496330 826
1496340 826
1496350 828
1496360 829
1496370 829
1496380 830
1496390 829
1496400 829
1496410 827
1496420 824
1496430 824
1496440 821
1496450 817
1496460 817
1496470 811
1496480 805
1496490 805
1496500 799
1496510 793
1496520 793
1496530 787
1496540 783
1496550 783
1496560 781
1496570 776
1496580 776
1496590 776
1496600 782
1496610 782
1496620 788
1496630 794
1496640 798
1496650 798
1496660 802
1496670 804
1496680 804
1496690 806
1496700 805
1496710 805
1496720 804
1496730 803
1496740 803
1496750 801
1496760 800
1496770 800
1496780 797
1496790 794
1496800 794
1496810 792
1496820 792
1496830 792
1496840 792
1496850 793
1496860 793
1496870 793
1496880 794
1496890 794
1496900 794
1496910 792
1496920 792
1496930 791
1496940 789
1496950 789
1496960 788
1496970 786
1496980 786
1496990 785
1497000 784
1497010 784
1497020 781
1497030 777
1497040 777
1497050 773
1497060 769
1497070 769
1497080 763
1497090 756
1497100 756
1497110 753
1497120 758
1497130 758
1497140 765
1497150 771
1497160 771
1497170 776
1497180 782
1497190 782
1497200 787
1497210 790
1497220 795
1497230 795
1497240 799
1497250 804
1497260 804
1497270 808
1497280 812
1497290 812
1497300 816
1497310 819
1497320 819
1497330 822
1497340 823
1497350 823
1497360 824
1497370 826
1497380 826
1497390 827
1497400 829
1497410 829
1497420 831
1497430 833
1497440 833
1497450 834
1497460 836
1497470 836
1497480 835
1497490 833
1497500 833
1497510 834
1497520 837
1497530 837
1497540 839
1497550 841
1497560 841
1497570 844
1497580 846
1497590 846
1497600 847
1497610 850
1497620 850
1497630 852
1497640 852
1497650 852
1497660 852
1497670 855
1497680 855
1497690 858
1497700 857
1497710 857
1497720 859
1497730 861
1497740 861
1497750 865
1497760 867
1497770 867
1497780 869
1497790 871
1497800 874
1497810 874
1497820 877
1497830 880
1497840 880
1497850 884
1497860 888
1497870 888
1497880 891
1497890 893
1497900 893
1497910 895
1497920 897
1497930 897
1497940 898
1497950 900
1497960 900
1497970 901
1497980 903
1497990 903
1498000 903
1498010 903
1498020 899
1498030 899
1498040 898
1498050 898
1498060 897
1498070 894
1498080 894
1498090 891
1498100 893
1498110 893
1498120 893
1498130 895
1498140 895
1498150 897
1498160 898
1498170 898
1498180 900
1498190 902
1498200 902
1498210 904
1498220 907
1498230 907
1498240 909
1498250 912
1498260 912
1498270 914
1498280 915
1498290 915
1498300 916
1498310 917
1498320 917
1498330 918
1498340 919
1498350 919
1498360 919
1498370 919
1498380 919
1498390 919
1498400 918
1498410 916
1498420 916
1498430 913
1498440 909
1498450 909
1498460 904
1498470 898
1498480 898
1498490 892
1498500 886
1498510 886
1498520 881
1498530 877
1498540 877
1498550 872
1498560 867
1498570 867
1498580 860
1498590 853
1498600 853
1498610 853
1498620 856
1498630 856
1498640 860
1498650 863
1498660 863
1498670 864
1498680 865
1498690 865
1498700 866
1498710 867
1498720 867
1498730 868
1498740 868
1498750 868
1498760 868
1498770 869
1498780 869
1498790 870
1498800 870
1498810 870
1498820 869
1498830 869
1498840 869
1498850 870
1498860 871
1498870 871
1498880 871
1498890 870
1498900 870
1498910 869
1498920 867
1498930 867
1498940 865
1498950 864
1498960 864
1498970 861
1498980 858
1498990 853
1499000 853
1499010 846
1499020 840
1499030 840
1499040 833
1499050 834
1499060 834
1499070 839
1499080 842
1499090 842
1499100 844
1499110 846
1499120 846
1499130 847
1499140 848
1499150 848
1499160 849
1499170 850
1499180 850
1499190 850
1499200 851
1499210 851
1499220 851
1499230 851
1499240 851
1499250 851
1499260 851
1499270 851
1499280 852
1499290 852
1499300 852
1499310 852
1499320 852
1499330 852
1499340 853
1499350 853
1499360 853
1499370 853
1499380 854
1499390 854
1499400 854
1499410 855
1499420 855
1499430 855
1499440 857
1499450 857
1499460 857
1499470 857
1499480 857
1499490 857
1499500 856
1499510 856
1499520 854
1499530 856
1499540 856
1499550 856
1499560 855
1499570 852
1499580 852
1499590 853
1499600 854
1499610 854
1499620 855
1499630 854
1499640 854
1499650 854
1499660 854
1499670 854
1499680 855
1499690 856
1499700 856
1499710 857
1499720 856
1499730 856
1499740 856
1499750 856
1499760 856
1499770 857
1499780 856
1499790 856
1499800 855
1499810 852
1499820 852
1499830 850
1499840 849
1499850 849
1499860 847
1499870 845
1499880 845
1499890 842
1499900 839
1499910 839
1499920 835
1499930 830
1499940 830
1499950 826
1499960 820
1499970 820
1499980 815
1499990 811
