1480000 551
1480010 551
1480020 552
1480030 552
1480040 552
1480050 552
1480060 553
1480070 553
1480080 553
1480090 554
1480100 554
1480110 554
1480120 555
1480130 555
1480140 555
1480150 555
1480160 555
1480170 555
1480180 555
1480190 555
1480200 555
1480210 556
1480220 556
1480230 556
1480240 556
1480250 556
1480260 556
1480270 556
1480280 556
1480290 556
1480300 556
1480310 557
1480320 557
1480330 557
1480340 557
1480350 557
1480360 557
1480370 557
1480380 557
1480390 557
1480400 557
1480410 557
1480420 557
1480430 557
1480440 557
1480450 557
1480460 557
1480470 557
1480480 557
1480490 557
1480500 557
1480510 557
1480520 557
1480530 557
1480540 557
1480550 557
1480560 557
1480570 557
1480580 557
1480590 557
1480600 558
1480610 558
1480620 558
1480630 558
1480640 558
1480650 558
1480660 557
1480670 555
1480680 555
1480690 556
1480700 558
1480710 558
1480720 558
1480730 558
1480740 558
1480750 558
1480760 558
1480770 558
1480780 558
1480790 558
1480800 559
1480810 559
1480820 559
1480830 560
1480840 560
1480850 560
1480860 561
1480870 561
1480880 561
1480890 561
1480900 561
1480910 561
1480920 560
1480930 560
1480940 560
1480950 560
1480960 560
1480970 560
1480980 560
1480990 560
1481000 560
1481010 560
1481020 560
1481030 560
1481040 560
1481050 560
1481060 561
1481070 561
1481080 561
1481090 561
1481100 561
1481110 561
1481120 561
1481130 561
1481140 561
1481150 561
1481160 561
1481170 561
1481180 561
1481190 561
1481200 561
1481210 561
1481220 561
1481230 561
1481240 560
1481250 560
1481260 560
1481270 560
1481280 560
1481290 560
1481300 559
1481310 559
1481320 559
1481330 559
1481340 558
1481350 558
1481360 558
1481370 558
1481380 558
1481390 558
1481400 557
1481410 557
1481420 557
1481430 557
1481440 556
1481450 556
1481460 556
1481470 556
1481480 556
1481490 556
1481500 555
1481510 555
1481520 555
1481530 554
1481540 554
1481550 554
1481560 553
1481570 553
1481580 553
1481590 553
1481600 553
1481610 552
1481620 552
1481630 552
1481640 551
1481650 551
1481660 551
1481670 550
1481680 550
1481690 550
1481700 549
1481710 549
1481720 549
1481730 549
1481740 548
1481750 548
1481760 548
1481770 547
1481780 547
1481790 546
1481800 546
1481810 546
1481820 545
1481830 545
1481840 545
1481850 545
1481860 544
1481870 544
1481880 544
1481890 543
1481900 543
1481910 543
1481920 542
1481930 542
1481940 542
1481950 541
1481960 540
1481970 540
1481980 539
1481990 538
1482000 538
1482010 537
1482020 536
1482030 536
1482040 535
1482050 535
1482060 535
1482070 534
1482080 533
1482090 533
1482100 532
1482110 532
1482120 532
1482130 531
1482140 530
1482150 530
1482160 529
1482170 527
1482180 527
1482190 527
1482200 526
1482210 526
1482220 526
1482230 526
1482240 526
1482250 526
1482260 526
1482270 526
1482280 526
1482290 526
1482300 526
1482310 526
1482320 527
1482330 527
1482340 527
1482350 527
1482360 527
1482370 528
1482380 528
1482390 528
1482400 528
1482410 529
1482420 529
1482430 529
1482440 529
1482450 529
1482460 529
1482470 529
1482480 529
1482490 528
1482500 527
1482510 527
1482520 526
1482530 526
1482540 526
1482550 526
1482560 526
1482570 526
1482580 526
1482590 526
1482600 526
1482610 526
1482620 527
1482630 527
1482640 527
1482650 528
1482660 530
1482670 530
1482680 532
1482690 532
1482700 532
1482710 533
1482720 534
1482730 534
1482740 535
1482750 536
1482760 536
1482770 537
1482780 537
1482790 537
1482800 538
1482810 538
1482820 538
1482830 539
1482840 540
1482850 540
1482860 541
1482870 542
1482880 542
1482890 543
1482900 544
1482910 544
1482920 544
1482930 545
1482940 545
1482950 545
1482960 546
1482970 546
1482980 546
1482990 547
1483000 547
1483010 548
1483020 548
1483030 548
1483040 549
1483050 549
1483060 549
1483070 550
1483080 550
1483090 550
1483100 551
1483110 551
1483120 551
1483130 552
1483140 552
1483150 553
1483160 553
1483170 553
1483180 553
1483190 553
1483200 553
1483210 553
1483220 553
1483230 552
1483240 551
1483250 551
1483260 550
1483270 549
1483280 549
1483290 549
1483300 548
1483310 548
1483320 547
1483330 546
1483340 546
1483350 545
1483360 545
1483370 545
1483380 544
1483390 544
1483400 544
1483410 544
1483420 544
1483430 544
1483440 543
1483450 542
1483460 542
1483470 542
1483480 541
1483490 541
1483500 541
1483510 540
1483520 540
1483530 539
1483540 539
1483550 539
1483560 538
1483570 538
1483580 538
1483590 538
1483600 537
1483610 537
1483620 537
1483630 537
1483640 537
1483650 536
1483660 536
1483670 536
1483680 536
1483690 536
1483700 536
1483710 536
1483720 535
1483730 535
1483740 535
1483750 535
1483760 535
1483770 535
1483780 533
1483790 533
1483800 533
1483810 532
1483820 532
1483830 532
1483840 532
1483850 532
1483860 532
1483870 532
1483880 532
1483890 532
1483900 532
1483910 532
1483920 532
1483930 532
1483940 532
1483950 532
1483960 532
1483970 531
1483980 531
1483990 531
1484000 531
1484010 531
1484020 530
1484030 530
1484040 530
1484050 529
1484060 528
1484070 528
1484080 528
1484090 527
1484100 527
1484110 526
1484120 525
1484130 525
1484140 524
1484150 523
1484160 523
1484170 522
1484180 520
1484190 520
1484200 520
1484210 520
1484220 520
1484230 518
1484240 517
1484250 517
1484260 517
1484270 516
1484280 516
1484290 515
1484300 514
1484310 514
1484320 513
1484330 513
1484340 513
1484350 513
1484360 512
1484370 511
1484380 511
1484390 511
1484400 509
1484410 509
1484420 507
1484430 506
1484440 506
1484450 505
1484460 501
1484470 501
1484480 499
1484490 498
1484500 498
1484510 497
1484520 497
1484530 497
1484540 497
1484550 496
1484560 496
1484570 496
1484580 496
1484590 496
1484600 495
1484610 495
1484620 495
1484630 495
1484640 495
1484650 495
1484660 495
1484670 494
1484680 494
1484690 494
1484700 494
1484710 494
1484720 494
1484730 493
1484740 493
1484750 493
1484760 492
1484770 492
1484780 490
1484790 489
1484800 489
1484810 487
1484820 485
1484830 485
1484840 485
1484850 485
1484860 485
1484870 485
1484880 485
1484890 485
1484900 484
1484910 484
1484920 484
1484930 483
1484940 483
1484950 483
1484960 483
1484970 483
1484980 483
1484990 483
1485000 483
1485010 483
1485020 483
1485030 483
1485040 482
1485050 482
1485060 482
1485070 481
1485080 481
1485090 481
1485100 481
1485110 481
1485120 481
1485130 481
1485140 481
1485150 480
1485160 480
1485170 480
1485180 480
1485190 480
1485200 480
1485210 480
1485220 480
1485230 480
1485240 480
1485250 480
1485260 480
1485270 480
1485280 480
1485290 480
1485300 480
1485310 480
1485320 480
1485330 480
1485340 480
1485350 480
1485360 480
1485370 480
1485380 480
1485390 480
1485400 480
1485410 480
1485420 480
1485430 480
1485440 480
1485450 480
1485460 480
1485470 480
1485480 480
1485490 480
1485500 480
1485510 480
1485520 480
1485530 480
1485540 480
1485550 480
1485560 480
1485570 480
1485580 480
1485590 480
1485600 480
1485610 480
1485620 480
1485630 480
1485640 480
1485650 480
1485660 480
1485670 480
1485680 480
1485690 480
1485700 480
1485710 480
1485720 480
1485730 480
1485740 480
1485750 480
1485760 480
1485770 480
1485780 480
1485790 480
1485800 480
1485810 480
1485820 480
1485830 480
1485840 480
1485850 480
1485860 480
1485870 480
1485880 480
1485890 480
1485900 480
1485910 480
1485920 480
1485930 480
1485940 480
1485950 480
1485960 480
1485970 480
1485980 480
1485990 480
1486000 480
1486010 480
1486020 480
1486030 480
1486040 480
1486050 480
1486060 480
1486070 480
1486080 480
1486090 480
1486100 480
1486110 480
1486120 480
1486130 480
1486140 480
1486150 480
1486160 480
1486170 480
1486180 480
1486190 480
1486200 480
1486210 480
1486220 480
1486230 480
1486240 480
1486250 480
1486260 480
1486270 480
1486280 480
1486290 480
1486300 480
1486310 480
1486320 480
1486330 480
1486340 480
1486350 480
1486360 480
1486370 480
1486380 480
1486390 480
1486400 480
1486410 480
1486420 480
1486430 480
1486440 480
1486450 480
1486460 480
1486470 480
1486480 480
1486490 480
1486500 480
1486510 480
1486520 480
1486530 480
1486540 480
1486550 480
1486560 480
1486570 480
1486580 480
1486590 480
1486600 480
1486610 480
1486620 480
1486630 480
1486640 480
1486650 480
1486660 480
1486670 480
1486680 480
1486690 480
1486700 480
1486710 480
1486720 480
1486730 480
1486740 480
1486750 480
1486760 480
1486770 480
1486780 480
1486790 480
1486800 480
1486810 480
1486820 480
1486830 480
1486840 480
1486850 480
1486860 480
1486870 480
1486880 480
1486890 480
1486900 480
1486910 480
1486920 480
1486930 480
1486940 480
1486950 480
1486960 480
1486970 480
1486980 480
1486990 480
1487000 480
1487010 480
1487020 480
1487030 480
1487040 480
1487050 480
1487060 480
1487070 480
1487080 480
1487090 480
1487100 480
1487110 480
1487120 480
1487130 480
1487140 480
1487150 480
1487160 480
1487170 480
1487180 480
1487190 480
1487200 480
1487210 480
1487220 480
1487230 480
1487240 480
1487250 480
1487260 480
1487270 480
1487280 480
1487290 480
1487300 480
1487310 480
1487320 480
1487330 480
1487340 480
1487350 480
1487360 480
1487370 480
1487380 480
1487390 480
1487400 480
1487410 480
1487420 480
1487430 480
1487440 480
1487450 480
1487460 480
1487470 480
1487480 480
1487490 480
1487500 480
1487510 480
1487520 480
1487530 480
1487540 480
1487550 480
1487560 480
1487570 480
1487580 480
1487590 480
1487600 480
1487610 480
1487620 480
1487630 480
1487640 480
1487650 480
1487660 480
1487670 480
1487680 480
1487690 480
1487700 480
1487710 480
1487720 480
1487730 480
1487740 480
1487750 480
1487760 480
1487770 480
1487780 480
1487790 480
1487800 480
1487810 480
1487820 480
1487830 480
1487840 480
1487850 480
1487860 480
1487870 480
1487880 480
1487890 480
1487900 480
1487910 480
1487920 480
1487930 480
1487940 480
1487950 480
1487960 480
1487970 480
1487980 480
1487990 480
1488000 480
1488010 480
1488020 480
1488030 480
1488040 480
1488050 480
1488060 480
1488070 480
1488080 480
1488090 480
1488100 480
1488110 480
1488120 480
1488130 480
1488140 480
1488150 480
1488160 480
1488170 480
1488180 480
1488190 480
1488200 480
1488210 480
1488220 480
1488230 480
1488240 480
1488250 480
1488260 480
1488270 480
1488280 480
1488290 480
1488300 480
1488310 480
1488320 480
1488330 480
1488340 480
1488350 480
1488360 480
1488370 480
1488380 480
1488390 480
1488400 480
1488410 480
1488420 480
1488430 480
1488440 480
1488450 480
1488460 480
1488470 480
1488480 480
1488490 480
1488500 480
1488510 480
1488520 480
1488530 480
1488540 480
1488550 480
1488560 480
1488570 480
1488580 480
1488590 480
1488600 480
1488610 480
1488620 480
1488630 480
1488640 480
1488650 480
1488660 480
1488670 480
1488680 480
1488690 480
1488700 480
1488710 480
1488720 480
1488730 480
1488740 480
1488750 480
1488760 480
1488770 480
1488780 480
1488790 480
1488800 480
1488810 480
1488820 480
1488830 480
1488840 480
1488850 480
1488860 480
1488870 480
1488880 480
1488890 480
1488900 480
1488910 480
1488920 480
1488930 480
1488940 480
1488950 480
1488960 480
1488970 480
1488980 480
1488990 480
1489000 480
1489010 480
1489020 480
1489030 480
1489040 480
1489050 480
1489060 480
1489070 480
1489080 480
1489090 480
1489100 480
1489110 480
1489120 481
1489130 481
1489140 482
1489150 483
1489160 483
1489170 487
1489180 491
1489190 494
1489200 494
1489210 496
1489220 498
1489230 498
1489240 500
1489250 502
1489260 502
1489270 505
1489280 507
1489290 507
1489300 511
1489310 515
1489320 515
1489330 516
1489340 517
1489350 517
1489360 517
1489370 518
1489380 518
1489390 520
1489400 523
1489410 523
1489420 523
1489430 524
1489440 524
1489450 525
1489460 528
1489470 528
1489480 531
1489490 534
1489500 534
1489510 537
1489520 540
1489530 540
1489540 543
1489550 545
1489560 545
1489570 547
1489580 548
1489590 548
1489600 549
1489610 549
1489620 549
1489630 550
1489640 551
1489650 551
1489660 552
1489670 554
1489680 554
1489690 555
1489700 556
1489710 556
1489720 558
1489730 560
1489740 560
1489750 561
1489760 562
1489770 562
1489780 562
1489790 564
1489800 566
1489810 566
1489820 568
1489830 570
1489840 570
1489850 571
1489860 573
1489870 573
1489880 575
1489890 576
1489900 576
1489910 578
1489920 581
1489930 581
1489940 583
1489950 585
1489960 585
1489970 588
1489980 590
1489990 590
1490000 592
1490010 594
1490020 594
1490030 595
1490040 597
1490050 597
1490060 599
1490070 602
1490080 602
1490090 605
1490100 608
1490110 608
1490120 611
1490130 614
1490140 614
1490150 616
1490160 617
1490170 617
1490180 618
1490190 619
1490200 619
1490210 618
1490220 617
1490230 617
1490240 622
1490250 623
1490260 623
1490270 624
1490280 625
1490290 625
1490300 626
1490310 628
1490320 628
1490330 630
1490340 632
1490350 632
1490360 634
1490370 636
1490380 636
1490390 638
1490400 642
1490410 645
1490420 645
1490430 647
1490440 648
1490450 648
1490460 648
1490470 650
1490480 650
1490490 651
1490500 652
1490510 652
1490520 652
1490530 651
1490540 651
1490550 649
1490560 645
1490570 645
1490580 641
1490590 637
1490600 637
1490610 636
1490620 636
1490630 636
1490640 636
1490650 637
1490660 637
1490670 639
1490680 640
1490690 640
1490700 640
1490710 642
1490720 642
1490730 643
1490740 644
1490750 644
1490760 646
1490770 648
1490780 648
1490790 651
1490800 654
1490810 654
1490820 658
1490830 662
1490840 662
1490850 666
1490860 671
1490870 671
1490880 677
1490890 684
1490900 684
1490910 692
1490920 698
1490930 698
1490940 699
1490950 698
1490960 698
1490970 696
1490980 694
1490990 694
1491000 693
1491010 691
1491020 690
1491030 690
1491040 692
1491050 693
1491060 693
1491070 695
1491080 698
1491090 698
1491100 701
1491110 705
1491120 705
1491130 710
1491140 714
1491150 714
1491160 718
1491170 721
1491180 721
1491190 725
1491200 728
1491210 728
1491220 725
1491230 719
1491240 719
1491250 714
1491260 717
1491270 717
1491280 722
1491290 725
1491300 725
1491310 730
1491320 734
1491330 734
1491340 736
1491350 738
1491360 738
1491370 742
1491380 746
1491390 746
1491400 750
1491410 753
1491420 753
1491430 754
1491440 756
1491450 756
1491460 758
1491470 758
1491480 758
1491490 757
1491500 758
1491510 758
1491520 758
1491530 760
1491540 760
1491550 761
1491560 764
1491570 764
1491580 766
1491590 769
1491600 769
1491610 773
1491620 775
1491630 777
1491640 777
1491650 779
1491660 781
1491670 781
1491680 782
1491690 784
1491700 784
1491710 784
1491720 785
1491730 785
1491740 785
1491750 785
1491760 785
1491770 784
1491780 783
1491790 783
1491800 783
1491810 784
1491820 784
1491830 786
1491840 788
1491850 788
1491860 790
1491870 791
1491880 791
1491890 793
1491900 794
1491910 794
1491920 795
1491930 796
1491940 796
1491950 797
1491960 798
1491970 798
1491980 798
1491990 797
1492000 797
1492010 796
1492020 794
1492030 794
1492040 792
1492050 790
1492060 790
1492070 787
1492080 782
1492090 782
1492100 778
1492110 777
1492120 777
1492130 774
1492140 770
1492150 770
1492160 767
1492170 763
1492180 763
1492190 761
1492200 758
1492210 758
1492220 753
1492230 752
1492240 749
1492250 749
1492260 746
1492270 745
1492280 745
1492290 743
1492300 740
1492310 740
1492320 739
1492330 740
1492340 740
1492350 739
1492360 739
1492370 739
1492380 742
1492390 745
1492400 745
1492410 748
1492420 750
1492430 750
1492440 751
1492450 753
1492460 753
1492470 754
1492480 755
1492490 755
1492500 755
1492510 756
1492520 756
1492530 755
1492540 753
1492550 753
1492560 752
1492570 751
1492580 751
1492590 750
1492600 752
1492610 752
1492620 753
1492630 755
1492640 755
1492650 756
1492660 757
1492670 757
1492680 757
1492690 757
1492700 757
1492710 755
1492720 753
1492730 753
1492740 751
1492750 749
1492760 749
1492770 747
1492780 745
1492790 745
1492800 743
1492810 741
1492820 741
1492830 740
1492840 737
1492850 734
1492860 734
1492870 730
1492880 727
1492890 727
1492900 724
1492910 720
1492920 720
1492930 716
1492940 713
1492950 713
1492960 711
1492970 708
1492980 708
1492990 705
1493000 704
1493010 704
1493020 702
1493030 700
1493040 700
1493050 698
1493060 696
1493070 696
1493080 693
1493090 689
1493100 689
1493110 686
1493120 684
1493130 684
1493140 684
1493150 683
1493160 683
1493170 680
1493180 680
1493190 680
1493200 683
1493210 684
1493220 684
1493230 686
1493240 686
1493250 686
1493260 687
1493270 687
1493280 687
1493290 687
1493300 687
1493310 687
1493320 686
1493330 686
1493340 686
1493350 685
1493360 684
1493370 684
1493380 683
1493390 682
1493400 682
1493410 680
1493420 678
1493430 675
1493440 675
1493450 673
1493460 671
1493470 671
1493480 670
1493490 669
1493500 669
1493510 669
1493520 668
1493530 668
1493540 668
1493550 669
1493560 669
1493570 669
1493580 670
1493590 670
1493600 670
1493610 670
1493620 670
1493630 670
1493640 669
1493650 669
1493660 666
1493670 664
1493680 664
1493690 660
1493700 658
1493710 658
1493720 656
1493730 656
1493740 656
1493750 656
1493760 656
1493770 656
1493780 657
1493790 656
1493800 656
1493810 656
1493820 655
1493830 655
1493840 654
1493850 655
1493860 655
1493870 656
1493880 656
1493890 656
1493900 657
1493910 656
1493920 656
1493930 654
1493940 653
1493950 653
1493960 652
1493970 654
1493980 654
1493990 655
1494000 656
1494010 656
1494020 657
1494030 658
1494040 658
1494050 658
1494060 658
1494070 659
1494080 659
1494090 659
1494100 659
1494110 659
1494120 659
1494130 659
1494140 659
1494150 660
1494160 660
1494170 660
1494180 661
1494190 661
1494200 661
1494210 661
1494220 662
1494230 662
1494240 662
1494250 661
1494260 661
1494270 661
1494280 661
1494290 661
1494300 660
1494310 659
1494320 659
1494330 658
1494340 657
1494350 657
1494360 656
1494370 655
1494380 655
1494390 655
1494400 654
1494410 654
1494420 652
1494430 651
1494440 651
1494450 650
1494460 650
1494470 650
1494480 649
1494490 649
1494500 649
1494510 648
1494520 648
1494530 648
1494540 648
1494550 649
1494560 649
1494570 649
1494580 649
1494590 649
1494600 651
1494610 651
1494620 651
1494630 651
1494640 650
1494650 649
1494660 649
1494670 648
1494680 647
1494690 647
1494700 646
1494710 644
1494720 644
1494730 643
1494740 641
1494750 641
1494760 638
1494770 635
1494780 635
1494790 632
1494800 629
1494810 629
1494820 625
1494830 621
1494840 621
1494850 617
1494860 614
1494870 614
1494880 611
1494890 608
1494900 608
1494910 605
1494920 602
1494930 602
1494940 599
1494950 596
1494960 596
1494970 594
1494980 592
1494990 592
1495000 591
1495010 589
1495020 589
1495030 588
1495040 587
1495050 587
1495060 585
1495070 583
1495080 583
1495090 582
1495100 580
1495110 580
1495120 579
1495130 577
1495140 577
1495150 570
1495160 561
1495170 561
1495180 555
1495190 557
1495200 557
1495210 567
1495220 571
1495230 571
1495240 571
1495250 571
1495260 570
1495270 570
1495280 571
1495290 572
1495300 572
1495310 574
1495320 576
1495330 576
1495340 579
1495350 581
1495360 581
1495370 583
1495380 585
1495390 585
1495400 586
1495410 587
1495420 587
1495430 588
1495440 588
1495450 588
1495460 587
1495470 586
1495480 586
1495490 585
1495500 584
1495510 584
1495520 583
1495530 582
1495540 582
1495550 581
1495560 580
1495570 580
1495580 578
1495590 577
1495600 577
1495610 575
1495620 573
1495630 573
1495640 570
1495650 568
1495660 568
1495670 566
1495680 564
1495690 564
1495700 562
1495710 560
1495720 560
1495730 558
1495740 556
1495750 556
1495760 553
1495770 550
1495780 550
1495790 548
1495800 545
1495810 545
1495820 543
1495830 541
1495840 541
1495850 539
1495860 537
1495870 534
1495880 534
1495890 531
1495900 533
1495910 533
1495920 534
1495930 536
1495940 536
1495950 537
1495960 539
1495970 539
1495980 539
1495990 540
1496000 540
1496010 541
1496020 542
1496030 542
1496040 543
1496050 545
1496060 545
1496070 547
1496080 551
1496090 551
1496100 554
1496110 556
1496120 556
1496130 557
1496140 557
1496150 557
1496160 557
1496170 559
1496180 559
1496190 563
1496200 566
1496210 566
1496220 567
1496230 568
1496240 568
1496250 569
1496260 569
1496270 569
1496280 569
1496290 569
1496300 569
1496310 568
1496320 568
1496330 568
1496340 566
1496350 565
1496360 565
1496370 566
1496380 567
1496390 567
1496400 568
1496410 570
1496420 570
1496430 571
1496440 572
1496450 572
1496460 573
1496470 574
1496480 575
1496490 575
1496500 576
1496510 577
1496520 577
1496530 578
1496540 580
1496550 580
1496560 581
1496570 582
1496580 582
1496590 585
1496600 586
1496610 586
1496620 586
1496630 586
1496640 586
1496650 586
1496660 586
1496670 586
1496680 586
1496690 586
1496700 586
1496710 585
1496720 584
1496730 584
1496740 584
1496750 583
1496760 583
1496770 582
1496780 581
1496790 581
1496800 582
1496810 584
1496820 584
1496830 586
1496840 587
1496850 587
1496860 587
1496870 587
1496880 587
1496890 587
1496900 587
1496910 587
1496920 588
1496930 588
1496940 588
1496950 589
1496960 590
1496970 590
1496980 591
1496990 592
1497000 592
1497010 594
1497020 595
1497030 595
1497040 597
1497050 598
1497060 598
1497070 600
1497080 601
1497090 603
1497100 603
1497110 604
1497120 606
1497130 606
1497140 607
1497150 608
1497160 608
1497170 609
1497180 610
1497190 610
1497200 610
1497210 611
1497220 611
1497230 612
1497240 613
1497250 613
1497260 613
1497270 613
1497280 613
1497290 612
1497300 612
1497310 612
1497320 612
1497330 611
1497340 611
1497350 611
1497360 610
1497370 610
1497380 610
1497390 609
1497400 609
1497410 608
1497420 608
1497430 608
1497440 608
1497450 608
1497460 608
1497470 607
1497480 607
1497490 607
1497500 607
1497510 607
1497520 607
1497530 607
1497540 607
1497550 607
1497560 607
1497570 607
1497580 607
1497590 606
1497600 605
1497610 605
1497620 604
1497630 603
1497640 603
1497650 602
1497660 601
1497670 601
1497680 601
1497690 600
1497700 600
1497710 600
1497720 600
1497730 600
1497740 600
1497750 599
1497760 598
1497770 598
1497780 598
1497790 599
1497800 599
1497810 599
1497820 598
1497830 598
1497840 598
1497850 599
1497860 599
1497870 600
1497880 600
1497890 600
1497900 601
1497910 601
1497920 601
1497930 602
1497940 604
1497950 604
1497960 606
1497970 608
1497980 608
1497990 610
1498000 611
1498010 611
1498020 612
1498030 613
1498040 613
1498050 612
1498060 611
1498070 611
1498080 613
1498090 615
1498100 615
1498110 617
1498120 618
1498130 618
1498140 620
1498150 623
1498160 623
1498170 624
1498180 626
1498190 626
1498200 628
1498210 629
1498220 629
1498230 631
1498240 632
1498250 632
1498260 633
1498270 635
1498280 635
1498290 636
1498300 636
1498310 637
1498320 637
1498330 638
1498340 638
1498350 638
1498360 639
1498370 639
1498380 639
1498390 639
1498400 639
1498410 639
1498420 640
1498430 640
1498440 640
1498450 640
1498460 640
1498470 640
1498480 639
1498490 639
1498500 639
1498510 638
1498520 638
1498530 638
1498540 638
1498550 638
1498560 638
1498570 638
1498580 638
1498590 638
1498600 639
1498610 639
1498620 639
1498630 639
1498640 639
1498650 639
1498660 639
1498670 639
1498680 639
1498690 638
1498700 638
1498710 638
1498720 638
1498730 638
1498740 638
1498750 638
1498760 637
1498770 637
1498780 637
1498790 638
1498800 638
1498810 638
1498820 638
1498830 638
1498840 639
1498850 639
1498860 639
1498870 639
1498880 639
1498890 639
1498900 639
1498910 639
1498920 640
1498930 640
1498940 640
1498950 641
1498960 641
1498970 642
1498980 643
1498990 643
1499000 644
1499010 645
1499020 645
1499030 647
1499040 648
1499050 648
1499060 649
1499070 650
1499080 650
1499090 651
1499100 652
1499110 652
1499120 654
1499130 655
1499140 655
1499150 656
1499160 657
1499170 657
1499180 658
1499190 659
1499200 659
1499210 660
1499220 661
1499230 661
1499240 662
1499250 662
1499260 662
1499270 663
1499280 664
1499290 664
1499300 664
1499310 665
1499320 665
1499330 665
1499340 666
1499350 666
1499360 665
1499370 665
1499380 665
1499390 665
1499400 664
1499410 664
1499420 664
1499430 664
1499440 664
1499450 664
1499460 663
1499470 663
1499480 662
1499490 662
1499500 660
1499510 660
1499520 658
1499530 657
1499540 657
1499550 657
1499560 657
1499570 657
1499580 655
1499590 654
1499600 654
1499610 654
1499620 655
1499630 655
1499640 655
1499650 655
1499660 655
1499670 655
1499680 654
1499690 654
1499700 654
1499710 654
1499720 654
1499730 654
1499740 654
1499750 654
1499760 653
1499770 653
1499780 653
1499790 653
1499800 653
1499810 653
1499820 652
1499830 652
1499840 652
1499850 652
1499860 652
1499870 652
1499880 652
1499890 652
1499900 652
1499910 652
1499920 651
1499930 651
1499940 650
1499950 649
1499960 649
1499970 649
1499980 649
1499990 649
