1480000 564
1480010 564
1480020 564
1480030 563
1480040 563
1480050 563
1480060 563
1480070 563
1480080 562
1480090 561
1480100 560
1480110 560
1480120 560
1480130 560
1480140 560
1480150 559
1480160 558
1480170 558
1480180 557
1480190 556
1480200 556
1480210 556
1480220 555
1480230 555
1480240 554
1480250 553
1480260 553
1480270 553
1480280 552
1480290 552
1480300 552
1480310 551
1480320 551
1480330 551
1480340 550
1480350 550
1480360 549
1480370 548
1480380 548
1480390 547
1480400 547
1480410 547
1480420 547
1480430 548
1480440 548
1480450 549
1480460 549
1480470 549
1480480 549
1480490 548
1480500 548
1480510 548
1480520 548
1480530 548
1480540 548
1480550 548
1480560 548
1480570 548
1480580 548
1480590 548
1480600 548
1480610 548
1480620 548
1480630 548
1480640 548
1480650 548
1480660 549
1480670 549
1480680 549
1480690 549
1480700 549
1480710 549
1480720 549
1480730 549
1480740 549
1480750 549
1480760 549
1480770 549
1480780 549
1480790 550
1480800 550
1480810 550
1480820 550
1480830 550
1480840 550
1480850 550
1480860 550
1480870 550
1480880 550
1480890 551
1480900 551
1480910 551
1480920 551
1480930 551
1480940 552
1480950 552
1480960 552
1480970 552
1480980 552
1480990 552
1481000 552
1481010 552
1481020 552
1481030 553
1481040 553
1481050 553
1481060 554
1481070 554
1481080 554
1481090 554
1481100 555
1481110 555
1481120 555
1481130 554
1481140 554
1481150 554
1481160 555
1481170 555
1481180 555
1481190 555
1481200 555
1481210 555
1481220 556
1481230 556
1481240 556
1481250 556
1481260 556
1481270 556
1481280 556
1481290 556
1481300 556
1481310 556
1481320 556
1481330 556
1481340 556
1481350 556
1481360 556
1481370 556
1481380 556
1481390 556
1481400 556
1481410 556
1481420 556
1481430 556
1481440 555
1481450 555
1481460 555
1481470 555
1481480 555
1481490 555
1481500 555
1481510 555
1481520 555
1481530 555
1481540 555
1481550 554
1481560 554
1481570 554
1481580 553
1481590 553
1481600 553
1481610 553
1481620 553
1481630 553
1481640 553
1481650 553
1481660 553
1481670 552
1481680 552
1481690 552
1481700 551
1481710 551
1481720 551
1481730 551
1481740 550
1481750 550
1481760 550
1481770 549
1481780 549
1481790 549
1481800 548
1481810 548
1481820 548
1481830 547
1481840 547
1481850 547
1481860 547
1481870 547
1481880 547
1481890 547
1481900 547
1481910 547
1481920 547
1481930 547
1481940 547
1481950 547
1481960 546
1481970 546
1481980 546
1481990 546
1482000 546
1482010 546
1482020 546
1482030 546
1482040 545
1482050 545
1482060 545
1482070 546
1482080 546
1482090 546
1482100 546
1482110 546
1482120 546
1482130 546
1482140 546
1482150 546
1482160 545
1482170 544
1482180 544
1482190 544
1482200 543
1482210 543
1482220 542
1482230 542
1482240 542
1482250 542
1482260 542
1482270 542
1482280 541
1482290 541
1482300 541
1482310 540
1482320 540
1482330 540
1482340 540
1482350 540
1482360 540
1482370 540
1482380 540
1482390 540
1482400 538
1482410 535
1482420 535
1482430 536
1482440 538
1482450 538
1482460 538
1482470 538
1482480 538
1482490 538
1482500 537
1482510 537
1482520 537
1482530 537
1482540 537
1482550 537
1482560 537
1482570 537
1482580 537
1482590 537
1482600 537
1482610 537
1482620 537
1482630 538
1482640 538
1482650 539
1482660 540
1482670 540
1482680 541
1482690 540
1482700 540
1482710 540
1482720 540
1482730 540
1482740 540
1482750 541
1482760 541
1482770 541
1482780 541
1482790 541
1482800 541
1482810 541
1482820 541
1482830 542
1482840 542
1482850 542
1482860 542
1482870 542
1482880 542
1482890 542
1482900 542
1482910 542
1482920 542
1482930 541
1482940 541
1482950 540
1482960 539
1482970 539
1482980 538
1482990 537
1483000 537
1483010 536
1483020 535
1483030 535
1483040 534
1483050 533
1483060 533
1483070 532
1483080 531
1483090 531
1483100 530
1483110 530
1483120 530
1483130 529
1483140 529
1483150 528
1483160 528
1483170 528
1483180 528
1483190 528
1483200 528
1483210 528
1483220 528
1483230 528
1483240 528
1483250 528
1483260 528
1483270 528
1483280 528
1483290 528
1483300 528
1483310 528
1483320 528
1483330 528
1483340 528
1483350 528
1483360 528
1483370 528
1483380 528
1483390 528
1483400 528
1483410 527
1483420 527
1483430 527
1483440 526
1483450 525
1483460 525
1483470 524
1483480 524
1483490 524
1483500 523
1483510 523
1483520 523
1483530 523
1483540 522
1483550 522
1483560 522
1483570 521
1483580 521
1483590 521
1483600 520
1483610 520
1483620 520
1483630 519
1483640 519
1483650 518
1483660 518
1483670 518
1483680 517
1483690 516
1483700 516
1483710 516
1483720 516
1483730 516
1483740 515
1483750 515
1483760 514
1483770 514
1483780 513
1483790 513
1483800 513
1483810 512
1483820 512
1483830 512
1483840 511
1483850 509
1483860 509
1483870 508
1483880 507
1483890 507
1483900 506
1483910 505
1483920 505
1483930 503
1483940 501
1483950 501
1483960 499
1483970 498
1483980 498
1483990 496
1484000 494
1484010 494
1484020 493
1484030 493
1484040 493
1484050 492
1484060 491
1484070 491
1484080 491
1484090 490
1484100 490
1484110 490
1484120 490
1484130 490
1484140 490
1484150 490
1484160 490
1484170 490
1484180 489
1484190 489
1484200 488
1484210 488
1484220 488
1484230 488
1484240 487
1484250 487
1484260 486
1484270 485
1484280 485
1484290 485
1484300 485
1484310 485
1484320 484
1484330 484
1484340 484
1484350 484
1484360 484
1484370 484
1484380 484
1484390 484
1484400 484
1484410 484
1484420 484
1484430 483
1484440 483
1484450 483
1484460 483
1484470 483
1484480 483
1484490 483
1484500 483
1484510 483
1484520 483
1484530 483
1484540 483
1484550 483
1484560 483
1484570 483
1484580 483
1484590 483
1484600 483
1484610 483
1484620 483
1484630 483
1484640 483
1484650 483
1484660 483
1484670 483
1484680 483
1484690 483
1484700 483
1484710 483
1484720 482
1484730 482
1484740 482
1484750 482
1484760 483
1484770 483
1484780 482
1484790 482
1484800 482
1484810 482
1484820 482
1484830 482
1484840 482
1484850 482
1484860 482
1484870 482
1484880 481
1484890 481
1484900 482
1484910 482
1484920 482
1484930 482
1484940 482
1484950 482
1484960 482
1484970 482
1484980 481
1484990 481
1485000 481
1485010 481
1485020 481
1485030 481
1485040 480
1485050 480
1485060 480
1485070 480
1485080 480
1485090 481
1485100 480
1485110 480
1485120 481
1485130 480
1485140 480
1485150 480
1485160 480
1485170 480
1485180 480
1485190 480
1485200 480
1485210 480
1485220 480
1485230 480
1485240 480
1485250 480
1485260 480
1485270 480
1485280 480
1485290 480
1485300 480
1485310 480
1485320 480
1485330 480
1485340 480
1485350 480
1485360 480
1485370 480
1485380 480
1485390 480
1485400 480
1485410 480
1485420 480
1485430 480
1485440 480
1485450 480
1485460 480
1485470 480
1485480 480
1485490 480
1485500 480
1485510 480
1485520 480
1485530 480
1485540 480
1485550 480
1485560 480
1485570 480
1485580 480
1485590 480
1485600 480
1485610 480
1485620 480
1485630 480
1485640 480
1485650 480
1485660 480
1485670 480
1485680 480
1485690 480
1485700 480
1485710 480
1485720 480
1485730 480
1485740 480
1485750 480
1485760 480
1485770 480
1485780 480
1485790 480
1485800 480
1485810 480
1485820 480
1485830 480
1485840 480
1485850 480
1485860 480
1485870 480
1485880 480
1485890 480
1485900 480
1485910 480
1485920 480
1485930 480
1485940 480
1485950 480
1485960 480
1485970 480
1485980 480
1485990 480
1486000 480
1486010 480
1486020 480
1486030 480
1486040 480
1486050 480
1486060 480
1486070 480
1486080 480
1486090 480
1486100 480
1486110 480
1486120 480
1486130 480
1486140 480
1486150 480
1486160 480
1486170 480
1486180 480
1486190 480
1486200 480
1486210 480
1486220 480
1486230 480
1486240 480
1486250 480
1486260 480
1486270 480
1486280 480
1486290 480
1486300 480
1486310 480
1486320 480
1486330 480
1486340 480
1486350 480
1486360 480
1486370 480
1486380 480
1486390 480
1486400 480
1486410 480
1486420 480
1486430 480
1486440 480
1486450 480
1486460 480
1486470 480
1486480 480
1486490 480
1486500 480
1486510 480
1486520 480
1486530 480
1486540 480
1486550 480
1486560 480
1486570 480
1486580 480
1486590 480
1486600 480
1486610 480
1486620 480
1486630 480
1486640 480
1486650 480
1486660 480
1486670 480
1486680 480
1486690 480
1486700 480
1486710 480
1486720 480
1486730 480
1486740 480
1486750 480
1486760 480
1486770 480
1486780 480
1486790 480
1486800 480
1486810 480
1486820 480
1486830 480
1486840 480
1486850 480
1486860 480
1486870 480
1486880 480
1486890 480
1486900 480
1486910 480
1486920 480
1486930 480
1486940 480
1486950 480
1486960 480
1486970 480
1486980 480
1486990 480
1487000 480
1487010 480
1487020 480
1487030 480
1487040 480
1487050 480
1487060 480
1487070 480
1487080 480
1487090 480
1487100 480
1487110 480
1487120 480
1487130 480
1487140 480
1487150 480
1487160 480
1487170 480
1487180 480
1487190 480
1487200 480
1487210 480
1487220 480
1487230 480
1487240 480
1487250 480
1487260 480
1487270 480
1487280 480
1487290 480
1487300 480
1487310 480
1487320 480
1487330 480
1487340 480
1487350 480
1487360 480
1487370 480
1487380 480
1487390 480
1487400 480
1487410 480
1487420 480
1487430 480
1487440 480
1487450 480
1487460 480
1487470 480
1487480 480
1487490 480
1487500 480
1487510 480
1487520 480
1487530 480
1487540 480
1487550 480
1487560 480
1487570 480
1487580 480
1487590 480
1487600 480
1487610 480
1487620 480
1487630 480
1487640 480
1487650 480
1487660 480
1487670 480
1487680 480
1487690 480
1487700 480
1487710 480
1487720 480
1487730 480
1487740 480
1487750 480
1487760 480
1487770 480
1487780 480
1487790 480
1487800 480
1487810 480
1487820 480
1487830 480
1487840 480
1487850 480
1487860 480
1487870 480
1487880 480
1487890 480
1487900 480
1487910 480
1487920 480
1487930 480
1487940 480
1487950 480
1487960 480
1487970 480
1487980 480
1487990 480
1488000 480
1488010 480
1488020 480
1488030 480
1488040 480
1488050 480
1488060 480
1488070 480
1488080 480
1488090 480
1488100 480
1488110 480
1488120 480
1488130 480
1488140 480
1488150 480
1488160 480
1488170 480
1488180 480
1488190 480
1488200 480
1488210 480
1488220 480
1488230 480
1488240 480
1488250 480
1488260 480
1488270 480
1488280 480
1488290 480
1488300 480
1488310 480
1488320 480
1488330 480
1488340 480
1488350 480
1488360 480
1488370 480
1488380 480
1488390 480
1488400 480
1488410 480
1488420 480
1488430 480
1488440 480
1488450 482
1488460 482
1488470 483
1488480 484
1488490 484
1488500 486
1488510 488
1488520 488
1488530 489
1488540 490
1488550 490
1488560 491
1488570 493
1488580 493
1488590 494
1488600 496
1488610 498
1488620 498
1488630 498
1488640 499
1488650 499
1488660 501
1488670 501
1488680 501
1488690 500
1488700 501
1488710 501
1488720 501
1488730 503
1488740 503
1488750 505
1488760 507
1488770 507
1488780 510
1488790 512
1488800 512
1488810 516
1488820 519
1488830 519
1488840 521
1488850 522
1488860 522
1488870 524
1488880 526
1488890 526
1488900 527
1488910 527
1488920 527
1488930 526
1488940 527
1488950 527
1488960 529
1488970 531
1488980 531
1488990 533
1489000 535
1489010 535
1489020 537
1489030 540
1489040 540
1489050 544
1489060 545
1489070 545
1489080 546
1489090 548
1489100 548
1489110 552
1489120 556
1489130 556
1489140 560
1489150 562
1489160 562
1489170 564
1489180 566
1489190 566
1489200 568
1489210 570
1489220 573
1489230 573
1489240 575
1489250 578
1489260 578
1489270 580
1489280 582
1489290 582
1489300 584
1489310 586
1489320 586
1489330 587
1489340 589
1489350 589
1489360 592
1489370 595
1489380 595
1489390 597
1489400 598
1489410 598
1489420 599
1489430 599
1489440 599
1489450 599
1489460 602
1489470 602
1489480 607
1489490 611
1489500 611
1489510 616
1489520 620
1489530 620
1489540 623
1489550 626
1489560 626
1489570 629
1489580 631
1489590 631
1489600 633
1489610 636
1489620 636
1489630 638
1489640 641
1489650 641
1489660 644
1489670 646
1489680 646
1489690 650
1489700 652
1489710 652
1489720 654
1489730 656
1489740 656
1489750 659
1489760 662
1489770 662
1489780 664
1489790 667
1489800 667
1489810 669
1489820 672
1489830 674
1489840 674
1489850 676
1489860 677
1489870 677
1489880 680
1489890 683
1489900 683
1489910 686
1489920 689
1489930 689
1489940 692
1489950 694
1489960 694
1489970 700
1489980 705
1489990 705
1490000 709
1490010 713
1490020 713
1490030 714
1490040 715
1490050 715
1490060 715
1490070 715
1490080 715
1490090 715
1490100 716
1490110 716
1490120 715
1490130 715
1490140 715
1490150 715
1490160 715
1490170 715
1490180 715
1490190 716
1490200 716
1490210 716
1490220 717
1490230 717
1490240 717
1490250 715
1490260 715
1490270 713
1490280 713
1490290 713
1490300 715
1490310 716
1490320 716
1490330 718
1490340 722
1490350 722
1490360 724
1490370 724
1490380 724
1490390 728
1490400 732
1490410 732
1490420 735
1490430 735
1490440 736
1490450 736
1490460 736
1490470 738
1490480 738
1490490 740
1490500 742
1490510 742
1490520 744
1490530 745
1490540 745
1490550 746
1490560 746
1490570 746
1490580 744
1490590 743
1490600 743
1490610 741
1490620 739
1490630 739
1490640 738
1490650 736
1490660 736
1490670 734
1490680 733
1490690 733
1490700 732
1490710 731
1490720 731
1490730 730
1490740 727
1490750 727
1490760 722
1490770 725
1490780 725
1490790 725
1490800 727
1490810 727
1490820 729
1490830 733
1490840 733
1490850 738
1490860 740
1490870 740
1490880 740
1490890 741
1490900 741
1490910 746
1490920 754
1490930 754
1490940 759
1490950 762
1490960 762
1490970 763
1490980 769
1490990 769
1491000 773
1491010 777
1491020 777
1491030 780
1491040 783
1491050 787
1491060 787
1491070 790
1491080 793
1491090 793
1491100 796
1491110 799
1491120 799
1491130 803
1491140 804
1491150 804
1491160 804
1491170 805
1491180 805
1491190 809
1491200 811
1491210 811
1491220 808
1491230 803
1491240 803
1491250 798
1491260 797
1491270 797
1491280 802
1491290 806
1491300 806
1491310 807
1491320 807
1491330 807
1491340 806
1491350 805
1491360 805
1491370 803
1491380 803
1491390 803
1491400 808
1491410 811
1491420 811
1491430 816
1491440 820
1491450 820
1491460 824
1491470 828
1491480 828
1491490 831
1491500 834
1491510 834
1491520 837
1491530 840
1491540 840
1491550 844
1491560 848
1491570 848
1491580 850
1491590 852
1491600 852
1491610 852
1491620 853
1491630 853
1491640 855
1491650 857
1491660 860
1491670 860
1491680 862
1491690 864
1491700 864
1491710 866
1491720 868
1491730 868
1491740 871
1491750 874
1491760 874
1491770 878
1491780 881
1491790 881
1491800 884
1491810 888
1491820 888
1491830 891
1491840 894
1491850 894
1491860 897
1491870 899
1491880 899
1491890 900
1491900 901
1491910 901
1491920 900
1491930 900
1491940 900
1491950 898
1491960 897
1491970 897
1491980 896
1491990 896
1492000 896
1492010 896
1492020 895
1492030 895
1492040 893
1492050 890
1492060 890
1492070 890
1492080 891
1492090 891
1492100 892
1492110 892
1492120 892
1492130 892
1492140 892
1492150 892
1492160 892
1492170 892
1492180 892
1492190 891
1492200 890
1492210 890
1492220 888
1492230 887
1492240 887
1492250 887
1492260 886
1492270 884
1492280 884
1492290 881
1492300 877
1492310 877
1492320 873
1492330 869
1492340 869
1492350 866
1492360 863
1492370 863
1492380 859
1492390 853
1492400 853
1492410 848
1492420 846
1492430 846
1492440 845
1492450 845
1492460 845
1492470 846
1492480 847
1492490 847
1492500 849
1492510 849
1492520 849
1492530 851
1492540 854
1492550 854
1492560 856
1492570 856
1492580 856
1492590 855
1492600 854
1492610 854
1492620 852
1492630 849
1492640 849
1492650 843
1492660 838
1492670 838
1492680 834
1492690 830
1492700 830
1492710 826
1492720 823
1492730 823
1492740 824
1492750 824
1492760 824
1492770 822
1492780 819
1492790 819
1492800 818
1492810 818
1492820 818
1492830 816
1492840 815
1492850 815
1492860 814
1492870 811
1492880 806
1492890 806
1492900 805
1492910 810
1492920 810
1492930 810
1492940 810
1492950 810
1492960 811
1492970 812
1492980 812
1492990 814
1493000 815
1493010 815
1493020 815
1493030 815
1493040 815
1493050 814
1493060 813
1493070 813
1493080 811
1493090 810
1493100 810
1493110 809
1493120 806
1493130 806
1493140 802
1493150 799
1493160 799
1493170 797
1493180 795
1493190 795
1493200 792
1493210 787
1493220 787
1493230 781
1493240 775
1493250 777
1493260 772
1493270 769
1493280 769
1493290 766
1493300 764
1493310 764
1493320 763
1493330 762
1493340 762
1493350 760
1493360 760
1493370 760
1493380 760
1493390 761
1493400 761
1493410 762
1493420 762
1493430 762
1493440 762
1493450 763
1493460 763
1493470 763
1493480 763
1493490 763
1493500 763
1493510 764
1493520 766
1493530 766
1493540 767
1493550 767
1493560 767
1493570 766
1493580 764
1493590 764
1493600 761
1493610 757
1493620 757
1493630 754
1493640 751
1493650 751
1493660 749
1493670 747
1493680 747
1493690 744
1493700 742
1493710 742
1493720 741
1493730 740
1493740 740
1493750 739
1493760 737
1493770 737
1493780 736
1493790 735
1493800 735
1493810 734
1493820 734
1493830 734
1493840 732
1493850 730
1493860 730
1493870 728
1493880 728
1493890 728
1493900 728
1493910 728
1493920 728
1493930 729
1493940 730
1493950 730
1493960 731
1493970 731
1493980 731
1493990 732
1494000 733
1494010 733
1494020 733
1494030 732
1494040 732
1494050 731
1494060 729
1494070 729
1494080 726
1494090 724
1494100 721
1494110 721
1494120 718
1494130 714
1494140 714
1494150 711
1494160 708
1494170 708
1494180 705
1494190 703
1494200 703
1494210 701
1494220 700
1494230 700
1494240 698
1494250 697
1494260 697
1494270 697
1494280 695
1494290 695
1494300 693
1494310 690
1494320 690
1494330 687
1494340 686
1494350 686
1494360 685
1494370 683
1494380 683
1494390 682
1494400 682
1494410 682
1494420 682
1494430 682
1494440 682
1494450 681
1494460 681
1494470 681
1494480 681
1494490 681
1494500 681
1494510 680
1494520 680
1494530 680
1494540 680
1494550 679
1494560 679
1494570 678
1494580 676
1494590 676
1494600 674
1494610 672
1494620 672
1494630 669
1494640 666
1494650 666
1494660 662
1494670 659
1494680 659
1494690 656
1494700 653
1494710 650
1494720 650
1494730 648
1494740 645
1494750 645
1494760 642
1494770 640
1494780 640
1494790 637
1494800 634
1494810 634
1494820 632
1494830 629
1494840 629
1494850 627
1494860 624
1494870 624
1494880 620
1494890 618
1494900 618
1494910 616
1494920 613
1494930 613
1494940 611
1494950 610
1494960 610
1494970 612
1494980 613
1494990 613
1495000 614
1495010 615
1495020 615
1495030 615
1495040 615
1495050 615
1495060 615
1495070 615
1495080 615
1495090 615
1495100 615
1495110 615
1495120 616
1495130 617
1495140 617
1495150 618
1495160 620
1495170 620
1495180 621
1495190 622
1495200 622
1495210 623
1495220 622
1495230 622
1495240 622
1495250 621
1495260 621
1495270 620
1495280 619
1495290 619
1495300 617
1495310 614
1495320 612
1495330 612
1495340 609
1495350 607
1495360 607
1495370 606
1495380 605
1495390 605
1495400 604
1495410 603
1495420 603
1495430 601
1495440 600
1495450 600
1495460 598
1495470 597
1495480 597
1495490 595
1495500 594
1495510 594
1495520 593
1495530 592
1495540 592
1495550 590
1495560 589
1495570 589
1495580 586
1495590 584
1495600 584
1495610 582
1495620 580
1495630 580
1495640 578
1495650 577
1495660 577
1495670 576
1495680 574
1495690 574
1495700 573
1495710 572
1495720 572
1495730 570
1495740 568
1495750 568
1495760 566
1495770 564
1495780 564
1495790 562
1495800 561
1495810 561
1495820 559
1495830 558
1495840 558
1495850 557
1495860 554
1495870 554
1495880 550
1495890 546
1495900 546
1495910 544
1495920 542
1495930 542
1495940 542
1495950 541
1495960 540
1495970 540
1495980 538
1495990 536
1496000 536
1496010 535
1496020 535
1496030 535
1496040 534
1496050 534
1496060 534
1496070 536
1496080 537
1496090 537
1496100 539
1496110 543
1496120 543
1496130 545
1496140 548
1496150 548
1496160 553
1496170 557
1496180 557
1496190 560
1496200 564
1496210 564
1496220 566
1496230 567
1496240 567
1496250 566
1496260 562
1496270 562
1496280 560
1496290 561
1496300 561
1496310 561
1496320 564
1496330 564
1496340 569
1496350 569
1496360 569
1496370 568
1496380 567
1496390 567
1496400 567
1496410 568
1496420 568
1496430 569
1496440 571
1496450 571
1496460 573
1496470 574
1496480 574
1496490 575
1496500 575
1496510 575
1496520 575
1496530 574
1496540 574
1496550 574
1496560 574
1496570 574
1496580 574
1496590 574
1496600 574
1496610 574
1496620 574
1496630 575
1496640 575
1496650 575
1496660 575
1496670 575
1496680 576
1496690 577
1496700 577
1496710 578
1496720 579
1496730 579
1496740 580
1496750 581
1496760 581
1496770 580
1496780 578
1496790 578
1496800 576
1496810 574
1496820 574
1496830 573
1496840 573
1496850 573
1496860 572
1496870 572
1496880 572
1496890 571
1496900 571
1496910 571
1496920 571
1496930 571
1496940 571
1496950 571
1496960 571
1496970 571
1496980 571
1496990 571
1497000 571
1497010 571
1497020 572
1497030 572
1497040 572
1497050 572
1497060 572
1497070 572
1497080 573
1497090 573
1497100 573
1497110 574
1497120 574
1497130 575
1497140 577
1497150 578
1497160 578
1497170 581
1497180 583
1497190 583
1497200 584
1497210 585
1497220 585
1497230 586
1497240 587
1497250 587
1497260 587
1497270 588
1497280 588
1497290 588
1497300 588
1497310 588
1497320 588
1497330 587
1497340 587
1497350 587
1497360 586
1497370 586
1497380 586
1497390 584
1497400 584
1497410 583
1497420 582
1497430 582
1497440 582
1497450 581
1497460 581
1497470 580
1497480 581
1497490 581
1497500 582
1497510 582
1497520 582
1497530 582
1497540 583
1497550 583
1497560 583
1497570 584
1497580 584
1497590 585
1497600 585
1497610 585
1497620 585
1497630 586
1497640 586
1497650 586
1497660 586
1497670 586
1497680 587
1497690 587
1497700 587
1497710 588
1497720 588
1497730 588
1497740 589
1497750 589
1497760 589
1497770 589
1497780 590
1497790 590
1497800 590
1497810 591
1497820 591
1497830 591
1497840 593
1497850 593
1497860 593
1497870 594
1497880 597
1497890 597
1497900 600
1497910 603
1497920 603
1497930 605
1497940 606
1497950 606
1497960 608
1497970 610
1497980 610
1497990 611
1498000 612
1498010 612
1498020 614
1498030 615
1498040 615
1498050 617
1498060 618
1498070 618
1498080 620
1498090 621
1498100 621
1498110 623
1498120 624
1498130 624
1498140 625
1498150 627
1498160 627
1498170 629
1498180 630
1498190 630
1498200 630
1498210 630
1498220 630
1498230 631
1498240 633
1498250 633
1498260 635
1498270 637
1498280 637
1498290 637
1498300 636
1498310 636
1498320 636
1498330 637
1498340 637
1498350 637
1498360 638
1498370 638
1498380 638
1498390 637
1498400 636
1498410 636
1498420 636
1498430 635
1498440 635
1498450 635
1498460 635
1498470 635
1498480 635
1498490 633
1498500 633
1498510 632
1498520 632
1498530 632
1498540 632
1498550 632
1498560 632
1498570 633
1498580 634
1498590 634
1498600 635
1498610 636
1498620 636
1498630 637
1498640 639
1498650 639
1498660 640
1498670 642
1498680 642
1498690 643
1498700 644
1498710 644
1498720 645
1498730 646
1498740 646
1498750 647
1498760 648
1498770 648
1498780 648
1498790 648
1498800 648
1498810 649
1498820 648
1498830 648
1498840 650
1498850 652
1498860 652
1498870 654
1498880 655
1498890 655
1498900 656
1498910 658
1498920 658
1498930 660
1498940 661
1498950 661
1498960 663
1498970 664
1498980 665
1498990 665
1499000 666
1499010 667
1499020 667
1499030 668
1499040 669
1499050 669
1499060 670
1499070 672
1499080 672
1499090 673
1499100 674
1499110 674
1499120 675
1499130 676
1499140 676
1499150 677
1499160 678
1499170 678
1499180 679
1499190 680
1499200 680
1499210 681
1499220 682
1499230 682
1499240 683
1499250 684
1499260 684
1499270 685
1499280 686
1499290 686
1499300 687
1499310 687
1499320 687
1499330 688
1499340 689
1499350 689
1499360 690
1499370 691
1499380 691
1499390 692
1499400 693
1499410 693
1499420 694
1499430 695
1499440 695
1499450 696
1499460 697
1499470 697
1499480 698
1499490 699
1499500 699
1499510 699
1499520 700
1499530 700
1499540 700
1499550 701
1499560 701
1499570 702
1499580 703
1499590 704
1499600 704
1499610 704
1499620 704
1499630 704
1499640 704
1499650 704
1499660 704
1499670 704
1499680 704
1499690 704
1499700 704
1499710 704
1499720 704
1499730 704
1499740 704
1499750 704
1499760 704
1499770 704
1499780 704
1499790 704
1499800 705
1499810 705
1499820 705
1499830 705
1499840 705
1499850 705
1499860 705
1499870 705
1499880 706
1499890 706
1499900 706
1499910 707
1499920 707
1499930 707
1499940 707
1499950 707
1499960 707
1499970 707
1499980 707
1499990 707
