1480000 540
1480010 540
1480020 539
1480030 538
1480040 538
1480050 538
1480060 538
1480070 538
1480080 538
1480090 538
1480100 538
1480110 538
1480120 538
1480130 538
1480140 538
1480150 538
1480160 538
1480170 538
1480180 538
1480190 538
1480200 538
1480210 538
1480220 539
1480230 539
1480240 539
1480250 539
1480260 539
1480270 539
1480280 539
1480290 539
1480300 540
1480310 541
1480320 541
1480330 541
1480340 541
1480350 541
1480360 541
1480370 545
1480380 545
1480390 545
1480400 546
1480410 546
1480420 546
1480430 546
1480440 546
1480450 547
1480460 547
1480470 547
1480480 547
1480490 547
1480500 547
1480510 547
1480520 548
1480530 548
1480540 548
1480550 549
1480560 549
1480570 549
1480580 550
1480590 550
1480600 549
1480610 550
1480620 550
1480630 550
1480640 551
1480650 551
1480660 552
1480670 551
1480680 551
1480690 552
1480700 553
1480710 554
1480720 554
1480730 554
1480740 555
1480750 555
1480760 555
1480770 556
1480780 556
1480790 557
1480800 557
1480810 557
1480820 557
1480830 557
1480840 557
1480850 557
1480860 557
1480870 557
1480880 557
1480890 557
1480900 557
1480910 558
1480920 558
1480930 558
1480940 558
1480950 558
1480960 558
1480970 558
1480980 558
1480990 558
1481000 558
1481010 558
1481020 558
1481030 558
1481040 558
1481050 558
1481060 558
1481070 558
1481080 558
1481090 558
1481100 558
1481110 558
1481120 558
1481130 558
1481140 558
1481150 557
1481160 557
1481170 557
1481180 557
1481190 557
1481200 557
1481210 557
1481220 557
1481230 557
1481240 557
1481250 557
1481260 557
1481270 557
1481280 557
1481290 557
1481300 557
1481310 556
1481320 556
1481330 556
1481340 556
1481350 556
1481360 556
1481370 556
1481380 556
1481390 556
1481400 556
1481410 556
1481420 556
1481430 556
1481440 556
1481450 556
1481460 556
1481470 557
1481480 557
1481490 557
1481500 556
1481510 556
1481520 555
1481530 555
1481540 555
1481550 554
1481560 554
1481570 554
1481580 554
1481590 553
1481600 553
1481610 552
1481620 551
1481630 551
1481640 551
1481650 550
1481660 550
1481670 549
1481680 548
1481690 548
1481700 548
1481710 548
1481720 548
1481730 547
1481740 547
1481750 547
1481760 547
1481770 546
1481780 546
1481790 545
1481800 545
1481810 545
1481820 544
1481830 544
1481840 544
1481850 543
1481860 543
1481870 543
1481880 543
1481890 542
1481900 542
1481910 542
1481920 541
1481930 541
1481940 541
1481950 540
1481960 540
1481970 540
1481980 539
1481990 539
1482000 539
1482010 539
1482020 538
1482030 538
1482040 538
1482050 537
1482060 537
1482070 537
1482080 536
1482090 536
1482100 535
1482110 534
1482120 534
1482130 533
1482140 532
1482150 532
1482160 531
1482170 531
1482180 531
1482190 530
1482200 530
1482210 530
1482220 530
1482230 530
1482240 530
1482250 530
1482260 528
1482270 528
1482280 528
1482290 530
1482300 530
1482310 530
1482320 530
1482330 530
1482340 531
1482350 531
1482360 531
1482370 531
1482380 531
1482390 531
1482400 532
1482410 532
1482420 532
1482430 532
1482440 532
1482450 532
1482460 532
1482470 533
1482480 533
1482490 533
1482500 533
1482510 533
1482520 533
1482530 533
1482540 532
1482550 532
1482560 530
1482570 527
1482580 527
1482590 527
1482600 527
1482610 527
1482620 527
1482630 528
1482640 528
1482650 528
1482660 529
1482670 529
1482680 529
1482690 530
1482700 530
1482710 531
1482720 532
1482730 532
1482740 533
1482750 534
1482760 534
1482770 535
1482780 536
1482790 536
1482800 537
1482810 538
1482820 538
1482830 539
1482840 539
1482850 539
1482860 541
1482870 542
1482880 542
1482890 543
1482900 544
1482910 544
1482920 545
1482930 545
1482940 545
1482950 545
1482960 546
1482970 546
1482980 546
1482990 546
1483000 546
1483010 547
1483020 548
1483030 548
1483040 547
1483050 548
1483060 548
1483070 548
1483080 549
1483090 549
1483100 549
1483110 549
1483120 549
1483130 549
1483140 550
1483150 550
1483160 550
1483170 550
1483180 550
1483190 550
1483200 550
1483210 549
1483220 549
1483230 549
1483240 548
1483250 548
1483260 547
1483270 547
1483280 547
1483290 546
1483300 545
1483310 545
1483320 544
1483330 544
1483340 544
1483350 543
1483360 543
1483370 543
1483380 541
1483390 540
1483400 540
1483410 539
1483420 539
1483430 539
1483440 538
1483450 538
1483460 538
1483470 537
1483480 536
1483490 536
1483500 536
1483510 535
1483520 535
1483530 535
1483540 534
1483550 534
1483560 533
1483570 533
1483580 533
1483590 533
1483600 532
1483610 532
1483620 532
1483630 531
1483640 531
1483650 531
1483660 531
1483670 531
1483680 530
1483690 530
1483700 530
1483710 530
1483720 530
1483730 530
1483740 529
1483750 529
1483760 528
1483770 528
1483780 528
1483790 528
1483800 528
1483810 528
1483820 528
1483830 528
1483840 528
1483850 528
1483860 528
1483870 529
1483880 529
1483890 529
1483900 529
1483910 529
1483920 529
1483930 529
1483940 528
1483950 528
1483960 528
1483970 528
1483980 528
1483990 528
1484000 527
1484010 527
1484020 527
1484030 527
1484040 527
1484050 526
1484060 526
1484070 526
1484080 525
1484090 525
1484100 525
1484110 524
1484120 523
1484130 523
1484140 523
1484150 521
1484160 521
1484170 520
1484180 520
1484190 520
1484200 520
1484210 519
1484220 519
1484230 518
1484240 517
1484250 517
1484260 517
1484270 516
1484280 516
1484290 515
1484300 515
1484310 515
1484320 514
1484330 513
1484340 513
1484350 512
1484360 510
1484370 507
1484380 507
1484390 505
1484400 503
1484410 503
1484420 501
1484430 499
1484440 499
1484450 498
1484460 498
1484470 498
1484480 497
1484490 497
1484500 497
1484510 496
1484520 495
1484530 495
1484540 495
1484550 494
1484560 494
1484570 494
1484580 494
1484590 494
1484600 494
1484610 493
1484620 493
1484630 492
1484640 491
1484650 491
1484660 491
1484670 490
1484680 490
1484690 489
1484700 488
1484710 488
1484720 487
1484730 485
1484740 485
1484750 485
1484760 484
1484770 484
1484780 484
1484790 484
1484800 484
1484810 484
1484820 484
1484830 484
1484840 484
1484850 483
1484860 483
1484870 483
1484880 484
1484890 484
1484900 484
1484910 483
1484920 483
1484930 483
1484940 483
1484950 483
1484960 483
1484970 483
1484980 483
1484990 483
1485000 482
1485010 482
1485020 482
1485030 482
1485040 482
1485050 482
1485060 481
1485070 481
1485080 481
1485090 481
1485100 481
1485110 481
1485120 481
1485130 480
1485140 480
1485150 480
1485160 480
1485170 480
1485180 480
1485190 480
1485200 480
1485210 480
1485220 480
1485230 480
1485240 480
1485250 480
1485260 480
1485270 480
1485280 480
1485290 480
1485300 480
1485310 480
1485320 480
1485330 480
1485340 480
1485350 480
1485360 480
1485370 480
1485380 480
1485390 480
1485400 480
1485410 480
1485420 480
1485430 480
1485440 480
1485450 480
1485460 480
1485470 480
1485480 480
1485490 480
1485500 480
1485510 480
1485520 480
1485530 480
1485540 480
1485550 480
1485560 480
1485570 480
1485580 480
1485590 480
1485600 480
1485610 480
1485620 480
1485630 480
1485640 480
1485650 480
1485660 480
1485670 480
1485680 480
1485690 480
1485700 480
1485710 480
1485720 480
1485730 480
1485740 480
1485750 480
1485760 480
1485770 480
1485780 480
1485790 480
1485800 480
1485810 480
1485820 480
1485830 480
1485840 480
1485850 480
1485860 480
1485870 480
1485880 480
1485890 480
1485900 480
1485910 480
1485920 480
1485930 480
1485940 480
1485950 480
1485960 480
1485970 480
1485980 480
1485990 480
1486000 480
1486010 480
1486020 480
1486030 480
1486040 480
1486050 480
1486060 480
1486070 480
1486080 480
1486090 480
1486100 480
1486110 480
1486120 480
1486130 480
1486140 480
1486150 480
1486160 480
1486170 480
1486180 480
1486190 480
1486200 480
1486210 480
1486220 480
1486230 480
1486240 480
1486250 480
1486260 480
1486270 480
1486280 480
1486290 480
1486300 480
1486310 480
1486320 480
1486330 480
1486340 480
1486350 480
1486360 480
1486370 480
1486380 480
1486390 480
1486400 480
1486410 480
1486420 480
1486430 480
1486440 480
1486450 480
1486460 480
1486470 480
1486480 480
1486490 480
1486500 480
1486510 480
1486520 480
1486530 480
1486540 480
1486550 480
1486560 480
1486570 480
1486580 480
1486590 480
1486600 480
1486610 480
1486620 480
1486630 480
1486640 480
1486650 480
1486660 480
1486670 480
1486680 480
1486690 480
1486700 480
1486710 480
1486720 480
1486730 480
1486740 480
1486750 480
1486760 480
1486770 480
1486780 480
1486790 480
1486800 480
1486810 480
1486820 480
1486830 480
1486840 480
1486850 480
1486860 480
1486870 480
1486880 480
1486890 480
1486900 480
1486910 480
1486920 480
1486930 480
1486940 480
1486950 480
1486960 480
1486970 480
1486980 480
1486990 480
1487000 480
1487010 480
1487020 480
1487030 480
1487040 480
1487050 480
1487060 480
1487070 480
1487080 480
1487090 480
1487100 480
1487110 480
1487120 480
1487130 480
1487140 480
1487150 480
1487160 480
1487170 480
1487180 480
1487190 480
1487200 480
1487210 480
1487220 480
1487230 480
1487240 480
1487250 480
1487260 480
1487270 480
1487280 480
1487290 480
1487300 480
1487310 480
1487320 480
1487330 480
1487340 480
1487350 480
1487360 480
1487370 480
1487380 480
1487390 480
1487400 480
1487410 480
1487420 480
1487430 480
1487440 480
1487450 480
1487460 480
1487470 480
1487480 480
1487490 480
1487500 480
1487510 480
1487520 480
1487530 480
1487540 480
1487550 480
1487560 480
1487570 480
1487580 480
1487590 480
1487600 480
1487610 480
1487620 480
1487630 480
1487640 480
1487650 480
1487660 480
1487670 480
1487680 480
1487690 480
1487700 480
1487710 480
1487720 480
1487730 480
1487740 480
1487750 480
1487760 480
1487770 480
1487780 480
1487790 480
1487800 480
1487810 480
1487820 480
1487830 480
1487840 480
1487850 480
1487860 480
1487870 480
1487880 480
1487890 480
1487900 480
1487910 480
1487920 480
1487930 480
1487940 480
1487950 480
1487960 480
1487970 480
1487980 480
1487990 480
1488000 480
1488010 480
1488020 480
1488030 480
1488040 480
1488050 480
1488060 480
1488070 480
1488080 480
1488090 480
1488100 480
1488110 480
1488120 480
1488130 480
1488140 480
1488150 480
1488160 480
1488170 480
1488180 480
1488190 480
1488200 480
1488210 480
1488220 480
1488230 480
1488240 480
1488250 480
1488260 480
1488270 480
1488280 480
1488290 480
1488300 480
1488310 480
1488320 480
1488330 480
1488340 480
1488350 480
1488360 480
1488370 480
1488380 480
1488390 480
1488400 480
1488410 480
1488420 480
1488430 480
1488440 480
1488450 480
1488460 480
1488470 480
1488480 480
1488490 480
1488500 480
1488510 480
1488520 480
1488530 480
1488540 480
1488550 480
1488560 480
1488570 480
1488580 480
1488590 480
1488600 480
1488610 480
1488620 480
1488630 480
1488640 480
1488650 480
1488660 480
1488670 480
1488680 480
1488690 480
1488700 480
1488710 480
1488720 480
1488730 480
1488740 480
1488750 480
1488760 480
1488770 480
1488780 480
1488790 480
1488800 480
1488810 480
1488820 480
1488830 480
1488840 480
1488850 480
1488860 480
1488870 480
1488880 480
1488890 480
1488900 480
1488910 480
1488920 480
1488930 480
1488940 480
1488950 480
1488960 480
1488970 480
1488980 480
1488990 480
1489000 480
1489010 480
1489020 481
1489030 482
1489040 482
1489050 483
1489060 486
1489070 486
1489080 490
1489090 494
1489100 494
1489110 498
1489120 500
1489130 500
1489140 503
1489150 505
1489160 505
1489170 508
1489180 511
1489190 514
1489200 514
1489210 516
1489220 517
1489230 517
1489240 518
1489250 519
1489260 519
1489270 522
1489280 523
1489290 523
1489300 524
1489310 525
1489320 525
1489330 526
1489340 529
1489350 529
1489360 532
1489370 535
1489380 535
1489390 538
1489400 540
1489410 540
1489420 541
1489430 542
1489440 542
1489450 542
1489460 543
1489470 543
1489480 544
1489490 545
1489500 545
1489510 547
1489520 549
1489530 549
1489540 550
1489550 552
1489560 552
1489570 553
1489580 555
1489590 555
1489600 556
1489610 559
1489620 559
1489630 560
1489640 560
1489650 560
1489660 561
1489670 562
1489680 562
1489690 564
1489700 566
1489710 566
1489720 568
1489730 569
1489740 569
1489750 572
1489760 574
1489770 574
1489780 576
1489790 578
1489800 580
1489810 580
1489820 583
1489830 586
1489840 586
1489850 588
1489860 592
1489870 592
1489880 594
1489890 595
1489900 595
1489910 596
1489920 598
1489930 598
1489940 599
1489950 601
1489960 601
1489970 603
1489980 604
1489990 604
1490000 605
1490010 605
1490020 605
1490030 606
1490040 607
1490050 607
1490060 609
1490070 610
1490080 610
1490090 612
1490100 615
1490110 615
1490120 617
1490130 620
1490140 620
1490150 623
1490160 626
1490170 626
1490180 629
1490190 633
1490200 633
1490210 635
1490220 637
1490230 637
1490240 638
1490250 642
1490260 642
1490270 644
1490280 647
1490290 647
1490300 649
1490310 651
1490320 651
1490330 653
1490340 655
1490350 655
1490360 656
1490370 657
1490380 657
1490390 660
1490400 663
1490410 665
1490420 665
1490430 666
1490440 668
1490450 668
1490460 670
1490470 672
1490480 672
1490490 674
1490500 676
1490510 676
1490520 678
1490530 679
1490540 679
1490550 678
1490560 677
1490570 677
1490580 674
1490590 670
1490600 670
1490610 666
1490620 663
1490630 663
1490640 660
1490650 657
1490660 657
1490670 654
1490680 651
1490690 651
1490700 650
1490710 652
1490720 652
1490730 653
1490740 655
1490750 655
1490760 657
1490770 659
1490780 659
1490790 661
1490800 662
1490810 662
1490820 664
1490830 667
1490840 667
1490850 671
1490860 675
1490870 675
1490880 681
1490890 686
1490900 686
1490910 692
1490920 699
1490930 699
1490940 704
1490950 706
1490960 706
1490970 705
1490980 704
1490990 704
1491000 703
1491010 703
1491020 706
1491030 706
1491040 710
1491050 713
1491060 713
1491070 715
1491080 717
1491090 717
1491100 719
1491110 721
1491120 721
1491130 724
1491140 728
1491150 728
1491160 732
1491170 735
1491180 735
1491190 737
1491200 740
1491210 740
1491220 740
1491230 735
1491240 735
1491250 729
1491260 734
1491270 734
1491280 739
1491290 745
1491300 745
1491310 748
1491320 749
1491330 749
1491340 752
1491350 754
1491360 754
1491370 756
1491380 759
1491390 759
1491400 762
1491410 764
1491420 764
1491430 766
1491440 768
1491450 768
1491460 770
1491470 772
1491480 772
1491490 774
1491500 776
1491510 776
1491520 778
1491530 780
1491540 780
1491550 781
1491560 783
1491570 783
1491580 783
1491590 785
1491600 785
1491610 788
1491620 790
1491630 792
1491640 792
1491650 794
1491660 795
1491670 795
1491680 797
1491690 798
1491700 798
1491710 800
1491720 800
1491730 800
1491740 801
1491750 803
1491760 803
1491770 804
1491780 806
1491790 806
1491800 809
1491810 811
1491820 811
1491830 813
1491840 815
1491850 815
1491860 818
1491870 820
1491880 820
1491890 822
1491900 823
1491910 823
1491920 825
1491930 827
1491940 827
1491950 827
1491960 825
1491970 825
1491980 823
1491990 820
1492000 820
1492010 818
1492020 815
1492030 815
1492040 812
1492050 810
1492060 810
1492070 808
1492080 807
1492090 807
1492100 805
1492110 802
1492120 802
1492130 798
1492140 794
1492150 794
1492160 789
1492170 786
1492180 786
1492190 783
1492200 779
1492210 779
1492220 775
1492230 773
1492240 771
1492250 771
1492260 770
1492270 768
1492280 768
1492290 765
1492300 764
1492310 764
1492320 764
1492330 763
1492340 763
1492350 765
1492360 767
1492370 767
1492380 769
1492390 770
1492400 770
1492410 772
1492420 774
1492430 774
1492440 774
1492450 774
1492460 774
1492470 775
1492480 775
1492490 775
1492500 775
1492510 774
1492520 774
1492530 773
1492540 771
1492550 771
1492560 770
1492570 769
1492580 769
1492590 768
1492600 770
1492610 770
1492620 772
1492630 774
1492640 774
1492650 776
1492660 778
1492670 778
1492680 780
1492690 781
1492700 781
1492710 781
1492720 779
1492730 779
1492740 777
1492750 774
1492760 774
1492770 771
1492780 768
1492790 768
1492800 764
1492810 760
1492820 760
1492830 756
1492840 752
1492850 748
1492860 748
1492870 744
1492880 740
1492890 740
1492900 736
1492910 732
1492920 732
1492930 728
1492940 726
1492950 726
1492960 725
1492970 722
1492980 722
1492990 719
1493000 715
1493010 715
1493020 712
1493030 709
1493040 709
1493050 706
1493060 708
1493070 708
1493080 707
1493090 706
1493100 706
1493110 704
1493120 701
1493130 701
1493140 700
1493150 698
1493160 698
1493170 697
1493180 699
1493190 699
1493200 699
1493210 699
1493220 699
1493230 700
1493240 703
1493250 703
1493260 706
1493270 708
1493280 708
1493290 710
1493300 711
1493310 711
1493320 712
1493330 711
1493340 711
1493350 711
1493360 710
1493370 710
1493380 709
1493390 707
1493400 707
1493410 706
1493420 705
1493430 705
1493440 702
1493450 701
1493460 699
1493470 699
1493480 698
1493490 698
1493500 698
1493510 697
1493520 696
1493530 696
1493540 696
1493550 695
1493560 695
1493570 694
1493580 693
1493590 693
1493600 691
1493610 689
1493620 689
1493630 687
1493640 684
1493650 684
1493660 681
1493670 678
1493680 678
1493690 675
1493700 673
1493710 673
1493720 672
1493730 670
1493740 670
1493750 669
1493760 669
1493770 669
1493780 669
1493790 670
1493800 670
1493810 671
1493820 674
1493830 674
1493840 677
1493850 679
1493860 679
1493870 681
1493880 682
1493890 682
1493900 682
1493910 682
1493920 682
1493930 680
1493940 677
1493950 677
1493960 674
1493970 673
1493980 673
1493990 675
1494000 675
1494010 675
1494020 675
1494030 675
1494040 675
1494050 675
1494060 675
1494070 676
1494080 676
1494090 676
1494100 676
1494110 676
1494120 677
1494130 677
1494140 677
1494150 676
1494160 676
1494170 676
1494180 675
1494190 675
1494200 675
1494210 675
1494220 674
1494230 674
1494240 674
1494250 673
1494260 673
1494270 672
1494280 672
1494290 672
1494300 671
1494310 670
1494320 670
1494330 670
1494340 669
1494350 669
1494360 668
1494370 667
1494380 667
1494390 666
1494400 665
1494410 665
1494420 664
1494430 662
1494440 662
1494450 660
1494460 658
1494470 658
1494480 656
1494490 654
1494500 654
1494510 651
1494520 650
1494530 650
1494540 650
1494550 650
1494560 650
1494570 650
1494580 650
1494590 650
1494600 649
1494610 649
1494620 649
1494630 648
1494640 648
1494650 648
1494660 647
1494670 646
1494680 645
1494690 645
1494700 644
1494710 643
1494720 643
1494730 642
1494740 640
1494750 640
1494760 638
1494770 636
1494780 636
1494790 633
1494800 630
1494810 630
1494820 627
1494830 624
1494840 624
1494850 621
1494860 618
1494870 618
1494880 615
1494890 613
1494900 613
1494910 610
1494920 606
1494930 606
1494940 603
1494950 600
1494960 600
1494970 597
1494980 595
1494990 595
1495000 593
1495010 592
1495020 592
1495030 590
1495040 589
1495050 589
1495060 588
1495070 588
1495080 588
1495090 587
1495100 584
1495110 584
1495120 576
1495130 569
1495140 569
1495150 570
1495160 578
1495170 578
1495180 579
1495190 581
1495200 581
1495210 582
1495220 583
1495230 583
1495240 583
1495250 584
1495260 584
1495270 584
1495280 584
1495290 584
1495300 584
1495310 585
1495320 586
1495330 586
1495340 587
1495350 589
1495360 589
1495370 590
1495380 591
1495390 591
1495400 592
1495410 593
1495420 593
1495430 593
1495440 593
1495450 593
1495460 593
1495470 592
1495480 592
1495490 591
1495500 590
1495510 590
1495520 589
1495530 588
1495540 588
1495550 587
1495560 585
1495570 585
1495580 584
1495590 583
1495600 583
1495610 581
1495620 579
1495630 579
1495640 578
1495650 577
1495660 577
1495670 575
1495680 572
1495690 572
1495700 570
1495710 568
1495720 568
1495730 565
1495740 563
1495750 563
1495760 560
1495770 557
1495780 557
1495790 554
1495800 551
1495810 551
1495820 549
1495830 547
1495840 547
1495850 544
1495860 540
1495870 535
1495880 535
1495890 533
1495900 532
1495910 532
1495920 534
1495930 537
1495940 537
1495950 538
1495960 539
1495970 539
1495980 540
1495990 540
1496000 540
1496010 541
1496020 542
1496030 542
1496040 542
1496050 542
1496060 542
1496070 544
1496080 547
1496090 547
1496100 549
1496110 551
1496120 551
1496130 552
1496140 554
1496150 554
1496160 557
1496170 558
1496180 558
1496190 558
1496200 558
1496210 558
1496220 558
1496230 559
1496240 559
1496250 560
1496260 561
1496270 561
1496280 561
1496290 561
1496300 561
1496310 560
1496320 559
1496330 559
1496340 561
1496350 564
1496360 564
1496370 565
1496380 565
1496390 565
1496400 566
1496410 568
1496420 568
1496430 570
1496440 571
1496450 571
1496460 572
1496470 574
1496480 575
1496490 575
1496500 575
1496510 576
1496520 576
1496530 577
1496540 578
1496550 578
1496560 579
1496570 580
1496580 580
1496590 580
1496600 581
1496610 581
1496620 581
1496630 582
1496640 582
1496650 582
1496660 582
1496670 582
1496680 582
1496690 582
1496700 582
1496710 582
1496720 582
1496730 582
1496740 582
1496750 582
1496760 582
1496770 583
1496780 582
1496790 582
1496800 581
1496810 579
1496820 579
1496830 578
1496840 580
1496850 580
1496860 581
1496870 582
1496880 582
1496890 582
1496900 583
1496910 583
1496920 583
1496930 584
1496940 584
1496950 584
1496960 585
1496970 585
1496980 587
1496990 588
1497000 588
1497010 590
1497020 591
1497030 591
1497040 593
1497050 595
1497060 595
1497070 596
1497080 598
1497090 600
1497100 600
1497110 601
1497120 603
1497130 603
1497140 605
1497150 606
1497160 606
1497170 606
1497180 607
1497190 607
1497200 608
1497210 608
1497220 608
1497230 609
1497240 609
1497250 609
1497260 609
1497270 609
1497280 609
1497290 609
1497300 610
1497310 610
1497320 609
1497330 609
1497340 609
1497350 609
1497360 609
1497370 609
1497380 609
1497390 608
1497400 608
1497410 608
1497420 608
1497430 608
1497440 607
1497450 607
1497460 607
1497470 606
1497480 606
1497490 606
1497500 605
1497510 605
1497520 605
1497530 604
1497540 604
1497550 604
1497560 604
1497570 603
1497580 603
1497590 602
1497600 601
1497610 601
1497620 600
1497630 599
1497640 599
1497650 598
1497660 598
1497670 598
1497680 597
1497690 597
1497700 596
1497710 596
1497720 596
1497730 595
1497740 595
1497750 595
1497760 594
1497770 594
1497780 594
1497790 594
1497800 594
1497810 594
1497820 594
1497830 594
1497840 595
1497850 595
1497860 595
1497870 595
1497880 596
1497890 596
1497900 596
1497910 597
1497920 597
1497930 598
1497940 599
1497950 599
1497960 600
1497970 600
1497980 600
1497990 601
1498000 603
1498010 603
1498020 605
1498030 608
1498040 608
1498050 610
1498060 612
1498070 612
1498080 614
1498090 616
1498100 616
1498110 618
1498120 619
1498130 619
1498140 621
1498150 622
1498160 622
1498170 624
1498180 625
1498190 625
1498200 627
1498210 628
1498220 628
1498230 630
1498240 631
1498250 631
1498260 632
1498270 633
1498280 633
1498290 633
1498300 634
1498310 635
1498320 635
1498330 635
1498340 636
1498350 636
1498360 636
1498370 636
1498380 636
1498390 636
1498400 637
1498410 637
1498420 637
1498430 637
1498440 637
1498450 637
1498460 637
1498470 637
1498480 636
1498490 636
1498500 636
1498510 636
1498520 636
1498530 636
1498540 635
1498550 635
1498560 635
1498570 635
1498580 635
1498590 635
1498600 635
1498610 635
1498620 635
1498630 635
1498640 635
1498650 635
1498660 635
1498670 635
1498680 635
1498690 635
1498700 635
1498710 635
1498720 635
1498730 635
1498740 635
1498750 636
1498760 636
1498770 636
1498780 636
1498790 637
1498800 637
1498810 637
1498820 637
1498830 637
1498840 637
1498850 638
1498860 638
1498870 638
1498880 639
1498890 639
1498900 640
1498910 641
1498920 642
1498930 642
1498940 644
1498950 645
1498960 645
1498970 647
1498980 649
1498990 649
1499000 650
1499010 652
1499020 652
1499030 653
1499040 655
1499050 655
1499060 657
1499070 658
1499080 658
1499090 659
1499100 660
1499110 660
1499120 662
1499130 663
1499140 663
1499150 664
1499160 664
1499170 664
1499180 665
1499190 666
1499200 666
1499210 667
1499220 668
1499230 668
1499240 669
1499250 669
1499260 669
1499270 670
1499280 671
1499290 671
1499300 671
1499310 672
1499320 672
1499330 672
1499340 672
1499350 672
1499360 672
1499370 672
1499380 672
1499390 671
1499400 671
1499410 671
1499420 670
1499430 669
1499440 669
1499450 669
1499460 667
1499470 667
1499480 665
1499490 664
1499500 664
1499510 664
1499520 664
1499530 663
1499540 663
1499550 663
1499560 662
1499570 662
1499580 661
1499590 661
1499600 661
1499610 661
1499620 660
1499630 660
1499640 660
1499650 660
1499660 660
1499670 660
1499680 660
1499690 660
1499700 659
1499710 659
1499720 659
1499730 659
1499740 659
1499750 659
1499760 659
1499770 659
1499780 659
1499790 659
1499800 658
1499810 658
1499820 658
1499830 658
1499840 658
1499850 658
1499860 658
1499870 658
1499880 657
1499890 657
1499900 657
1499910 657
1499920 657
1499930 657
1499940 656
1499950 656
1499960 656
1499970 655
1499980 655
1499990 655
