1480000 569
1480010 569
1480020 569
1480030 568
1480040 568
1480050 567
1480060 565
1480070 565
1480080 564
1480090 563
1480100 562
1480110 562
1480120 561
1480130 561
1480140 561
1480150 560
1480160 559
1480170 559
1480180 558
1480190 558
1480200 558
1480210 557
1480220 557
1480230 557
1480240 557
1480250 556
1480260 556
1480270 556
1480280 555
1480290 555
1480300 555
1480310 555
1480320 555
1480330 555
1480340 554
1480350 554
1480360 554
1480370 553
1480380 553
1480390 550
1480400 550
1480410 550
1480420 550
1480430 551
1480440 551
1480450 554
1480460 554
1480470 554
1480480 554
1480490 554
1480500 554
1480510 554
1480520 554
1480530 554
1480540 554
1480550 553
1480560 553
1480570 553
1480580 553
1480590 553
1480600 553
1480610 554
1480620 554
1480630 554
1480640 554
1480650 554
1480660 554
1480670 554
1480680 554
1480690 554
1480700 554
1480710 555
1480720 555
1480730 555
1480740 555
1480750 555
1480760 555
1480770 555
1480780 555
1480790 555
1480800 555
1480810 555
1480820 555
1480830 555
1480840 555
1480850 555
1480860 555
1480870 555
1480880 555
1480890 555
1480900 555
1480910 555
1480920 555
1480930 555
1480940 555
1480950 555
1480960 555
1480970 555
1480980 555
1480990 555
1481000 555
1481010 555
1481020 555
1481030 555
1481040 555
1481050 555
1481060 555
1481070 555
1481080 555
1481090 555
1481100 555
1481110 555
1481120 555
1481130 555
1481140 555
1481150 555
1481160 555
1481170 555
1481180 555
1481190 555
1481200 555
1481210 555
1481220 555
1481230 555
1481240 555
1481250 555
1481260 555
1481270 555
1481280 555
1481290 555
1481300 555
1481310 555
1481320 555
1481330 555
1481340 555
1481350 554
1481360 554
1481370 554
1481380 553
1481390 553
1481400 553
1481410 553
1481420 553
1481430 553
1481440 553
1481450 553
1481460 553
1481470 553
1481480 553
1481490 553
1481500 553
1481510 553
1481520 553
1481530 553
1481540 553
1481550 553
1481560 553
1481570 553
1481580 552
1481590 552
1481600 552
1481610 552
1481620 552
1481630 552
1481640 552
1481650 552
1481660 552
1481670 552
1481680 552
1481690 552
1481700 552
1481710 552
1481720 552
1481730 552
1481740 551
1481750 551
1481760 551
1481770 551
1481780 551
1481790 551
1481800 551
1481810 551
1481820 551
1481830 551
1481840 551
1481850 551
1481860 550
1481870 550
1481880 550
1481890 550
1481900 550
1481910 550
1481920 550
1481930 550
1481940 550
1481950 550
1481960 549
1481970 549
1481980 549
1481990 549
1482000 549
1482010 549
1482020 548
1482030 548
1482040 548
1482050 548
1482060 548
1482070 548
1482080 549
1482090 549
1482100 549
1482110 548
1482120 548
1482130 547
1482140 546
1482150 546
1482160 545
1482170 545
1482180 545
1482190 545
1482200 544
1482210 544
1482220 544
1482230 544
1482240 544
1482250 542
1482260 540
1482270 540
1482280 539
1482290 539
1482300 539
1482310 538
1482320 537
1482330 537
1482340 536
1482350 537
1482360 537
1482370 539
1482380 542
1482390 542
1482400 543
1482410 543
1482420 543
1482430 543
1482440 543
1482450 543
1482460 543
1482470 542
1482480 542
1482490 542
1482500 540
1482510 540
1482520 540
1482530 539
1482540 539
1482550 539
1482560 539
1482570 539
1482580 539
1482590 539
1482600 540
1482610 540
1482620 540
1482630 541
1482640 541
1482650 542
1482660 542
1482670 542
1482680 541
1482690 541
1482700 541
1482710 541
1482720 541
1482730 541
1482740 542
1482750 542
1482760 542
1482770 542
1482780 542
1482790 542
1482800 542
1482810 542
1482820 542
1482830 542
1482840 542
1482850 542
1482860 542
1482870 542
1482880 542
1482890 541
1482900 540
1482910 540
1482920 539
1482930 538
1482940 538
1482950 536
1482960 534
1482970 534
1482980 533
1482990 532
1483000 532
1483010 531
1483020 530
1483030 530
1483040 530
1483050 529
1483060 529
1483070 529
1483080 528
1483090 528
1483100 528
1483110 528
1483120 528
1483130 527
1483140 527
1483150 527
1483160 527
1483170 526
1483180 526
1483190 526
1483200 526
1483210 525
1483220 525
1483230 525
1483240 525
1483250 525
1483260 524
1483270 524
1483280 524
1483290 524
1483300 524
1483310 524
1483320 524
1483330 524
1483340 524
1483350 524
1483360 523
1483370 523
1483380 523
1483390 523
1483400 523
1483410 523
1483420 522
1483430 522
1483440 522
1483450 521
1483460 521
1483470 520
1483480 520
1483490 520
1483500 519
1483510 519
1483520 519
1483530 518
1483540 517
1483550 517
1483560 517
1483570 516
1483580 516
1483590 516
1483600 515
1483610 515
1483620 515
1483630 514
1483640 514
1483650 514
1483660 514
1483670 514
1483680 513
1483690 513
1483700 513
1483710 512
1483720 511
1483730 511
1483740 510
1483750 509
1483760 509
1483770 509
1483780 508
1483790 507
1483800 507
1483810 506
1483820 506
1483830 506
1483840 506
1483850 505
1483860 505
1483870 504
1483880 504
1483890 504
1483900 503
1483910 503
1483920 503
1483930 503
1483940 501
1483950 501
1483960 496
1483970 493
1483980 493
1483990 497
1484000 500
1484010 500
1484020 500
1484030 500
1484040 500
1484050 499
1484060 498
1484070 498
1484080 496
1484090 494
1484100 494
1484110 492
1484120 491
1484130 491
1484140 490
1484150 489
1484160 489
1484170 488
1484180 488
1484190 488
1484200 488
1484210 487
1484220 487
1484230 487
1484240 486
1484250 486
1484260 485
1484270 485
1484280 485
1484290 485
1484300 485
1484310 485
1484320 485
1484330 484
1484340 484
1484350 484
1484360 484
1484370 484
1484380 484
1484390 484
1484400 484
1484410 484
1484420 484
1484430 484
1484440 484
1484450 484
1484460 483
1484470 483
1484480 483
1484490 483
1484500 483
1484510 483
1484520 483
1484530 483
1484540 483
1484550 483
1484560 483
1484570 483
1484580 483
1484590 483
1484600 483
1484610 483
1484620 483
1484630 483
1484640 483
1484650 483
1484660 482
1484670 482
1484680 482
1484690 482
1484700 482
1484710 482
1484720 482
1484730 482
1484740 482
1484750 482
1484760 482
1484770 482
1484780 482
1484790 482
1484800 482
1484810 482
1484820 482
1484830 482
1484840 482
1484850 482
1484860 482
1484870 482
1484880 482
1484890 482
1484900 482
1484910 482
1484920 482
1484930 482
1484940 482
1484950 482
1484960 482
1484970 481
1484980 481
1484990 481
1485000 481
1485010 481
1485020 481
1485030 481
1485040 481
1485050 481
1485060 481
1485070 481
1485080 481
1485090 481
1485100 480
1485110 480
1485120 480
1485130 480
1485140 480
1485150 480
1485160 480
1485170 480
1485180 480
1485190 480
1485200 480
1485210 480
1485220 480
1485230 480
1485240 480
1485250 480
1485260 480
1485270 480
1485280 480
1485290 480
1485300 480
1485310 480
1485320 480
1485330 480
1485340 480
1485350 480
1485360 480
1485370 480
1485380 480
1485390 480
1485400 480
1485410 480
1485420 480
1485430 480
1485440 480
1485450 480
1485460 480
1485470 480
1485480 480
1485490 480
1485500 480
1485510 480
1485520 480
1485530 480
1485540 480
1485550 480
1485560 480
1485570 480
1485580 480
1485590 480
1485600 480
1485610 480
1485620 480
1485630 480
1485640 480
1485650 480
1485660 480
1485670 480
1485680 480
1485690 480
1485700 480
1485710 480
1485720 480
1485730 480
1485740 480
1485750 480
1485760 480
1485770 480
1485780 480
1485790 480
1485800 480
1485810 480
1485820 480
1485830 480
1485840 480
1485850 480
1485860 480
1485870 480
1485880 480
1485890 480
1485900 480
1485910 480
1485920 480
1485930 480
1485940 480
1485950 480
1485960 480
1485970 480
1485980 480
1485990 480
1486000 480
1486010 480
1486020 480
1486030 480
1486040 480
1486050 480
1486060 480
1486070 480
1486080 480
1486090 480
1486100 480
1486110 480
1486120 480
1486130 480
1486140 480
1486150 480
1486160 480
1486170 480
1486180 480
1486190 480
1486200 480
1486210 480
1486220 480
1486230 480
1486240 480
1486250 480
1486260 480
1486270 480
1486280 480
1486290 480
1486300 480
1486310 480
1486320 480
1486330 480
1486340 480
1486350 480
1486360 480
1486370 480
1486380 480
1486390 480
1486400 480
1486410 480
1486420 480
1486430 480
1486440 480
1486450 480
1486460 480
1486470 480
1486480 480
1486490 480
1486500 480
1486510 480
1486520 480
1486530 480
1486540 480
1486550 480
1486560 480
1486570 480
1486580 480
1486590 480
1486600 480
1486610 480
1486620 480
1486630 480
1486640 480
1486650 480
1486660 480
1486670 480
1486680 480
1486690 480
1486700 480
1486710 480
1486720 480
1486730 480
1486740 480
1486750 480
1486760 480
1486770 480
1486780 480
1486790 480
1486800 480
1486810 480
1486820 480
1486830 480
1486840 480
1486850 480
1486860 480
1486870 480
1486880 480
1486890 480
1486900 480
1486910 480
1486920 480
1486930 480
1486940 480
1486950 480
1486960 480
1486970 480
1486980 480
1486990 480
1487000 480
1487010 480
1487020 480
1487030 480
1487040 480
1487050 480
1487060 480
1487070 480
1487080 480
1487090 480
1487100 480
1487110 480
1487120 480
1487130 480
1487140 480
1487150 480
1487160 480
1487170 480
1487180 480
1487190 480
1487200 480
1487210 480
1487220 480
1487230 480
1487240 480
1487250 480
1487260 480
1487270 480
1487280 480
1487290 480
1487300 480
1487310 480
1487320 480
1487330 480
1487340 480
1487350 480
1487360 480
1487370 480
1487380 480
1487390 480
1487400 480
1487410 480
1487420 480
1487430 480
1487440 480
1487450 480
1487460 480
1487470 480
1487480 480
1487490 480
1487500 480
1487510 480
1487520 480
1487530 480
1487540 480
1487550 480
1487560 480
1487570 480
1487580 480
1487590 480
1487600 480
1487610 480
1487620 480
1487630 480
1487640 480
1487650 480
1487660 480
1487670 480
1487680 480
1487690 480
1487700 480
1487710 480
1487720 480
1487730 480
1487740 480
1487750 480
1487760 480
1487770 480
1487780 480
1487790 480
1487800 480
1487810 480
1487820 480
1487830 480
1487840 480
1487850 480
1487860 480
1487870 480
1487880 480
1487890 480
1487900 480
1487910 480
1487920 480
1487930 480
1487940 480
1487950 480
1487960 480
1487970 480
1487980 480
1487990 480
1488000 480
1488010 480
1488020 480
1488030 480
1488040 480
1488050 480
1488060 480
1488070 480
1488080 480
1488090 480
1488100 480
1488110 480
1488120 480
1488130 480
1488140 480
1488150 480
1488160 480
1488170 480
1488180 480
1488190 480
1488200 480
1488210 480
1488220 480
1488230 480
1488240 480
1488250 480
1488260 480
1488270 481
1488280 481
1488290 481
1488300 482
1488310 482
1488320 483
1488330 484
1488340 484
1488350 486
1488360 488
1488370 488
1488380 490
1488390 492
1488400 492
1488410 492
1488420 495
1488430 495
1488440 498
1488450 500
1488460 500
1488470 502
1488480 503
1488490 503
1488500 503
1488510 504
1488520 504
1488530 505
1488540 507
1488550 507
1488560 508
1488570 510
1488580 510
1488590 511
1488600 513
1488610 514
1488620 514
1488630 516
1488640 519
1488650 519
1488660 522
1488670 525
1488680 525
1488690 525
1488700 526
1488710 526
1488720 528
1488730 530
1488740 530
1488750 530
1488760 529
1488770 529
1488780 529
1488790 531
1488800 531
1488810 534
1488820 538
1488830 538
1488840 543
1488850 548
1488860 548
1488870 553
1488880 556
1488890 556
1488900 557
1488910 558
1488920 558
1488930 562
1488940 565
1488950 565
1488960 567
1488970 570
1488980 570
1488990 574
1489000 578
1489010 578
1489020 581
1489030 584
1489040 584
1489050 585
1489060 585
1489070 585
1489080 589
1489090 592
1489100 592
1489110 595
1489120 597
1489130 597
1489140 600
1489150 602
1489160 602
1489170 604
1489180 606
1489190 606
1489200 609
1489210 612
1489220 615
1489230 615
1489240 618
1489250 619
1489260 619
1489270 621
1489280 623
1489290 623
1489300 624
1489310 625
1489320 625
1489330 627
1489340 628
1489350 628
1489360 630
1489370 633
1489380 633
1489390 635
1489400 637
1489410 637
1489420 640
1489430 643
1489440 643
1489450 646
1489460 649
1489470 649
1489480 652
1489490 656
1489500 656
1489510 659
1489520 661
1489530 661
1489540 664
1489550 667
1489560 667
1489570 669
1489580 671
1489590 671
1489600 673
1489610 676
1489620 676
1489630 679
1489640 683
1489650 683
1489660 687
1489670 691
1489680 691
1489690 693
1489700 696
1489710 696
1489720 700
1489730 705
1489740 705
1489750 709
1489760 712
1489770 712
1489780 712
1489790 716
1489800 716
1489810 719
1489820 720
1489830 723
1489840 723
1489850 728
1489860 732
1489870 732
1489880 733
1489890 734
1489900 734
1489910 734
1489920 734
1489930 734
1489940 733
1489950 730
1489960 730
1489970 729
1489980 728
1489990 728
1490000 728
1490010 727
1490020 727
1490030 726
1490040 726
1490050 726
1490060 727
1490070 730
1490080 730
1490090 732
1490100 733
1490110 733
1490120 735
1490130 736
1490140 736
1490150 738
1490160 740
1490170 740
1490180 742
1490190 743
1490200 743
1490210 744
1490220 744
1490230 744
1490240 745
1490250 747
1490260 747
1490270 749
1490280 751
1490290 751
1490300 752
1490310 753
1490320 753
1490330 754
1490340 755
1490350 755
1490360 754
1490370 753
1490380 753
1490390 751
1490400 753
1490410 753
1490420 756
1490430 757
1490440 759
1490450 759
1490460 762
1490470 763
1490480 763
1490490 765
1490500 765
1490510 765
1490520 765
1490530 764
1490540 764
1490550 763
1490560 762
1490570 762
1490580 760
1490590 759
1490600 759
1490610 760
1490620 760
1490630 760
1490640 760
1490650 760
1490660 760
1490670 761
1490680 766
1490690 766
1490700 769
1490710 769
1490720 769
1490730 768
1490740 765
1490750 765
1490760 764
1490770 769
1490780 769
1490790 773
1490800 774
1490810 774
1490820 773
1490830 771
1490840 771
1490850 773
1490860 773
1490870 773
1490880 772
1490890 772
1490900 772
1490910 775
1490920 777
1490930 777
1490940 780
1490950 784
1490960 784
1490970 787
1490980 791
1490990 791
1491000 793
1491010 793
1491020 793
1491030 798
1491040 802
1491050 804
1491060 804
1491070 806
1491080 810
1491090 810
1491100 814
1491110 817
1491120 817
1491130 819
1491140 820
1491150 820
1491160 819
1491170 819
1491180 819
1491190 820
1491200 824
1491210 824
1491220 828
1491230 828
1491240 828
1491250 824
1491260 820
1491270 820
1491280 820
1491290 826
1491300 826
1491310 830
1491320 833
1491330 833
1491340 836
1491350 839
1491360 839
1491370 841
1491380 842
1491390 842
1491400 842
1491410 841
1491420 841
1491430 841
1491440 840
1491450 840
1491460 840
1491470 841
1491480 841
1491490 843
1491500 846
1491510 846
1491520 847
1491530 848
1491540 848
1491550 851
1491560 856
1491570 856
1491580 861
1491590 865
1491600 865
1491610 869
1491620 875
1491630 875
1491640 878
1491650 882
1491660 884
1491670 884
1491680 887
1491690 889
1491700 889
1491710 891
1491720 895
1491730 895
1491740 898
1491750 901
1491760 901
1491770 904
1491780 906
1491790 906
1491800 908
1491810 910
1491820 910
1491830 912
1491840 914
1491850 914
1491860 916
1491870 917
1491880 917
1491890 919
1491900 920
1491910 920
1491920 921
1491930 921
1491940 921
1491950 921
1491960 921
1491970 921
1491980 921
1491990 920
1492000 920
1492010 917
1492020 914
1492030 914
1492040 913
1492050 912
1492060 912
1492070 912
1492080 913
1492090 913
1492100 913
1492110 914
1492120 914
1492130 914
1492140 913
1492150 913
1492160 914
1492170 914
1492180 914
1492190 914
1492200 914
1492210 914
1492220 913
1492230 913
1492240 913
1492250 913
1492260 914
1492270 914
1492280 915
1492290 916
1492300 914
1492310 914
1492320 912
1492330 909
1492340 909
1492350 906
1492360 902
1492370 902
1492380 898
1492390 895
1492400 895
1492410 893
1492420 892
1492430 892
1492440 890
1492450 889
1492460 889
1492470 889
1492480 890
1492490 890
1492500 893
1492510 895
1492520 895
1492530 897
1492540 898
1492550 898
1492560 899
1492570 897
1492580 897
1492590 893
1492600 887
1492610 887
1492620 881
1492630 877
1492640 877
1492650 876
1492660 874
1492670 874
1492680 872
1492690 870
1492700 870
1492710 871
1492720 873
1492730 873
1492740 875
1492750 874
1492760 874
1492770 874
1492780 873
1492790 873
1492800 873
1492810 871
1492820 871
1492830 869
1492840 867
1492850 867
1492860 862
1492870 858
1492880 858
1492890 859
1492900 861
1492910 861
1492920 861
1492930 862
1492940 864
1492950 864
1492960 864
1492970 863
1492980 863
1492990 861
1493000 858
1493010 858
1493020 856
1493030 855
1493040 855
1493050 855
1493060 854
1493070 854
1493080 853
1493090 850
1493100 850
1493110 847
1493120 842
1493130 842
1493140 836
1493150 829
1493160 829
1493170 823
1493180 818
1493190 818
1493200 813
1493210 808
1493220 808
1493230 805
1493240 802
1493250 802
1493260 799
1493270 796
1493280 796
1493290 795
1493300 792
1493310 792
1493320 789
1493330 787
1493340 787
1493350 784
1493360 783
1493370 783
1493380 781
1493390 782
1493400 782
1493410 784
1493420 788
1493430 788
1493440 791
1493450 793
1493460 793
1493470 794
1493480 796
1493490 796
1493500 799
1493510 800
1493520 799
1493530 799
1493540 798
1493550 796
1493560 796
1493570 794
1493580 791
1493590 791
1493600 787
1493610 784
1493620 784
1493630 782
1493640 781
1493650 781
1493660 779
1493670 778
1493680 778
1493690 776
1493700 775
1493710 775
1493720 773
1493730 772
1493740 772
1493750 771
1493760 772
1493770 772
1493780 772
1493790 773
1493800 773
1493810 772
1493820 771
1493830 771
1493840 770
1493850 769
1493860 769
1493870 769
1493880 769
1493890 769
1493900 769
1493910 768
1493920 768
1493930 767
1493940 765
1493950 765
1493960 763
1493970 759
1493980 759
1493990 754
1494000 748
1494010 748
1494020 741
1494030 735
1494040 735
1494050 730
1494060 726
1494070 726
1494080 723
1494090 721
1494100 721
1494110 719
1494120 718
1494130 716
1494140 716
1494150 714
1494160 713
1494170 713
1494180 712
1494190 711
1494200 711
1494210 710
1494220 710
1494230 710
1494240 709
1494250 709
1494260 709
1494270 708
1494280 708
1494290 708
1494300 709
1494310 709
1494320 709
1494330 709
1494340 710
1494350 710
1494360 710
1494370 709
1494380 709
1494390 709
1494400 708
1494410 708
1494420 707
1494430 705
1494440 705
1494450 704
1494460 702
1494470 702
1494480 701
1494490 699
1494500 699
1494510 697
1494520 694
1494530 694
1494540 690
1494550 686
1494560 686
1494570 680
1494580 676
1494590 676
1494600 672
1494610 669
1494620 669
1494630 665
1494640 661
1494650 661
1494660 659
1494670 654
1494680 654
1494690 649
1494700 645
1494710 645
1494720 644
1494730 645
1494740 645
1494750 645
1494760 644
1494770 643
1494780 643
1494790 642
1494800 642
1494810 642
1494820 641
1494830 640
1494840 640
1494850 640
1494860 640
1494870 640
1494880 641
1494890 641
1494900 641
1494910 641
1494920 639
1494930 639
1494940 638
1494950 637
1494960 637
1494970 636
1494980 634
1494990 634
1495000 633
1495010 632
1495020 632
1495030 631
1495040 630
1495050 630
1495060 628
1495070 627
1495080 627
1495090 626
1495100 626
1495110 626
1495120 625
1495130 623
1495140 623
1495150 622
1495160 620
1495170 620
1495180 619
1495190 618
1495200 618
1495210 617
1495220 616
1495230 616
1495240 615
1495250 613
1495260 613
1495270 611
1495280 609
1495290 609
1495300 607
1495310 605
1495320 605
1495330 603
1495340 601
1495350 599
1495360 599
1495370 598
1495380 596
1495390 596
1495400 595
1495410 595
1495420 595
1495430 594
1495440 593
1495450 593
1495460 591
1495470 590
1495480 590
1495490 588
1495500 586
1495510 586
1495520 585
1495530 584
1495540 584
1495550 582
1495560 580
1495570 580
1495580 579
1495590 577
1495600 577
1495610 575
1495620 574
1495630 574
1495640 572
1495650 570
1495660 570
1495670 569
1495680 567
1495690 567
1495700 566
1495710 564
1495720 564
1495730 563
1495740 561
1495750 561
1495760 559
1495770 558
1495780 558
1495790 556
1495800 554
1495810 554
1495820 553
1495830 552
1495840 552
1495850 551
1495860 550
1495870 550
1495880 550
1495890 548
1495900 548
1495910 546
1495920 544
1495930 544
1495940 541
1495950 537
1495960 536
1495970 536
1495980 535
1495990 534
1496000 534
1496010 536
1496020 539
1496030 539
1496040 541
1496050 545
1496060 545
1496070 547
1496080 549
1496090 549
1496100 552
1496110 557
1496120 557
1496130 561
1496140 565
1496150 565
1496160 568
1496170 570
1496180 570
1496190 572
1496200 573
1496210 573
1496220 574
1496230 575
1496240 575
1496250 575
1496260 571
1496270 571
1496280 565
1496290 561
1496300 561
1496310 561
1496320 561
1496330 561
1496340 562
1496350 567
1496360 567
1496370 569
1496380 570
1496390 570
1496400 570
1496410 570
1496420 570
1496430 570
1496440 570
1496450 570
1496460 570
1496470 570
1496480 570
1496490 570
1496500 571
1496510 571
1496520 572
1496530 572
1496540 572
1496550 573
1496560 574
1496570 574
1496580 574
1496590 575
1496600 575
1496610 575
1496620 575
1496630 575
1496640 575
1496650 574
1496660 575
1496670 575
1496680 575
1496690 576
1496700 576
1496710 577
1496720 577
1496730 577
1496740 577
1496750 577
1496760 577
1496770 576
1496780 575
1496790 575
1496800 574
1496810 574
1496820 574
1496830 573
1496840 573
1496850 573
1496860 573
1496870 573
1496880 573
1496890 573
1496900 574
1496910 574
1496920 574
1496930 574
1496940 574
1496950 574
1496960 574
1496970 574
1496980 574
1496990 573
1497000 573
1497010 572
1497020 570
1497030 570
1497040 570
1497050 570
1497060 570
1497070 570
1497080 571
1497090 571
1497100 571
1497110 571
1497120 571
1497130 572
1497140 573
1497150 573
1497160 573
1497170 574
1497180 574
1497190 574
1497200 574
1497210 574
1497220 574
1497230 575
1497240 575
1497250 575
1497260 575
1497270 575
1497280 575
1497290 575
1497300 575
1497310 575
1497320 575
1497330 575
1497340 575
1497350 576
1497360 577
1497370 577
1497380 577
1497390 578
1497400 578
1497410 578
1497420 579
1497430 579
1497440 580
1497450 580
1497460 580
1497470 581
1497480 581
1497490 581
1497500 582
1497510 583
1497520 583
1497530 583
1497540 584
1497550 584
1497560 585
1497570 585
1497580 585
1497590 586
1497600 587
1497610 587
1497620 588
1497630 588
1497640 588
1497650 589
1497660 590
1497670 590
1497680 590
1497690 591
1497700 591
1497710 592
1497720 593
1497730 593
1497740 593
1497750 596
1497760 596
1497770 600
1497780 603
1497790 604
1497800 604
1497810 608
1497820 610
1497830 610
1497840 611
1497850 611
1497860 611
1497870 611
1497880 612
1497890 612
1497900 613
1497910 613
1497920 613
1497930 613
1497940 615
1497950 615
1497960 617
1497970 618
1497980 618
1497990 619
1498000 620
1498010 620
1498020 621
1498030 622
1498040 622
1498050 624
1498060 628
1498070 628
1498080 630
1498090 632
1498100 632
1498110 633
1498120 633
1498130 633
1498140 635
1498150 636
1498160 636
1498170 637
1498180 638
1498190 638
1498200 639
1498210 641
1498220 641
1498230 641
1498240 642
1498250 642
1498260 644
1498270 645
1498280 645
1498290 646
1498300 646
1498310 646
1498320 647
1498330 647
1498340 647
1498350 648
1498360 648
1498370 648
1498380 648
1498390 647
1498400 647
1498410 647
1498420 646
1498430 646
1498440 646
1498450 647
1498460 647
1498470 647
1498480 648
1498490 649
1498500 649
1498510 648
1498520 647
1498530 647
1498540 646
1498550 644
1498560 644
1498570 643
1498580 642
1498590 642
1498600 641
1498610 644
1498620 644
1498630 645
1498640 646
1498650 646
1498660 648
1498670 649
1498680 649
1498690 651
1498700 653
1498710 653
1498720 654
1498730 656
1498740 656
1498750 657
1498760 658
1498770 658
1498780 659
1498790 660
1498800 660
1498810 661
1498820 661
1498830 661
1498840 662
1498850 662
1498860 662
1498870 663
1498880 664
1498890 664
1498900 664
1498910 665
1498920 665
1498930 665
1498940 666
1498950 666
1498960 667
1498970 667
1498980 667
1498990 668
1499000 668
1499010 666
1499020 666
1499030 665
1499040 668
1499050 668
1499060 671
1499070 673
1499080 673
1499090 675
1499100 676
1499110 676
1499120 678
1499130 680
1499140 680
1499150 682
1499160 684
1499170 684
1499180 686
1499190 688
1499200 688
1499210 691
1499220 693
1499230 693
1499240 694
1499250 696
1499260 696
1499270 698
1499280 699
1499290 699
1499300 700
1499310 701
1499320 701
1499330 703
1499340 705
1499350 705
1499360 706
1499370 707
1499380 707
1499390 707
1499400 708
1499410 708
1499420 709
1499430 710
1499440 710
1499450 710
1499460 710
1499470 710
1499480 711
1499490 711
1499500 711
1499510 711
1499520 711
1499530 711
1499540 711
1499550 712
1499560 712
1499570 713
1499580 713
1499590 713
1499600 714
1499610 714
1499620 714
1499630 714
1499640 715
1499650 716
1499660 716
1499670 716
1499680 717
1499690 717
1499700 717
1499710 718
1499720 718
1499730 718
1499740 719
1499750 719
1499760 719
1499770 719
1499780 719
1499790 719
1499800 720
1499810 720
1499820 720
1499830 720
1499840 720
1499850 721
1499860 721
1499870 721
1499880 721
1499890 721
1499900 721
1499910 722
1499920 722
1499930 722
1499940 722
1499950 722
1499960 722
1499970 722
1499980 722
1499990 722
