1480000 596
1480010 596
1480020 596
1480030 596
1480040 595
1480050 595
1480060 595
1480070 594
1480080 594
1480090 594
1480100 594
1480110 594
1480120 594
1480130 594
1480140 594
1480150 594
1480160 594
1480170 594
1480180 593
1480190 593
1480200 593
1480210 592
1480220 591
1480230 591
1480240 589
1480250 587
1480260 587
1480270 585
1480280 582
1480290 582
1480300 580
1480310 577
1480320 577
1480330 575
1480340 572
1480350 572
1480360 574
1480370 577
1480380 577
1480390 577
1480400 577
1480410 577
1480420 577
1480430 577
1480440 577
1480450 576
1480460 576
1480470 576
1480480 576
1480490 575
1480500 575
1480510 575
1480520 575
1480530 575
1480540 575
1480550 575
1480560 575
1480570 574
1480580 574
1480590 574
1480600 574
1480610 574
1480620 574
1480630 574
1480640 574
1480650 574
1480660 574
1480670 573
1480680 573
1480690 573
1480700 573
1480710 573
1480720 573
1480730 573
1480740 573
1480750 573
1480760 573
1480770 573
1480780 573
1480790 573
1480800 573
1480810 573
1480820 573
1480830 573
1480840 573
1480850 573
1480860 572
1480870 572
1480880 572
1480890 571
1480900 571
1480910 571
1480920 570
1480930 570
1480940 571
1480950 571
1480960 571
1480970 570
1480980 570
1480990 570
1481000 570
1481010 570
1481020 570
1481030 569
1481040 569
1481050 569
1481060 569
1481070 568
1481080 568
1481090 568
1481100 568
1481110 568
1481120 568
1481130 568
1481140 568
1481150 568
1481160 568
1481170 568
1481180 568
1481190 568
1481200 568
1481210 567
1481220 567
1481230 567
1481240 567
1481250 567
1481260 567
1481270 567
1481280 567
1481290 567
1481300 567
1481310 567
1481320 567
1481330 567
1481340 567
1481350 567
1481360 567
1481370 567
1481380 567
1481390 567
1481400 567
1481410 567
1481420 567
1481430 567
1481440 566
1481450 566
1481460 566
1481470 565
1481480 565
1481490 562
1481500 559
1481510 559
1481520 557
1481530 556
1481540 556
1481550 558
1481560 562
1481570 562
1481580 565
1481590 567
1481600 567
1481610 568
1481620 569
1481630 569
1481640 569
1481650 570
1481660 570
1481670 570
1481680 570
1481690 570
1481700 570
1481710 570
1481720 570
1481730 571
1481740 570
1481750 570
1481760 570
1481770 570
1481780 570
1481790 571
1481800 571
1481810 571
1481820 572
1481830 572
1481840 572
1481850 572
1481860 572
1481870 572
1481880 572
1481890 571
1481900 571
1481910 571
1481920 571
1481930 571
1481940 571
1481950 571
1481960 571
1481970 571
1481980 571
1481990 571
1482000 571
1482010 571
1482020 570
1482030 570
1482040 570
1482050 570
1482060 570
1482070 570
1482080 569
1482090 569
1482100 569
1482110 568
1482120 568
1482130 568
1482140 568
1482150 568
1482160 568
1482170 567
1482180 567
1482190 567
1482200 567
1482210 567
1482220 566
1482230 566
1482240 566
1482250 566
1482260 565
1482270 565
1482280 565
1482290 564
1482300 564
1482310 564
1482320 564
1482330 564
1482340 564
1482350 563
1482360 563
1482370 563
1482380 563
1482390 563
1482400 563
1482410 563
1482420 563
1482430 562
1482440 562
1482450 562
1482460 561
1482470 561
1482480 561
1482490 560
1482500 560
1482510 559
1482520 559
1482530 559
1482540 558
1482550 558
1482560 558
1482570 558
1482580 558
1482590 557
1482600 556
1482610 556
1482620 556
1482630 555
1482640 555
1482650 554
1482660 554
1482670 554
1482680 555
1482690 554
1482700 554
1482710 555
1482720 554
1482730 554
1482740 554
1482750 554
1482760 554
1482770 554
1482780 554
1482790 554
1482800 554
1482810 553
1482820 553
1482830 553
1482840 552
1482850 552
1482860 552
1482870 551
1482880 551
1482890 550
1482900 550
1482910 550
1482920 550
1482930 550
1482940 550
1482950 550
1482960 550
1482970 550
1482980 550
1482990 550
1483000 550
1483010 549
1483020 549
1483030 549
1483040 549
1483050 548
1483060 548
1483070 548
1483080 548
1483090 548
1483100 548
1483110 548
1483120 547
1483130 547
1483140 547
1483150 547
1483160 547
1483170 546
1483180 546
1483190 546
1483200 546
1483210 545
1483220 545
1483230 545
1483240 544
1483250 544
1483260 543
1483270 542
1483280 542
1483290 540
1483300 538
1483310 538
1483320 537
1483330 537
1483340 537
1483350 537
1483360 536
1483370 536
1483380 535
1483390 533
1483400 533
1483410 533
1483420 531
1483430 531
1483440 530
1483450 529
1483460 529
1483470 527
1483480 526
1483490 526
1483500 526
1483510 525
1483520 525
1483530 525
1483540 525
1483550 525
1483560 525
1483570 524
1483580 524
1483590 524
1483600 524
1483610 524
1483620 524
1483630 523
1483640 523
1483650 523
1483660 523
1483670 523
1483680 522
1483690 521
1483700 521
1483710 520
1483720 520
1483730 519
1483740 519
1483750 519
1483760 518
1483770 518
1483780 518
1483790 517
1483800 517
1483810 517
1483820 517
1483830 517
1483840 517
1483850 516
1483860 516
1483870 516
1483880 516
1483890 516
1483900 516
1483910 515
1483920 515
1483930 515
1483940 515
1483950 515
1483960 515
1483970 515
1483980 515
1483990 515
1484000 516
1484010 516
1484020 516
1484030 516
1484040 516
1484050 516
1484060 516
1484070 516
1484080 517
1484090 517
1484100 517
1484110 517
1484120 517
1484130 517
1484140 517
1484150 518
1484160 518
1484170 518
1484180 518
1484190 518
1484200 519
1484210 519
1484220 519
1484230 520
1484240 520
1484250 520
1484260 521
1484270 521
1484280 521
1484290 522
1484300 523
1484310 523
1484320 523
1484330 524
1484340 524
1484350 525
1484360 525
1484370 526
1484380 526
1484390 527
1484400 528
1484410 528
1484420 528
1484430 529
1484440 529
1484450 529
1484460 530
1484470 530
1484480 530
1484490 531
1484500 531
1484510 532
1484520 532
1484530 532
1484540 533
1484550 534
1484560 534
1484570 534
1484580 535
1484590 535
1484600 535
1484610 536
1484620 536
1484630 536
1484640 536
1484650 536
1484660 537
1484670 537
1484680 537
1484690 537
1484700 537
1484710 537
1484720 538
1484730 538
1484740 538
1484750 538
1484760 538
1484770 538
1484780 538
1484790 538
1484800 538
1484810 538
1484820 538
1484830 538
1484840 538
1484850 538
1484860 538
1484870 537
1484880 537
1484890 537
1484900 535
1484910 534
1484920 534
1484930 532
1484940 530
1484950 530
1484960 529
1484970 527
1484980 526
1484990 526
1485000 526
1485010 525
1485020 525
1485030 524
1485040 523
1485050 523
1485060 522
1485070 521
1485080 521
1485090 519
1485100 518
1485110 518
1485120 516
1485130 514
1485140 514
1485150 512
1485160 510
1485170 510
1485180 509
1485190 507
1485200 507
1485210 505
1485220 503
1485230 503
1485240 503
1485250 503
1485260 503
1485270 503
1485280 503
1485290 503
1485300 504
1485310 504
1485320 504
1485330 502
1485340 499
1485350 499
1485360 497
1485370 496
1485380 496
1485390 493
1485400 486
1485410 486
1485420 483
1485430 483
1485440 483
1485450 483
1485460 483
1485470 483
1485480 483
1485490 482
1485500 482
1485510 482
1485520 482
1485530 482
1485540 483
1485550 483
1485560 483
1485570 483
1485580 483
1485590 483
1485600 483
1485610 483
1485620 483
1485630 483
1485640 484
1485650 483
1485660 483
1485670 483
1485680 483
1485690 483
1485700 483
1485710 483
1485720 483
1485730 483
1485740 483
1485750 483
1485760 483
1485770 482
1485780 482
1485790 480
1485800 481
1485810 481
1485820 481
1485830 481
1485840 481
1485850 482
1485860 482
1485870 482
1485880 482
1485890 481
1485900 481
1485910 481
1485920 481
1485930 481
1485940 481
1485950 481
1485960 481
1485970 481
1485980 480
1485990 480
1486000 480
1486010 480
1486020 480
1486030 480
1486040 480
1486050 480
1486060 480
1486070 480
1486080 480
1486090 480
1486100 481
1486110 481
1486120 481
1486130 481
1486140 481
1486150 481
1486160 481
1486170 481
1486180 481
1486190 481
1486200 481
1486210 481
1486220 481
1486230 481
1486240 481
1486250 481
1486260 481
1486270 481
1486280 481
1486290 481
1486300 481
1486310 481
1486320 481
1486330 481
1486340 480
1486350 480
1486360 480
1486370 480
1486380 480
1486390 480
1486400 480
1486410 480
1486420 480
1486430 480
1486440 480
1486450 480
1486460 480
1486470 480
1486480 480
1486490 480
1486500 480
1486510 480
1486520 480
1486530 480
1486540 480
1486550 480
1486560 480
1486570 480
1486580 480
1486590 480
1486600 480
1486610 480
1486620 480
1486630 480
1486640 480
1486650 480
1486660 480
1486670 480
1486680 480
1486690 480
1486700 480
1486710 480
1486720 480
1486730 480
1486740 480
1486750 480
1486760 480
1486770 480
1486780 480
1486790 480
1486800 480
1486810 480
1486820 480
1486830 480
1486840 480
1486850 480
1486860 480
1486870 480
1486880 480
1486890 480
1486900 480
1486910 480
1486920 480
1486930 480
1486940 480
1486950 480
1486960 480
1486970 480
1486980 480
1486990 480
1487000 480
1487010 480
1487020 480
1487030 480
1487040 480
1487050 480
1487060 480
1487070 480
1487080 480
1487090 480
1487100 480
1487110 480
1487120 480
1487130 480
1487140 480
1487150 480
1487160 481
1487170 481
1487180 481
1487190 482
1487200 482
1487210 482
1487220 482
1487230 482
1487240 482
1487250 483
1487260 483
1487270 483
1487280 483
1487290 483
1487300 483
1487310 484
1487320 485
1487330 485
1487340 485
1487350 486
1487360 486
1487370 487
1487380 489
1487390 489
1487400 492
1487410 495
1487420 499
1487430 499
1487440 501
1487450 504
1487460 504
1487470 506
1487480 508
1487490 508
1487500 511
1487510 514
1487520 514
1487530 517
1487540 519
1487550 519
1487560 521
1487570 524
1487580 524
1487590 526
1487600 527
1487610 527
1487620 529
1487630 530
1487640 530
1487650 531
1487660 531
1487670 531
1487680 532
1487690 533
1487700 533
1487710 534
1487720 535
1487730 535
1487740 539
1487750 542
1487760 542
1487770 544
1487780 545
1487790 545
1487800 546
1487810 548
1487820 548
1487830 548
1487840 549
1487850 549
1487860 550
1487870 553
1487880 553
1487890 556
1487900 559
1487910 559
1487920 561
1487930 563
1487940 563
1487950 565
1487960 567
1487970 567
1487980 568
1487990 570
1488000 570
1488010 571
1488020 572
1488030 573
1488040 573
1488050 574
1488060 575
1488070 575
1488080 576
1488090 578
1488100 578
1488110 580
1488120 583
1488130 583
1488140 584
1488150 586
1488160 586
1488170 588
1488180 589
1488190 589
1488200 589
1488210 589
1488220 589
1488230 590
1488240 590
1488250 590
1488260 590
1488270 591
1488280 591
1488290 591
1488300 592
1488310 592
1488320 593
1488330 595
1488340 595
1488350 596
1488360 597
1488370 597
1488380 598
1488390 600
1488400 600
1488410 601
1488420 603
1488430 603
1488440 604
1488450 606
1488460 606
1488470 607
1488480 608
1488490 608
1488500 610
1488510 611
1488520 611
1488530 612
1488540 614
1488550 614
1488560 615
1488570 616
1488580 616
1488590 617
1488600 619
1488610 619
1488620 620
1488630 621
1488640 623
1488650 623
1488660 624
1488670 626
1488680 626
1488690 628
1488700 630
1488710 630
1488720 632
1488730 633
1488740 633
1488750 634
1488760 635
1488770 635
1488780 636
1488790 637
1488800 637
1488810 638
1488820 639
1488830 639
1488840 641
1488850 642
1488860 642
1488870 644
1488880 647
1488890 647
1488900 651
1488910 652
1488920 652
1488930 652
1488940 652
1488950 652
1488960 655
1488970 659
1488980 659
1488990 661
1489000 664
1489010 664
1489020 667
1489030 670
1489040 670
1489050 673
1489060 678
1489070 678
1489080 683
1489090 690
1489100 690
1489110 697
1489120 702
1489130 702
1489140 707
1489150 710
1489160 710
1489170 712
1489180 714
1489190 714
1489200 715
1489210 714
1489220 714
1489230 714
1489240 715
1489250 715
1489260 716
1489270 714
1489280 712
1489290 712
1489300 719
1489310 722
1489320 722
1489330 723
1489340 724
1489350 724
1489360 725
1489370 726
1489380 726
1489390 727
1489400 728
1489410 728
1489420 728
1489430 728
1489440 728
1489450 729
1489460 730
1489470 730
1489480 731
1489490 732
1489500 732
1489510 733
1489520 734
1489530 734
1489540 737
1489550 739
1489560 739
1489570 742
1489580 744
1489590 744
1489600 747
1489610 749
1489620 749
1489630 750
1489640 752
1489650 752
1489660 753
1489670 754
1489680 754
1489690 756
1489700 758
1489710 758
1489720 759
1489730 760
1489740 760
1489750 761
1489760 762
1489770 762
1489780 764
1489790 764
1489800 764
1489810 765
1489820 765
1489830 765
1489840 766
1489850 767
1489860 767
1489870 768
1489880 769
1489890 771
1489900 771
1489910 773
1489920 776
1489930 776
1489940 780
1489950 784
1489960 784
1489970 789
1489980 795
1489990 795
1490000 800
1490010 804
1490020 804
1490030 804
1490040 804
1490050 804
1490060 804
1490070 805
1490080 805
1490090 807
1490100 809
1490110 809
1490120 810
1490130 812
1490140 812
1490150 813
1490160 814
1490170 814
1490180 816
1490190 817
1490200 817
1490210 818
1490220 820
1490230 820
1490240 821
1490250 822
1490260 822
1490270 824
1490280 826
1490290 826
1490300 828
1490310 830
1490320 830
1490330 832
1490340 833
1490350 833
1490360 835
1490370 836
1490380 836
1490390 838
1490400 838
1490410 838
1490420 839
1490430 839
1490440 839
1490450 839
1490460 840
1490470 840
1490480 841
1490490 841
1490500 841
1490510 841
1490520 842
1490530 844
1490540 844
1490550 845
1490560 847
1490570 847
1490580 847
1490590 849
1490600 849
1490610 850
1490620 851
1490630 851
1490640 851
1490650 853
1490660 853
1490670 853
1490680 854
1490690 854
1490700 857
1490710 858
1490720 858
1490730 859
1490740 860
1490750 860
1490760 861
1490770 862
1490780 862
1490790 862
1490800 863
1490810 863
1490820 863
1490830 863
1490840 863
1490850 866
1490860 868
1490870 868
1490880 869
1490890 870
1490900 870
1490910 872
1490920 873
1490930 873
1490940 874
1490950 876
1490960 876
1490970 878
1490980 879
1490990 879
1491000 881
1491010 883
1491020 883
1491030 885
1491040 886
1491050 886
1491060 888
1491070 891
1491080 891
1491090 893
1491100 896
1491110 899
1491120 899
1491130 901
1491140 903
1491150 903
1491160 905
1491170 908
1491180 908
1491190 911
1491200 913
1491210 913
1491220 914
1491230 916
1491240 916
1491250 916
1491260 917
1491270 917
1491280 917
1491290 917
1491300 917
1491310 918
1491320 918
1491330 918
1491340 918
1491350 918
1491360 918
1491370 919
1491380 920
1491390 920
1491400 921
1491410 922
1491420 922
1491430 923
1491440 924
1491450 924
1491460 925
1491470 926
1491480 926
1491490 928
1491500 929
1491510 929
1491520 931
1491530 933
1491540 933
1491550 934
1491560 936
1491570 936
1491580 939
1491590 942
1491600 942
1491610 945
1491620 947
1491630 947
1491640 950
1491650 952
1491660 952
1491670 955
1491680 957
1491690 957
1491700 959
1491710 961
1491720 963
1491730 963
1491740 967
1491750 970
1491760 970
1491770 974
1491780 978
1491790 978
1491800 981
1491810 983
1491820 983
1491830 986
1491840 990
1491850 990
1491860 993
1491870 997
1491880 997
1491890 1001
1491900 1005
1491910 1005
1491920 1009
1491930 1013
1491940 1013
1491950 1016
1491960 1018
1491970 1018
1491980 1021
1491990 1024
1492000 1024
1492010 1028
1492020 1030
1492030 1030
1492040 1033
1492050 1036
1492060 1036
1492070 1039
1492080 1042
1492090 1042
1492100 1044
1492110 1047
1492120 1047
1492130 1049
1492140 1051
1492150 1051
1492160 1053
1492170 1055
1492180 1055
1492190 1058
1492200 1060
1492210 1060
1492220 1063
1492230 1066
1492240 1066
1492250 1068
1492260 1071
1492270 1071
1492280 1075
1492290 1078
1492300 1078
1492310 1081
1492320 1085
1492330 1085
1492340 1088
1492350 1090
1492360 1092
1492370 1092
1492380 1093
1492390 1092
1492400 1092
1492410 1089
1492420 1086
1492430 1086
1492440 1082
1492450 1079
1492460 1079
1492470 1075
1492480 1071
1492490 1071
1492500 1068
1492510 1064
1492520 1064
1492530 1061
1492540 1058
1492550 1058
1492560 1055
1492570 1053
1492580 1053
1492590 1052
1492600 1050
1492610 1050
1492620 1049
1492630 1048
1492640 1048
1492650 1046
1492660 1044
1492670 1044
1492680 1040
1492690 1037
1492700 1037
1492710 1035
1492720 1033
1492730 1033
1492740 1031
1492750 1030
1492760 1030
1492770 1030
1492780 1030
1492790 1030
1492800 1031
1492810 1033
1492820 1033
1492830 1035
1492840 1037
1492850 1037
1492860 1039
1492870 1040
1492880 1040
1492890 1041
1492900 1043
1492910 1043
1492920 1043
1492930 1043
1492940 1043
1492950 1043
1492960 1042
1492970 1040
1492980 1040
1492990 1037
1493000 1033
1493010 1033
1493020 1027
1493030 1022
1493040 1022
1493050 1016
1493060 1010
1493070 1010
1493080 1003
1493090 999
1493100 999
1493110 997
1493120 995
1493130 995
1493140 993
1493150 991
1493160 991
1493170 987
1493180 983
1493190 983
1493200 978
1493210 974
1493220 974
1493230 971
1493240 969
1493250 969
1493260 967
1493270 964
1493280 964
1493290 960
1493300 958
1493310 958
1493320 958
1493330 959
1493340 959
1493350 961
1493360 961
1493370 961
1493380 961
1493390 960
1493400 960
1493410 961
1493420 963
1493430 963
1493440 964
1493450 964
1493460 964
1493470 963
1493480 962
1493490 962
1493500 960
1493510 960
1493520 960
1493530 960
1493540 960
1493550 960
1493560 960
1493570 960
1493580 960
1493590 960
1493600 958
1493610 956
1493620 956
1493630 953
1493640 950
1493650 950
1493660 946
1493670 940
1493680 940
1493690 934
1493700 927
1493710 927
1493720 921
1493730 916
1493740 916
1493750 911
1493760 905
1493770 905
1493780 901
1493790 896
1493800 896
1493810 891
1493820 887
1493830 887
1493840 883
1493850 878
1493860 878
1493870 874
1493880 869
1493890 869
1493900 863
1493910 857
1493920 857
1493930 852
1493940 847
1493950 847
1493960 842
1493970 838
1493980 838
1493990 833
1494000 828
1494010 828
1494020 822
1494030 817
1494040 817
1494050 813
1494060 808
1494070 808
1494080 804
1494090 799
1494100 799
1494110 795
1494120 791
1494130 791
1494140 787
1494150 783
1494160 783
1494170 778
1494180 772
1494190 765
1494200 765
1494210 759
1494220 752
1494230 752
1494240 746
1494250 740
1494260 740
1494270 736
1494280 732
1494290 732
1494300 728
1494310 725
1494320 725
1494330 723
1494340 720
1494350 720
1494360 718
1494370 716
1494380 716
1494390 714
1494400 713
1494410 713
1494420 712
1494430 711
1494440 711
1494450 710
1494460 710
1494470 710
1494480 709
1494490 708
1494500 708
1494510 708
1494520 707
1494530 707
1494540 706
1494550 705
1494560 705
1494570 703
1494580 701
1494590 700
1494600 698
1494610 694
1494620 694
1494630 689
1494640 685
1494650 685
1494660 682
1494670 679
1494680 679
1494690 676
1494700 674
1494710 674
1494720 672
1494730 670
1494740 670
1494750 669
1494760 669
1494770 669
1494780 668
1494790 667
1494800 666
1494810 666
1494820 665
1494830 664
1494840 664
1494850 661
1494860 658
1494870 658
1494880 656
1494890 653
1494900 653
1494910 651
1494920 649
1494930 649
1494940 647
1494950 643
1494960 643
1494970 638
1494980 633
1494990 633
1495000 628
1495010 623
1495020 623
1495030 618
1495040 614
1495050 614
1495060 609
1495070 605
1495080 605
1495090 601
1495100 598
1495110 598
1495120 595
1495130 590
1495140 590
1495150 586
1495160 582
1495170 582
1495180 579
1495190 576
1495200 576
1495210 573
1495220 568
1495230 568
1495240 565
1495250 562
1495260 562
1495270 559
1495280 557
1495290 557
1495300 555
1495310 555
1495320 555
1495330 554
1495340 554
1495350 554
1495360 553
1495370 551
1495380 551
1495390 551
1495400 550
1495410 550
1495420 549
1495430 547
1495440 545
1495450 545
1495460 543
1495470 542
1495480 542
1495490 540
1495500 538
1495510 538
1495520 539
1495530 539
1495540 539
1495550 539
1495560 539
1495570 539
1495580 539
1495590 539
1495600 539
1495610 539
1495620 539
1495630 539
1495640 539
1495650 539
1495660 539
1495670 538
1495680 538
1495690 538
1495700 539
1495710 539
1495720 539
1495730 540
1495740 541
1495750 541
1495760 542
1495770 542
1495780 542
1495790 542
1495800 543
1495810 543
1495820 543
1495830 544
1495840 544
1495850 545
1495860 547
1495870 547
1495880 549
1495890 552
1495900 552
1495910 554
1495920 557
1495930 557
1495940 559
1495950 558
1495960 558
1495970 559
1495980 559
1495990 559
1496000 558
1496010 558
1496020 558
1496030 558
1496040 557
1496050 557
1496060 557
1496070 557
1496080 558
1496090 558
1496100 558
1496110 557
1496120 557
1496130 557
1496140 557
1496150 557
1496160 557
1496170 557
1496180 557
1496190 557
1496200 557
1496210 557
1496220 557
1496230 556
1496240 556
1496250 557
1496260 557
1496270 557
1496280 558
1496290 558
1496300 558
1496310 558
1496320 557
1496330 557
1496340 558
1496350 558
1496360 558
1496370 558
1496380 558
1496390 558
1496400 557
1496410 558
1496420 558
1496430 559
1496440 558
1496450 558
1496460 558
1496470 558
1496480 558
1496490 558
1496500 559
1496510 559
1496520 559
1496530 559
1496540 559
1496550 559
1496560 559
1496570 559
1496580 559
1496590 559
1496600 559
1496610 559
1496620 560
1496630 560
1496640 560
1496650 560
1496660 560
1496670 560
1496680 560
1496690 561
1496700 561
1496710 561
1496720 561
1496730 561
1496740 561
1496750 561
1496760 561
1496770 561
1496780 562
1496790 562
1496800 562
1496810 562
1496820 562
1496830 563
1496840 563
1496850 563
1496860 564
1496870 564
1496880 564
1496890 564
1496900 565
1496910 565
1496920 565
1496930 566
1496940 566
1496950 566
1496960 566
1496970 566
1496980 567
1496990 568
1497000 568
1497010 568
1497020 569
1497030 569
1497040 570
1497050 571
1497060 571
1497070 571
1497080 570
1497090 570
1497100 571
1497110 571
1497120 571
1497130 572
1497140 573
1497150 573
1497160 573
1497170 573
1497180 573
1497190 574
1497200 574
1497210 574
1497220 575
1497230 575
1497240 575
1497250 575
1497260 575
1497270 577
1497280 577
1497290 578
1497300 580
1497310 580
1497320 581
1497330 583
1497340 583
1497350 586
1497360 588
1497370 588
1497380 591
1497390 593
1497400 593
1497410 595
1497420 598
1497430 598
1497440 601
1497450 603
1497460 603
1497470 606
1497480 609
1497490 609
1497500 611
1497510 614
1497520 614
1497530 617
1497540 619
1497550 619
1497560 621
1497570 623
1497580 623
1497590 625
1497600 627
1497610 627
1497620 629
1497630 630
1497640 630
1497650 632
1497660 633
1497670 633
1497680 635
1497690 636
1497700 636
1497710 637
1497720 638
1497730 638
1497740 639
1497750 640
1497760 640
1497770 641
1497780 642
1497790 642
1497800 643
1497810 644
1497820 644
1497830 645
1497840 646
1497850 646
1497860 646
1497870 647
1497880 648
1497890 648
1497900 649
1497910 650
1497920 650
1497930 650
1497940 651
1497950 651
1497960 652
1497970 652
1497980 652
1497990 652
1498000 652
1498010 652
1498020 652
1498030 651
1498040 651
1498050 651
1498060 651
1498070 651
1498080 651
1498090 651
1498100 651
1498110 651
1498120 652
1498130 652
1498140 653
1498150 653
1498160 653
1498170 651
1498180 649
1498190 649
1498200 650
1498210 652
1498220 652
1498230 655
1498240 657
1498250 657
1498260 660
1498270 662
1498280 662
1498290 663
1498300 665
1498310 665
1498320 666
1498330 667
1498340 667
1498350 669
1498360 670
1498370 670
1498380 671
1498390 673
1498400 673
1498410 674
1498420 676
1498430 676
1498440 678
1498450 680
1498460 680
1498470 681
1498480 682
1498490 682
1498500 683
1498510 684
1498520 686
1498530 686
1498540 688
1498550 690
1498560 690
1498570 692
1498580 693
1498590 693
1498600 694
1498610 695
1498620 695
1498630 696
1498640 697
1498650 697
1498660 697
1498670 697
1498680 697
1498690 697
1498700 697
1498710 697
1498720 697
1498730 697
1498740 697
1498750 698
1498760 698
1498770 698
1498780 699
1498790 698
1498800 698
1498810 697
1498820 697
1498830 697
1498840 698
1498850 699
1498860 699
1498870 699
1498880 700
1498890 700
1498900 700
1498910 701
1498920 701
1498930 702
1498940 703
1498950 703
1498960 703
1498970 704
1498980 704
1498990 704
1499000 705
1499010 705
1499020 707
1499030 712
1499040 712
1499050 716
1499060 716
1499070 716
1499080 717
1499090 718
1499100 718
1499110 719
1499120 719
1499130 720
1499140 720
1499150 721
1499160 721
1499170 721
1499180 722
1499190 723
1499200 723
1499210 723
1499220 724
1499230 724
1499240 724
1499250 725
1499260 725
1499270 726
1499280 726
1499290 726
1499300 726
1499310 727
1499320 727
1499330 727
1499340 727
1499350 727
1499360 728
1499370 730
1499380 730
1499390 732
1499400 733
1499410 733
1499420 734
1499430 735
1499440 735
1499450 736
1499460 737
1499470 737
1499480 738
1499490 739
1499500 739
1499510 740
1499520 741
1499530 741
1499540 742
1499550 743
1499560 743
1499570 745
1499580 747
1499590 747
1499600 747
1499610 747
1499620 747
1499630 747
1499640 747
1499650 747
1499660 747
1499670 748
1499680 748
1499690 749
1499700 750
1499710 750
1499720 750
1499730 751
1499740 752
1499750 752
1499760 752
1499770 753
1499780 753
1499790 754
1499800 754
1499810 754
1499820 754
1499830 754
1499840 754
1499850 754
1499860 754
1499870 754
1499880 754
1499890 753
1499900 753
1499910 753
1499920 753
1499930 753
1499940 752
1499950 752
1499960 752
1499970 752
1499980 752
1499990 752
