1480000 698
1480010 696
1480020 696
1480030 693
1480040 694
1480050 694
1480060 695
1480070 696
1480080 696
1480090 697
1480100 697
1480110 697
1480120 698
1480130 698
1480140 698
1480150 699
1480160 700
1480170 700
1480180 702
1480190 703
1480200 703
1480210 702
1480220 700
1480230 700
1480240 698
1480250 696
1480260 696
1480270 694
1480280 692
1480290 692
1480300 691
1480310 690
1480320 690
1480330 689
1480340 688
1480350 688
1480360 687
1480370 685
1480380 685
1480390 686
1480400 686
1480410 686
1480420 686
1480430 685
1480440 685
1480450 684
1480460 684
1480470 684
1480480 684
1480490 685
1480500 685
1480510 684
1480520 684
1480530 684
1480540 684
1480550 683
1480560 683
1480570 683
1480580 683
1480590 683
1480600 683
1480610 682
1480620 682
1480630 682
1480640 682
1480650 681
1480660 681
1480670 680
1480680 679
1480690 679
1480700 678
1480710 679
1480720 679
1480730 680
1480740 679
1480750 679
1480760 677
1480770 678
1480780 678
1480790 677
1480800 677
1480810 677
1480820 676
1480830 677
1480840 677
1480850 677
1480860 677
1480870 677
1480880 677
1480890 676
1480900 676
1480910 675
1480920 675
1480930 675
1480940 677
1480950 678
1480960 678
1480970 678
1480980 677
1480990 677
1481000 677
1481010 678
1481020 678
1481030 680
1481040 681
1481050 681
1481060 684
1481070 686
1481080 686
1481090 689
1481100 691
1481110 691
1481120 692
1481130 692
1481140 692
1481150 693
1481160 692
1481170 692
1481180 691
1481190 689
1481200 689
1481210 688
1481220 686
1481230 685
1481240 685
1481250 684
1481260 682
1481270 682
1481280 681
1481290 681
1481300 681
1481310 681
1481320 680
1481330 680
1481340 680
1481350 679
1481360 679
1481370 679
1481380 679
1481390 679
1481400 678
1481410 679
1481420 679
1481430 679
1481440 680
1481450 680
1481460 681
1481470 682
1481480 682
1481490 684
1481500 686
1481510 686
1481520 689
1481530 691
1481540 691
1481550 691
1481560 692
1481570 692
1481580 692
1481590 692
1481600 692
1481610 694
1481620 696
1481630 696
1481640 698
1481650 699
1481660 699
1481670 700
1481680 702
1481690 702
1481700 703
1481710 704
1481720 704
1481730 705
1481740 705
1481750 705
1481760 704
1481770 702
1481780 702
1481790 700
1481800 697
1481810 697
1481820 694
1481830 691
1481840 688
1481850 688
1481860 685
1481870 682
1481880 682
1481890 679
1481900 676
1481910 676
1481920 673
1481930 671
1481940 671
1481950 669
1481960 667
1481970 667
1481980 666
1481990 663
1482000 663
1482010 661
1482020 659
1482030 659
1482040 656
1482050 653
1482060 653
1482070 651
1482080 649
1482090 649
1482100 647
1482110 647
1482120 647
1482130 646
1482140 645
1482150 645
1482160 644
1482170 642
1482180 642
1482190 640
1482200 638
1482210 638
1482220 636
1482230 634
1482240 634
1482250 633
1482260 631
1482270 631
1482280 629
1482290 629
1482300 629
1482310 628
1482320 628
1482330 628
1482340 627
1482350 627
1482360 627
1482370 626
1482380 626
1482390 626
1482400 625
1482410 625
1482420 625
1482430 624
1482440 624
1482450 624
1482460 622
1482470 621
1482480 620
1482490 620
1482500 618
1482510 615
1482520 615
1482530 613
1482540 611
1482550 611
1482560 609
1482570 608
1482580 608
1482590 607
1482600 606
1482610 606
1482620 604
1482630 602
1482640 602
1482650 600
1482660 598
1482670 598
1482680 596
1482690 593
1482700 593
1482710 591
1482720 589
1482730 589
1482740 586
1482750 584
1482760 584
1482770 581
1482780 579
1482790 579
1482800 577
1482810 575
1482820 575
1482830 573
1482840 571
1482850 571
1482860 568
1482870 566
1482880 566
1482890 565
1482900 563
1482910 563
1482920 561
1482930 558
1482940 558
1482950 555
1482960 553
1482970 553
1482980 551
1482990 553
1483000 553
1483010 553
1483020 553
1483030 553
1483040 552
1483050 552
1483060 552
1483070 553
1483080 553
1483090 552
1483100 552
1483110 551
1483120 549
1483130 549
1483140 548
1483150 547
1483160 547
1483170 546
1483180 545
1483190 545
1483200 543
1483210 540
1483220 540
1483230 539
1483240 538
1483250 538
1483260 538
1483270 537
1483280 537
1483290 536
1483300 536
1483310 536
1483320 536
1483330 536
1483340 536
1483350 536
1483360 535
1483370 535
1483380 534
1483390 533
1483400 533
1483410 533
1483420 534
1483430 534
1483440 534
1483450 533
1483460 533
1483470 533
1483480 533
1483490 533
1483500 533
1483510 532
1483520 532
1483530 532
1483540 532
1483550 532
1483560 531
1483570 531
1483580 531
1483590 530
1483600 530
1483610 530
1483620 530
1483630 528
1483640 528
1483650 527
1483660 528
1483670 528
1483680 529
1483690 529
1483700 529
1483710 529
1483720 528
1483730 527
1483740 527
1483750 526
1483760 524
1483770 524
1483780 523
1483790 521
1483800 521
1483810 518
1483820 516
1483830 516
1483840 514
1483850 513
1483860 513
1483870 513
1483880 515
1483890 515
1483900 517
1483910 520
1483920 520
1483930 522
1483940 525
1483950 525
1483960 528
1483970 530
1483980 530
1483990 531
1484000 532
1484010 532
1484020 533
1484030 533
1484040 533
1484050 533
1484060 534
1484070 534
1484080 534
1484090 534
1484100 534
1484110 534
1484120 533
1484130 533
1484140 532
1484150 534
1484160 534
1484170 535
1484180 535
1484190 535
1484200 535
1484210 535
1484220 535
1484230 533
1484240 532
1484250 532
1484260 534
1484270 536
1484280 536
1484290 532
1484300 530
1484310 530
1484320 528
1484330 524
1484340 520
1484350 520
1484360 518
1484370 517
1484380 517
1484390 519
1484400 522
1484410 522
1484420 525
1484430 526
1484440 526
1484450 527
1484460 528
1484470 528
1484480 529
1484490 530
1484500 530
1484510 530
1484520 530
1484530 530
1484540 529
1484550 529
1484560 529
1484570 529
1484580 528
1484590 528
1484600 528
1484610 527
1484620 527
1484630 526
1484640 526
1484650 526
1484660 525
1484670 524
1484680 524
1484690 524
1484700 523
1484710 523
1484720 523
1484730 523
1484740 523
1484750 523
1484760 522
1484770 522
1484780 521
1484790 520
1484800 520
1484810 519
1484820 519
1484830 519
1484840 518
1484850 518
1484860 518
1484870 517
1484880 517
1484890 517
1484900 517
1484910 517
1484920 517
1484930 517
1484940 517
1484950 517
1484960 517
1484970 517
1484980 517
1484990 517
1485000 516
1485010 516
1485020 516
1485030 516
1485040 516
1485050 516
1485060 516
1485070 516
1485080 516
1485090 516
1485100 516
1485110 516
1485120 516
1485130 516
1485140 516
1485150 517
1485160 518
1485170 518
1485180 518
1485190 518
1485200 518
1485210 518
1485220 518
1485230 518
1485240 518
1485250 518
1485260 518
1485270 518
1485280 518
1485290 518
1485300 518
1485310 518
1485320 518
1485330 517
1485340 516
1485350 516
1485360 516
1485370 517
1485380 517
1485390 517
1485400 517
1485410 517
1485420 517
1485430 517
1485440 517
1485450 517
1485460 517
1485470 517
1485480 517
1485490 517
1485500 517
1485510 516
1485520 515
1485530 515
1485540 514
1485550 514
1485560 514
1485570 512
1485580 510
1485590 509
1485600 509
1485610 508
1485620 506
1485630 506
1485640 505
1485650 503
1485660 503
1485670 502
1485680 502
1485690 502
1485700 501
1485710 499
1485720 499
1485730 498
1485740 497
1485750 497
1485760 496
1485770 495
1485780 495
1485790 494
1485800 494
1485810 494
1485820 495
1485830 495
1485840 495
1485850 495
1485860 495
1485870 495
1485880 495
1485890 495
1485900 495
1485910 494
1485920 494
1485930 494
1485940 494
1485950 494
1485960 494
1485970 494
1485980 495
1485990 495
1486000 494
1486010 494
1486020 494
1486030 494
1486040 495
1486050 495
1486060 495
1486070 495
1486080 495
1486090 495
1486100 496
1486110 496
1486120 495
1486130 495
1486140 495
1486150 495
1486160 496
1486170 496
1486180 498
1486190 499
1486200 499
1486210 499
1486220 500
1486230 501
1486240 501
1486250 503
1486260 505
1486270 505
1486280 506
1486290 507
1486300 507
1486310 509
1486320 510
1486330 510
1486340 513
1486350 517
1486360 517
1486370 518
1486380 517
1486390 517
1486400 516
1486410 515
1486420 515
1486430 513
1486440 511
1486450 511
1486460 511
1486470 512
1486480 512
1486490 516
1486500 519
1486510 519
1486520 521
1486530 525
1486540 525
1486550 528
1486560 532
1486570 532
1486580 535
1486590 540
1486600 540
1486610 544
1486620 545
1486630 545
1486640 546
1486650 548
1486660 548
1486670 548
1486680 549
1486690 549
1486700 549
1486710 551
1486720 551
1486730 553
1486740 556
1486750 556
1486760 559
1486770 563
1486780 563
1486790 567
1486800 570
1486810 570
1486820 573
1486830 578
1486840 582
1486850 582
1486860 586
1486870 590
1486880 590
1486890 594
1486900 597
1486910 597
1486920 601
1486930 606
1486940 606
1486950 609
1486960 611
1486970 611
1486980 614
1486990 617
1487000 617
1487010 619
1487020 621
1487030 621
1487040 623
1487050 625
1487060 625
1487070 628
1487080 629
1487090 629
1487100 630
1487110 631
1487120 631
1487130 633
1487140 634
1487150 634
1487160 635
1487170 635
1487180 635
1487190 636
1487200 636
1487210 636
1487220 636
1487230 636
1487240 636
1487250 636
1487260 637
1487270 637
1487280 637
1487290 637
1487300 637
1487310 637
1487320 638
1487330 638
1487340 638
1487350 639
1487360 639
1487370 639
1487380 639
1487390 639
1487400 640
1487410 640
1487420 640
1487430 642
1487440 643
1487450 643
1487460 644
1487470 645
1487480 646
1487490 646
1487500 646
1487510 646
1487520 646
1487530 646
1487540 645
1487550 645
1487560 645
1487570 645
1487580 645
1487590 645
1487600 645
1487610 645
1487620 646
1487630 647
1487640 647
1487650 648
1487660 649
1487670 649
1487680 650
1487690 651
1487700 651
1487710 652
1487720 653
1487730 653
1487740 654
1487750 655
1487760 655
1487770 657
1487780 658
1487790 658
1487800 660
1487810 662
1487820 662
1487830 664
1487840 668
1487850 668
1487860 672
1487870 676
1487880 676
1487890 679
1487900 681
1487910 681
1487920 684
1487930 686
1487940 686
1487950 687
1487960 688
1487970 688
1487980 687
1487990 687
1488000 687
1488010 688
1488020 690
1488030 690
1488040 692
1488050 694
1488060 694
1488070 695
1488080 698
1488090 700
1488100 700
1488110 702
1488120 705
1488130 705
1488140 710
1488150 714
1488160 714
1488170 718
1488180 721
1488190 721
1488200 724
1488210 726
1488220 726
1488230 728
1488240 730
1488250 730
1488260 732
1488270 734
1488280 734
1488290 736
1488300 738
1488310 738
1488320 741
1488330 743
1488340 743
1488350 746
1488360 749
1488370 749
1488380 753
1488390 756
1488400 756
1488410 759
1488420 762
1488430 762
1488440 764
1488450 766
1488460 766
1488470 769
1488480 771
1488490 771
1488500 774
1488510 777
1488520 777
1488530 780
1488540 783
1488550 783
1488560 785
1488570 787
1488580 787
1488590 789
1488600 791
1488610 791
1488620 793
1488630 794
1488640 794
1488650 796
1488660 798
1488670 798
1488680 800
1488690 803
1488700 803
1488710 806
1488720 810
1488730 814
1488740 814
1488750 816
1488760 817
1488770 817
1488780 817
1488790 818
1488800 818
1488810 819
1488820 822
1488830 822
1488840 825
1488850 828
1488860 828
1488870 833
1488880 837
1488890 837
1488900 839
1488910 840
1488920 840
1488930 840
1488940 841
1488950 841
1488960 842
1488970 844
1488980 844
1488990 845
1489000 849
1489010 849
1489020 852
1489030 855
1489040 855
1489050 856
1489060 856
1489070 856
1489080 857
1489090 858
1489100 858
1489110 860
1489120 860
1489130 860
1489140 859
1489150 859
1489160 859
1489170 859
1489180 862
1489190 862
1489200 866
1489210 871
1489220 871
1489230 875
1489240 880
1489250 880
1489260 884
1489270 887
1489280 887
1489290 890
1489300 893
1489310 893
1489320 894
1489330 895
1489340 896
1489350 896
1489360 897
1489370 898
1489380 898
1489390 899
1489400 899
1489410 899
1489420 899
1489430 898
1489440 898
1489450 897
1489460 897
1489470 897
1489480 897
1489490 898
1489500 898
1489510 900
1489520 901
1489530 901
1489540 902
1489550 904
1489560 904
1489570 906
1489580 909
1489590 909
1489600 912
1489610 914
1489620 914
1489630 917
1489640 920
1489650 920
1489660 923
1489670 925
1489680 925
1489690 926
1489700 928
1489710 928
1489720 931
1489730 934
1489740 934
1489750 938
1489760 942
1489770 942
1489780 946
1489790 951
1489800 951
1489810 956
1489820 962
1489830 962
1489840 969
1489850 976
1489860 976
1489870 980
1489880 982
1489890 982
1489900 984
1489910 988
1489920 988
1489930 992
1489940 995
1489950 995
1489960 998
1489970 1000
1489980 1001
1489990 1001
1490000 1002
1490010 1005
1490020 1005
1490030 1010
1490040 1014
1490050 1014
1490060 1014
1490070 1010
1490080 1010
1490090 1006
1490100 1005
1490110 1005
1490120 1007
1490130 1009
1490140 1009
1490150 1011
1490160 1011
1490170 1011
1490180 1013
1490190 1015
1490200 1015
1490210 1017
1490220 1018
1490230 1018
1490240 1020
1490250 1023
1490260 1023
1490270 1024
1490280 1025
1490290 1025
1490300 1025
1490310 1023
1490320 1023
1490330 1019
1490340 1015
1490350 1015
1490360 1011
1490370 1006
1490380 1006
1490390 1000
1490400 995
1490410 995
1490420 990
1490430 985
1490440 985
1490450 979
1490460 974
1490470 974
1490480 968
1490490 963
1490500 963
1490510 958
1490520 952
1490530 952
1490540 947
1490550 941
1490560 941
1490570 936
1490580 931
1490590 928
1490600 928
1490610 924
1490620 920
1490630 920
1490640 916
1490650 913
1490660 913
1490670 909
1490680 905
1490690 905
1490700 900
1490710 896
1490720 896
1490730 892
1490740 889
1490750 889
1490760 886
1490770 884
1490780 884
1490790 882
1490800 881
1490810 881
1490820 879
1490830 879
1490840 879
1490850 884
1490860 886
1490870 886
1490880 888
1490890 890
1490900 890
1490910 893
1490920 895
1490930 895
1490940 897
1490950 898
1490960 898
1490970 900
1490980 901
1490990 901
1491000 900
1491010 898
1491020 898
1491030 900
1491040 900
1491050 900
1491060 899
1491070 899
1491080 899
1491090 900
1491100 900
1491110 900
1491120 903
1491130 905
1491140 905
1491150 907
1491160 908
1491170 908
1491180 907
1491190 907
1491200 907
1491210 907
1491220 908
1491230 908
1491240 908
1491250 910
1491260 911
1491270 911
1491280 912
1491290 912
1491300 912
1491310 912
1491320 912
1491330 912
1491340 911
1491350 912
1491360 912
1491370 913
1491380 913
1491390 913
1491400 915
1491410 914
1491420 914
1491430 912
1491440 913
1491450 913
1491460 917
1491470 919
1491480 919
1491490 920
1491500 920
1491510 920
1491520 919
1491530 919
1491540 919
1491550 918
1491560 918
1491570 918
1491580 917
1491590 916
1491600 916
1491610 915
1491620 917
1491630 917
1491640 917
1491650 915
1491660 915
1491670 914
1491680 914
1491690 914
1491700 913
1491710 912
1491720 912
1491730 910
1491740 909
1491750 909
1491760 911
1491770 911
1491780 911
1491790 912
1491800 913
1491810 913
1491820 913
1491830 912
1491840 912
1491850 912
1491860 914
1491870 915
1491880 915
1491890 915
1491900 915
1491910 915
1491920 913
1491930 912
1491940 912
1491950 911
1491960 912
1491970 912
1491980 912
1491990 913
1492000 913
1492010 916
1492020 919
1492030 919
1492040 920
1492050 921
1492060 921
1492070 923
1492080 926
1492090 926
1492100 928
1492110 930
1492120 930
1492130 931
1492140 934
1492150 934
1492160 936
1492170 937
1492180 937
1492190 939
1492200 940
1492210 940
1492220 940
1492230 940
1492240 940
1492250 939
1492260 939
1492270 939
1492280 938
1492290 937
1492300 937
1492310 936
1492320 935
1492330 935
1492340 934
1492350 932
1492360 932
1492370 931
1492380 929
1492390 929
1492400 927
1492410 926
1492420 926
1492430 924
1492440 921
1492450 921
1492460 919
1492470 916
1492480 912
1492490 912
1492500 908
1492510 908
1492520 908
1492530 906
1492540 904
1492550 904
1492560 905
1492570 905
1492580 905
1492590 904
1492600 903
1492610 903
1492620 902
1492630 901
1492640 901
1492650 900
1492660 899
1492670 899
1492680 898
1492690 896
1492700 896
1492710 894
1492720 890
1492730 890
1492740 886
1492750 881
1492760 881
1492770 875
1492780 869
1492790 869
1492800 863
1492810 858
1492820 858
1492830 852
1492840 846
1492850 846
1492860 839
1492870 834
1492880 834
1492890 830
1492900 820
1492910 820
1492920 812
1492930 809
1492940 809
1492950 810
1492960 811
1492970 811
1492980 810
1492990 808
1493000 808
1493010 805
1493020 805
1493030 805
1493040 809
1493050 813
1493060 813
1493070 818
1493080 822
1493090 826
1493100 826
1493110 828
1493120 830
1493130 830
1493140 831
1493150 831
1493160 831
1493170 831
1493180 832
1493190 832
1493200 833
1493210 834
1493220 834
1493230 833
1493240 834
1493250 834
1493260 833
1493270 833
1493280 833
1493290 833
1493300 832
1493310 832
1493320 831
1493330 830
1493340 830
1493350 832
1493360 831
1493370 831
1493380 829
1493390 829
1493400 829
1493410 827
1493420 823
1493430 823
1493440 825
1493450 825
1493460 825
1493470 824
1493480 824
1493490 824
1493500 823
1493510 821
1493520 821
1493530 819
1493540 817
1493550 817
1493560 819
1493570 819
1493580 819
1493590 819
1493600 818
1493610 818
1493620 817
1493630 817
1493640 817
1493650 816
1493660 816
1493670 816
1493680 815
1493690 815
1493700 815
1493710 813
1493720 812
1493730 810
1493740 810
1493750 808
1493760 805
1493770 805
1493780 802
1493790 801
1493800 801
1493810 800
1493820 798
1493830 798
1493840 796
1493850 794
1493860 794
1493870 789
1493880 786
1493890 786
1493900 784
1493910 781
1493920 781
1493930 778
1493940 776
1493950 776
1493960 773
1493970 771
1493980 771
1493990 768
1494000 765
1494010 765
1494020 761
1494030 758
1494040 758
1494050 754
1494060 751
1494070 751
1494080 748
1494090 747
1494100 747
1494110 750
1494120 754
1494130 754
1494140 757
1494150 759
1494160 759
1494170 761
1494180 764
1494190 764
1494200 767
1494210 770
1494220 770
1494230 772
1494240 771
1494250 771
1494260 767
1494270 762
1494280 762
1494290 759
1494300 755
1494310 755
1494320 752
1494330 749
1494340 749
1494350 745
1494360 741
1494370 737
1494380 737
1494390 732
1494400 727
1494410 727
1494420 721
1494430 716
1494440 716
1494450 711
1494460 707
1494470 707
1494480 703
1494490 699
1494500 699
1494510 695
1494520 692
1494530 692
1494540 689
1494550 685
1494560 685
1494570 682
1494580 679
1494590 679
1494600 675
1494610 671
1494620 671
1494630 668
1494640 664
1494650 664
1494660 661
1494670 659
1494680 659
1494690 657
1494700 655
1494710 655
1494720 654
1494730 651
1494740 651
1494750 650
1494760 648
1494770 648
1494780 647
1494790 645
1494800 645
1494810 643
1494820 641
1494830 641
1494840 640
1494850 639
1494860 639
1494870 638
1494880 636
1494890 636
1494900 635
1494910 632
1494920 632
1494930 629
1494940 624
1494950 624
1494960 619
1494970 615
1494980 612
1494990 612
1495000 610
1495010 608
1495020 608
1495030 606
1495040 604
1495050 604
1495060 602
1495070 600
1495080 600
1495090 598
1495100 595
1495110 595
1495120 590
1495130 587
1495140 587
1495150 583
1495160 580
1495170 580
1495180 576
1495190 573
1495200 573
1495210 570
1495220 567
1495230 567
1495240 564
1495250 562
1495260 562
1495270 560
1495280 559
1495290 559
1495300 557
1495310 556
1495320 556
1495330 554
1495340 553
1495350 553
1495360 552
1495370 551
1495380 551
1495390 551
1495400 550
1495410 550
1495420 549
1495430 549
1495440 549
1495450 548
1495460 548
1495470 548
1495480 548
1495490 547
1495500 547
1495510 547
1495520 548
1495530 548
1495540 548
1495550 548
1495560 548
1495570 548
1495580 548
1495590 548
1495600 549
1495610 549
1495620 549
1495630 549
1495640 549
1495650 549
1495660 549
1495670 549
1495680 550
1495690 550
1495700 550
1495710 550
1495720 550
1495730 550
1495740 550
1495750 550
1495760 550
1495770 550
1495780 550
1495790 551
1495800 551
1495810 551
1495820 551
1495830 551
1495840 551
1495850 552
1495860 552
1495870 552
1495880 553
1495890 553
1495900 553
1495910 553
1495920 553
1495930 553
1495940 553
1495950 553
1495960 553
1495970 553
1495980 555
1495990 555
1496000 559
1496010 559
1496020 559
1496030 559
1496040 557
1496050 557
1496060 555
1496070 555
1496080 555
1496090 557
1496100 560
1496110 560
1496120 564
1496130 568
1496140 568
1496150 572
1496160 574
1496170 574
1496180 577
1496190 579
1496200 579
1496210 581
1496220 584
1496230 587
1496240 587
1496250 590
1496260 592
1496270 592
1496280 594
1496290 596
1496300 596
1496310 597
1496320 597
1496330 597
1496340 597
1496350 598
1496360 598
1496370 598
1496380 599
1496390 599
1496400 600
1496410 601
1496420 601
1496430 602
1496440 605
1496450 605
1496460 607
1496470 609
1496480 609
1496490 611
1496500 613
1496510 613
1496520 615
1496530 617
1496540 617
1496550 618
1496560 619
1496570 619
1496580 620
1496590 619
1496600 619
1496610 619
1496620 618
1496630 618
1496640 619
1496650 620
1496660 620
1496670 623
1496680 625
1496690 625
1496700 627
1496710 628
1496720 628
1496730 629
1496740 631
1496750 631
1496760 633
1496770 635
1496780 635
1496790 638
1496800 640
1496810 640
1496820 643
1496830 645
1496840 645
1496850 647
1496860 648
1496870 650
1496880 650
1496890 652
1496900 653
1496910 653
1496920 655
1496930 657
1496940 657
1496950 659
1496960 661
1496970 661
1496980 664
1496990 666
1497000 666
1497010 667
1497020 669
1497030 669
1497040 671
1497050 673
1497060 673
1497070 675
1497080 676
1497090 676
1497100 677
1497110 680
1497120 680
1497130 682
1497140 685
1497150 685
1497160 687
1497170 689
1497180 689
1497190 691
1497200 694
1497210 694
1497220 696
1497230 699
1497240 699
1497250 701
1497260 704
1497270 704
1497280 707
1497290 710
1497300 710
1497310 712
1497320 715
1497330 715
1497340 718
1497350 720
1497360 720
1497370 723
1497380 725
1497390 725
1497400 727
1497410 729
1497420 729
1497430 731
1497440 733
1497450 733
1497460 736
1497470 738
1497480 740
1497490 740
1497500 743
1497510 745
1497520 745
1497530 747
1497540 750
1497550 750
1497560 752
1497570 754
1497580 754
1497590 755
1497600 757
1497610 757
1497620 758
1497630 759
1497640 759
1497650 761
1497660 762
1497670 762
1497680 764
1497690 766
1497700 766
1497710 767
1497720 769
1497730 769
1497740 770
1497750 772
1497760 772
1497770 774
1497780 777
1497790 777
1497800 779
1497810 781
1497820 781
1497830 783
1497840 784
1497850 784
1497860 787
1497870 788
1497880 788
1497890 789
1497900 790
1497910 790
1497920 792
1497930 794
1497940 794
1497950 796
1497960 799
1497970 799
1497980 801
1497990 803
1498000 803
1498010 805
1498020 806
1498030 806
1498040 807
1498050 810
1498060 810
1498070 812
1498080 814
1498090 814
1498100 816
1498110 818
1498120 820
1498130 820
1498140 821
1498150 823
1498160 823
1498170 824
1498180 825
1498190 825
1498200 826
1498210 827
1498220 827
1498230 828
1498240 828
1498250 828
1498260 829
1498270 830
1498280 830
1498290 830
1498300 830
1498310 830
1498320 829
1498330 829
1498340 829
1498350 828
1498360 827
1498370 827
1498380 825
1498390 823
1498400 823
1498410 820
1498420 816
1498430 816
1498440 813
1498450 808
1498460 808
1498470 804
1498480 801
1498490 801
1498500 799
1498510 797
1498520 797
1498530 797
1498540 797
1498550 797
1498560 797
1498570 796
1498580 796
1498590 794
1498600 792
1498610 792
1498620 789
1498630 788
1498640 788
1498650 791
1498660 793
1498670 793
1498680 796
1498690 799
1498700 799
1498710 801
1498720 803
1498730 805
1498740 805
1498750 808
1498760 810
1498770 810
1498780 811
1498790 813
1498800 813
1498810 814
1498820 815
1498830 815
1498840 816
1498850 816
1498860 816
1498870 816
1498880 815
1498890 815
1498900 815
1498910 815
1498920 815
1498930 816
1498940 816
1498950 816
1498960 817
1498970 819
1498980 819
1498990 820
1499000 822
1499010 822
1499020 823
1499030 824
1499040 824
1499050 825
1499060 823
1499070 823
1499080 820
1499090 817
1499100 817
1499110 815
1499120 812
1499130 812
1499140 810
1499150 809
1499160 809
1499170 808
1499180 808
1499190 808
1499200 808
1499210 806
1499220 806
1499230 806
1499240 806
1499250 806
1499260 807
1499270 806
1499280 806
1499290 805
1499300 806
1499310 806
1499320 807
1499330 809
1499340 809
1499350 810
1499360 810
1499370 811
1499380 811
1499390 811
1499400 811
1499410 811
1499420 813
1499430 816
1499440 816
1499450 818
1499460 822
1499470 822
1499480 829
1499490 836
1499500 836
1499510 842
1499520 848
1499530 848
1499540 854
1499550 857
1499560 857
1499570 859
1499580 861
1499590 861
1499600 861
1499610 862
1499620 862
1499630 863
1499640 863
1499650 863
1499660 864
1499670 864
1499680 864
1499690 865
1499700 865
1499710 865
1499720 866
1499730 866
1499740 866
1499750 866
1499760 867
1499770 867
1499780 867
1499790 867
1499800 867
1499810 867
1499820 867
1499830 867
1499840 867
1499850 867
1499860 867
1499870 867
1499880 867
1499890 867
1499900 867
1499910 867
1499920 867
1499930 867
1499940 866
1499950 866
1499960 866
1499970 866
1499980 865
1499990 865
