1480000 760
1480010 757
1480020 757
1480030 754
1480040 749
1480050 749
1480060 746
1480070 743
1480080 743
1480090 741
1480100 739
1480110 739
1480120 736
1480130 733
1480140 733
1480150 730
1480160 727
1480170 727
1480180 723
1480190 719
1480200 719
1480210 715
1480220 712
1480230 712
1480240 709
1480250 705
1480260 705
1480270 700
1480280 696
1480290 696
1480300 690
1480310 684
1480320 684
1480330 678
1480340 674
1480350 674
1480360 671
1480370 667
1480380 667
1480390 663
1480400 659
1480410 659
1480420 655
1480430 652
1480440 652
1480450 650
1480460 647
1480470 647
1480480 644
1480490 640
1480500 637
1480510 637
1480520 634
1480530 632
1480540 632
1480550 630
1480560 626
1480570 626
1480580 623
1480590 620
1480600 620
1480610 619
1480620 616
1480630 616
1480640 614
1480650 613
1480660 613
1480670 611
1480680 609
1480690 609
1480700 608
1480710 607
1480720 607
1480730 606
1480740 605
1480750 605
1480760 605
1480770 605
1480780 605
1480790 604
1480800 603
1480810 603
1480820 603
1480830 603
1480840 603
1480850 602
1480860 602
1480870 602
1480880 602
1480890 601
1480900 601
1480910 600
1480920 598
1480930 598
1480940 596
1480950 594
1480960 594
1480970 592
1480980 590
1480990 590
1481000 589
1481010 588
1481020 588
1481030 588
1481040 587
1481050 587
1481060 586
1481070 584
1481080 584
1481090 581
1481100 578
1481110 578
1481120 575
1481130 573
1481140 571
1481150 571
1481160 570
1481170 570
1481180 570
1481190 569
1481200 568
1481210 568
1481220 568
1481230 568
1481240 568
1481250 567
1481260 567
1481270 567
1481280 566
1481290 566
1481300 566
1481310 566
1481320 566
1481330 566
1481340 564
1481350 564
1481360 564
1481370 563
1481380 564
1481390 564
1481400 563
1481410 563
1481420 563
1481430 560
1481440 558
1481450 558
1481460 555
1481470 552
1481480 552
1481490 548
1481500 546
1481510 546
1481520 543
1481530 541
1481540 541
1481550 540
1481560 540
1481570 540
1481580 541
1481590 541
1481600 541
1481610 541
1481620 541
1481630 541
1481640 541
1481650 542
1481660 542
1481670 542
1481680 543
1481690 543
1481700 544
1481710 546
1481720 546
1481730 548
1481740 549
1481750 549
1481760 551
1481770 553
1481780 554
1481790 554
1481800 556
1481810 557
1481820 557
1481830 558
1481840 559
1481850 559
1481860 560
1481870 561
1481880 561
1481890 562
1481900 562
1481910 562
1481920 563
1481930 563
1481940 563
1481950 563
1481960 564
1481970 564
1481980 564
1481990 564
1482000 564
1482010 564
1482020 563
1482030 563
1482040 563
1482050 563
1482060 563
1482070 563
1482080 563
1482090 563
1482100 562
1482110 560
1482120 560
1482130 560
1482140 559
1482150 559
1482160 558
1482170 557
1482180 557
1482190 555
1482200 555
1482210 555
1482220 554
1482230 553
1482240 553
1482250 551
1482260 548
1482270 548
1482280 547
1482290 545
1482300 545
1482310 542
1482320 539
1482330 539
1482340 537
1482350 537
1482360 537
1482370 538
1482380 539
1482390 539
1482400 539
1482410 539
1482420 539
1482430 539
1482440 540
1482450 542
1482460 542
1482470 543
1482480 545
1482490 545
1482500 547
1482510 549
1482520 549
1482530 551
1482540 554
1482550 554
1482560 555
1482570 557
1482580 557
1482590 558
1482600 558
1482610 558
1482620 558
1482630 557
1482640 557
1482650 557
1482660 556
1482670 556
1482680 555
1482690 554
1482700 554
1482710 553
1482720 552
1482730 552
1482740 552
1482750 551
1482760 551
1482770 551
1482780 551
1482790 551
1482800 551
1482810 551
1482820 551
1482830 551
1482840 551
1482850 551
1482860 550
1482870 550
1482880 550
1482890 550
1482900 550
1482910 550
1482920 550
1482930 550
1482940 550
1482950 550
1482960 550
1482970 550
1482980 549
1482990 549
1483000 549
1483010 549
1483020 548
1483030 548
1483040 548
1483050 548
1483060 548
1483070 548
1483080 547
1483090 547
1483100 547
1483110 547
1483120 546
1483130 546
1483140 546
1483150 546
1483160 546
1483170 546
1483180 546
1483190 546
1483200 546
1483210 546
1483220 546
1483230 547
1483240 547
1483250 547
1483260 547
1483270 546
1483280 546
1483290 546
1483300 547
1483310 547
1483320 546
1483330 546
1483340 546
1483350 546
1483360 546
1483370 546
1483380 546
1483390 546
1483400 546
1483410 546
1483420 546
1483430 546
1483440 546
1483450 546
1483460 546
1483470 546
1483480 546
1483490 546
1483500 546
1483510 545
1483520 545
1483530 545
1483540 545
1483550 545
1483560 545
1483570 545
1483580 545
1483590 543
1483600 543
1483610 543
1483620 542
1483630 542
1483640 542
1483650 542
1483660 542
1483670 542
1483680 542
1483690 543
1483700 543
1483710 543
1483720 543
1483730 543
1483740 543
1483750 542
1483760 542
1483770 542
1483780 542
1483790 543
1483800 543
1483810 543
1483820 543
1483830 543
1483840 544
1483850 544
1483860 544
1483870 544
1483880 544
1483890 544
1483900 544
1483910 544
1483920 544
1483930 544
1483940 545
1483950 545
1483960 545
1483970 545
1483980 545
1483990 545
1484000 546
1484010 546
1484020 546
1484030 547
1484040 547
1484050 547
1484060 548
1484070 548
1484080 548
1484090 549
1484100 549
1484110 549
1484120 550
1484130 550
1484140 550
1484150 550
1484160 550
1484170 551
1484180 551
1484190 551
1484200 551
1484210 552
1484220 552
1484230 552
1484240 552
1484250 552
1484260 552
1484270 552
1484280 552
1484290 551
1484300 551
1484310 551
1484320 551
1484330 550
1484340 550
1484350 550
1484360 550
1484370 550
1484380 550
1484390 550
1484400 550
1484410 550
1484420 550
1484430 551
1484440 551
1484450 551
1484460 552
1484470 552
1484480 552
1484490 553
1484500 553
1484510 554
1484520 555
1484530 555
1484540 556
1484550 556
1484560 556
1484570 557
1484580 557
1484590 557
1484600 558
1484610 559
1484620 559
1484630 558
1484640 559
1484650 559
1484660 559
1484670 558
1484680 558
1484690 558
1484700 558
1484710 558
1484720 557
1484730 555
1484740 555
1484750 551
1484760 547
1484770 547
1484780 546
1484790 549
1484800 549
1484810 551
1484820 553
1484830 553
1484840 554
1484850 554
1484860 554
1484870 554
1484880 553
1484890 553
1484900 554
1484910 557
1484920 557
1484930 561
1484940 561
1484950 561
1484960 561
1484970 561
1484980 562
1484990 562
1485000 562
1485010 563
1485020 563
1485030 564
1485040 563
1485050 563
1485060 563
1485070 560
1485080 560
1485090 558
1485100 563
1485110 563
1485120 571
1485130 574
1485140 574
1485150 576
1485160 577
1485170 577
1485180 578
1485190 579
1485200 579
1485210 580
1485220 581
1485230 581
1485240 582
1485250 582
1485260 582
1485270 584
1485280 585
1485290 585
1485300 585
1485310 586
1485320 586
1485330 587
1485340 587
1485350 587
1485360 587
1485370 587
1485380 587
1485390 587
1485400 586
1485410 586
1485420 586
1485430 585
1485440 585
1485450 584
1485460 583
1485470 583
1485480 583
1485490 584
1485500 584
1485510 585
1485520 586
1485530 586
1485540 586
1485550 585
1485560 585
1485570 589
1485580 592
1485590 592
1485600 593
1485610 596
1485620 599
1485630 599
1485640 601
1485650 603
1485660 603
1485670 605
1485680 608
1485690 608
1485700 610
1485710 612
1485720 612
1485730 615
1485740 617
1485750 617
1485760 619
1485770 621
1485780 621
1485790 623
1485800 625
1485810 625
1485820 627
1485830 629
1485840 629
1485850 630
1485860 630
1485870 630
1485880 633
1485890 636
1485900 636
1485910 639
1485920 643
1485930 643
1485940 646
1485950 649
1485960 649
1485970 653
1485980 656
1485990 656
1486000 660
1486010 663
1486020 663
1486030 666
1486040 668
1486050 668
1486060 672
1486070 676
1486080 676
1486090 679
1486100 683
1486110 683
1486120 687
1486130 691
1486140 691
1486150 694
1486160 696
1486170 696
1486180 699
1486190 703
1486200 703
1486210 707
1486220 711
1486230 711
1486240 714
1486250 717
1486260 719
1486270 719
1486280 721
1486290 723
1486300 723
1486310 725
1486320 727
1486330 727
1486340 728
1486350 730
1486360 730
1486370 732
1486380 733
1486390 733
1486400 734
1486410 736
1486420 736
1486430 737
1486440 738
1486450 738
1486460 738
1486470 739
1486480 739
1486490 739
1486500 740
1486510 740
1486520 741
1486530 742
1486540 742
1486550 743
1486560 745
1486570 745
1486580 747
1486590 749
1486600 749
1486610 753
1486620 759
1486630 759
1486640 763
1486650 766
1486660 766
1486670 769
1486680 772
1486690 772
1486700 774
1486710 776
1486720 776
1486730 778
1486740 780
1486750 780
1486760 782
1486770 785
1486780 785
1486790 788
1486800 791
1486810 791
1486820 794
1486830 797
1486840 797
1486850 801
1486860 807
1486870 807
1486880 811
1486890 815
1486900 819
1486910 819
1486920 823
1486930 826
1486940 826
1486950 828
1486960 831
1486970 831
1486980 834
1486990 837
1487000 837
1487010 840
1487020 843
1487030 843
1487040 847
1487050 851
1487060 851
1487070 855
1487080 859
1487090 859
1487100 863
1487110 866
1487120 866
1487130 870
1487140 873
1487150 873
1487160 876
1487170 880
1487180 880
1487190 883
1487200 885
1487210 885
1487220 884
1487230 881
1487240 881
1487250 878
1487260 876
1487270 876
1487280 876
1487290 876
1487300 876
1487310 878
1487320 881
1487330 881
1487340 884
1487350 889
1487360 889
1487370 895
1487380 900
1487390 900
1487400 908
1487410 915
1487420 915
1487430 921
1487440 926
1487450 926
1487460 930
1487470 933
1487480 933
1487490 936
1487500 939
1487510 939
1487520 941
1487530 943
1487540 945
1487550 945
1487560 947
1487570 950
1487580 950
1487590 953
1487600 955
1487610 955
1487620 958
1487630 960
1487640 960
1487650 962
1487660 965
1487670 965
1487680 967
1487690 969
1487700 969
1487710 971
1487720 972
1487730 972
1487740 973
1487750 975
1487760 975
1487770 976
1487780 977
1487790 977
1487800 978
1487810 979
1487820 979
1487830 980
1487840 980
1487850 980
1487860 980
1487870 980
1487880 980
1487890 980
1487900 980
1487910 980
1487920 979
1487930 978
1487940 978
1487950 977
1487960 975
1487970 975
1487980 973
1487990 970
1488000 970
1488010 967
1488020 964
1488030 964
1488040 962
1488050 960
1488060 960
1488070 956
1488080 952
1488090 952
1488100 949
1488110 946
1488120 946
1488130 945
1488140 943
1488150 943
1488160 942
1488170 942
1488180 941
1488190 941
1488200 940
1488210 941
1488220 941
1488230 943
1488240 946
1488250 946
1488260 948
1488270 950
1488280 950
1488290 951
1488300 952
1488310 952
1488320 954
1488330 954
1488340 954
1488350 955
1488360 956
1488370 956
1488380 956
1488390 956
1488400 956
1488410 957
1488420 957
1488430 957
1488440 957
1488450 957
1488460 957
1488470 957
1488480 956
1488490 956
1488500 956
1488510 955
1488520 955
1488530 954
1488540 953
1488550 953
1488560 953
1488570 952
1488580 952
1488590 951
1488600 950
1488610 950
1488620 949
1488630 948
1488640 948
1488650 947
1488660 946
1488670 946
1488680 944
1488690 943
1488700 943
1488710 941
1488720 939
1488730 939
1488740 937
1488750 936
1488760 936
1488770 934
1488780 932
1488790 932
1488800 930
1488810 927
1488820 925
1488830 925
1488840 923
1488850 920
1488860 920
1488870 918
1488880 915
1488890 915
1488900 912
1488910 908
1488920 908
1488930 906
1488940 905
1488950 905
1488960 903
1488970 901
1488980 901
1488990 897
1489000 893
1489010 893
1489020 888
1489030 884
1489040 884
1489050 881
1489060 880
1489070 880
1489080 877
1489090 876
1489100 876
1489110 879
1489120 880
1489130 880
1489140 881
1489150 880
1489160 880
1489170 879
1489180 877
1489190 877
1489200 880
1489210 882
1489220 882
1489230 883
1489240 885
1489250 885
1489260 886
1489270 887
1489280 887
1489290 888
1489300 889
1489310 889
1489320 889
1489330 888
1489340 888
1489350 887
1489360 886
1489370 886
1489380 885
1489390 884
1489400 884
1489410 882
1489420 880
1489430 880
1489440 878
1489450 875
1489460 872
1489470 872
1489480 870
1489490 866
1489500 866
1489510 863
1489520 860
1489530 860
1489540 858
1489550 855
1489560 855
1489570 852
1489580 848
1489590 848
1489600 845
1489610 843
1489620 843
1489630 839
1489640 836
1489650 836
1489660 833
1489670 830
1489680 830
1489690 826
1489700 821
1489710 821
1489720 815
1489730 810
1489740 810
1489750 805
1489760 800
1489770 800
1489780 795
1489790 793
1489800 793
1489810 793
1489820 793
1489830 793
1489840 794
1489850 798
1489860 798
1489870 800
1489880 799
1489890 799
1489900 798
1489910 797
1489920 797
1489930 795
1489940 793
1489950 793
1489960 794
1489970 794
1489980 794
1489990 794
1490000 792
1490010 792
1490020 789
1490030 787
1490040 787
1490050 786
1490060 784
1490070 784
1490080 783
1490090 782
1490100 780
1490110 780
1490120 779
1490130 779
1490140 779
1490150 778
1490160 777
1490170 777
1490180 775
1490190 774
1490200 774
1490210 773
1490220 772
1490230 772
1490240 770
1490250 768
1490260 768
1490270 767
1490280 765
1490290 765
1490300 763
1490310 761
1490320 761
1490330 759
1490340 757
1490350 757
1490360 755
1490370 755
1490380 755
1490390 752
1490400 750
1490410 750
1490420 748
1490430 746
1490440 746
1490450 745
1490460 743
1490470 743
1490480 740
1490490 737
1490500 737
1490510 736
1490520 735
1490530 735
1490540 733
1490550 732
1490560 732
1490570 730
1490580 730
1490590 730
1490600 729
1490610 728
1490620 728
1490630 727
1490640 726
1490650 725
1490660 724
1490670 722
1490680 722
1490690 720
1490700 720
1490710 720
1490720 720
1490730 719
1490740 719
1490750 719
1490760 719
1490770 719
1490780 719
1490790 719
1490800 718
1490810 718
1490820 716
1490830 715
1490840 715
1490850 714
1490860 713
1490870 713
1490880 712
1490890 711
1490900 711
1490910 711
1490920 712
1490930 712
1490940 712
1490950 713
1490960 713
1490970 713
1490980 713
1490990 713
1491000 714
1491010 715
1491020 715
1491030 715
1491040 715
1491050 715
1491060 714
1491070 714
1491080 714
1491090 715
1491100 715
1491110 715
1491120 714
1491130 713
1491140 713
1491150 713
1491160 713
1491170 713
1491180 714
1491190 713
1491200 713
1491210 714
1491220 716
1491230 716
1491240 717
1491250 716
1491260 716
1491270 716
1491280 715
1491290 715
1491300 714
1491310 712
1491320 712
1491330 710
1491340 709
1491350 709
1491360 709
1491370 708
1491380 707
1491390 707
1491400 706
1491410 705
1491420 705
1491430 704
1491440 704
1491450 704
1491460 703
1491470 702
1491480 702
1491490 702
1491500 700
1491510 700
1491520 698
1491530 696
1491540 696
1491550 694
1491560 693
1491570 693
1491580 693
1491590 693
1491600 693
1491610 693
1491620 692
1491630 692
1491640 692
1491650 691
1491660 691
1491670 692
1491680 692
1491690 692
1491700 693
1491710 694
1491720 694
1491730 694
1491740 693
1491750 693
1491760 693
1491770 693
1491780 693
1491790 693
1491800 694
1491810 694
1491820 695
1491830 696
1491840 696
1491850 699
1491860 702
1491870 702
1491880 704
1491890 706
1491900 706
1491910 709
1491920 711
1491930 711
1491940 713
1491950 715
1491960 715
1491970 717
1491980 717
1491990 717
1492000 718
1492010 721
1492020 723
1492030 723
1492040 725
1492050 727
1492060 727
1492070 728
1492080 729
1492090 729
1492100 729
1492110 730
1492120 730
1492130 732
1492140 733
1492150 733
1492160 734
1492170 735
1492180 735
1492190 735
1492200 736
1492210 736
1492220 736
1492230 736
1492240 736
1492250 736
1492260 735
1492270 735
1492280 735
1492290 735
1492300 735
1492310 734
1492320 734
1492330 734
1492340 733
1492350 733
1492360 733
1492370 731
1492380 729
1492390 729
1492400 728
1492410 727
1492420 727
1492430 726
1492440 725
1492450 725
1492460 724
1492470 724
1492480 724
1492490 723
1492500 723
1492510 723
1492520 722
1492530 721
1492540 721
1492550 718
1492560 716
1492570 716
1492580 714
1492590 713
1492600 713
1492610 713
1492620 712
1492630 712
1492640 713
1492650 712
1492660 714
1492670 714
1492680 717
1492690 721
1492700 721
1492710 724
1492720 728
1492730 728
1492740 732
1492750 735
1492760 735
1492770 739
1492780 742
1492790 742
1492800 745
1492810 749
1492820 749
1492830 752
1492840 755
1492850 755
1492860 759
1492870 762
1492880 762
1492890 766
1492900 769
1492910 769
1492920 771
1492930 773
1492940 773
1492950 773
1492960 773
1492970 773
1492980 772
1492990 770
1493000 770
1493010 769
1493020 767
1493030 767
1493040 766
1493050 765
1493060 765
1493070 764
1493080 763
1493090 763
1493100 763
1493110 762
1493120 762
1493130 761
1493140 760
1493150 760
1493160 759
1493170 758
1493180 758
1493190 757
1493200 755
1493210 755
1493220 753
1493230 749
1493240 749
1493250 744
1493260 739
1493270 739
1493280 735
1493290 732
1493300 730
1493310 730
1493320 728
1493330 727
1493340 727
1493350 726
1493360 726
1493370 726
1493380 726
1493390 726
1493400 726
1493410 726
1493420 725
1493430 725
1493440 723
1493450 719
1493460 719
1493470 715
1493480 710
1493490 710
1493500 706
1493510 703
1493520 703
1493530 701
1493540 701
1493550 701
1493560 701
1493570 702
1493580 702
1493590 702
1493600 700
1493610 700
1493620 698
1493630 696
1493640 696
1493650 695
1493660 694
1493670 694
1493680 693
1493690 691
1493700 691
1493710 688
1493720 684
1493730 684
1493740 681
1493750 678
1493760 678
1493770 675
1493780 669
1493790 669
1493800 662
1493810 656
1493820 656
1493830 651
1493840 645
1493850 645
1493860 639
1493870 635
1493880 635
1493890 633
1493900 632
1493910 632
1493920 631
1493930 637
1493940 647
1493950 647
1493960 655
1493970 659
1493980 659
1493990 660
1494000 657
1494010 657
1494020 652
1494030 647
1494040 647
1494050 642
1494060 638
1494070 638
1494080 636
1494090 635
1494100 635
1494110 634
1494120 634
1494130 634
1494140 633
1494150 632
1494160 632
1494170 631
1494180 630
1494190 630
1494200 629
1494210 628
1494220 628
1494230 627
1494240 627
1494250 627
1494260 625
1494270 622
1494280 622
1494290 619
1494300 617
1494310 617
1494320 616
1494330 614
1494340 614
1494350 612
1494360 610
1494370 610
1494380 607
1494390 604
1494400 604
1494410 600
1494420 596
1494430 596
1494440 592
1494450 589
1494460 589
1494470 586
1494480 584
1494490 584
1494500 582
1494510 580
1494520 580
1494530 579
1494540 578
1494550 578
1494560 577
1494570 577
1494580 576
1494590 576
1494600 576
1494610 575
1494620 575
1494630 575
1494640 574
1494650 574
1494660 574
1494670 573
1494680 573
1494690 573
1494700 572
1494710 572
1494720 572
1494730 572
1494740 572
1494750 571
1494760 571
1494770 571
1494780 570
1494790 570
1494800 570
1494810 569
1494820 569
1494830 569
1494840 568
1494850 568
1494860 568
1494870 568
1494880 567
1494890 567
1494900 567
1494910 567
1494920 567
1494930 566
1494940 566
1494950 566
1494960 566
1494970 565
1494980 565
1494990 565
1495000 565
1495010 565
1495020 565
1495030 565
1495040 565
1495050 565
1495060 565
1495070 565
1495080 565
1495090 566
1495100 566
1495110 566
1495120 567
1495130 567
1495140 567
1495150 567
1495160 567
1495170 568
1495180 568
1495190 568
1495200 568
1495210 569
1495220 569
1495230 569
1495240 569
1495250 570
1495260 570
1495270 570
1495280 571
1495290 571
1495300 571
1495310 571
1495320 571
1495330 572
1495340 572
1495350 572
1495360 572
1495370 573
1495380 573
1495390 574
1495400 575
1495410 575
1495420 575
1495430 575
1495440 575
1495450 574
1495460 576
1495470 576
1495480 576
1495490 576
1495500 576
1495510 576
1495520 577
1495530 577
1495540 577
1495550 578
1495560 578
1495570 578
1495580 579
1495590 579
1495600 580
1495610 580
1495620 580
1495630 581
1495640 581
1495650 581
1495660 582
1495670 583
1495680 583
1495690 584
1495700 585
1495710 585
1495720 586
1495730 586
1495740 586
1495750 587
1495760 588
1495770 588
1495780 587
1495790 584
1495800 584
1495810 584
1495820 585
1495830 585
1495840 586
1495850 588
1495860 588
1495870 591
1495880 592
1495890 592
1495900 592
1495910 591
1495920 591
1495930 591
1495940 591
1495950 592
1495960 592
1495970 594
1495980 595
1495990 595
1496000 596
1496010 597
1496020 597
1496030 599
1496040 601
1496050 601
1496060 603
1496070 606
1496080 606
1496090 608
1496100 610
1496110 610
1496120 613
1496130 616
1496140 616
1496150 619
1496160 623
1496170 623
1496180 627
1496190 630
1496200 630
1496210 633
1496220 635
1496230 635
1496240 638
1496250 641
1496260 641
1496270 644
1496280 646
1496290 646
1496300 649
1496310 652
1496320 652
1496330 655
1496340 656
1496350 656
1496360 657
1496370 657
1496380 657
1496390 658
1496400 659
1496410 659
1496420 660
1496430 662
1496440 662
1496450 663
1496460 665
1496470 665
1496480 667
1496490 669
1496500 669
1496510 672
1496520 675
1496530 678
1496540 678
1496550 679
1496560 680
1496570 680
1496580 680
1496590 681
1496600 681
1496610 681
1496620 682
1496630 682
1496640 684
1496650 685
1496660 685
1496670 686
1496680 688
1496690 688
1496700 690
1496710 691
1496720 691
1496730 693
1496740 694
1496750 694
1496760 695
1496770 697
1496780 697
1496790 698
1496800 700
1496810 700
1496820 701
1496830 702
1496840 702
1496850 704
1496860 706
1496870 706
1496880 708
1496890 709
1496900 709
1496910 711
1496920 714
1496930 714
1496940 717
1496950 719
1496960 719
1496970 721
1496980 723
1496990 723
1497000 725
1497010 726
1497020 726
1497030 727
1497040 728
1497050 728
1497060 730
1497070 731
1497080 731
1497090 733
1497100 735
1497110 735
1497120 736
1497130 738
1497140 738
1497150 739
1497160 741
1497170 742
1497180 742
1497190 744
1497200 745
1497210 745
1497220 746
1497230 747
1497240 747
1497250 747
1497260 748
1497270 748
1497280 749
1497290 750
1497300 750
1497310 750
1497320 750
1497330 750
1497340 749
1497350 748
1497360 748
1497370 747
1497380 746
1497390 746
1497400 745
1497410 744
1497420 744
1497430 743
1497440 743
1497450 743
1497460 742
1497470 741
1497480 741
1497490 740
1497500 739
1497510 739
1497520 737
1497530 734
1497540 734
1497550 732
1497560 730
1497570 730
1497580 728
1497590 727
1497600 727
1497610 726
1497620 725
1497630 725
1497640 724
1497650 723
1497660 723
1497670 721
1497680 720
1497690 720
1497700 718
1497710 716
1497720 716
1497730 713
1497740 713
1497750 713
1497760 714
1497770 715
1497780 715
1497790 717
1497800 719
1497810 722
1497820 722
1497830 724
1497840 725
1497850 725
1497860 726
1497870 729
1497880 729
1497890 732
1497900 734
1497910 734
1497920 736
1497930 738
1497940 738
1497950 739
1497960 741
1497970 741
1497980 742
1497990 744
1498000 744
1498010 745
1498020 747
1498030 747
1498040 749
1498050 750
1498060 750
1498070 751
1498080 753
1498090 753
1498100 754
1498110 755
1498120 755
1498130 756
1498140 757
1498150 757
1498160 757
1498170 758
1498180 758
1498190 761
1498200 763
1498210 763
1498220 765
1498230 767
1498240 767
1498250 768
1498260 770
1498270 770
1498280 771
1498290 773
1498300 773
1498310 774
1498320 774
1498330 774
1498340 775
1498350 776
1498360 776
1498370 777
1498380 778
1498390 778
1498400 778
1498410 779
1498420 779
1498430 779
1498440 780
1498450 781
1498460 781
1498470 783
1498480 783
1498490 783
1498500 782
1498510 781
1498520 781
1498530 781
1498540 782
1498550 782
1498560 785
1498570 786
1498580 786
1498590 787
1498600 787
1498610 787
1498620 788
1498630 789
1498640 789
1498650 790
1498660 791
1498670 791
1498680 792
1498690 793
1498700 793
1498710 794
1498720 794
1498730 794
1498740 795
1498750 794
1498760 794
1498770 795
1498780 795
1498790 795
1498800 795
1498810 795
1498820 795
1498830 795
1498840 797
1498850 797
1498860 801
1498870 805
1498880 805
1498890 810
1498900 816
1498910 816
1498920 821
1498930 826
1498940 826
1498950 830
1498960 835
1498970 835
1498980 839
1498990 843
1499000 843
1499010 848
1499020 852
1499030 852
1499040 857
1499050 862
1499060 862
1499070 866
1499080 870
1499090 874
1499100 874
1499110 878
1499120 882
1499130 882
1499140 886
1499150 890
1499160 890
1499170 893
1499180 896
1499190 896
1499200 900
1499210 904
1499220 904
1499230 907
1499240 910
1499250 910
1499260 913
1499270 917
1499280 917
1499290 920
1499300 922
1499310 922
1499320 924
1499330 926
1499340 926
1499350 928
1499360 929
1499370 929
1499380 930
1499390 931
1499400 931
1499410 932
1499420 930
1499430 930
1499440 928
1499450 925
1499460 925
1499470 923
1499480 921
1499490 921
1499500 919
1499510 917
1499520 917
1499530 916
1499540 915
1499550 915
1499560 914
1499570 914
1499580 914
1499590 913
1499600 913
1499610 913
1499620 913
1499630 913
1499640 913
1499650 912
1499660 912
1499670 912
1499680 911
1499690 911
1499700 911
1499710 911
1499720 911
1499730 911
1499740 911
1499750 911
1499760 911
1499770 911
1499780 912
1499790 912
1499800 912
1499810 912
1499820 913
1499830 913
1499840 913
1499850 913
1499860 913
1499870 914
1499880 914
1499890 914
1499900 915
1499910 915
1499920 915
1499930 916
1499940 916
1499950 916
1499960 916
1499970 916
1499980 916
1499990 916
