1480000 845
1480010 839
1480020 839
1480030 832
1480040 826
1480050 826
1480060 821
1480070 817
1480080 817
1480090 813
1480100 812
1480110 812
1480120 810
1480130 807
1480140 807
1480150 802
1480160 799
1480170 799
1480180 797
1480190 794
1480200 794
1480210 792
1480220 791
1480230 791
1480240 789
1480250 787
1480260 787
1480270 783
1480280 778
1480290 778
1480300 773
1480310 768
1480320 768
1480330 763
1480340 758
1480350 758
1480360 754
1480370 748
1480380 748
1480390 743
1480400 739
1480410 739
1480420 734
1480430 729
1480440 729
1480450 724
1480460 719
1480470 719
1480480 714
1480490 708
1480500 708
1480510 704
1480520 701
1480530 697
1480540 697
1480550 694
1480560 690
1480570 690
1480580 686
1480590 682
1480600 682
1480610 678
1480620 674
1480630 674
1480640 671
1480650 667
1480660 667
1480670 663
1480680 659
1480690 659
1480700 655
1480710 652
1480720 652
1480730 650
1480740 647
1480750 647
1480760 643
1480770 640
1480780 640
1480790 637
1480800 635
1480810 635
1480820 633
1480830 631
1480840 631
1480850 628
1480860 625
1480870 625
1480880 622
1480890 621
1480900 621
1480910 620
1480920 618
1480930 618
1480940 616
1480950 613
1480960 613
1480970 610
1480980 607
1480990 607
1481000 605
1481010 604
1481020 604
1481030 602
1481040 599
1481050 599
1481060 597
1481070 595
1481080 595
1481090 594
1481100 592
1481110 592
1481120 590
1481130 586
1481140 586
1481150 585
1481160 583
1481170 581
1481180 581
1481190 579
1481200 576
1481210 576
1481220 573
1481230 570
1481240 570
1481250 569
1481260 569
1481270 569
1481280 568
1481290 567
1481300 567
1481310 566
1481320 565
1481330 565
1481340 563
1481350 561
1481360 561
1481370 560
1481380 558
1481390 558
1481400 556
1481410 554
1481420 554
1481430 552
1481440 551
1481450 551
1481460 550
1481470 549
1481480 549
1481490 548
1481500 546
1481510 546
1481520 545
1481530 545
1481540 545
1481550 544
1481560 543
1481570 543
1481580 542
1481590 542
1481600 542
1481610 542
1481620 541
1481630 541
1481640 541
1481650 540
1481660 540
1481670 540
1481680 540
1481690 540
1481700 539
1481710 539
1481720 539
1481730 538
1481740 537
1481750 537
1481760 537
1481770 537
1481780 537
1481790 537
1481800 537
1481810 536
1481820 536
1481830 536
1481840 535
1481850 535
1481860 535
1481870 534
1481880 534
1481890 534
1481900 533
1481910 533
1481920 533
1481930 532
1481940 532
1481950 532
1481960 532
1481970 532
1481980 533
1481990 534
1482000 534
1482010 535
1482020 536
1482030 536
1482040 537
1482050 538
1482060 538
1482070 539
1482080 540
1482090 540
1482100 541
1482110 542
1482120 542
1482130 543
1482140 544
1482150 544
1482160 545
1482170 547
1482180 547
1482190 548
1482200 549
1482210 549
1482220 549
1482230 546
1482240 546
1482250 543
1482260 538
1482270 538
1482280 535
1482290 532
1482300 532
1482310 532
1482320 531
1482330 531
1482340 531
1482350 531
1482360 531
1482370 531
1482380 532
1482390 532
1482400 532
1482410 532
1482420 532
1482430 532
1482440 532
1482450 533
1482460 533
1482470 534
1482480 535
1482490 535
1482500 536
1482510 537
1482520 537
1482530 539
1482540 541
1482550 541
1482560 542
1482570 543
1482580 543
1482590 544
1482600 545
1482610 545
1482620 546
1482630 547
1482640 547
1482650 548
1482660 549
1482670 549
1482680 549
1482690 550
1482700 550
1482710 551
1482720 552
1482730 552
1482740 553
1482750 553
1482760 553
1482770 554
1482780 555
1482790 555
1482800 556
1482810 557
1482820 557
1482830 558
1482840 558
1482850 558
1482860 559
1482870 559
1482880 559
1482890 560
1482900 560
1482910 560
1482920 561
1482930 561
1482940 561
1482950 561
1482960 560
1482970 560
1482980 560
1482990 559
1483000 559
1483010 559
1483020 558
1483030 558
1483040 557
1483050 557
1483060 557
1483070 556
1483080 556
1483090 556
1483100 556
1483110 555
1483120 554
1483130 554
1483140 554
1483150 553
1483160 553
1483170 552
1483180 552
1483190 552
1483200 552
1483210 552
1483220 552
1483230 552
1483240 551
1483250 551
1483260 551
1483270 551
1483280 551
1483290 551
1483300 551
1483310 551
1483320 551
1483330 551
1483340 551
1483350 551
1483360 551
1483370 551
1483380 550
1483390 550
1483400 550
1483410 550
1483420 550
1483430 550
1483440 550
1483450 550
1483460 550
1483470 549
1483480 549
1483490 549
1483500 549
1483510 549
1483520 549
1483530 549
1483540 549
1483550 549
1483560 549
1483570 548
1483580 548
1483590 548
1483600 548
1483610 548
1483620 548
1483630 548
1483640 548
1483650 547
1483660 547
1483670 547
1483680 547
1483690 547
1483700 547
1483710 547
1483720 547
1483730 547
1483740 547
1483750 547
1483760 546
1483770 546
1483780 546
1483790 546
1483800 546
1483810 546
1483820 546
1483830 546
1483840 545
1483850 545
1483860 545
1483870 545
1483880 545
1483890 545
1483900 545
1483910 545
1483920 545
1483930 545
1483940 545
1483950 545
1483960 545
1483970 545
1483980 545
1483990 545
1484000 545
1484010 545
1484020 544
1484030 544
1484040 544
1484050 544
1484060 544
1484070 544
1484080 544
1484090 544
1484100 544
1484110 544
1484120 543
1484130 543
1484140 543
1484150 543
1484160 543
1484170 542
1484180 541
1484190 541
1484200 540
1484210 539
1484220 539
1484230 539
1484240 538
1484250 538
1484260 536
1484270 534
1484280 534
1484290 533
1484300 532
1484310 532
1484320 532
1484330 532
1484340 532
1484350 532
1484360 534
1484370 536
1484380 536
1484390 537
1484400 537
1484410 537
1484420 537
1484430 537
1484440 537
1484450 538
1484460 539
1484470 539
1484480 540
1484490 540
1484500 540
1484510 541
1484520 542
1484530 542
1484540 542
1484550 542
1484560 542
1484570 543
1484580 544
1484590 544
1484600 545
1484610 546
1484620 546
1484630 546
1484640 546
1484650 546
1484660 546
1484670 546
1484680 546
1484690 546
1484700 546
1484710 546
1484720 546
1484730 546
1484740 546
1484750 546
1484760 545
1484770 545
1484780 545
1484790 545
1484800 545
1484810 544
1484820 544
1484830 544
1484840 544
1484850 544
1484860 544
1484870 544
1484880 544
1484890 544
1484900 544
1484910 543
1484920 543
1484930 540
1484940 534
1484950 534
1484960 530
1484970 532
1484980 532
1484990 532
1485000 533
1485010 530
1485020 530
1485030 528
1485040 531
1485050 531
1485060 532
1485070 532
1485080 532
1485090 533
1485100 533
1485110 533
1485120 534
1485130 535
1485140 535
1485150 537
1485160 538
1485170 538
1485180 539
1485190 539
1485200 539
1485210 540
1485220 541
1485230 541
1485240 542
1485250 543
1485260 543
1485270 544
1485280 546
1485290 546
1485300 547
1485310 548
1485320 548
1485330 550
1485340 551
1485350 551
1485360 551
1485370 552
1485380 552
1485390 552
1485400 552
1485410 552
1485420 552
1485430 552
1485440 552
1485450 552
1485460 551
1485470 551
1485480 549
1485490 548
1485500 548
1485510 547
1485520 543
1485530 543
1485540 541
1485550 542
1485560 542
1485570 548
1485580 549
1485590 549
1485600 550
1485610 550
1485620 551
1485630 551
1485640 552
1485650 553
1485660 553
1485670 554
1485680 555
1485690 555
1485700 556
1485710 557
1485720 557
1485730 558
1485740 559
1485750 559
1485760 560
1485770 563
1485780 563
1485790 563
1485800 563
1485810 563
1485820 562
1485830 564
1485840 564
1485850 567
1485860 570
1485870 570
1485880 572
1485890 575
1485900 575
1485910 577
1485920 579
1485930 579
1485940 581
1485950 583
1485960 583
1485970 585
1485980 585
1485990 585
1486000 586
1486010 589
1486020 589
1486030 591
1486040 593
1486050 593
1486060 595
1486070 596
1486080 596
1486090 596
1486100 597
1486110 597
1486120 600
1486130 606
1486140 606
1486150 611
1486160 614
1486170 614
1486180 618
1486190 621
1486200 621
1486210 624
1486220 627
1486230 627
1486240 630
1486250 633
1486260 635
1486270 635
1486280 637
1486290 639
1486300 639
1486310 642
1486320 646
1486330 646
1486340 649
1486350 652
1486360 652
1486370 653
1486380 654
1486390 654
1486400 655
1486410 657
1486420 657
1486430 658
1486440 660
1486450 660
1486460 661
1486470 663
1486480 663
1486490 664
1486500 665
1486510 665
1486520 666
1486530 666
1486540 666
1486550 667
1486560 667
1486570 667
1486580 669
1486590 670
1486600 670
1486610 672
1486620 673
1486630 673
1486640 674
1486650 675
1486660 675
1486670 677
1486680 679
1486690 679
1486700 683
1486710 685
1486720 685
1486730 688
1486740 690
1486750 690
1486760 693
1486770 695
1486780 695
1486790 697
1486800 699
1486810 699
1486820 701
1486830 703
1486840 703
1486850 706
1486860 708
1486870 708
1486880 710
1486890 712
1486900 714
1486910 714
1486920 717
1486930 719
1486940 719
1486950 721
1486960 723
1486970 723
1486980 724
1486990 726
1487000 726
1487010 728
1487020 730
1487030 730
1487040 733
1487050 736
1487060 736
1487070 738
1487080 740
1487090 740
1487100 745
1487110 749
1487120 749
1487130 753
1487140 757
1487150 757
1487160 761
1487170 765
1487180 765
1487190 768
1487200 771
1487210 771
1487220 775
1487230 777
1487240 777
1487250 780
1487260 784
1487270 784
1487280 787
1487290 790
1487300 790
1487310 793
1487320 797
1487330 797
1487340 801
1487350 805
1487360 805
1487370 810
1487380 814
1487390 814
1487400 819
1487410 823
1487420 823
1487430 828
1487440 832
1487450 832
1487460 837
1487470 843
1487480 843
1487490 848
1487500 851
1487510 854
1487520 854
1487530 857
1487540 860
1487550 860
1487560 863
1487570 864
1487580 864
1487590 864
1487600 869
1487610 869
1487620 873
1487630 878
1487640 878
1487650 882
1487660 887
1487670 887
1487680 891
1487690 896
1487700 896
1487710 901
1487720 906
1487730 906
1487740 909
1487750 912
1487760 912
1487770 916
1487780 919
1487790 919
1487800 923
1487810 927
1487820 927
1487830 930
1487840 934
1487850 934
1487860 937
1487870 940
1487880 940
1487890 944
1487900 948
1487910 948
1487920 952
1487930 955
1487940 955
1487950 957
1487960 959
1487970 959
1487980 960
1487990 961
1488000 961
1488010 963
1488020 965
1488030 965
1488040 967
1488050 969
1488060 969
1488070 971
1488080 973
1488090 973
1488100 976
1488110 981
1488120 981
1488130 986
1488140 990
1488150 995
1488160 995
1488170 998
1488180 1002
1488190 1002
1488200 1005
1488210 1008
1488220 1008
1488230 1011
1488240 1012
1488250 1012
1488260 1013
1488270 1014
1488280 1014
1488290 1015
1488300 1015
1488310 1015
1488320 1014
1488330 1013
1488340 1013
1488350 1013
1488360 1014
1488370 1014
1488380 1015
1488390 1016
1488400 1016
1488410 1016
1488420 1017
1488430 1017
1488440 1018
1488450 1017
1488460 1017
1488470 1015
1488480 1015
1488490 1015
1488500 1015
1488510 1015
1488520 1015
1488530 1015
1488540 1016
1488550 1016
1488560 1016
1488570 1017
1488580 1017
1488590 1017
1488600 1018
1488610 1018
1488620 1019
1488630 1019
1488640 1019
1488650 1019
1488660 1018
1488670 1018
1488680 1018
1488690 1017
1488700 1017
1488710 1017
1488720 1016
1488730 1016
1488740 1016
1488750 1015
1488760 1015
1488770 1015
1488780 1013
1488790 1013
1488800 1013
1488810 1012
1488820 1012
1488830 1012
1488840 1011
1488850 1010
1488860 1010
1488870 1009
1488880 1007
1488890 1007
1488900 1006
1488910 1005
1488920 1005
1488930 1004
1488940 1003
1488950 1003
1488960 1003
1488970 1002
1488980 1002
1488990 1002
1489000 1001
1489010 1001
1489020 1001
1489030 1000
1489040 1000
1489050 1000
1489060 1000
1489070 1000
1489080 999
1489090 999
1489100 999
1489110 999
1489120 998
1489130 998
1489140 997
1489150 997
1489160 997
1489170 996
1489180 995
1489190 995
1489200 994
1489210 993
1489220 993
1489230 992
1489240 990
1489250 990
1489260 988
1489270 985
1489280 985
1489290 983
1489300 980
1489310 980
1489320 978
1489330 975
1489340 975
1489350 973
1489360 971
1489370 971
1489380 968
1489390 965
1489400 965
1489410 962
1489420 957
1489430 952
1489440 952
1489450 948
1489460 944
1489470 944
1489480 940
1489490 937
1489500 937
1489510 934
1489520 931
1489530 931
1489540 929
1489550 926
1489560 926
1489570 925
1489580 923
1489590 923
1489600 922
1489610 921
1489620 921
1489630 919
1489640 916
1489650 916
1489660 913
1489670 909
1489680 909
1489690 906
1489700 902
1489710 902
1489720 900
1489730 898
1489740 898
1489750 896
1489760 893
1489770 893
1489780 889
1489790 885
1489800 885
1489810 881
1489820 879
1489830 879
1489840 875
1489850 871
1489860 871
1489870 868
1489880 864
1489890 864
1489900 860
1489910 855
1489920 855
1489930 851
1489940 847
1489950 847
1489960 843
1489970 840
1489980 840
1489990 837
1490000 834
1490010 834
1490020 831
1490030 828
1490040 828
1490050 825
1490060 821
1490070 822
1490080 822
1490090 824
1490100 824
1490110 824
1490120 825
1490130 826
1490140 826
1490150 825
1490160 824
1490170 824
1490180 824
1490190 823
1490200 823
1490210 822
1490220 820
1490230 820
1490240 818
1490250 816
1490260 816
1490270 813
1490280 809
1490290 809
1490300 804
1490310 798
1490320 798
1490330 791
1490340 785
1490350 785
1490360 780
1490370 775
1490380 775
1490390 770
1490400 764
1490410 764
1490420 762
1490430 765
1490440 765
1490450 769
1490460 772
1490470 772
1490480 775
1490490 778
1490500 778
1490510 781
1490520 784
1490530 784
1490540 786
1490550 788
1490560 788
1490570 788
1490580 788
1490590 788
1490600 788
1490610 788
1490620 788
1490630 790
1490640 794
1490650 794
1490660 797
1490670 800
1490680 800
1490690 802
1490700 804
1490710 805
1490720 805
1490730 806
1490740 807
1490750 807
1490760 808
1490770 808
1490780 808
1490790 809
1490800 809
1490810 809
1490820 809
1490830 809
1490840 809
1490850 808
1490860 807
1490870 807
1490880 806
1490890 805
1490900 805
1490910 804
1490920 803
1490930 803
1490940 801
1490950 799
1490960 799
1490970 796
1490980 795
1490990 795
1491000 793
1491010 791
1491020 791
1491030 788
1491040 786
1491050 786
1491060 783
1491070 781
1491080 781
1491090 778
1491100 775
1491110 775
1491120 773
1491130 770
1491140 770
1491150 767
1491160 763
1491170 763
1491180 759
1491190 756
1491200 756
1491210 751
1491220 747
1491230 747
1491240 742
1491250 737
1491260 737
1491270 731
1491280 728
1491290 728
1491300 732
1491310 737
1491320 740
1491330 740
1491340 740
1491350 739
1491360 739
1491370 734
1491380 728
1491390 728
1491400 722
1491410 717
1491420 717
1491430 716
1491440 717
1491450 717
1491460 719
1491470 719
1491480 719
1491490 721
1491500 723
1491510 723
1491520 728
1491530 732
1491540 732
1491550 737
1491560 742
1491570 742
1491580 747
1491590 750
1491600 750
1491610 755
1491620 759
1491630 759
1491640 762
1491650 764
1491660 764
1491670 766
1491680 766
1491690 766
1491700 767
1491710 768
1491720 768
1491730 768
1491740 768
1491750 768
1491760 769
1491770 769
1491780 769
1491790 770
1491800 770
1491810 770
1491820 771
1491830 771
1491840 771
1491850 772
1491860 772
1491870 772
1491880 773
1491890 773
1491900 773
1491910 774
1491920 774
1491930 774
1491940 774
1491950 775
1491960 775
1491970 775
1491980 776
1491990 775
1492000 775
1492010 776
1492020 777
1492030 777
1492040 777
1492050 776
1492060 776
1492070 777
1492080 777
1492090 777
1492100 777
1492110 778
1492120 778
1492130 778
1492140 777
1492150 777
1492160 778
1492170 778
1492180 778
1492190 778
1492200 778
1492210 778
1492220 778
1492230 778
1492240 778
1492250 778
1492260 778
1492270 778
1492280 778
1492290 778
1492300 778
1492310 779
1492320 778
1492330 778
1492340 778
1492350 778
1492360 778
1492370 777
1492380 776
1492390 776
1492400 777
1492410 777
1492420 777
1492430 774
1492440 777
1492450 777
1492460 777
1492470 775
1492480 775
1492490 772
1492500 772
1492510 772
1492520 774
1492530 778
1492540 778
1492550 780
1492560 781
1492570 781
1492580 782
1492590 783
1492600 784
1492610 784
1492620 785
1492630 785
1492640 785
1492650 786
1492660 786
1492670 786
1492680 786
1492690 786
1492700 786
1492710 786
1492720 785
1492730 785
1492740 785
1492750 785
1492760 785
1492770 785
1492780 784
1492790 784
1492800 784
1492810 783
1492820 783
1492830 781
1492840 779
1492850 779
1492860 776
1492870 774
1492880 774
1492890 774
1492900 776
1492910 776
1492920 777
1492930 777
1492940 777
1492950 777
1492960 777
1492970 777
1492980 777
1492990 777
1493000 777
1493010 777
1493020 776
1493030 776
1493040 774
1493050 773
1493060 773
1493070 772
1493080 771
1493090 771
1493100 777
1493110 780
1493120 780
1493130 783
1493140 786
1493150 786
1493160 789
1493170 792
1493180 792
1493190 795
1493200 797
1493210 797
1493220 799
1493230 801
1493240 803
1493250 803
1493260 803
1493270 803
1493280 803
1493290 801
1493300 800
1493310 800
1493320 797
1493330 795
1493340 795
1493350 792
1493360 789
1493370 789
1493380 783
1493390 778
1493400 778
1493410 774
1493420 770
1493430 770
1493440 766
1493450 761
1493460 761
1493470 755
1493480 749
1493490 749
1493500 744
1493510 741
1493520 741
1493530 738
1493540 736
1493550 736
1493560 736
1493570 736
1493580 736
1493590 736
1493600 735
1493610 735
1493620 733
1493630 731
1493640 731
1493650 729
1493660 727
1493670 727
1493680 726
1493690 724
1493700 724
1493710 723
1493720 721
1493730 721
1493740 721
1493750 718
1493760 718
1493770 715
1493780 713
1493790 713
1493800 710
1493810 706
1493820 706
1493830 704
1493840 701
1493850 701
1493860 699
1493870 696
1493880 693
1493890 693
1493900 690
1493910 687
1493920 687
1493930 681
1493940 677
1493950 677
1493960 675
1493970 674
1493980 674
1493990 677
1494000 684
1494010 684
1494020 686
1494030 684
1494040 684
1494050 682
1494060 680
1494070 680
1494080 678
1494090 676
1494100 676
1494110 675
1494120 675
1494130 675
1494140 676
1494150 677
1494160 677
1494170 676
1494180 675
1494190 675
1494200 673
1494210 670
1494220 670
1494230 666
1494240 663
1494250 663
1494260 659
1494270 656
1494280 656
1494290 652
1494300 649
1494310 649
1494320 645
1494330 643
1494340 643
1494350 640
1494360 638
1494370 638
1494380 637
1494390 636
1494400 636
1494410 634
1494420 633
1494430 633
1494440 631
1494450 629
1494460 629
1494470 627
1494480 626
1494490 626
1494500 625
1494510 624
1494520 623
1494530 623
1494540 621
1494550 620
1494560 620
1494570 619
1494580 618
1494590 618
1494600 616
1494610 614
1494620 614
1494630 611
1494640 608
1494650 608
1494660 606
1494670 603
1494680 603
1494690 601
1494700 598
1494710 598
1494720 596
1494730 592
1494740 592
1494750 589
1494760 585
1494770 585
1494780 581
1494790 578
1494800 578
1494810 575
1494820 572
1494830 572
1494840 571
1494850 569
1494860 569
1494870 568
1494880 568
1494890 568
1494900 567
1494910 566
1494920 566
1494930 565
1494940 565
1494950 565
1494960 564
1494970 564
1494980 564
1494990 564
1495000 564
1495010 564
1495020 564
1495030 564
1495040 564
1495050 564
1495060 564
1495070 564
1495080 563
1495090 563
1495100 563
1495110 562
1495120 562
1495130 562
1495140 562
1495150 562
1495160 562
1495170 562
1495180 562
1495190 562
1495200 562
1495210 562
1495220 562
1495230 562
1495240 562
1495250 563
1495260 563
1495270 563
1495280 563
1495290 563
1495300 564
1495310 564
1495320 564
1495330 565
1495340 564
1495350 564
1495360 565
1495370 564
1495380 564
1495390 565
1495400 565
1495410 565
1495420 565
1495430 565
1495440 565
1495450 565
1495460 566
1495470 566
1495480 566
1495490 566
1495500 566
1495510 567
1495520 567
1495530 567
1495540 567
1495550 568
1495560 568
1495570 568
1495580 568
1495590 568
1495600 569
1495610 569
1495620 569
1495630 569
1495640 569
1495650 569
1495660 570
1495670 570
1495680 570
1495690 570
1495700 570
1495710 570
1495720 571
1495730 571
1495740 571
1495750 571
1495760 572
1495770 572
1495780 572
1495790 572
1495800 572
1495810 572
1495820 573
1495830 573
1495840 573
1495850 574
1495860 575
1495870 575
1495880 576
1495890 577
1495900 577
1495910 577
1495920 577
1495930 577
1495940 578
1495950 578
1495960 578
1495970 579
1495980 580
1495990 580
1496000 581
1496010 583
1496020 583
1496030 585
1496040 587
1496050 587
1496060 590
1496070 594
1496080 594
1496090 597
1496100 600
1496110 600
1496120 602
1496130 605
1496140 605
1496150 608
1496160 611
1496170 611
1496180 614
1496190 617
1496200 617
1496210 620
1496220 622
1496230 622
1496240 624
1496250 625
1496260 625
1496270 626
1496280 627
1496290 627
1496300 629
1496310 630
1496320 630
1496330 631
1496340 633
1496350 633
1496360 635
1496370 637
1496380 637
1496390 639
1496400 642
1496410 642
1496420 646
1496430 650
1496440 654
1496450 654
1496460 656
1496470 658
1496480 658
1496490 661
1496500 664
1496510 664
1496520 666
1496530 668
1496540 668
1496550 670
1496560 671
1496570 671
1496580 672
1496590 673
1496600 673
1496610 674
1496620 676
1496630 676
1496640 677
1496650 678
1496660 678
1496670 680
1496680 681
1496690 681
1496700 682
1496710 684
1496720 684
1496730 685
1496740 687
1496750 687
1496760 689
1496770 692
1496780 692
1496790 694
1496800 696
1496810 696
1496820 697
1496830 698
1496840 698
1496850 701
1496860 704
1496870 704
1496880 707
1496890 710
1496900 710
1496910 712
1496920 714
1496930 714
1496940 716
1496950 718
1496960 718
1496970 719
1496980 721
1496990 721
1497000 722
1497010 724
1497020 724
1497030 726
1497040 728
1497050 730
1497060 730
1497070 732
1497080 735
1497090 735
1497100 737
1497110 740
1497120 740
1497130 742
1497140 744
1497150 744
1497160 746
1497170 748
1497180 748
1497190 750
1497200 752
1497210 752
1497220 753
1497230 755
1497240 755
1497250 758
1497260 761
1497270 761
1497280 762
1497290 762
1497300 762
1497310 763
1497320 766
1497330 766
1497340 769
1497350 771
1497360 771
1497370 773
1497380 773
1497390 774
1497400 775
1497410 777
1497420 777
1497430 779
1497440 781
1497450 781
1497460 782
1497470 784
1497480 784
1497490 785
1497500 787
1497510 787
1497520 789
1497530 791
1497540 791
1497550 793
1497560 795
1497570 795
1497580 797
1497590 799
1497600 799
1497610 801
1497620 803
1497630 803
1497640 805
1497650 807
1497660 807
1497670 809
1497680 810
1497690 812
1497700 812
1497710 813
1497720 813
1497730 813
1497740 811
1497750 808
1497760 808
1497770 807
1497780 810
1497790 810
1497800 812
1497810 814
1497820 814
1497830 814
1497840 813
1497850 813
1497860 813
1497870 813
1497880 813
1497890 813
1497900 813
1497910 813
1497920 815
1497930 816
1497940 816
1497950 818
1497960 818
1497970 818
1497980 817
1497990 816
1498000 816
1498010 815
1498020 814
1498030 814
1498040 813
1498050 812
1498060 812
1498070 811
1498080 811
1498090 811
1498100 811
1498110 810
1498120 810
1498130 808
1498140 810
1498150 810
1498160 809
1498170 808
1498180 808
1498190 807
1498200 806
1498210 806
1498220 805
1498230 804
1498240 804
1498250 802
1498260 799
1498270 799
1498280 796
1498290 794
1498300 794
1498310 792
1498320 788
1498330 786
1498340 786
1498350 786
1498360 790
1498370 790
1498380 795
1498390 797
1498400 797
1498410 798
1498420 800
1498430 800
1498440 799
1498450 799
1498460 799
1498470 800
1498480 800
1498490 800
1498500 801
1498510 802
1498520 802
1498530 803
1498540 804
1498550 804
1498560 805
1498570 806
1498580 806
1498590 807
1498600 808
1498610 808
1498620 809
1498630 810
1498640 810
1498650 811
1498660 812
1498670 812
1498680 813
1498690 814
1498700 814
1498710 816
1498720 817
1498730 817
1498740 818
1498750 821
1498760 821
1498770 823
1498780 824
1498790 824
1498800 824
1498810 825
1498820 825
1498830 828
1498840 829
1498850 829
1498860 832
1498870 835
1498880 835
1498890 838
1498900 841
1498910 841
1498920 844
1498930 847
1498940 847
1498950 849
1498960 851
1498970 854
1498980 854
1498990 856
1499000 859
1499010 859
1499020 861
1499030 863
1499040 863
1499050 864
1499060 865
1499070 865
1499080 866
1499090 867
1499100 867
1499110 868
1499120 868
1499130 868
1499140 869
1499150 869
1499160 869
1499170 870
1499180 870
1499190 870
1499200 871
1499210 871
1499220 871
1499230 873
1499240 873
1499250 873
1499260 874
1499270 875
1499280 875
1499290 877
1499300 878
1499310 878
1499320 878
1499330 881
1499340 881
1499350 881
1499360 882
1499370 882
1499380 884
1499390 885
1499400 885
1499410 888
1499420 891
1499430 891
1499440 893
1499450 895
1499460 895
1499470 897
1499480 898
1499490 898
1499500 899
1499510 901
1499520 901
1499530 902
1499540 904
1499550 904
1499560 905
1499570 906
1499580 906
1499590 907
1499600 908
1499610 908
1499620 908
1499630 908
1499640 909
1499650 909
1499660 909
1499670 909
1499680 909
1499690 909
1499700 909
1499710 909
1499720 908
1499730 908
1499740 908
1499750 907
1499760 907
1499770 907
1499780 906
1499790 905
1499800 905
1499810 904
1499820 903
1499830 903
1499840 902
1499850 901
1499860 901
1499870 899
1499880 898
1499890 898
1499900 897
1499910 895
1499920 895
1499930 893
1499940 891
1499950 891
1499960 890
1499970 888
1499980 888
1499990 887
