1480000 621
1480010 618
1480020 618
1480030 615
1480040 612
1480050 612
1480060 610
1480070 607
1480080 607
1480090 605
1480100 602
1480110 602
1480120 600
1480130 599
1480140 599
1480150 598
1480160 596
1480170 596
1480180 595
1480190 594
1480200 594
1480210 593
1480220 592
1480230 592
1480240 591
1480250 590
1480260 590
1480270 589
1480280 588
1480290 588
1480300 587
1480310 586
1480320 586
1480330 585
1480340 585
1480350 585
1480360 584
1480370 583
1480380 582
1480390 582
1480400 581
1480410 580
1480420 580
1480430 579
1480440 579
1480450 579
1480460 578
1480470 577
1480480 577
1480490 576
1480500 576
1480510 576
1480520 575
1480530 575
1480540 575
1480550 574
1480560 573
1480570 573
1480580 573
1480590 572
1480600 572
1480610 572
1480620 572
1480630 572
1480640 573
1480650 574
1480660 574
1480670 575
1480680 575
1480690 575
1480700 575
1480710 575
1480720 575
1480730 574
1480740 573
1480750 573
1480760 573
1480770 572
1480780 572
1480790 571
1480800 570
1480810 570
1480820 569
1480830 569
1480840 569
1480850 568
1480860 568
1480870 568
1480880 568
1480890 568
1480900 568
1480910 567
1480920 567
1480930 567
1480940 566
1480950 566
1480960 566
1480970 565
1480980 565
1480990 565
1481000 566
1481010 565
1481020 565
1481030 565
1481040 564
1481050 563
1481060 563
1481070 562
1481080 562
1481090 562
1481100 562
1481110 562
1481120 562
1481130 562
1481140 562
1481150 562
1481160 562
1481170 562
1481180 562
1481190 562
1481200 563
1481210 563
1481220 563
1481230 563
1481240 563
1481250 564
1481260 565
1481270 565
1481280 566
1481290 567
1481300 567
1481310 568
1481320 570
1481330 570
1481340 570
1481350 571
1481360 571
1481370 571
1481380 571
1481390 571
1481400 572
1481410 572
1481420 572
1481430 573
1481440 573
1481450 573
1481460 573
1481470 574
1481480 574
1481490 574
1481500 573
1481510 573
1481520 573
1481530 573
1481540 573
1481550 572
1481560 572
1481570 572
1481580 572
1481590 571
1481600 571
1481610 571
1481620 571
1481630 571
1481640 570
1481650 570
1481660 570
1481670 571
1481680 571
1481690 571
1481700 571
1481710 572
1481720 572
1481730 572
1481740 573
1481750 572
1481760 572
1481770 572
1481780 571
1481790 571
1481800 571
1481810 570
1481820 570
1481830 569
1481840 569
1481850 569
1481860 568
1481870 568
1481880 568
1481890 567
1481900 567
1481910 567
1481920 566
1481930 566
1481940 566
1481950 565
1481960 564
1481970 564
1481980 564
1481990 563
1482000 563
1482010 562
1482020 561
1482030 561
1482040 560
1482050 559
1482060 559
1482070 559
1482080 558
1482090 558
1482100 557
1482110 557
1482120 557
1482130 557
1482140 556
1482150 556
1482160 555
1482170 553
1482180 553
1482190 551
1482200 549
1482210 549
1482220 549
1482230 549
1482240 549
1482250 549
1482260 549
1482270 549
1482280 548
1482290 548
1482300 548
1482310 548
1482320 548
1482330 548
1482340 548
1482350 549
1482360 550
1482370 550
1482380 551
1482390 552
1482400 552
1482410 552
1482420 553
1482430 553
1482440 554
1482450 555
1482460 555
1482470 555
1482480 556
1482490 556
1482500 556
1482510 557
1482520 557
1482530 557
1482540 557
1482550 557
1482560 557
1482570 558
1482580 558
1482590 558
1482600 558
1482610 558
1482620 558
1482630 558
1482640 558
1482650 558
1482660 558
1482670 558
1482680 559
1482690 559
1482700 559
1482710 560
1482720 560
1482730 560
1482740 561
1482750 562
1482760 562
1482770 564
1482780 564
1482790 564
1482800 564
1482810 565
1482820 565
1482830 567
1482840 569
1482850 569
1482860 572
1482870 574
1482880 574
1482890 577
1482900 580
1482910 580
1482920 584
1482930 586
1482940 586
1482950 589
1482960 593
1482970 593
1482980 596
1482990 598
1483000 598
1483010 601
1483020 602
1483030 603
1483040 603
1483050 604
1483060 605
1483070 605
1483080 605
1483090 606
1483100 606
1483110 607
1483120 607
1483130 607
1483140 607
1483150 607
1483160 607
1483170 607
1483180 605
1483190 605
1483200 604
1483210 602
1483220 602
1483230 598
1483240 593
1483250 593
1483260 594
1483270 597
1483280 597
1483290 602
1483300 606
1483310 606
1483320 609
1483330 611
1483340 611
1483350 613
1483360 615
1483370 615
1483380 616
1483390 618
1483400 618
1483410 619
1483420 620
1483430 620
1483440 620
1483450 621
1483460 621
1483470 622
1483480 623
1483490 623
1483500 623
1483510 624
1483520 624
1483530 625
1483540 625
1483550 625
1483560 625
1483570 624
1483580 624
1483590 623
1483600 621
1483610 621
1483620 622
1483630 623
1483640 623
1483650 625
1483660 627
1483670 628
1483680 628
1483690 628
1483700 628
1483710 628
1483720 628
1483730 632
1483740 632
1483750 636
1483760 640
1483770 640
1483780 642
1483790 644
1483800 644
1483810 645
1483820 646
1483830 646
1483840 647
1483850 648
1483860 648
1483870 649
1483880 650
1483890 650
1483900 651
1483910 652
1483920 652
1483930 654
1483940 656
1483950 656
1483960 657
1483970 659
1483980 659
1483990 661
1484000 664
1484010 664
1484020 666
1484030 668
1484040 668
1484050 670
1484060 672
1484070 672
1484080 673
1484090 676
1484100 676
1484110 677
1484120 680
1484130 680
1484140 682
1484150 683
1484160 683
1484170 685
1484180 687
1484190 687
1484200 688
1484210 690
1484220 690
1484230 692
1484240 694
1484250 694
1484260 695
1484270 697
1484280 697
1484290 699
1484300 701
1484310 701
1484320 703
1484330 704
1484340 705
1484350 705
1484360 706
1484370 706
1484380 706
1484390 706
1484400 707
1484410 707
1484420 707
1484430 707
1484440 707
1484450 707
1484460 707
1484470 707
1484480 708
1484490 709
1484500 709
1484510 711
1484520 714
1484530 714
1484540 715
1484550 716
1484560 716
1484570 717
1484580 718
1484590 718
1484600 719
1484610 720
1484620 720
1484630 721
1484640 722
1484650 722
1484660 724
1484670 725
1484680 725
1484690 726
1484700 728
1484710 728
1484720 729
1484730 731
1484740 731
1484750 732
1484760 734
1484770 734
1484780 736
1484790 738
1484800 738
1484810 739
1484820 742
1484830 742
1484840 744
1484850 747
1484860 747
1484870 750
1484880 754
1484890 754
1484900 757
1484910 760
1484920 760
1484930 765
1484940 771
1484950 771
1484960 775
1484970 780
1484980 780
1484990 784
1485000 789
1485010 793
1485020 793
1485030 798
1485040 803
1485050 803
1485060 806
1485070 809
1485080 809
1485090 811
1485100 815
1485110 815
1485120 819
1485130 822
1485140 822
1485150 827
1485160 830
1485170 830
1485180 833
1485190 835
1485200 835
1485210 838
1485220 841
1485230 841
1485240 844
1485250 849
1485260 849
1485270 853
1485280 857
1485290 857
1485300 860
1485310 863
1485320 863
1485330 865
1485340 868
1485350 868
1485360 872
1485370 875
1485380 875
1485390 879
1485400 883
1485410 883
1485420 886
1485430 889
1485440 889
1485450 892
1485460 895
1485470 895
1485480 897
1485490 899
1485500 899
1485510 900
1485520 902
1485530 902
1485540 903
1485550 905
1485560 905
1485570 907
1485580 907
1485590 907
1485600 909
1485610 911
1485620 911
1485630 912
1485640 913
1485650 915
1485660 915
1485670 916
1485680 917
1485690 917
1485700 917
1485710 917
1485720 917
1485730 916
1485740 916
1485750 916
1485760 915
1485770 914
1485780 914
1485790 913
1485800 912
1485810 912
1485820 911
1485830 910
1485840 910
1485850 909
1485860 908
1485870 908
1485880 907
1485890 906
1485900 906
1485910 905
1485920 904
1485930 904
1485940 903
1485950 902
1485960 902
1485970 901
1485980 900
1485990 900
1486000 899
1486010 898
1486020 898
1486030 897
1486040 896
1486050 896
1486060 895
1486070 894
1486080 894
1486090 893
1486100 892
1486110 892
1486120 890
1486130 888
1486140 888
1486150 887
1486160 885
1486170 885
1486180 882
1486190 879
1486200 879
1486210 876
1486220 874
1486230 874
1486240 872
1486250 871
1486260 871
1486270 869
1486280 868
1486290 868
1486300 868
1486310 867
1486320 867
1486330 867
1486340 866
1486350 865
1486360 865
1486370 865
1486380 864
1486390 864
1486400 864
1486410 863
1486420 863
1486430 862
1486440 862
1486450 862
1486460 861
1486470 860
1486480 860
1486490 860
1486500 859
1486510 859
1486520 859
1486530 857
1486540 857
1486550 857
1486560 857
1486570 857
1486580 856
1486590 855
1486600 855
1486610 855
1486620 854
1486630 854
1486640 853
1486650 853
1486660 853
1486670 852
1486680 851
1486690 851
1486700 850
1486710 850
1486720 850
1486730 849
1486740 849
1486750 849
1486760 848
1486770 847
1486780 847
1486790 846
1486800 846
1486810 846
1486820 845
1486830 844
1486840 844
1486850 842
1486860 841
1486870 841
1486880 840
1486890 839
1486900 839
1486910 838
1486920 836
1486930 836
1486940 834
1486950 832
1486960 832
1486970 829
1486980 826
1486990 823
1487000 823
1487010 820
1487020 817
1487030 817
1487040 815
1487050 813
1487060 813
1487070 811
1487080 809
1487090 809
1487100 807
1487110 806
1487120 806
1487130 804
1487140 803
1487150 803
1487160 802
1487170 801
1487180 801
1487190 800
1487200 798
1487210 798
1487220 797
1487230 796
1487240 796
1487250 795
1487260 793
1487270 793
1487280 792
1487290 790
1487300 790
1487310 788
1487320 786
1487330 786
1487340 782
1487350 779
1487360 779
1487370 777
1487380 776
1487390 776
1487400 774
1487410 774
1487420 774
1487430 773
1487440 772
1487450 772
1487460 772
1487470 770
1487480 770
1487490 770
1487500 770
1487510 770
1487520 769
1487530 770
1487540 770
1487550 770
1487560 770
1487570 770
1487580 769
1487590 770
1487600 770
1487610 770
1487620 769
1487630 769
1487640 769
1487650 769
1487660 769
1487670 769
1487680 769
1487690 768
1487700 768
1487710 768
1487720 768
1487730 768
1487740 768
1487750 768
1487760 768
1487770 768
1487780 768
1487790 768
1487800 768
1487810 768
1487820 768
1487830 768
1487840 768
1487850 768
1487860 770
1487870 772
1487880 772
1487890 774
1487900 775
1487910 775
1487920 777
1487930 779
1487940 779
1487950 780
1487960 781
1487970 781
1487980 783
1487990 784
1488000 784
1488010 786
1488020 787
1488030 787
1488040 789
1488050 790
1488060 790
1488070 791
1488080 793
1488090 793
1488100 794
1488110 795
1488120 795
1488130 796
1488140 797
1488150 797
1488160 798
1488170 799
1488180 799
1488190 800
1488200 801
1488210 801
1488220 801
1488230 802
1488240 802
1488250 803
1488260 804
1488270 804
1488280 804
1488290 805
1488300 806
1488310 806
1488320 806
1488330 806
1488340 806
1488350 806
1488360 806
1488370 806
1488380 805
1488390 803
1488400 803
1488410 799
1488420 792
1488430 792
1488440 790
1488450 792
1488460 792
1488470 794
1488480 798
1488490 798
1488500 801
1488510 804
1488520 804
1488530 806
1488540 808
1488550 808
1488560 810
1488570 812
1488580 812
1488590 813
1488600 814
1488610 814
1488620 816
1488630 817
1488640 817
1488650 818
1488660 819
1488670 819
1488680 821
1488690 823
1488700 823
1488710 824
1488720 826
1488730 826
1488740 827
1488750 829
1488760 829
1488770 830
1488780 831
1488790 831
1488800 832
1488810 833
1488820 833
1488830 834
1488840 835
1488850 835
1488860 836
1488870 836
1488880 836
1488890 837
1488900 838
1488910 838
1488920 838
1488930 839
1488940 839
1488950 839
1488960 839
1488970 839
1488980 839
1488990 839
1489000 839
1489010 839
1489020 838
1489030 838
1489040 838
1489050 838
1489060 837
1489070 837
1489080 836
1489090 836
1489100 836
1489110 835
1489120 834
1489130 834
1489140 833
1489150 832
1489160 832
1489170 830
1489180 828
1489190 828
1489200 826
1489210 825
1489220 825
1489230 824
1489240 824
1489250 824
1489260 824
1489270 823
1489280 823
1489290 826
1489300 828
1489310 828
1489320 829
1489330 831
1489340 831
1489350 832
1489360 833
1489370 833
1489380 833
1489390 834
1489400 834
1489410 835
1489420 836
1489430 836
1489440 837
1489450 837
1489460 837
1489470 838
1489480 838
1489490 838
1489500 839
1489510 839
1489520 839
1489530 839
1489540 839
1489550 839
1489560 839
1489570 839
1489580 839
1489590 839
1489600 838
1489610 838
1489620 837
1489630 835
1489640 832
1489650 832
1489660 831
1489670 830
1489680 830
1489690 827
1489700 823
1489710 823
1489720 819
1489730 815
1489740 815
1489750 810
1489760 804
1489770 804
1489780 798
1489790 795
1489800 795
1489810 799
1489820 804
1489830 804
1489840 808
1489850 812
1489860 812
1489870 816
1489880 819
1489890 819
1489900 822
1489910 825
1489920 825
1489930 827
1489940 829
1489950 829
1489960 831
1489970 833
1489980 833
1489990 835
1490000 837
1490010 837
1490020 839
1490030 841
1490040 841
1490050 843
1490060 845
1490070 845
1490080 846
1490090 848
1490100 848
1490110 850
1490120 852
1490130 852
1490140 853
1490150 855
1490160 855
1490170 856
1490180 857
1490190 857
1490200 858
1490210 859
1490220 859
1490230 860
1490240 861
1490250 861
1490260 861
1490270 862
1490280 863
1490290 863
1490300 864
1490310 864
1490320 864
1490330 864
1490340 864
1490350 864
1490360 863
1490370 864
1490380 864
1490390 863
1490400 862
1490410 862
1490420 860
1490430 860
1490440 860
1490450 859
1490460 857
1490470 857
1490480 857
1490490 855
1490500 855
1490510 856
1490520 855
1490530 855
1490540 853
1490550 852
1490560 852
1490570 851
1490580 850
1490590 850
1490600 848
1490610 846
1490620 846
1490630 849
1490640 849
1490650 849
1490660 849
1490670 848
1490680 848
1490690 849
1490700 852
1490710 852
1490720 855
1490730 857
1490740 857
1490750 860
1490760 863
1490770 863
1490780 866
1490790 869
1490800 869
1490810 873
1490820 877
1490830 877
1490840 879
1490850 881
1490860 881
1490870 883
1490880 885
1490890 885
1490900 888
1490910 890
1490920 890
1490930 893
1490940 894
1490950 895
1490960 895
1490970 897
1490980 898
1490990 898
1491000 900
1491010 901
1491020 901
1491030 902
1491040 902
1491050 902
1491060 903
1491070 905
1491080 905
1491090 906
1491100 907
1491110 907
1491120 908
1491130 909
1491140 909
1491150 909
1491160 909
1491170 909
1491180 909
1491190 909
1491200 909
1491210 908
1491220 908
1491230 908
1491240 908
1491250 907
1491260 907
1491270 907
1491280 906
1491290 906
1491300 906
1491310 905
1491320 905
1491330 905
1491340 904
1491350 904
1491360 903
1491370 902
1491380 902
1491390 901
1491400 900
1491410 900
1491420 899
1491430 898
1491440 898
1491450 897
1491460 896
1491470 896
1491480 895
1491490 893
1491500 893
1491510 892
1491520 891
1491530 891
1491540 889
1491550 888
1491560 888
1491570 886
1491580 884
1491590 884
1491600 883
1491610 881
1491620 879
1491630 879
1491640 877
1491650 875
1491660 875
1491670 873
1491680 871
1491690 871
1491700 868
1491710 865
1491720 865
1491730 862
1491740 859
1491750 859
1491760 855
1491770 851
1491780 851
1491790 848
1491800 846
1491810 846
1491820 845
1491830 843
1491840 843
1491850 841
1491860 839
1491870 839
1491880 837
1491890 834
1491900 834
1491910 832
1491920 831
1491930 831
1491940 830
1491950 828
1491960 828
1491970 827
1491980 826
1491990 826
1492000 825
1492010 825
1492020 825
1492030 825
1492040 824
1492050 824
1492060 823
1492070 823
1492080 823
1492090 822
1492100 822
1492110 822
1492120 822
1492130 822
1492140 822
1492150 822
1492160 821
1492170 821
1492180 820
1492190 823
1492200 823
1492210 823
1492220 822
1492230 822
1492240 821
1492250 820
1492260 820
1492270 820
1492280 820
1492290 819
1492300 819
1492310 819
1492320 819
1492330 819
1492340 819
1492350 819
1492360 819
1492370 819
1492380 819
1492390 819
1492400 819
1492410 819
1492420 819
1492430 818
1492440 818
1492450 818
1492460 817
1492470 818
1492480 818
1492490 818
1492500 818
1492510 818
1492520 817
1492530 817
1492540 817
1492550 816
1492560 816
1492570 816
1492580 815
1492590 814
1492600 814
1492610 814
1492620 813
1492630 813
1492640 812
1492650 811
1492660 811
1492670 809
1492680 807
1492690 807
1492700 805
1492710 803
1492720 803
1492730 801
1492740 798
1492750 798
1492760 795
1492770 793
1492780 793
1492790 789
1492800 785
1492810 785
1492820 780
1492830 775
1492840 775
1492850 770
1492860 767
1492870 767
1492880 763
1492890 759
1492900 759
1492910 755
1492920 752
1492930 748
1492940 748
1492950 744
1492960 739
1492970 739
1492980 735
1492990 731
1493000 731
1493010 726
1493020 721
1493030 721
1493040 716
1493050 710
1493060 710
1493070 704
1493080 698
1493090 698
1493100 692
1493110 686
1493120 686
1493130 681
1493140 676
1493150 676
1493160 671
1493170 667
1493180 667
1493190 663
1493200 660
1493210 660
1493220 657
1493230 655
1493240 655
1493250 653
1493260 651
1493270 651
1493280 649
1493290 648
1493300 648
1493310 646
1493320 645
1493330 645
1493340 645
1493350 645
1493360 645
1493370 645
1493380 645
1493390 645
1493400 645
1493410 645
1493420 645
1493430 645
1493440 646
1493450 646
1493460 649
1493470 652
1493480 652
1493490 654
1493500 654
1493510 654
1493520 655
1493530 655
1493540 655
1493550 655
1493560 654
1493570 654
1493580 654
1493590 653
1493600 651
1493610 651
1493620 649
1493630 648
1493640 648
1493650 647
1493660 647
1493670 647
1493680 647
1493690 646
1493700 646
1493710 646
1493720 645
1493730 645
1493740 644
1493750 642
1493760 642
1493770 639
1493780 638
1493790 638
1493800 637
1493810 637
1493820 637
1493830 636
1493840 636
1493850 636
1493860 636
1493870 636
1493880 636
1493890 636
1493900 636
1493910 636
1493920 636
1493930 637
1493940 637
1493950 637
1493960 637
1493970 637
1493980 636
1493990 634
1494000 634
1494010 631
1494020 628
1494030 628
1494040 626
1494050 624
1494060 624
1494070 622
1494080 621
1494090 621
1494100 621
1494110 619
1494120 619
1494130 618
1494140 616
1494150 616
1494160 615
1494170 615
1494180 615
1494190 614
1494200 614
1494210 614
1494220 613
1494230 613
1494240 613
1494250 612
1494260 612
1494270 612
1494280 612
1494290 611
1494300 610
1494310 610
1494320 610
1494330 610
1494340 610
1494350 610
1494360 611
1494370 611
1494380 612
1494390 613
1494400 613
1494410 614
1494420 616
1494430 616
1494440 618
1494450 620
1494460 620
1494470 621
1494480 621
1494490 621
1494500 620
1494510 620
1494520 620
1494530 620
1494540 620
1494550 620
1494560 619
1494570 619
1494580 619
1494590 619
1494600 619
1494610 619
1494620 619
1494630 619
1494640 619
1494650 619
1494660 619
1494670 619
1494680 620
1494690 620
1494700 620
1494710 620
1494720 620
1494730 620
1494740 619
1494750 619
1494760 619
1494770 619
1494780 619
1494790 619
1494800 619
1494810 618
1494820 618
1494830 617
1494840 616
1494850 616
1494860 615
1494870 614
1494880 614
1494890 614
1494900 613
1494910 613
1494920 612
1494930 612
1494940 611
1494950 611
1494960 612
1494970 614
1494980 614
1494990 614
1495000 615
1495010 615
1495020 615
1495030 616
1495040 616
1495050 616
1495060 617
1495070 617
1495080 617
1495090 617
1495100 617
1495110 618
1495120 618
1495130 618
1495140 618
1495150 619
1495160 619
1495170 620
1495180 620
1495190 620
1495200 620
1495210 620
1495220 620
1495230 617
1495240 613
1495250 613
1495260 614
1495270 615
1495280 615
1495290 612
1495300 609
1495310 609
1495320 612
1495330 617
1495340 617
1495350 617
1495360 618
1495370 618
1495380 618
1495390 618
1495400 618
1495410 619
1495420 623
1495430 623
1495440 627
1495450 630
1495460 630
1495470 632
1495480 634
1495490 634
1495500 636
1495510 638
1495520 638
1495530 640
1495540 641
1495550 641
1495560 642
1495570 643
1495580 644
1495590 644
1495600 645
1495610 647
1495620 647
1495630 651
1495640 654
1495650 654
1495660 657
1495670 661
1495680 661
1495690 664
1495700 667
1495710 667
1495720 668
1495730 669
1495740 669
1495750 671
1495760 676
1495770 676
1495780 682
1495790 689
1495800 689
1495810 694
1495820 699
1495830 699
1495840 703
1495850 707
1495860 707
1495870 710
1495880 714
1495890 714
1495900 717
1495910 720
1495920 720
1495930 722
1495940 723
1495950 723
1495960 725
1495970 725
1495980 725
1495990 725
1496000 725
1496010 725
1496020 728
1496030 733
1496040 733
1496050 737
1496060 741
1496070 741
1496080 745
1496090 748
1496100 748
1496110 752
1496120 754
1496130 754
1496140 757
1496150 760
1496160 760
1496170 764
1496180 767
1496190 767
1496200 771
1496210 775
1496220 775
1496230 778
1496240 782
1496250 786
1496260 786
1496270 790
1496280 794
1496290 794
1496300 798
1496310 801
1496320 801
1496330 804
1496340 807
1496350 807
1496360 810
1496370 812
1496380 812
1496390 814
1496400 816
1496410 816
1496420 817
1496430 819
1496440 819
1496450 820
1496460 821
1496470 821
1496480 822
1496490 823
1496500 823
1496510 824
1496520 825
1496530 825
1496540 826
1496550 827
1496560 827
1496570 827
1496580 828
1496590 828
1496600 829
1496610 829
1496620 829
1496630 830
1496640 830
1496650 830
1496660 831
1496670 831
1496680 831
1496690 831
1496700 831
1496710 831
1496720 832
1496730 832
1496740 832
1496750 831
1496760 831
1496770 831
1496780 832
1496790 833
1496800 833
1496810 833
1496820 832
1496830 832
1496840 832
1496850 832
1496860 832
1496870 831
1496880 831
1496890 831
1496900 831
1496910 831
1496920 832
1496930 832
1496940 832
1496950 833
1496960 833
1496970 833
1496980 834
1496990 834
1497000 834
1497010 835
1497020 835
1497030 835
1497040 836
1497050 836
1497060 837
1497070 838
1497080 838
1497090 839
1497100 839
1497110 839
1497120 840
1497130 840
1497140 840
1497150 841
1497160 842
1497170 842
1497180 843
1497190 844
1497200 844
1497210 844
1497220 846
1497230 846
1497240 847
1497250 848
1497260 848
1497270 849
1497280 850
1497290 850
1497300 851
1497310 851
1497320 851
1497330 851
1497340 851
1497350 851
1497360 851
1497370 852
1497380 852
1497390 855
1497400 857
1497410 857
1497420 859
1497430 861
1497440 861
1497450 862
1497460 863
1497470 863
1497480 864
1497490 864
1497500 864
1497510 865
1497520 866
1497530 866
1497540 866
1497550 867
1497560 867
1497570 868
1497580 868
1497590 869
1497600 869
1497610 870
1497620 871
1497630 871
1497640 872
1497650 873
1497660 873
1497670 874
1497680 874
1497690 874
1497700 875
1497710 876
1497720 876
1497730 877
1497740 878
1497750 878
1497760 880
1497770 882
1497780 882
1497790 884
1497800 886
1497810 886
1497820 888
1497830 890
1497840 890
1497850 891
1497860 893
1497870 893
1497880 894
1497890 895
1497900 895
1497910 895
1497920 896
1497930 896
1497940 897
1497950 898
1497960 898
1497970 899
1497980 900
1497990 900
1498000 901
1498010 902
1498020 902
1498030 904
1498040 905
1498050 905
1498060 906
1498070 907
1498080 907
1498090 909
1498100 910
1498110 910
1498120 912
1498130 914
1498140 914
1498150 916
1498160 917
1498170 917
1498180 917
1498190 918
1498200 918
1498210 918
1498220 918
1498230 917
1498240 917
1498250 917
1498260 916
1498270 916
1498280 916
1498290 917
1498300 917
1498310 917
1498320 917
1498330 917
1498340 918
1498350 918
1498360 918
1498370 918
1498380 918
1498390 918
1498400 919
1498410 919
1498420 919
1498430 919
1498440 919
1498450 919
1498460 920
1498470 920
1498480 920
1498490 920
1498500 920
1498510 920
1498520 920
1498530 920
1498540 920
1498550 920
1498560 919
1498570 919
1498580 919
1498590 918
1498600 918
1498610 917
1498620 917
1498630 917
1498640 916
1498650 915
1498660 915
1498670 914
1498680 913
1498690 913
1498700 912
1498710 911
1498720 911
1498730 910
1498740 908
1498750 908
1498760 907
1498770 906
1498780 906
1498790 905
1498800 903
1498810 903
1498820 902
1498830 901
1498840 901
1498850 900
1498860 899
1498870 899
1498880 897
1498890 896
1498900 895
1498910 895
1498920 894
1498930 892
1498940 892
1498950 891
1498960 889
1498970 889
1498980 888
1498990 886
1499000 886
1499010 885
1499020 883
1499030 883
1499040 881
1499050 879
1499060 879
1499070 876
1499080 872
1499090 872
1499100 869
1499110 866
1499120 866
1499130 862
1499140 859
1499150 859
1499160 855
1499170 852
1499180 852
1499190 849
1499200 846
1499210 846
1499220 843
1499230 840
1499240 840
1499250 836
1499260 832
1499270 832
1499280 829
1499290 825
1499300 825
1499310 821
1499320 818
1499330 818
1499340 814
1499350 810
1499360 810
1499370 805
1499380 801
1499390 801
1499400 798
1499410 795
1499420 795
1499430 793
1499440 791
1499450 791
1499460 788
1499470 786
1499480 786
1499490 784
1499500 781
1499510 781
1499520 778
1499530 775
1499540 775
1499550 773
1499560 771
1499570 767
1499580 767
1499590 763
1499600 764
1499610 764
1499620 763
1499630 763
1499640 763
1499650 764
1499660 765
1499670 765
1499680 765
1499690 765
1499700 765
1499710 764
1499720 765
1499730 765
1499740 769
1499750 777
1499760 777
1499770 782
1499780 787
1499790 787
1499800 790
1499810 789
1499820 789
1499830 785
1499840 781
1499850 781
1499860 776
1499870 772
1499880 772
1499890 771
1499900 776
1499910 776
1499920 782
1499930 788
1499940 788
1499950 793
1499960 797
1499970 797
1499980 803
1499990 808
