1480000 618
1480010 616
1480020 616
1480030 613
1480040 610
1480050 610
1480060 608
1480070 607
1480080 607
1480090 604
1480100 602
1480110 602
1480120 600
1480130 597
1480140 597
1480150 595
1480160 592
1480170 592
1480180 590
1480190 588
1480200 588
1480210 586
1480220 585
1480230 585
1480240 584
1480250 582
1480260 582
1480270 581
1480280 580
1480290 580
1480300 578
1480310 577
1480320 576
1480330 576
1480340 575
1480350 574
1480360 574
1480370 573
1480380 573
1480390 573
1480400 572
1480410 572
1480420 572
1480430 571
1480440 571
1480450 571
1480460 571
1480470 570
1480480 570
1480490 570
1480500 569
1480510 569
1480520 569
1480530 568
1480540 568
1480550 568
1480560 567
1480570 567
1480580 567
1480590 567
1480600 567
1480610 566
1480620 566
1480630 566
1480640 566
1480650 565
1480660 565
1480670 565
1480680 565
1480690 565
1480700 565
1480710 564
1480720 564
1480730 564
1480740 564
1480750 564
1480760 564
1480770 564
1480780 564
1480790 564
1480800 563
1480810 563
1480820 563
1480830 562
1480840 562
1480850 562
1480860 562
1480870 562
1480880 562
1480890 562
1480900 562
1480910 561
1480920 561
1480930 561
1480940 561
1480950 561
1480960 561
1480970 561
1480980 561
1480990 562
1481000 562
1481010 563
1481020 565
1481030 565
1481040 566
1481050 568
1481060 568
1481070 569
1481080 571
1481090 571
1481100 572
1481110 574
1481120 574
1481130 575
1481140 577
1481150 577
1481160 578
1481170 579
1481180 579
1481190 580
1481200 581
1481210 581
1481220 581
1481230 581
1481240 581
1481250 581
1481260 580
1481270 580
1481280 580
1481290 580
1481300 580
1481310 579
1481320 579
1481330 579
1481340 579
1481350 579
1481360 579
1481370 579
1481380 579
1481390 579
1481400 578
1481410 578
1481420 578
1481430 578
1481440 578
1481450 578
1481460 577
1481470 576
1481480 576
1481490 575
1481500 574
1481510 574
1481520 573
1481530 572
1481540 572
1481550 571
1481560 570
1481570 570
1481580 570
1481590 569
1481600 569
1481610 569
1481620 569
1481630 569
1481640 569
1481650 569
1481660 569
1481670 569
1481680 569
1481690 569
1481700 569
1481710 570
1481720 570
1481730 570
1481740 571
1481750 572
1481760 572
1481770 572
1481780 573
1481790 573
1481800 574
1481810 575
1481820 575
1481830 575
1481840 576
1481850 576
1481860 577
1481870 578
1481880 578
1481890 578
1481900 579
1481910 579
1481920 579
1481930 579
1481940 579
1481950 579
1481960 579
1481970 579
1481980 579
1481990 579
1482000 579
1482010 578
1482020 578
1482030 578
1482040 577
1482050 576
1482060 576
1482070 575
1482080 572
1482090 572
1482100 570
1482110 568
1482120 568
1482130 566
1482140 564
1482150 564
1482160 563
1482170 563
1482180 563
1482190 562
1482200 561
1482210 561
1482220 561
1482230 560
1482240 560
1482250 560
1482260 559
1482270 559
1482280 559
1482290 558
1482300 558
1482310 557
1482320 557
1482330 556
1482340 556
1482350 555
1482360 555
1482370 555
1482380 554
1482390 553
1482400 553
1482410 552
1482420 552
1482430 552
1482440 551
1482450 551
1482460 551
1482470 551
1482480 551
1482490 551
1482500 550
1482510 551
1482520 551
1482530 551
1482540 551
1482550 551
1482560 552
1482570 552
1482580 552
1482590 552
1482600 552
1482610 552
1482620 552
1482630 553
1482640 553
1482650 553
1482660 554
1482670 554
1482680 555
1482690 556
1482700 556
1482710 558
1482720 560
1482730 560
1482740 562
1482750 564
1482760 564
1482770 566
1482780 568
1482790 568
1482800 570
1482810 572
1482820 572
1482830 574
1482840 577
1482850 577
1482860 579
1482870 581
1482880 581
1482890 583
1482900 586
1482910 586
1482920 588
1482930 591
1482940 591
1482950 594
1482960 596
1482970 596
1482980 598
1482990 601
1483000 604
1483010 604
1483020 606
1483030 609
1483040 609
1483050 612
1483060 615
1483070 615
1483080 618
1483090 621
1483100 621
1483110 623
1483120 626
1483130 626
1483140 628
1483150 631
1483160 631
1483170 633
1483180 635
1483190 635
1483200 636
1483210 638
1483220 638
1483230 639
1483240 640
1483250 640
1483260 640
1483270 640
1483280 640
1483290 640
1483300 640
1483310 640
1483320 640
1483330 641
1483340 641
1483350 642
1483360 643
1483370 643
1483380 644
1483390 645
1483400 645
1483410 646
1483420 647
1483430 647
1483440 648
1483450 649
1483460 649
1483470 650
1483480 651
1483490 651
1483500 652
1483510 653
1483520 653
1483530 654
1483540 655
1483550 655
1483560 657
1483570 658
1483580 658
1483590 660
1483600 662
1483610 662
1483620 665
1483630 667
1483640 667
1483650 669
1483660 671
1483670 673
1483680 673
1483690 676
1483700 678
1483710 678
1483720 680
1483730 682
1483740 682
1483750 683
1483760 685
1483770 685
1483780 686
1483790 687
1483800 687
1483810 689
1483820 690
1483830 690
1483840 691
1483850 693
1483860 693
1483870 694
1483880 696
1483890 696
1483900 698
1483910 700
1483920 700
1483930 701
1483940 703
1483950 703
1483960 705
1483970 706
1483980 706
1483990 707
1484000 708
1484010 708
1484020 708
1484030 708
1484040 708
1484050 707
1484060 707
1484070 707
1484080 707
1484090 706
1484100 706
1484110 706
1484120 706
1484130 706
1484140 707
1484150 707
1484160 707
1484170 708
1484180 709
1484190 709
1484200 710
1484210 711
1484220 711
1484230 713
1484240 713
1484250 713
1484260 715
1484270 717
1484280 717
1484290 719
1484300 721
1484310 721
1484320 723
1484330 725
1484340 727
1484350 727
1484360 729
1484370 730
1484380 730
1484390 731
1484400 732
1484410 732
1484420 734
1484430 734
1484440 734
1484450 736
1484460 737
1484470 737
1484480 740
1484490 742
1484500 742
1484510 743
1484520 745
1484530 745
1484540 746
1484550 748
1484560 748
1484570 750
1484580 751
1484590 751
1484600 753
1484610 756
1484620 756
1484630 759
1484640 763
1484650 763
1484660 767
1484670 770
1484680 770
1484690 774
1484700 777
1484710 777
1484720 780
1484730 784
1484740 784
1484750 787
1484760 791
1484770 791
1484780 795
1484790 800
1484800 800
1484810 805
1484820 809
1484830 809
1484840 812
1484850 815
1484860 815
1484870 818
1484880 822
1484890 822
1484900 825
1484910 828
1484920 828
1484930 832
1484940 835
1484950 835
1484960 837
1484970 840
1484980 840
1484990 843
1485000 846
1485010 849
1485020 849
1485030 852
1485040 856
1485050 856
1485060 859
1485070 862
1485080 862
1485090 865
1485100 868
1485110 868
1485120 870
1485130 873
1485140 873
1485150 875
1485160 878
1485170 878
1485180 881
1485190 883
1485200 883
1485210 886
1485220 888
1485230 888
1485240 891
1485250 893
1485260 893
1485270 895
1485280 898
1485290 898
1485300 901
1485310 904
1485320 904
1485330 907
1485340 909
1485350 909
1485360 911
1485370 913
1485380 913
1485390 914
1485400 915
1485410 915
1485420 916
1485430 916
1485440 916
1485450 915
1485460 915
1485470 915
1485480 914
1485490 914
1485500 914
1485510 913
1485520 912
1485530 912
1485540 911
1485550 910
1485560 910
1485570 908
1485580 907
1485590 907
1485600 906
1485610 904
1485620 904
1485630 903
1485640 901
1485650 901
1485660 899
1485670 897
1485680 894
1485690 894
1485700 890
1485710 884
1485720 884
1485730 879
1485740 874
1485750 874
1485760 870
1485770 865
1485780 865
1485790 859
1485800 855
1485810 855
1485820 851
1485830 847
1485840 847
1485850 842
1485860 838
1485870 838
1485880 835
1485890 833
1485900 833
1485910 831
1485920 828
1485930 828
1485940 826
1485950 823
1485960 823
1485970 819
1485980 820
1485990 820
1486000 824
1486010 824
1486020 824
1486030 823
1486040 820
1486050 820
1486060 822
1486070 823
1486080 823
1486090 824
1486100 824
1486110 824
1486120 824
1486130 824
1486140 824
1486150 824
1486160 824
1486170 824
1486180 824
1486190 823
1486200 823
1486210 823
1486220 822
1486230 822
1486240 822
1486250 821
1486260 821
1486270 821
1486280 822
1486290 822
1486300 824
1486310 825
1486320 825
1486330 825
1486340 826
1486350 827
1486360 827
1486370 828
1486380 829
1486390 829
1486400 831
1486410 831
1486420 831
1486430 832
1486440 833
1486450 833
1486460 834
1486470 834
1486480 834
1486490 835
1486500 836
1486510 836
1486520 836
1486530 836
1486540 836
1486550 837
1486560 837
1486570 837
1486580 838
1486590 838
1486600 838
1486610 838
1486620 838
1486630 838
1486640 837
1486650 837
1486660 837
1486670 836
1486680 836
1486690 836
1486700 835
1486710 834
1486720 834
1486730 833
1486740 832
1486750 832
1486760 831
1486770 830
1486780 830
1486790 829
1486800 828
1486810 828
1486820 827
1486830 825
1486840 825
1486850 824
1486860 823
1486870 823
1486880 822
1486890 821
1486900 821
1486910 820
1486920 818
1486930 818
1486940 816
1486950 813
1486960 813
1486970 811
1486980 810
1486990 810
1487000 809
1487010 809
1487020 808
1487030 808
1487040 807
1487050 807
1487060 807
1487070 806
1487080 805
1487090 805
1487100 802
1487110 797
1487120 797
1487130 792
1487140 790
1487150 790
1487160 791
1487170 793
1487180 793
1487190 794
1487200 793
1487210 793
1487220 791
1487230 789
1487240 789
1487250 788
1487260 787
1487270 787
1487280 786
1487290 784
1487300 784
1487310 783
1487320 782
1487330 782
1487340 781
1487350 780
1487360 780
1487370 779
1487380 777
1487390 777
1487400 776
1487410 774
1487420 774
1487430 772
1487440 772
1487450 772
1487460 772
1487470 771
1487480 771
1487490 770
1487500 769
1487510 769
1487520 768
1487530 765
1487540 765
1487550 762
1487560 761
1487570 761
1487580 760
1487590 759
1487600 759
1487610 759
1487620 759
1487630 759
1487640 760
1487650 762
1487660 762
1487670 764
1487680 766
1487690 768
1487700 768
1487710 770
1487720 771
1487730 771
1487740 774
1487750 776
1487760 776
1487770 778
1487780 780
1487790 780
1487800 783
1487810 786
1487820 786
1487830 790
1487840 792
1487850 792
1487860 794
1487870 796
1487880 796
1487890 798
1487900 801
1487910 801
1487920 802
1487930 804
1487940 804
1487950 805
1487960 806
1487970 806
1487980 807
1487990 808
1488000 808
1488010 809
1488020 809
1488030 809
1488040 810
1488050 811
1488060 811
1488070 811
1488080 811
1488090 811
1488100 812
1488110 813
1488120 813
1488130 813
1488140 813
1488150 813
1488160 814
1488170 815
1488180 815
1488190 815
1488200 816
1488210 816
1488220 816
1488230 816
1488240 816
1488250 816
1488260 816
1488270 816
1488280 818
1488290 819
1488300 819
1488310 820
1488320 821
1488330 822
1488340 822
1488350 823
1488360 824
1488370 824
1488380 824
1488390 825
1488400 825
1488410 826
1488420 827
1488430 827
1488440 828
1488450 828
1488460 828
1488470 829
1488480 830
1488490 830
1488500 831
1488510 832
1488520 832
1488530 833
1488540 833
1488550 833
1488560 834
1488570 835
1488580 835
1488590 835
1488600 836
1488610 836
1488620 836
1488630 837
1488640 837
1488650 837
1488660 838
1488670 838
1488680 838
1488690 839
1488700 839
1488710 839
1488720 839
1488730 839
1488740 839
1488750 839
1488760 839
1488770 840
1488780 840
1488790 840
1488800 840
1488810 840
1488820 840
1488830 839
1488840 839
1488850 839
1488860 839
1488870 839
1488880 839
1488890 838
1488900 838
1488910 838
1488920 837
1488930 837
1488940 837
1488950 836
1488960 835
1488970 835
1488980 834
1488990 833
1489000 832
1489010 832
1489020 831
1489030 830
1489040 830
1489050 828
1489060 826
1489070 826
1489080 824
1489090 821
1489100 821
1489110 820
1489120 818
1489130 818
1489140 817
1489150 816
1489160 816
1489170 814
1489180 813
1489190 813
1489200 812
1489210 810
1489220 810
1489230 809
1489240 807
1489250 807
1489260 805
1489270 802
1489280 802
1489290 801
1489300 800
1489310 800
1489320 797
1489330 795
1489340 795
1489350 793
1489360 792
1489370 792
1489380 792
1489390 792
1489400 792
1489410 790
1489420 788
1489430 788
1489440 788
1489450 786
1489460 786
1489470 785
1489480 784
1489490 784
1489500 783
1489510 783
1489520 783
1489530 782
1489540 780
1489550 780
1489560 777
1489570 773
1489580 773
1489590 766
1489600 761
1489610 761
1489620 761
1489630 767
1489640 767
1489650 770
1489660 771
1489670 772
1489680 772
1489690 772
1489700 772
1489710 772
1489720 773
1489730 774
1489740 774
1489750 774
1489760 775
1489770 775
1489780 775
1489790 775
1489800 775
1489810 775
1489820 775
1489830 775
1489840 774
1489850 774
1489860 774
1489870 773
1489880 772
1489890 772
1489900 771
1489910 770
1489920 770
1489930 769
1489940 767
1489950 767
1489960 765
1489970 763
1489980 763
1489990 759
1490000 756
1490010 756
1490020 753
1490030 748
1490040 748
1490050 744
1490060 741
1490070 741
1490080 741
1490090 746
1490100 746
1490110 752
1490120 756
1490130 756
1490140 758
1490150 760
1490160 760
1490170 762
1490180 763
1490190 763
1490200 765
1490210 766
1490220 766
1490230 767
1490240 768
1490250 768
1490260 769
1490270 770
1490280 770
1490290 771
1490300 772
1490310 772
1490320 773
1490330 775
1490340 776
1490350 776
1490360 777
1490370 779
1490380 779
1490390 780
1490400 780
1490410 780
1490420 781
1490430 781
1490440 781
1490450 782
1490460 782
1490470 782
1490480 782
1490490 782
1490500 782
1490510 782
1490520 783
1490530 783
1490540 783
1490550 783
1490560 783
1490570 784
1490580 783
1490590 783
1490600 782
1490610 783
1490620 783
1490630 783
1490640 782
1490650 782
1490660 783
1490670 784
1490680 784
1490690 782
1490700 783
1490710 783
1490720 783
1490730 782
1490740 782
1490750 782
1490760 783
1490770 783
1490780 783
1490790 782
1490800 782
1490810 783
1490820 784
1490830 784
1490840 784
1490850 784
1490860 784
1490870 784
1490880 783
1490890 783
1490900 783
1490910 784
1490920 784
1490930 784
1490940 783
1490950 783
1490960 784
1490970 784
1490980 784
1490990 783
1491000 784
1491010 785
1491020 785
1491030 784
1491040 786
1491050 786
1491060 786
1491070 788
1491080 788
1491090 789
1491100 790
1491110 790
1491120 790
1491130 791
1491140 791
1491150 791
1491160 791
1491170 791
1491180 790
1491190 789
1491200 789
1491210 791
1491220 792
1491230 792
1491240 793
1491250 793
1491260 793
1491270 792
1491280 792
1491290 792
1491300 791
1491310 792
1491320 792
1491330 793
1491340 796
1491350 796
1491360 801
1491370 806
1491380 806
1491390 809
1491400 811
1491410 811
1491420 813
1491430 815
1491440 815
1491450 817
1491460 820
1491470 820
1491480 822
1491490 824
1491500 824
1491510 825
1491520 826
1491530 826
1491540 826
1491550 826
1491560 826
1491570 826
1491580 826
1491590 826
1491600 826
1491610 826
1491620 826
1491630 825
1491640 825
1491650 825
1491660 825
1491670 825
1491680 824
1491690 824
1491700 824
1491710 823
1491720 823
1491730 822
1491740 822
1491750 822
1491760 822
1491770 821
1491780 821
1491790 821
1491800 820
1491810 820
1491820 820
1491830 819
1491840 819
1491850 818
1491860 817
1491870 817
1491880 815
1491890 814
1491900 814
1491910 812
1491920 811
1491930 811
1491940 810
1491950 812
1491960 812
1491970 813
1491980 814
1491990 814
1492000 814
1492010 815
1492020 815
1492030 817
1492040 818
1492050 818
1492060 819
1492070 820
1492080 820
1492090 821
1492100 822
1492110 822
1492120 823
1492130 825
1492140 825
1492150 826
1492160 828
1492170 828
1492180 829
1492190 830
1492200 830
1492210 830
1492220 831
1492230 831
1492240 832
1492250 833
1492260 833
1492270 833
1492280 834
1492290 834
1492300 834
1492310 835
1492320 835
1492330 836
1492340 836
1492350 837
1492360 837
1492370 837
1492380 838
1492390 838
1492400 838
1492410 839
1492420 839
1492430 839
1492440 839
1492450 839
1492460 839
1492470 839
1492480 839
1492490 839
1492500 839
1492510 839
1492520 838
1492530 838
1492540 838
1492550 838
1492560 838
1492570 838
1492580 837
1492590 837
1492600 837
1492610 837
1492620 836
1492630 836
1492640 836
1492650 835
1492660 835
1492670 834
1492680 833
1492690 833
1492700 831
1492710 830
1492720 830
1492730 828
1492740 827
1492750 827
1492760 825
1492770 823
1492780 823
1492790 820
1492800 817
1492810 817
1492820 815
1492830 812
1492840 812
1492850 809
1492860 805
1492870 805
1492880 799
1492890 794
1492900 794
1492910 788
1492920 782
1492930 782
1492940 777
1492950 773
1492960 773
1492970 768
1492980 764
1492990 764
1493000 760
1493010 756
1493020 751
1493030 751
1493040 746
1493050 742
1493060 742
1493070 739
1493080 735
1493090 735
1493100 729
1493110 725
1493120 725
1493130 721
1493140 717
1493150 717
1493160 713
1493170 708
1493180 708
1493190 703
1493200 697
1493210 697
1493220 691
1493230 684
1493240 684
1493250 679
1493260 674
1493270 674
1493280 669
1493290 664
1493300 664
1493310 660
1493320 657
1493330 657
1493340 653
1493350 649
1493360 649
1493370 647
1493380 644
1493390 644
1493400 643
1493410 641
1493420 641
1493430 640
1493440 640
1493450 640
1493460 639
1493470 638
1493480 638
1493490 638
1493500 637
1493510 637
1493520 637
1493530 637
1493540 637
1493550 637
1493560 637
1493570 637
1493580 637
1493590 637
1493600 637
1493610 636
1493620 636
1493630 636
1493640 636
1493650 636
1493660 636
1493670 636
1493680 636
1493690 636
1493700 636
1493710 636
1493720 636
1493730 636
1493740 636
1493750 635
1493760 635
1493770 635
1493780 635
1493790 635
1493800 635
1493810 635
1493820 635
1493830 635
1493840 634
1493850 634
1493860 634
1493870 634
1493880 634
1493890 634
1493900 633
1493910 633
1493920 633
1493930 633
1493940 633
1493950 633
1493960 633
1493970 633
1493980 633
1493990 633
1494000 633
1494010 632
1494020 632
1494030 632
1494040 632
1494050 632
1494060 632
1494070 632
1494080 633
1494090 633
1494100 634
1494110 634
1494120 634
1494130 633
1494140 632
1494150 632
1494160 632
1494170 631
1494180 631
1494190 631
1494200 631
1494210 631
1494220 631
1494230 631
1494240 631
1494250 631
1494260 631
1494270 631
1494280 631
1494290 631
1494300 631
1494310 630
1494320 630
1494330 630
1494340 630
1494350 631
1494360 633
1494370 633
1494380 633
1494390 633
1494400 633
1494410 633
1494420 632
1494430 632
1494440 632
1494450 632
1494460 632
1494470 632
1494480 632
1494490 632
1494500 631
1494510 630
1494520 630
1494530 628
1494540 627
1494550 627
1494560 626
1494570 626
1494580 626
1494590 625
1494600 626
1494610 626
1494620 627
1494630 629
1494640 629
1494650 630
1494660 631
1494670 631
1494680 632
1494690 633
1494700 633
1494710 634
1494720 634
1494730 634
1494740 635
1494750 636
1494760 636
1494770 636
1494780 637
1494790 637
1494800 637
1494810 637
1494820 637
1494830 637
1494840 638
1494850 638
1494860 638
1494870 638
1494880 638
1494890 639
1494900 639
1494910 639
1494920 638
1494930 637
1494940 637
1494950 636
1494960 635
1494970 635
1494980 634
1494990 634
1495000 634
1495010 633
1495020 634
1495030 634
1495040 634
1495050 635
1495060 636
1495070 636
1495080 637
1495090 638
1495100 638
1495110 638
1495120 638
1495130 638
1495140 638
1495150 637
1495160 637
1495170 635
1495180 633
1495190 633
1495200 632
1495210 630
1495220 630
1495230 630
1495240 628
1495250 628
1495260 629
1495270 630
1495280 630
1495290 630
1495300 629
1495310 629
1495320 627
1495330 624
1495340 624
1495350 621
1495360 621
1495370 621
1495380 621
1495390 621
1495400 621
1495410 623
1495420 625
1495430 625
1495440 625
1495450 625
1495460 625
1495470 625
1495480 625
1495490 625
1495500 625
1495510 626
1495520 626
1495530 627
1495540 627
1495550 627
1495560 628
1495570 629
1495580 629
1495590 630
1495600 631
1495610 631
1495620 633
1495630 636
1495640 636
1495650 641
1495660 647
1495670 647
1495680 653
1495690 658
1495700 664
1495710 664
1495720 670
1495730 675
1495740 675
1495750 680
1495760 685
1495770 685
1495780 689
1495790 692
1495800 692
1495810 696
1495820 700
1495830 700
1495840 703
1495850 706
1495860 706
1495870 708
1495880 710
1495890 710
1495900 712
1495910 714
1495920 714
1495930 715
1495940 717
1495950 717
1495960 718
1495970 719
1495980 719
1495990 720
1496000 720
1496010 720
1496020 720
1496030 720
1496040 720
1496050 719
1496060 720
1496070 720
1496080 721
1496090 722
1496100 722
1496110 723
1496120 724
1496130 724
1496140 725
1496150 726
1496160 726
1496170 727
1496180 727
1496190 727
1496200 727
1496210 728
1496220 728
1496230 730
1496240 732
1496250 732
1496260 738
1496270 744
1496280 744
1496290 748
1496300 753
1496310 753
1496320 756
1496330 760
1496340 760
1496350 763
1496360 767
1496370 772
1496380 772
1496390 775
1496400 779
1496410 779
1496420 782
1496430 785
1496440 785
1496450 788
1496460 791
1496470 791
1496480 793
1496490 795
1496500 795
1496510 797
1496520 798
1496530 798
1496540 800
1496550 801
1496560 801
1496570 803
1496580 804
1496590 804
1496600 805
1496610 806
1496620 806
1496630 808
1496640 809
1496650 809
1496660 811
1496670 812
1496680 812
1496690 814
1496700 816
1496710 816
1496720 818
1496730 820
1496740 820
1496750 821
1496760 823
1496770 823
1496780 824
1496790 826
1496800 826
1496810 828
1496820 829
1496830 829
1496840 831
1496850 833
1496860 833
1496870 834
1496880 836
1496890 836
1496900 838
1496910 839
1496920 839
1496930 842
1496940 844
1496950 844
1496960 845
1496970 847
1496980 847
1496990 849
1497000 851
1497010 851
1497020 852
1497030 854
1497040 855
1497050 855
1497060 856
1497070 857
1497080 857
1497090 858
1497100 860
1497110 860
1497120 861
1497130 862
1497140 862
1497150 863
1497160 864
1497170 864
1497180 865
1497190 866
1497200 866
1497210 867
1497220 868
1497230 868
1497240 869
1497250 870
1497260 870
1497270 871
1497280 873
1497290 873
1497300 873
1497310 873
1497320 873
1497330 874
1497340 875
1497350 875
1497360 876
1497370 876
1497380 876
1497390 877
1497400 877
1497410 877
1497420 877
1497430 877
1497440 877
1497450 877
1497460 877
1497470 877
1497480 877
1497490 876
1497500 876
1497510 875
1497520 874
1497530 874
1497540 874
1497550 873
1497560 873
1497570 873
1497580 872
1497590 872
1497600 871
1497610 870
1497620 870
1497630 868
1497640 864
1497650 864
1497660 861
1497670 859
1497680 859
1497690 859
1497700 858
1497710 857
1497720 857
1497730 855
1497740 854
1497750 854
1497760 852
1497770 850
1497780 850
1497790 847
1497800 846
1497810 846
1497820 844
1497830 841
1497840 841
1497850 840
1497860 838
1497870 838
1497880 836
1497890 833
1497900 833
1497910 832
1497920 831
1497930 831
1497940 829
1497950 828
1497960 828
1497970 826
1497980 825
1497990 825
1498000 825
1498010 825
1498020 825
1498030 824
1498040 823
1498050 823
1498060 822
1498070 822
1498080 822
1498090 822
1498100 821
1498110 821
1498120 822
1498130 821
1498140 821
1498150 821
1498160 820
1498170 820
1498180 819
1498190 819
1498200 819
1498210 818
1498220 817
1498230 817
1498240 817
1498250 816
1498260 816
1498270 815
1498280 815
1498290 815
1498300 815
1498310 812
1498320 812
1498330 810
1498340 810
1498350 810
1498360 809
1498370 808
1498380 807
1498390 807
1498400 806
1498410 806
1498420 806
1498430 805
1498440 804
1498450 804
1498460 802
1498470 801
1498480 801
1498490 800
1498500 799
1498510 799
1498520 798
1498530 798
1498540 798
1498550 797
1498560 796
1498570 796
1498580 795
1498590 794
1498600 794
1498610 793
1498620 793
1498630 793
1498640 792
1498650 790
1498660 790
1498670 788
1498680 787
1498690 787
1498700 786
1498710 785
1498720 785
1498730 784
1498740 782
1498750 782
1498760 780
1498770 778
1498780 778
1498790 777
1498800 775
1498810 775
1498820 773
1498830 770
1498840 770
1498850 768
1498860 766
1498870 766
1498880 765
1498890 764
1498900 764
1498910 763
1498920 763
1498930 763
1498940 761
1498950 758
1498960 758
1498970 757
1498980 755
1498990 755
1499000 753
1499010 752
1499020 752
1499030 749
1499040 749
1499050 749
1499060 749
1499070 748
1499080 748
1499090 748
1499100 749
1499110 749
1499120 749
1499130 749
1499140 749
1499150 749
1499160 749
1499170 748
1499180 748
1499190 748
1499200 748
1499210 748
1499220 748
1499230 747
1499240 747
1499250 747
1499260 747
1499270 747
1499280 746
1499290 745
1499300 745
1499310 744
1499320 742
1499330 742
1499340 740
1499350 738
1499360 738
1499370 736
1499380 733
1499390 733
1499400 732
1499410 730
1499420 730
1499430 727
1499440 725
1499450 725
1499460 724
1499470 722
1499480 722
1499490 721
1499500 719
1499510 719
1499520 716
1499530 713
1499540 713
1499550 711
1499560 708
1499570 708
1499580 706
1499590 703
1499600 703
1499610 700
1499620 696
1499630 696
1499640 695
1499650 694
1499660 694
1499670 695
1499680 694
1499690 694
1499700 693
1499710 691
1499720 689
1499730 689
1499740 691
1499750 697
1499760 697
1499770 701
1499780 704
1499790 704
1499800 708
1499810 712
1499820 712
1499830 718
1499840 723
1499850 723
1499860 726
1499870 728
1499880 728
1499890 730
1499900 731
1499910 731
1499920 732
1499930 733
1499940 733
1499950 734
1499960 735
1499970 735
1499980 735
1499990 734
