1480000 658
1480010 656
1480020 656
1480030 654
1480040 652
1480050 652
1480060 650
1480070 648
1480080 648
1480090 646
1480100 643
1480110 643
1480120 639
1480130 637
1480140 637
1480150 634
1480160 631
1480170 631
1480180 629
1480190 626
1480200 623
1480210 623
1480220 621
1480230 618
1480240 618
1480250 615
1480260 612
1480270 612
1480280 609
1480290 606
1480300 606
1480310 603
1480320 600
1480330 600
1480340 596
1480350 593
1480360 593
1480370 591
1480380 589
1480390 589
1480400 587
1480410 585
1480420 585
1480430 582
1480440 578
1480450 578
1480460 575
1480470 573
1480480 573
1480490 570
1480500 568
1480510 568
1480520 567
1480530 566
1480540 566
1480550 565
1480560 564
1480570 564
1480580 562
1480590 561
1480600 561
1480610 560
1480620 559
1480630 559
1480640 558
1480650 557
1480660 557
1480670 556
1480680 555
1480690 555
1480700 555
1480710 554
1480720 554
1480730 554
1480740 553
1480750 553
1480760 553
1480770 553
1480780 553
1480790 553
1480800 552
1480810 552
1480820 552
1480830 552
1480840 552
1480850 552
1480860 552
1480870 552
1480880 552
1480890 552
1480900 552
1480910 552
1480920 552
1480930 552
1480940 552
1480950 552
1480960 552
1480970 552
1480980 552
1480990 552
1481000 552
1481010 552
1481020 552
1481030 552
1481040 552
1481050 552
1481060 552
1481070 552
1481080 552
1481090 552
1481100 552
1481110 552
1481120 552
1481130 552
1481140 552
1481150 552
1481160 552
1481170 552
1481180 552
1481190 552
1481200 552
1481210 552
1481220 552
1481230 552
1481240 552
1481250 552
1481260 552
1481270 552
1481280 552
1481290 552
1481300 552
1481310 552
1481320 552
1481330 552
1481340 552
1481350 552
1481360 552
1481370 552
1481380 552
1481390 552
1481400 552
1481410 552
1481420 552
1481430 552
1481440 552
1481450 552
1481460 552
1481470 552
1481480 552
1481490 552
1481500 552
1481510 552
1481520 552
1481530 552
1481540 552
1481550 552
1481560 552
1481570 552
1481580 552
1481590 552
1481600 552
1481610 552
1481620 552
1481630 552
1481640 552
1481650 552
1481660 552
1481670 552
1481680 552
1481690 552
1481700 552
1481710 552
1481720 552
1481730 552
1481740 552
1481750 552
1481760 552
1481770 552
1481780 552
1481790 552
1481800 552
1481810 552
1481820 552
1481830 552
1481840 552
1481850 552
1481860 552
1481870 552
1481880 552
1481890 552
1481900 552
1481910 552
1481920 552
1481930 552
1481940 552
1481950 553
1481960 553
1481970 553
1481980 553
1481990 553
1482000 553
1482010 553
1482020 555
1482030 555
1482040 556
1482050 558
1482060 558
1482070 560
1482080 563
1482090 563
1482100 565
1482110 569
1482120 569
1482130 571
1482140 571
1482150 571
1482160 572
1482170 574
1482180 574
1482190 577
1482200 577
1482210 577
1482220 579
1482230 581
1482240 581
1482250 583
1482260 586
1482270 586
1482280 586
1482290 587
1482300 587
1482310 587
1482320 588
1482330 590
1482340 590
1482350 591
1482360 592
1482370 592
1482380 593
1482390 595
1482400 595
1482410 596
1482420 597
1482430 597
1482440 598
1482450 599
1482460 599
1482470 600
1482480 601
1482490 601
1482500 602
1482510 603
1482520 603
1482530 604
1482540 604
1482550 604
1482560 605
1482570 606
1482580 606
1482590 606
1482600 607
1482610 607
1482620 607
1482630 607
1482640 607
1482650 607
1482660 606
1482670 606
1482680 606
1482690 605
1482700 605
1482710 605
1482720 604
1482730 604
1482740 604
1482750 603
1482760 603
1482770 603
1482780 603
1482790 603
1482800 603
1482810 603
1482820 603
1482830 604
1482840 604
1482850 604
1482860 604
1482870 604
1482880 604
1482890 603
1482900 602
1482910 602
1482920 601
1482930 601
1482940 600
1482950 600
1482960 599
1482970 600
1482980 600
1482990 601
1483000 602
1483010 602
1483020 603
1483030 604
1483040 604
1483050 606
1483060 607
1483070 607
1483080 608
1483090 608
1483100 608
1483110 609
1483120 610
1483130 610
1483140 610
1483150 611
1483160 611
1483170 611
1483180 612
1483190 612
1483200 613
1483210 614
1483220 614
1483230 615
1483240 618
1483250 618
1483260 620
1483270 623
1483280 623
1483290 626
1483300 629
1483310 629
1483320 632
1483330 634
1483340 634
1483350 636
1483360 638
1483370 638
1483380 641
1483390 643
1483400 643
1483410 645
1483420 646
1483430 646
1483440 648
1483450 649
1483460 649
1483470 650
1483480 651
1483490 651
1483500 652
1483510 653
1483520 653
1483530 653
1483540 654
1483550 654
1483560 653
1483570 653
1483580 653
1483590 651
1483600 648
1483610 648
1483620 644
1483630 641
1483640 638
1483650 638
1483660 638
1483670 642
1483680 642
1483690 647
1483700 651
1483710 651
1483720 653
1483730 656
1483740 656
1483750 658
1483760 660
1483770 660
1483780 662
1483790 664
1483800 664
1483810 667
1483820 669
1483830 669
1483840 671
1483850 673
1483860 673
1483870 674
1483880 677
1483890 677
1483900 679
1483910 682
1483920 682
1483930 684
1483940 684
1483950 684
1483960 685
1483970 686
1483980 686
1483990 688
1484000 689
1484010 689
1484020 691
1484030 693
1484040 693
1484050 695
1484060 696
1484070 696
1484080 698
1484090 699
1484100 699
1484110 700
1484120 700
1484130 700
1484140 701
1484150 702
1484160 702
1484170 703
1484180 704
1484190 704
1484200 706
1484210 707
1484220 707
1484230 708
1484240 709
1484250 709
1484260 710
1484270 711
1484280 711
1484290 713
1484300 714
1484310 714
1484320 715
1484330 717
1484340 718
1484350 718
1484360 720
1484370 722
1484380 722
1484390 724
1484400 726
1484410 726
1484420 729
1484430 731
1484440 731
1484450 733
1484460 734
1484470 734
1484480 736
1484490 738
1484500 738
1484510 739
1484520 741
1484530 741
1484540 742
1484550 744
1484560 744
1484570 746
1484580 748
1484590 748
1484600 751
1484610 754
1484620 754
1484630 756
1484640 758
1484650 758
1484660 759
1484670 760
1484680 760
1484690 762
1484700 762
1484710 762
1484720 763
1484730 763
1484740 763
1484750 764
1484760 765
1484770 765
1484780 766
1484790 765
1484800 765
1484810 765
1484820 767
1484830 767
1484840 769
1484850 771
1484860 771
1484870 771
1484880 771
1484890 771
1484900 770
1484910 769
1484920 769
1484930 769
1484940 769
1484950 769
1484960 770
1484970 771
1484980 771
1484990 773
1485000 774
1485010 776
1485020 776
1485030 778
1485040 779
1485050 779
1485060 781
1485070 783
1485080 783
1485090 785
1485100 786
1485110 786
1485120 788
1485130 789
1485140 789
1485150 790
1485160 791
1485170 791
1485180 792
1485190 793
1485200 793
1485210 794
1485220 795
1485230 795
1485240 795
1485250 796
1485260 796
1485270 797
1485280 797
1485290 797
1485300 797
1485310 798
1485320 798
1485330 798
1485340 798
1485350 798
1485360 798
1485370 798
1485380 798
1485390 798
1485400 798
1485410 798
1485420 798
1485430 797
1485440 797
1485450 797
1485460 796
1485470 796
1485480 796
1485490 795
1485500 795
1485510 795
1485520 795
1485530 795
1485540 795
1485550 795
1485560 795
1485570 796
1485580 796
1485590 796
1485600 796
1485610 796
1485620 796
1485630 796
1485640 796
1485650 796
1485660 796
1485670 796
1485680 796
1485690 797
1485700 797
1485710 797
1485720 797
1485730 797
1485740 798
1485750 798
1485760 798
1485770 798
1485780 798
1485790 798
1485800 798
1485810 798
1485820 799
1485830 799
1485840 799
1485850 799
1485860 799
1485870 799
1485880 798
1485890 798
1485900 798
1485910 798
1485920 798
1485930 798
1485940 798
1485950 798
1485960 798
1485970 798
1485980 797
1485990 797
1486000 797
1486010 796
1486020 796
1486030 796
1486040 796
1486050 796
1486060 795
1486070 795
1486080 795
1486090 794
1486100 794
1486110 794
1486120 793
1486130 792
1486140 792
1486150 791
1486160 790
1486170 790
1486180 789
1486190 788
1486200 788
1486210 786
1486220 784
1486230 784
1486240 781
1486250 779
1486260 779
1486270 777
1486280 774
1486290 774
1486300 771
1486310 769
1486320 769
1486330 767
1486340 763
1486350 763
1486360 759
1486370 756
1486380 756
1486390 753
1486400 751
1486410 749
1486420 749
1486430 747
1486440 746
1486450 746
1486460 744
1486470 742
1486480 742
1486490 741
1486500 740
1486510 740
1486520 738
1486530 737
1486540 737
1486550 736
1486560 736
1486570 736
1486580 735
1486590 734
1486600 734
1486610 734
1486620 733
1486630 733
1486640 733
1486650 732
1486660 732
1486670 731
1486680 731
1486690 731
1486700 730
1486710 729
1486720 729
1486730 728
1486740 726
1486750 726
1486760 725
1486770 723
1486780 723
1486790 722
1486800 720
1486810 720
1486820 719
1486830 718
1486840 718
1486850 718
1486860 717
1486870 717
1486880 716
1486890 715
1486900 715
1486910 715
1486920 714
1486930 714
1486940 715
1486950 716
1486960 716
1486970 715
1486980 715
1486990 715
1487000 716
1487010 717
1487020 717
1487030 718
1487040 719
1487050 719
1487060 719
1487070 720
1487080 721
1487090 721
1487100 721
1487110 722
1487120 722
1487130 723
1487140 724
1487150 724
1487160 726
1487170 727
1487180 727
1487190 727
1487200 728
1487210 728
1487220 729
1487230 729
1487240 729
1487250 728
1487260 725
1487270 725
1487280 722
1487290 720
1487300 720
1487310 717
1487320 716
1487330 716
1487340 715
1487350 714
1487360 714
1487370 714
1487380 715
1487390 715
1487400 715
1487410 716
1487420 716
1487430 717
1487440 719
1487450 719
1487460 722
1487470 724
1487480 724
1487490 727
1487500 729
1487510 729
1487520 731
1487530 734
1487540 734
1487550 736
1487560 738
1487570 738
1487580 740
1487590 742
1487600 742
1487610 744
1487620 746
1487630 746
1487640 748
1487650 749
1487660 749
1487670 750
1487680 751
1487690 751
1487700 752
1487710 753
1487720 753
1487730 753
1487740 753
1487750 753
1487760 754
1487770 754
1487780 753
1487790 753
1487800 753
1487810 753
1487820 753
1487830 753
1487840 753
1487850 753
1487860 751
1487870 751
1487880 751
1487890 751
1487900 752
1487910 752
1487920 752
1487930 751
1487940 751
1487950 749
1487960 751
1487970 751
1487980 752
1487990 752
1488000 752
1488010 752
1488020 753
1488030 753
1488040 753
1488050 753
1488060 753
1488070 754
1488080 754
1488090 754
1488100 754
1488110 754
1488120 754
1488130 754
1488140 754
1488150 754
1488160 754
1488170 753
1488180 753
1488190 752
1488200 750
1488210 750
1488220 747
1488230 745
1488240 745
1488250 743
1488260 744
1488270 744
1488280 748
1488290 750
1488300 750
1488310 751
1488320 752
1488330 752
1488340 753
1488350 754
1488360 754
1488370 755
1488380 756
1488390 756
1488400 756
1488410 757
1488420 757
1488430 758
1488440 758
1488450 758
1488460 758
1488470 759
1488480 759
1488490 759
1488500 759
1488510 759
1488520 759
1488530 759
1488540 759
1488550 759
1488560 759
1488570 758
1488580 758
1488590 758
1488600 757
1488610 757
1488620 757
1488630 757
1488640 757
1488650 757
1488660 756
1488670 756
1488680 753
1488690 752
1488700 752
1488710 755
1488720 755
1488730 755
1488740 755
1488750 755
1488760 755
1488770 756
1488780 755
1488790 755
1488800 755
1488810 755
1488820 755
1488830 753
1488840 750
1488850 750
1488860 749
1488870 750
1488880 750
1488890 753
1488900 754
1488910 754
1488920 756
1488930 759
1488940 759
1488950 761
1488960 762
1488970 762
1488980 763
1488990 764
1489000 764
1489010 766
1489020 767
1489030 767
1489040 768
1489050 769
1489060 769
1489070 769
1489080 770
1489090 770
1489100 771
1489110 772
1489120 772
1489130 773
1489140 775
1489150 776
1489160 776
1489170 778
1489180 779
1489190 779
1489200 781
1489210 782
1489220 782
1489230 784
1489240 785
1489250 785
1489260 787
1489270 788
1489280 788
1489290 790
1489300 792
1489310 792
1489320 794
1489330 795
1489340 795
1489350 798
1489360 799
1489370 799
1489380 801
1489390 802
1489400 802
1489410 804
1489420 805
1489430 805
1489440 807
1489450 808
1489460 808
1489470 810
1489480 811
1489490 811
1489500 812
1489510 814
1489520 814
1489530 814
1489540 815
1489550 815
1489560 816
1489570 817
1489580 817
1489590 818
1489600 818
1489610 818
1489620 819
1489630 819
1489640 819
1489650 820
1489660 821
1489670 821
1489680 821
1489690 821
1489700 821
1489710 822
1489720 821
1489730 821
1489740 821
1489750 823
1489760 823
1489770 823
1489780 824
1489790 824
1489800 824
1489810 825
1489820 825
1489830 825
1489840 825
1489850 826
1489860 826
1489870 826
1489880 827
1489890 827
1489900 827
1489910 828
1489920 828
1489930 828
1489940 829
1489950 829
1489960 829
1489970 829
1489980 829
1489990 830
1490000 830
1490010 830
1490020 831
1490030 831
1490040 831
1490050 830
1490060 832
1490070 832
1490080 832
1490090 832
1490100 832
1490110 833
1490120 834
1490130 834
1490140 835
1490150 835
1490160 835
1490170 835
1490180 836
1490190 836
1490200 836
1490210 837
1490220 837
1490230 837
1490240 836
1490250 836
1490260 837
1490270 838
1490280 838
1490290 838
1490300 838
1490310 838
1490320 839
1490330 839
1490340 839
1490350 839
1490360 839
1490370 839
1490380 840
1490390 840
1490400 840
1490410 840
1490420 839
1490430 839
1490440 840
1490450 840
1490460 840
1490470 840
1490480 841
1490490 841
1490500 841
1490510 841
1490520 842
1490530 842
1490540 842
1490550 842
1490560 842
1490570 841
1490580 842
1490590 842
1490600 844
1490610 846
1490620 846
1490630 847
1490640 847
1490650 847
1490660 848
1490670 849
1490680 849
1490690 850
1490700 851
1490710 851
1490720 852
1490730 853
1490740 853
1490750 854
1490760 855
1490770 855
1490780 856
1490790 857
1490800 857
1490810 858
1490820 859
1490830 859
1490840 859
1490850 860
1490860 860
1490870 861
1490880 861
1490890 861
1490900 862
1490910 862
1490920 862
1490930 862
1490940 863
1490950 863
1490960 863
1490970 863
1490980 863
1490990 864
1491000 863
1491010 863
1491020 863
1491030 863
1491040 863
1491050 863
1491060 862
1491070 862
1491080 862
1491090 861
1491100 861
1491110 860
1491120 860
1491130 860
1491140 859
1491150 859
1491160 859
1491170 858
1491180 857
1491190 857
1491200 856
1491210 856
1491220 855
1491230 855
1491240 854
1491250 853
1491260 853
1491270 852
1491280 851
1491290 851
1491300 850
1491310 849
1491320 849
1491330 848
1491340 847
1491350 847
1491360 846
1491370 844
1491380 844
1491390 842
1491400 840
1491410 840
1491420 837
1491430 834
1491440 834
1491450 832
1491460 829
1491470 829
1491480 826
1491490 826
1491500 826
1491510 824
1491520 823
1491530 823
1491540 822
1491550 821
1491560 821
1491570 820
1491580 820
1491590 820
1491600 819
1491610 819
1491620 819
1491630 818
1491640 818
1491650 818
1491660 817
1491670 817
1491680 817
1491690 817
1491700 816
1491710 816
1491720 816
1491730 816
1491740 816
1491750 815
1491760 815
1491770 815
1491780 815
1491790 814
1491800 814
1491810 814
1491820 814
1491830 814
1491840 813
1491850 813
1491860 813
1491870 812
1491880 810
1491890 810
1491900 810
1491910 810
1491920 812
1491930 812
1491940 811
1491950 811
1491960 811
1491970 811
1491980 811
1491990 811
1492000 811
1492010 811
1492020 811
1492030 811
1492040 811
1492050 811
1492060 811
1492070 811
1492080 811
1492090 810
1492100 810
1492110 810
1492120 809
1492130 809
1492140 809
1492150 808
1492160 807
1492170 807
1492180 807
1492190 806
1492200 806
1492210 805
1492220 804
1492230 804
1492240 803
1492250 802
1492260 802
1492270 801
1492280 800
1492290 800
1492300 800
1492310 799
1492320 799
1492330 798
1492340 797
1492350 797
1492360 795
1492370 794
1492380 794
1492390 793
1492400 792
1492410 792
1492420 790
1492430 789
1492440 789
1492450 787
1492460 785
1492470 785
1492480 783
1492490 779
1492500 779
1492510 774
1492520 769
1492530 769
1492540 764
1492550 759
1492560 759
1492570 754
1492580 750
1492590 745
1492600 745
1492610 741
1492620 736
1492630 736
1492640 732
1492650 727
1492660 727
1492670 724
1492680 721
1492690 721
1492700 717
1492710 713
1492720 713
1492730 710
1492740 713
1492750 713
1492760 717
1492770 719
1492780 719
1492790 721
1492800 722
1492810 722
1492820 724
1492830 725
1492840 725
1492850 726
1492860 727
1492870 727
1492880 728
1492890 730
1492900 730
1492910 731
1492920 731
1492930 731
1492940 732
1492950 732
1492960 732
1492970 732
1492980 732
1492990 732
1493000 730
1493010 729
1493020 729
1493030 731
1493040 731
1493050 731
1493060 731
1493070 731
1493080 731
1493090 730
1493100 731
1493110 731
1493120 731
1493130 730
1493140 730
1493150 730
1493160 733
1493170 733
1493180 734
1493190 734
1493200 734
1493210 734
1493220 734
1493230 734
1493240 734
1493250 734
1493260 734
1493270 735
1493280 735
1493290 735
1493300 735
1493310 734
1493320 733
1493330 733
1493340 731
1493350 730
1493360 730
1493370 728
1493380 727
1493390 727
1493400 725
1493410 724
1493420 724
1493430 722
1493440 719
1493450 719
1493460 717
1493470 714
1493480 714
1493490 711
1493500 706
1493510 706
1493520 702
1493530 697
1493540 697
1493550 692
1493560 688
1493570 688
1493580 684
1493590 680
1493600 680
1493610 676
1493620 672
1493630 672
1493640 667
1493650 664
1493660 664
1493670 662
1493680 659
1493690 659
1493700 656
1493710 653
1493720 653
1493730 650
1493740 647
1493750 647
1493760 644
1493770 640
1493780 640
1493790 637
1493800 633
1493810 633
1493820 630
1493830 628
1493840 628
1493850 628
1493860 626
1493870 626
1493880 624
1493890 625
1493900 625
1493910 628
1493920 635
1493930 635
1493940 641
1493950 645
1493960 645
1493970 648
1493980 651
1493990 654
1494000 654
1494010 656
1494020 659
1494030 659
1494040 661
1494050 663
1494060 663
1494070 664
1494080 664
1494090 664
1494100 663
1494110 662
1494120 662
1494130 661
1494140 660
1494150 660
1494160 658
1494170 654
1494180 654
1494190 650
1494200 646
1494210 646
1494220 643
1494230 640
1494240 640
1494250 638
1494260 636
1494270 636
1494280 633
1494290 629
1494300 629
1494310 625
1494320 621
1494330 621
1494340 617
1494350 615
1494360 615
1494370 614
1494380 614
1494390 614
1494400 614
1494410 614
1494420 614
1494430 614
1494440 613
1494450 613
1494460 613
1494470 613
1494480 613
1494490 613
1494500 613
1494510 613
1494520 613
1494530 613
1494540 613
1494550 613
1494560 612
1494570 612
1494580 612
1494590 612
1494600 612
1494610 612
1494620 612
1494630 612
1494640 612
1494650 611
1494660 611
1494670 611
1494680 611
1494690 611
1494700 611
1494710 611
1494720 611
1494730 611
1494740 611
1494750 611
1494760 611
1494770 609
1494780 609
1494790 609
1494800 609
1494810 608
1494820 608
1494830 608
1494840 608
1494850 608
1494860 608
1494870 608
1494880 608
1494890 607
1494900 607
1494910 607
1494920 607
1494930 607
1494940 607
1494950 607
1494960 607
1494970 607
1494980 607
1494990 606
1495000 606
1495010 606
1495020 606
1495030 606
1495040 605
1495050 605
1495060 605
1495070 605
1495080 605
1495090 605
1495100 605
1495110 605
1495120 605
1495130 605
1495140 604
1495150 604
1495160 604
1495170 604
1495180 604
1495190 604
1495200 604
1495210 604
1495220 603
1495230 603
1495240 603
1495250 603
1495260 603
1495270 603
1495280 603
1495290 603
1495300 603
1495310 603
1495320 603
1495330 603
1495340 603
1495350 602
1495360 603
1495370 603
1495380 603
1495390 603
1495400 603
1495410 602
1495420 602
1495430 602
1495440 602
1495450 602
1495460 602
1495470 602
1495480 601
1495490 601
1495500 601
1495510 601
1495520 601
1495530 601
1495540 601
1495550 601
1495560 601
1495570 601
1495580 601
1495590 601
1495600 601
1495610 601
1495620 602
1495630 602
1495640 602
1495650 602
1495660 602
1495670 602
1495680 602
1495690 602
1495700 602
1495710 602
1495720 602
1495730 602
1495740 602
1495750 602
1495760 602
1495770 603
1495780 603
1495790 603
1495800 602
1495810 602
1495820 602
1495830 602
1495840 602
1495850 602
1495860 602
1495870 602
1495880 602
1495890 602
1495900 603
1495910 603
1495920 603
1495930 603
1495940 603
1495950 603
1495960 603
1495970 603
1495980 603
1495990 603
1496000 603
1496010 603
1496020 603
1496030 603
1496040 603
1496050 603
1496060 603
1496070 603
1496080 602
1496090 602
1496100 602
1496110 602
1496120 601
1496130 601
1496140 601
1496150 601
1496160 601
1496170 601
1496180 601
1496190 601
1496200 602
1496210 602
1496220 602
1496230 601
1496240 601
1496250 601
1496260 601
1496270 601
1496280 601
1496290 600
1496300 600
1496310 600
1496320 602
1496330 603
1496340 603
1496350 602
1496360 600
1496370 600
1496380 599
1496390 601
1496400 601
1496410 601
1496420 601
1496430 601
1496440 601
1496450 601
1496460 601
1496470 602
1496480 603
1496490 603
1496500 605
1496510 608
1496520 608
1496530 610
1496540 613
1496550 613
1496560 616
1496570 618
1496580 618
1496590 621
1496600 624
1496610 624
1496620 626
1496630 626
1496640 626
1496650 625
1496660 622
1496670 622
1496680 620
1496690 621
1496700 621
1496710 625
1496720 628
1496730 631
1496740 631
1496750 634
1496760 638
1496770 638
1496780 642
1496790 646
1496800 646
1496810 649
1496820 651
1496830 651
1496840 653
1496850 655
1496860 655
1496870 657
1496880 660
1496890 660
1496900 662
1496910 664
1496920 664
1496930 665
1496940 666
1496950 666
1496960 667
1496970 668
1496980 668
1496990 669
1497000 670
1497010 670
1497020 671
1497030 672
1497040 672
1497050 673
1497060 675
1497070 675
1497080 676
1497090 677
1497100 677
1497110 678
1497120 679
1497130 679
1497140 680
1497150 682
1497160 682
1497170 683
1497180 684
1497190 684
1497200 686
1497210 687
1497220 687
1497230 688
1497240 689
1497250 689
1497260 690
1497270 691
1497280 691
1497290 692
1497300 693
1497310 693
1497320 693
1497330 694
1497340 694
1497350 695
1497360 695
1497370 695
1497380 696
1497390 696
1497400 696
1497410 697
1497420 697
1497430 697
1497440 697
1497450 697
1497460 697
1497470 697
1497480 697
1497490 696
1497500 696
1497510 695
1497520 694
1497530 694
1497540 692
1497550 691
1497560 691
1497570 690
1497580 689
1497590 689
1497600 690
1497610 689
1497620 689
1497630 687
1497640 688
1497650 688
1497660 688
1497670 686
1497680 686
1497690 685
1497700 686
1497710 686
1497720 687
1497730 687
1497740 687
1497750 687
1497760 687
1497770 687
1497780 688
1497790 687
1497800 687
1497810 687
1497820 687
1497830 687
1497840 687
1497850 687
1497860 687
1497870 686
1497880 687
1497890 687
1497900 688
1497910 687
1497920 687
1497930 686
1497940 687
1497950 687
1497960 688
1497970 688
1497980 688
1497990 688
1498000 688
1498010 688
1498020 687
1498030 687
1498040 687
1498050 686
1498060 685
1498070 685
1498080 688
1498090 688
1498100 688
1498110 689
1498120 689
1498130 689
1498140 689
1498150 689
1498160 689
1498170 689
1498180 689
1498190 689
1498200 689
1498210 689
1498220 689
1498230 689
1498240 688
1498250 687
1498260 687
1498270 688
1498280 687
1498290 687
1498300 688
1498310 688
1498320 688
1498330 687
1498340 687
1498350 687
1498360 686
1498370 684
1498380 684
1498390 683
1498400 684
1498410 684
1498420 683
1498430 683
1498440 683
1498450 683
1498460 684
1498470 684
1498480 684
1498490 684
1498500 684
1498510 684
1498520 684
1498530 684
1498540 683
1498550 682
1498560 682
1498570 682
1498580 681
1498590 681
1498600 680
1498610 679
1498620 679
1498630 679
1498640 678
1498650 678
1498660 678
1498670 677
1498680 677
1498690 677
1498700 676
1498710 676
1498720 674
1498730 673
1498740 673
1498750 672
1498760 670
1498770 670
1498780 669
1498790 667
1498800 665
1498810 665
1498820 663
1498830 660
1498840 660
1498850 657
1498860 653
1498870 653
1498880 649
1498890 645
1498900 645
1498910 643
1498920 642
1498930 642
1498940 641
1498950 639
1498960 639
1498970 637
1498980 635
1498990 635
1499000 634
1499010 633
1499020 633
1499030 631
1499040 629
1499050 629
1499060 626
1499070 624
1499080 624
1499090 622
1499100 620
1499110 620
1499120 618
1499130 615
1499140 615
1499150 612
1499160 608
1499170 608
1499180 605
1499190 603
1499200 603
1499210 601
1499220 600
1499230 600
1499240 600
1499250 600
1499260 600
1499270 601
1499280 601
1499290 601
1499300 601
1499310 601
1499320 601
1499330 601
1499340 600
1499350 600
1499360 598
1499370 598
1499380 598
1499390 600
1499400 600
1499410 600
1499420 600
1499430 600
1499440 600
1499450 600
1499460 599
1499470 599
1499480 599
1499490 598
1499500 598
1499510 598
1499520 597
1499530 597
1499540 597
1499550 598
1499560 602
1499570 602
1499580 605
1499590 608
1499600 608
1499610 609
1499620 610
1499630 610
1499640 611
1499650 612
1499660 612
1499670 613
1499680 614
1499690 614
1499700 615
1499710 616
1499720 616
1499730 617
1499740 618
1499750 618
1499760 619
1499770 620
1499780 620
1499790 620
1499800 620
1499810 620
1499820 620
1499830 623
1499840 623
1499850 626
1499860 629
1499870 629
1499880 632
1499890 633
1499900 633
1499910 635
1499920 637
1499930 637
1499940 638
1499950 640
1499960 640
1499970 642
1499980 643
1499990 643
