1480000 566
1480010 566
1480020 566
1480030 566
1480040 567
1480050 567
1480060 567
1480070 567
1480080 567
1480090 567
1480100 567
1480110 567
1480120 567
1480130 568
1480140 568
1480150 568
1480160 568
1480170 568
1480180 568
1480190 568
1480200 568
1480210 568
1480220 568
1480230 567
1480240 567
1480250 567
1480260 567
1480270 567
1480280 568
1480290 568
1480300 568
1480310 568
1480320 566
1480330 566
1480340 563
1480350 562
1480360 562
1480370 560
1480380 560
1480390 560
1480400 559
1480410 559
1480420 559
1480430 559
1480440 559
1480450 559
1480460 559
1480470 559
1480480 559
1480490 559
1480500 559
1480510 560
1480520 560
1480530 560
1480540 561
1480550 561
1480560 561
1480570 562
1480580 562
1480590 562
1480600 563
1480610 563
1480620 563
1480630 564
1480640 564
1480650 564
1480660 565
1480670 565
1480680 566
1480690 566
1480700 566
1480710 566
1480720 567
1480730 567
1480740 568
1480750 569
1480760 569
1480770 568
1480780 567
1480790 567
1480800 567
1480810 566
1480820 566
1480830 566
1480840 566
1480850 566
1480860 566
1480870 566
1480880 566
1480890 566
1480900 566
1480910 566
1480920 566
1480930 566
1480940 566
1480950 565
1480960 565
1480970 565
1480980 565
1480990 565
1481000 565
1481010 565
1481020 565
1481030 565
1481040 566
1481050 567
1481060 567
1481070 568
1481080 569
1481090 569
1481100 570
1481110 570
1481120 570
1481130 570
1481140 571
1481150 571
1481160 571
1481170 571
1481180 572
1481190 572
1481200 572
1481210 573
1481220 573
1481230 574
1481240 575
1481250 575
1481260 575
1481270 575
1481280 575
1481290 576
1481300 576
1481310 576
1481320 576
1481330 576
1481340 576
1481350 575
1481360 575
1481370 575
1481380 575
1481390 575
1481400 575
1481410 574
1481420 573
1481430 573
1481440 572
1481450 571
1481460 571
1481470 570
1481480 570
1481490 570
1481500 570
1481510 571
1481520 571
1481530 574
1481540 578
1481550 578
1481560 581
1481570 583
1481580 583
1481590 584
1481600 585
1481610 585
1481620 586
1481630 587
1481640 587
1481650 588
1481660 590
1481670 590
1481680 591
1481690 591
1481700 591
1481710 595
1481720 597
1481730 597
1481740 599
1481750 601
1481760 601
1481770 601
1481780 602
1481790 602
1481800 602
1481810 602
1481820 602
1481830 603
1481840 604
1481850 604
1481860 605
1481870 606
1481880 606
1481890 608
1481900 609
1481910 609
1481920 610
1481930 612
1481940 612
1481950 613
1481960 614
1481970 616
1481980 616
1481990 618
1482000 619
1482010 619
1482020 621
1482030 622
1482040 622
1482050 624
1482060 625
1482070 625
1482080 627
1482090 628
1482100 628
1482110 629
1482120 629
1482130 629
1482140 629
1482150 630
1482160 630
1482170 630
1482180 631
1482190 631
1482200 631
1482210 631
1482220 631
1482230 631
1482240 631
1482250 631
1482260 631
1482270 631
1482280 631
1482290 632
1482300 632
1482310 632
1482320 633
1482330 634
1482340 634
1482350 635
1482360 636
1482370 636
1482380 637
1482390 638
1482400 638
1482410 639
1482420 640
1482430 640
1482440 642
1482450 643
1482460 643
1482470 645
1482480 647
1482490 647
1482500 650
1482510 653
1482520 653
1482530 656
1482540 659
1482550 659
1482560 664
1482570 667
1482580 667
1482590 669
1482600 671
1482610 671
1482620 673
1482630 674
1482640 674
1482650 677
1482660 680
1482670 680
1482680 681
1482690 679
1482700 679
1482710 676
1482720 672
1482730 668
1482740 668
1482750 663
1482760 660
1482770 660
1482780 661
1482790 665
1482800 665
1482810 668
1482820 669
1482830 669
1482840 670
1482850 671
1482860 671
1482870 671
1482880 673
1482890 673
1482900 674
1482910 675
1482920 675
1482930 676
1482940 677
1482950 677
1482960 678
1482970 679
1482980 679
1482990 680
1483000 679
1483010 679
1483020 678
1483030 678
1483040 678
1483050 678
1483060 679
1483070 679
1483080 680
1483090 681
1483100 681
1483110 683
1483120 684
1483130 684
1483140 685
1483150 686
1483160 686
1483170 687
1483180 688
1483190 688
1483200 690
1483210 691
1483220 691
1483230 692
1483240 692
1483250 692
1483260 693
1483270 693
1483280 693
1483290 695
1483300 695
1483310 695
1483320 695
1483330 696
1483340 696
1483350 697
1483360 699
1483370 699
1483380 703
1483390 706
1483400 706
1483410 708
1483420 710
1483430 710
1483440 712
1483450 714
1483460 714
1483470 717
1483480 719
1483490 719
1483500 722
1483510 724
1483520 727
1483530 727
1483540 730
1483550 733
1483560 733
1483570 737
1483580 739
1483590 739
1483600 741
1483610 744
1483620 744
1483630 747
1483640 749
1483650 749
1483660 751
1483670 753
1483680 753
1483690 755
1483700 758
1483710 758
1483720 759
1483730 760
1483740 760
1483750 761
1483760 763
1483770 763
1483780 766
1483790 769
1483800 769
1483810 770
1483820 772
1483830 772
1483840 773
1483850 775
1483860 775
1483870 777
1483880 779
1483890 779
1483900 780
1483910 782
1483920 782
1483930 783
1483940 785
1483950 785
1483960 786
1483970 789
1483980 789
1483990 790
1484000 792
1484010 792
1484020 794
1484030 797
1484040 797
1484050 799
1484060 801
1484070 801
1484080 803
1484090 804
1484100 804
1484110 806
1484120 807
1484130 807
1484140 810
1484150 813
1484160 813
1484170 815
1484180 817
1484190 817
1484200 819
1484210 821
1484220 821
1484230 822
1484240 824
1484250 824
1484260 825
1484270 826
1484280 827
1484290 827
1484300 828
1484310 829
1484320 829
1484330 830
1484340 830
1484350 830
1484360 831
1484370 831
1484380 831
1484390 831
1484400 832
1484410 832
1484420 833
1484430 834
1484440 834
1484450 835
1484460 836
1484470 836
1484480 837
1484490 837
1484500 837
1484510 838
1484520 839
1484530 839
1484540 839
1484550 840
1484560 840
1484570 840
1484580 841
1484590 841
1484600 841
1484610 841
1484620 841
1484630 842
1484640 842
1484650 842
1484660 842
1484670 842
1484680 842
1484690 843
1484700 843
1484710 843
1484720 843
1484730 843
1484740 843
1484750 843
1484760 843
1484770 843
1484780 842
1484790 842
1484800 842
1484810 841
1484820 840
1484830 840
1484840 840
1484850 839
1484860 839
1484870 838
1484880 837
1484890 837
1484900 836
1484910 835
1484920 835
1484930 833
1484940 832
1484950 832
1484960 830
1484970 828
1484980 828
1484990 825
1485000 823
1485010 823
1485020 821
1485030 818
1485040 818
1485050 815
1485060 813
1485070 810
1485080 810
1485090 808
1485100 805
1485110 805
1485120 802
1485130 799
1485140 799
1485150 797
1485160 795
1485170 795
1485180 793
1485190 793
1485200 793
1485210 792
1485220 791
1485230 791
1485240 790
1485250 789
1485260 789
1485270 788
1485280 788
1485290 788
1485300 787
1485310 786
1485320 786
1485330 784
1485340 784
1485350 784
1485360 783
1485370 782
1485380 782
1485390 781
1485400 780
1485410 780
1485420 779
1485430 777
1485440 777
1485450 778
1485460 778
1485470 778
1485480 777
1485490 776
1485500 776
1485510 774
1485520 774
1485530 774
1485540 772
1485550 772
1485560 772
1485570 771
1485580 769
1485590 769
1485600 768
1485610 767
1485620 767
1485630 765
1485640 764
1485650 764
1485660 763
1485670 762
1485680 762
1485690 761
1485700 760
1485710 760
1485720 759
1485730 759
1485740 759
1485750 758
1485760 758
1485770 758
1485780 757
1485790 756
1485800 756
1485810 756
1485820 755
1485830 755
1485840 755
1485850 755
1485860 755
1485870 755
1485880 754
1485890 754
1485900 754
1485910 754
1485920 754
1485930 754
1485940 753
1485950 753
1485960 753
1485970 752
1485980 752
1485990 752
1486000 751
1486010 751
1486020 751
1486030 750
1486040 749
1486050 749
1486060 748
1486070 747
1486080 747
1486090 746
1486100 745
1486110 745
1486120 744
1486130 742
1486140 742
1486150 741
1486160 739
1486170 739
1486180 738
1486190 736
1486200 736
1486210 734
1486220 733
1486230 733
1486240 730
1486250 728
1486260 728
1486270 726
1486280 723
1486290 723
1486300 720
1486310 717
1486320 717
1486330 713
1486340 709
1486350 709
1486360 704
1486370 699
1486380 699
1486390 694
1486400 690
1486410 690
1486420 686
1486430 682
1486440 682
1486450 677
1486460 673
1486470 673
1486480 668
1486490 663
1486500 663
1486510 658
1486520 656
1486530 656
1486540 653
1486550 650
1486560 650
1486570 648
1486580 646
1486590 646
1486600 644
1486610 641
1486620 640
1486630 640
1486640 639
1486650 637
1486660 637
1486670 636
1486680 634
1486690 634
1486700 632
1486710 630
1486720 630
1486730 629
1486740 629
1486750 629
1486760 628
1486770 628
1486780 628
1486790 627
1486800 626
1486810 626
1486820 626
1486830 625
1486840 625
1486850 624
1486860 622
1486870 622
1486880 621
1486890 617
1486900 617
1486910 613
1486920 610
1486930 610
1486940 609
1486950 608
1486960 608
1486970 608
1486980 608
1486990 608
1487000 608
1487010 607
1487020 607
1487030 607
1487040 606
1487050 606
1487060 606
1487070 604
1487080 604
1487090 606
1487100 606
1487110 606
1487120 607
1487130 612
1487140 612
1487150 617
1487160 619
1487170 619
1487180 620
1487190 621
1487200 621
1487210 622
1487220 621
1487230 621
1487240 621
1487250 620
1487260 620
1487270 619
1487280 617
1487290 617
1487300 612
1487310 610
1487320 610
1487330 610
1487340 610
1487350 610
1487360 609
1487370 611
1487380 611
1487390 614
1487400 617
1487410 621
1487420 621
1487430 624
1487440 626
1487450 626
1487460 628
1487470 629
1487480 629
1487490 631
1487500 632
1487510 632
1487520 632
1487530 634
1487540 634
1487550 635
1487560 636
1487570 636
1487580 636
1487590 637
1487600 637
1487610 638
1487620 639
1487630 639
1487640 640
1487650 642
1487660 642
1487670 643
1487680 643
1487690 643
1487700 643
1487710 642
1487720 642
1487730 642
1487740 642
1487750 642
1487760 642
1487770 642
1487780 642
1487790 643
1487800 644
1487810 644
1487820 646
1487830 647
1487840 647
1487850 648
1487860 650
1487870 650
1487880 651
1487890 653
1487900 653
1487910 654
1487920 656
1487930 656
1487940 657
1487950 658
1487960 658
1487970 659
1487980 660
1487990 660
1488000 662
1488010 663
1488020 663
1488030 663
1488040 664
1488050 664
1488060 665
1488070 666
1488080 666
1488090 666
1488100 667
1488110 667
1488120 667
1488130 668
1488140 668
1488150 668
1488160 669
1488170 669
1488180 669
1488190 669
1488200 670
1488210 670
1488220 670
1488230 671
1488240 671
1488250 671
1488260 671
1488270 671
1488280 670
1488290 672
1488300 672
1488310 672
1488320 672
1488330 672
1488340 672
1488350 672
1488360 672
1488370 673
1488380 673
1488390 673
1488400 673
1488410 674
1488420 674
1488430 673
1488440 673
1488450 673
1488460 674
1488470 675
1488480 675
1488490 675
1488500 675
1488510 675
1488520 675
1488530 675
1488540 675
1488550 674
1488560 673
1488570 673
1488580 674
1488590 674
1488600 674
1488610 674
1488620 674
1488630 674
1488640 674
1488650 674
1488660 674
1488670 674
1488680 674
1488690 674
1488700 674
1488710 674
1488720 674
1488730 674
1488740 673
1488750 673
1488760 672
1488770 673
1488780 673
1488790 672
1488800 672
1488810 672
1488820 671
1488830 671
1488840 671
1488850 671
1488860 670
1488870 670
1488880 669
1488890 668
1488900 668
1488910 669
1488920 667
1488930 667
1488940 665
1488950 666
1488960 664
1488970 664
1488980 666
1488990 664
1489000 664
1489010 665
1489020 666
1489030 666
1489040 665
1489050 664
1489060 664
1489070 664
1489080 664
1489090 664
1489100 662
1489110 662
1489120 662
1489130 663
1489140 664
1489150 664
1489160 664
1489170 661
1489180 661
1489190 662
1489200 663
1489210 663
1489220 663
1489230 660
1489240 660
1489250 663
1489260 663
1489270 663
1489280 663
1489290 663
1489300 663
1489310 661
1489320 660
1489330 660
1489340 658
1489350 657
1489360 657
1489370 660
1489380 663
1489390 663
1489400 663
1489410 662
1489420 662
1489430 661
1489440 663
1489450 663
1489460 662
1489470 660
1489480 660
1489490 663
1489500 665
1489510 665
1489520 662
1489530 665
1489540 665
1489550 666
1489560 668
1489570 668
1489580 670
1489590 670
1489600 670
1489610 671
1489620 671
1489630 671
1489640 671
1489650 671
1489660 671
1489670 671
1489680 670
1489690 670
1489700 669
1489710 666
1489720 666
1489730 663
1489740 664
1489750 670
1489760 670
1489770 672
1489780 673
1489790 673
1489800 673
1489810 674
1489820 674
1489830 675
1489840 674
1489850 674
1489860 675
1489870 678
1489880 678
1489890 681
1489900 682
1489910 682
1489920 682
1489930 684
1489940 684
1489950 686
1489960 688
1489970 688
1489980 690
1489990 690
1490000 690
1490010 691
1490020 691
1490030 691
1490040 692
1490050 691
1490060 691
1490070 691
1490080 692
1490090 692
1490100 693
1490110 693
1490120 693
1490130 693
1490140 694
1490150 694
1490160 697
1490170 699
1490180 699
1490190 700
1490200 703
1490210 703
1490220 705
1490230 707
1490240 707
1490250 709
1490260 711
1490270 711
1490280 714
1490290 715
1490300 715
1490310 716
1490320 717
1490330 717
1490340 719
1490350 720
1490360 720
1490370 721
1490380 722
1490390 722
1490400 723
1490410 723
1490420 723
1490430 724
1490440 724
1490450 724
1490460 724
1490470 724
1490480 724
1490490 724
1490500 723
1490510 722
1490520 722
1490530 721
1490540 720
1490550 720
1490560 718
1490570 716
1490580 716
1490590 714
1490600 711
1490610 711
1490620 710
1490630 708
1490640 708
1490650 707
1490660 704
1490670 704
1490680 702
1490690 699
1490700 699
1490710 696
1490720 692
1490730 692
1490740 688
1490750 685
1490760 685
1490770 681
1490780 678
1490790 678
1490800 674
1490810 671
1490820 671
1490830 668
1490840 667
1490850 667
1490860 667
1490870 666
1490880 666
1490890 666
1490900 665
1490910 665
1490920 663
1490930 663
1490940 663
1490950 661
1490960 660
1490970 660
1490980 659
1490990 657
1491000 657
1491010 656
1491020 655
1491030 655
1491040 653
1491050 651
1491060 651
1491070 650
1491080 648
1491090 648
1491100 647
1491110 645
1491120 645
1491130 643
1491140 641
1491150 641
1491160 640
1491170 638
1491180 638
1491190 637
1491200 635
1491210 635
1491220 633
1491230 631
1491240 631
1491250 629
1491260 627
1491270 627
1491280 625
1491290 623
1491300 621
1491310 621
1491320 619
1491330 617
1491340 617
1491350 616
1491360 615
1491370 615
1491380 614
1491390 613
1491400 613
1491410 612
1491420 611
1491430 611
1491440 610
1491450 608
1491460 608
1491470 606
1491480 604
1491490 604
1491500 604
1491510 603
1491520 603
1491530 603
1491540 602
1491550 602
1491560 601
1491570 599
1491580 599
1491590 598
1491600 597
1491610 597
1491620 596
1491630 595
1491640 595
1491650 594
1491660 593
1491670 593
1491680 592
1491690 591
1491700 591
1491710 591
1491720 590
1491730 590
1491740 589
1491750 588
1491760 588
1491770 589
1491780 590
1491790 590
1491800 591
1491810 593
1491820 593
1491830 594
1491840 596
1491850 596
1491860 597
1491870 598
1491880 598
1491890 599
1491900 600
1491910 600
1491920 603
1491930 606
1491940 606
1491950 608
1491960 609
1491970 609
1491980 611
1491990 613
1492000 613
1492010 616
1492020 618
1492030 618
1492040 621
1492050 623
1492060 626
1492070 626
1492080 629
1492090 632
1492100 632
1492110 635
1492120 638
1492130 638
1492140 641
1492150 644
1492160 644
1492170 648
1492180 651
1492190 651
1492200 654
1492210 658
1492220 658
1492230 661
1492240 664
1492250 664
1492260 667
1492270 670
1492280 670
1492290 673
1492300 676
1492310 676
1492320 679
1492330 682
1492340 682
1492350 685
1492360 688
1492370 688
1492380 691
1492390 694
1492400 694
1492410 696
1492420 699
1492430 699
1492440 701
1492450 704
1492460 704
1492470 706
1492480 709
1492490 709
1492500 711
1492510 713
1492520 713
1492530 715
1492540 716
1492550 716
1492560 718
1492570 720
1492580 720
1492590 721
1492600 723
1492610 723
1492620 724
1492630 726
1492640 726
1492650 727
1492660 728
1492670 728
1492680 729
1492690 730
1492700 730
1492710 731
1492720 732
1492730 732
1492740 732
1492750 734
1492760 734
1492770 735
1492780 736
1492790 736
1492800 737
1492810 738
1492820 738
1492830 738
1492840 739
1492850 739
1492860 739
1492870 740
1492880 741
1492890 741
1492900 742
1492910 743
1492920 743
1492930 744
1492940 745
1492950 745
1492960 745
1492970 745
1492980 745
1492990 745
1493000 746
1493010 746
1493020 747
1493030 748
1493040 748
1493050 748
1493060 749
1493070 749
1493080 749
1493090 749
1493100 749
1493110 749
1493120 749
1493130 749
1493140 749
1493150 749
1493160 749
1493170 749
1493180 749
1493190 749
1493200 749
1493210 749
1493220 749
1493230 748
1493240 747
1493250 747
1493260 747
1493270 746
1493280 746
1493290 746
1493300 745
1493310 745
1493320 745
1493330 744
1493340 744
1493350 744
1493360 743
1493370 743
1493380 743
1493390 742
1493400 742
1493410 742
1493420 742
1493430 742
1493440 742
1493450 742
1493460 742
1493470 742
1493480 741
1493490 741
1493500 740
1493510 740
1493520 740
1493530 739
1493540 739
1493550 739
1493560 738
1493570 738
1493580 738
1493590 738
1493600 738
1493610 738
1493620 737
1493630 736
1493640 735
1493650 735
1493660 734
1493670 732
1493680 732
1493690 733
1493700 733
1493710 733
1493720 732
1493730 732
1493740 732
1493750 731
1493760 729
1493770 729
1493780 729
1493790 729
1493800 729
1493810 727
1493820 725
1493830 725
1493840 725
1493850 723
1493860 723
1493870 722
1493880 721
1493890 721
1493900 720
1493910 718
1493920 718
1493930 716
1493940 713
1493950 713
1493960 710
1493970 707
1493980 707
1493990 707
1494000 708
1494010 708
1494020 709
1494030 710
1494040 710
1494050 711
1494060 713
1494070 713
1494080 715
1494090 716
1494100 716
1494110 717
1494120 717
1494130 717
1494140 718
1494150 721
1494160 721
1494170 725
1494180 728
1494190 728
1494200 732
1494210 735
1494220 735
1494230 739
1494240 742
1494250 742
1494260 745
1494270 749
1494280 749
1494290 752
1494300 754
1494310 754
1494320 757
1494330 760
1494340 760
1494350 762
1494360 763
1494370 763
1494380 765
1494390 767
1494400 769
1494410 769
1494420 772
1494430 775
1494440 775
1494450 778
1494460 779
1494470 779
1494480 781
1494490 782
1494500 782
1494510 783
1494520 784
1494530 784
1494540 784
1494550 785
1494560 785
1494570 785
1494580 785
1494590 785
1494600 786
1494610 786
1494620 786
1494630 785
1494640 785
1494650 785
1494660 785
1494670 785
1494680 785
1494690 784
1494700 784
1494710 784
1494720 784
1494730 783
1494740 783
1494750 783
1494760 783
1494770 783
1494780 782
1494790 782
1494800 782
1494810 782
1494820 781
1494830 781
1494840 780
1494850 780
1494860 780
1494870 779
1494880 778
1494890 778
1494900 776
1494910 775
1494920 775
1494930 774
1494940 773
1494950 773
1494960 772
1494970 771
1494980 771
1494990 769
1495000 768
1495010 768
1495020 768
1495030 766
1495040 766
1495050 765
1495060 764
1495070 764
1495080 762
1495090 761
1495100 761
1495110 759
1495120 757
1495130 757
1495140 756
1495150 754
1495160 754
1495170 752
1495180 749
1495190 747
1495200 747
1495210 746
1495220 744
1495230 744
1495240 743
1495250 741
1495260 741
1495270 739
1495280 737
1495290 737
1495300 735
1495310 736
1495320 736
1495330 735
1495340 733
1495350 733
1495360 732
1495370 730
1495380 730
1495390 728
1495400 727
1495410 727
1495420 724
1495430 722
1495440 722
1495450 721
1495460 718
1495470 718
1495480 715
1495490 712
1495500 712
1495510 708
1495520 704
1495530 704
1495540 700
1495550 698
1495560 698
1495570 695
1495580 693
1495590 693
1495600 690
1495610 689
1495620 689
1495630 687
1495640 686
1495650 686
1495660 685
1495670 683
1495680 683
1495690 682
1495700 681
1495710 681
1495720 681
1495730 681
1495740 681
1495750 681
1495760 684
1495770 684
1495780 687
1495790 688
1495800 688
1495810 690
1495820 692
1495830 692
1495840 693
1495850 695
1495860 695
1495870 696
1495880 697
1495890 697
1495900 698
1495910 699
1495920 699
1495930 700
1495940 701
1495950 701
1495960 702
1495970 702
1495980 703
1495990 703
1496000 703
1496010 703
1496020 703
1496030 703
1496040 703
1496050 703
1496060 702
1496070 701
1496080 701
1496090 700
1496100 699
1496110 699
1496120 698
1496130 697
1496140 697
1496150 696
1496160 694
1496170 694
1496180 693
1496190 692
1496200 692
1496210 691
1496220 689
1496230 689
1496240 688
1496250 686
1496260 686
1496270 684
1496280 682
1496290 682
1496300 680
1496310 678
1496320 678
1496330 676
1496340 673
1496350 673
1496360 671
1496370 667
1496380 667
1496390 662
1496400 658
1496410 658
1496420 653
1496430 648
1496440 648
1496450 643
1496460 638
1496470 638
1496480 634
1496490 630
1496500 630
1496510 626
1496520 626
1496530 626
1496540 627
1496550 628
1496560 628
1496570 629
1496580 629
1496590 629
1496600 629
1496610 630
1496620 630
1496630 632
1496640 635
1496650 635
1496660 637
1496670 639
1496680 639
1496690 642
1496700 644
1496710 644
1496720 646
1496730 648
1496740 651
1496750 651
1496760 653
1496770 654
1496780 654
1496790 656
1496800 658
1496810 658
1496820 659
1496830 661
1496840 661
1496850 662
1496860 662
1496870 662
1496880 663
1496890 663
1496900 663
1496910 663
1496920 663
1496930 663
1496940 662
1496950 660
1496960 660
1496970 659
1496980 657
1496990 657
1497000 655
1497010 653
1497020 653
1497030 649
1497040 645
1497050 645
1497060 642
1497070 639
1497080 639
1497090 636
1497100 634
1497110 634
1497120 632
1497130 631
1497140 631
1497150 628
1497160 627
1497170 627
1497180 625
1497190 624
1497200 624
1497210 622
1497220 620
1497230 620
1497240 619
1497250 617
1497260 617
1497270 616
1497280 613
1497290 613
1497300 612
1497310 610
1497320 610
1497330 609
1497340 608
1497350 608
1497360 607
1497370 606
1497380 606
1497390 605
1497400 604
1497410 604
1497420 603
1497430 602
1497440 602
1497450 600
1497460 599
1497470 599
1497480 598
1497490 597
1497500 597
1497510 596
1497520 594
1497530 593
1497540 593
1497550 592
1497560 592
1497570 592
1497580 592
1497590 592
1497600 592
1497610 592
1497620 592
1497630 592
1497640 592
1497650 591
1497660 591
1497670 590
1497680 591
1497690 591
1497700 591
1497710 590
1497720 590
1497730 590
1497740 590
1497750 590
1497760 589
1497770 589
1497780 589
1497790 589
1497800 589
1497810 589
1497820 589
1497830 589
1497840 589
1497850 589
1497860 589
1497870 589
1497880 589
1497890 590
1497900 590
1497910 590
1497920 591
1497930 591
1497940 592
1497950 593
1497960 593
1497970 594
1497980 595
1497990 595
1498000 597
1498010 598
1498020 598
1498030 599
1498040 601
1498050 601
1498060 603
1498070 605
1498080 605
1498090 606
1498100 608
1498110 608
1498120 609
1498130 611
1498140 611
1498150 612
1498160 614
1498170 614
1498180 615
1498190 617
1498200 617
1498210 618
1498220 620
1498230 620
1498240 621
1498250 623
1498260 623
1498270 624
1498280 626
1498290 626
1498300 627
1498310 629
1498320 630
1498330 630
1498340 632
1498350 633
1498360 633
1498370 635
1498380 636
1498390 636
1498400 637
1498410 638
1498420 638
1498430 639
1498440 639
1498450 639
1498460 640
1498470 640
1498480 640
1498490 640
1498500 640
1498510 640
1498520 641
1498530 641
1498540 641
1498550 641
1498560 641
1498570 641
1498580 641
1498590 640
1498600 640
1498610 640
1498620 639
1498630 639
1498640 638
1498650 637
1498660 637
1498670 636
1498680 634
1498690 634
1498700 633
1498710 632
1498720 632
1498730 630
1498740 629
1498750 629
1498760 627
1498770 625
1498780 625
1498790 623
1498800 621
1498810 621
1498820 618
1498830 615
1498840 615
1498850 612
1498860 609
1498870 609
1498880 607
1498890 605
1498900 605
1498910 604
1498920 603
1498930 603
1498940 602
1498950 601
1498960 601
1498970 600
1498980 599
1498990 599
1499000 598
1499010 597
1499020 597
1499030 596
1499040 594
1499050 594
1499060 593
1499070 592
1499080 590
1499090 590
1499100 590
1499110 588
1499120 588
1499130 587
1499140 585
1499150 585
1499160 584
1499170 583
1499180 583
1499190 582
1499200 582
1499210 582
1499220 582
1499230 578
1499240 578
1499250 572
1499260 569
1499270 569
1499280 566
1499290 565
1499300 565
1499310 565
1499320 564
1499330 564
1499340 563
1499350 562
1499360 562
1499370 562
1499380 561
1499390 561
1499400 560
1499410 560
1499420 560
1499430 559
1499440 559
1499450 559
1499460 558
1499470 558
1499480 558
1499490 558
1499500 557
1499510 557
1499520 557
1499530 557
1499540 557
1499550 556
1499560 556
1499570 556
1499580 556
1499590 555
1499600 555
1499610 555
1499620 555
1499630 555
1499640 555
1499650 554
1499660 554
1499670 554
1499680 554
1499690 554
1499700 554
1499710 553
1499720 553
1499730 553
1499740 553
1499750 553
1499760 552
1499770 553
1499780 553
1499790 552
1499800 552
1499810 552
1499820 552
1499830 551
1499840 551
1499850 551
1499860 551
1499870 551
1499880 551
1499890 550
1499900 550
1499910 550
1499920 550
1499930 549
1499940 549
1499950 549
1499960 549
1499970 549
1499980 548
1499990 548
