1480000 570
1480010 570
1480020 570
1480030 570
1480040 570
1480050 570
1480060 570
1480070 571
1480080 571
1480090 571
1480100 571
1480110 572
1480120 572
1480130 572
1480140 572
1480150 572
1480160 572
1480170 571
1480180 571
1480190 570
1480200 569
1480210 569
1480220 568
1480230 567
1480240 567
1480250 567
1480260 566
1480270 566
1480280 566
1480290 566
1480300 566
1480310 566
1480320 565
1480330 565
1480340 565
1480350 565
1480360 565
1480370 565
1480380 565
1480390 566
1480400 566
1480410 565
1480420 564
1480430 564
1480440 563
1480450 562
1480460 562
1480470 561
1480480 561
1480490 561
1480500 560
1480510 560
1480520 560
1480530 560
1480540 560
1480550 560
1480560 560
1480570 561
1480580 561
1480590 561
1480600 562
1480610 562
1480620 563
1480630 564
1480640 564
1480650 564
1480660 565
1480670 565
1480680 565
1480690 566
1480700 566
1480710 567
1480720 567
1480730 567
1480740 568
1480750 569
1480760 569
1480770 569
1480780 570
1480790 570
1480800 570
1480810 571
1480820 571
1480830 572
1480840 572
1480850 572
1480860 572
1480870 572
1480880 572
1480890 572
1480900 571
1480910 571
1480920 571
1480930 571
1480940 571
1480950 572
1480960 572
1480970 572
1480980 572
1480990 572
1481000 572
1481010 573
1481020 572
1481030 572
1481040 571
1481050 570
1481060 570
1481070 569
1481080 569
1481090 569
1481100 569
1481110 569
1481120 569
1481130 569
1481140 569
1481150 569
1481160 569
1481170 569
1481180 569
1481190 569
1481200 569
1481210 569
1481220 569
1481230 569
1481240 569
1481250 569
1481260 568
1481270 568
1481280 568
1481290 568
1481300 569
1481310 569
1481320 569
1481330 570
1481340 570
1481350 570
1481360 570
1481370 570
1481380 570
1481390 570
1481400 570
1481410 570
1481420 570
1481430 570
1481440 570
1481450 570
1481460 570
1481470 570
1481480 571
1481490 571
1481500 572
1481510 574
1481520 574
1481530 577
1481540 580
1481550 580
1481560 582
1481570 583
1481580 583
1481590 584
1481600 584
1481610 584
1481620 585
1481630 585
1481640 585
1481650 587
1481660 588
1481670 588
1481680 589
1481690 590
1481700 590
1481710 591
1481720 592
1481730 592
1481740 594
1481750 596
1481760 596
1481770 597
1481780 598
1481790 598
1481800 600
1481810 601
1481820 601
1481830 604
1481840 606
1481850 606
1481860 608
1481870 610
1481880 610
1481890 613
1481900 615
1481910 615
1481920 617
1481930 618
1481940 619
1481950 619
1481960 620
1481970 620
1481980 620
1481990 620
1482000 620
1482010 620
1482020 620
1482030 621
1482040 621
1482050 622
1482060 622
1482070 622
1482080 623
1482090 623
1482100 623
1482110 623
1482120 623
1482130 623
1482140 623
1482150 624
1482160 624
1482170 624
1482180 624
1482190 624
1482200 625
1482210 625
1482220 625
1482230 626
1482240 626
1482250 626
1482260 627
1482270 628
1482280 628
1482290 629
1482300 630
1482310 630
1482320 631
1482330 633
1482340 633
1482350 634
1482360 636
1482370 636
1482380 638
1482390 640
1482400 640
1482410 642
1482420 644
1482430 644
1482440 646
1482450 649
1482460 649
1482470 651
1482480 653
1482490 653
1482500 654
1482510 655
1482520 655
1482530 657
1482540 659
1482550 659
1482560 661
1482570 664
1482580 664
1482590 667
1482600 668
1482610 668
1482620 668
1482630 667
1482640 667
1482650 663
1482660 656
1482670 656
1482680 650
1482690 650
1482700 650
1482710 653
1482720 658
1482730 662
1482740 662
1482750 664
1482760 665
1482770 665
1482780 667
1482790 669
1482800 669
1482810 670
1482820 671
1482830 671
1482840 672
1482850 673
1482860 673
1482870 674
1482880 675
1482890 675
1482900 675
1482910 676
1482920 676
1482930 676
1482940 677
1482950 677
1482960 677
1482970 679
1482980 679
1482990 679
1483000 679
1483010 679
1483020 680
1483030 680
1483040 680
1483050 681
1483060 682
1483070 682
1483080 683
1483090 684
1483100 684
1483110 685
1483120 686
1483130 686
1483140 687
1483150 688
1483160 688
1483170 689
1483180 690
1483190 690
1483200 690
1483210 691
1483220 691
1483230 692
1483240 693
1483250 693
1483260 693
1483270 694
1483280 694
1483290 695
1483300 696
1483310 696
1483320 697
1483330 698
1483340 698
1483350 699
1483360 700
1483370 700
1483380 701
1483390 702
1483400 702
1483410 702
1483420 703
1483430 703
1483440 704
1483450 705
1483460 705
1483470 705
1483480 705
1483490 705
1483500 706
1483510 707
1483520 708
1483530 708
1483540 708
1483550 708
1483560 708
1483570 709
1483580 710
1483590 710
1483600 711
1483610 711
1483620 711
1483630 711
1483640 713
1483650 713
1483660 716
1483670 717
1483680 717
1483690 718
1483700 719
1483710 719
1483720 720
1483730 721
1483740 721
1483750 722
1483760 723
1483770 723
1483780 723
1483790 720
1483800 720
1483810 717
1483820 720
1483830 720
1483840 721
1483850 722
1483860 722
1483870 727
1483880 731
1483890 731
1483900 733
1483910 734
1483920 734
1483930 736
1483940 737
1483950 737
1483960 739
1483970 742
1483980 742
1483990 747
1484000 752
1484010 752
1484020 755
1484030 756
1484040 756
1484050 757
1484060 756
1484070 756
1484080 758
1484090 762
1484100 762
1484110 765
1484120 767
1484130 767
1484140 768
1484150 770
1484160 770
1484170 772
1484180 775
1484190 775
1484200 778
1484210 780
1484220 780
1484230 781
1484240 783
1484250 783
1484260 784
1484270 786
1484280 787
1484290 787
1484300 788
1484310 790
1484320 790
1484330 791
1484340 793
1484350 793
1484360 794
1484370 795
1484380 795
1484390 796
1484400 797
1484410 797
1484420 798
1484430 799
1484440 799
1484450 800
1484460 801
1484470 801
1484480 802
1484490 802
1484500 802
1484510 803
1484520 803
1484530 803
1484540 803
1484550 802
1484560 802
1484570 804
1484580 805
1484590 805
1484600 805
1484610 805
1484620 805
1484630 805
1484640 806
1484650 806
1484660 806
1484670 806
1484680 806
1484690 805
1484700 804
1484710 804
1484720 805
1484730 805
1484740 805
1484750 804
1484760 804
1484770 804
1484780 803
1484790 803
1484800 803
1484810 802
1484820 801
1484830 801
1484840 801
1484850 800
1484860 800
1484870 798
1484880 795
1484890 795
1484900 794
1484910 794
1484920 794
1484930 793
1484940 791
1484950 791
1484960 789
1484970 787
1484980 787
1484990 787
1485000 785
1485010 785
1485020 783
1485030 781
1485040 781
1485050 779
1485060 777
1485070 775
1485080 775
1485090 772
1485100 769
1485110 769
1485120 766
1485130 761
1485140 761
1485150 756
1485160 751
1485170 751
1485180 746
1485190 743
1485200 743
1485210 744
1485220 745
1485230 745
1485240 743
1485250 738
1485260 738
1485270 734
1485280 731
1485290 731
1485300 732
1485310 731
1485320 731
1485330 732
1485340 731
1485350 731
1485360 729
1485370 728
1485380 728
1485390 727
1485400 725
1485410 725
1485420 722
1485430 722
1485440 722
1485450 721
1485460 721
1485470 721
1485480 720
1485490 719
1485500 719
1485510 717
1485520 712
1485530 712
1485540 710
1485550 710
1485560 710
1485570 707
1485580 705
1485590 705
1485600 705
1485610 704
1485620 704
1485630 706
1485640 706
1485650 706
1485660 707
1485670 708
1485680 708
1485690 708
1485700 708
1485710 708
1485720 708
1485730 709
1485740 709
1485750 709
1485760 709
1485770 709
1485780 710
1485790 710
1485800 710
1485810 710
1485820 711
1485830 711
1485840 711
1485850 712
1485860 712
1485870 712
1485880 712
1485890 712
1485900 712
1485910 712
1485920 712
1485930 712
1485940 712
1485950 712
1485960 712
1485970 712
1485980 711
1485990 711
1486000 711
1486010 710
1486020 710
1486030 710
1486040 709
1486050 709
1486060 708
1486070 707
1486080 707
1486090 707
1486100 706
1486110 706
1486120 705
1486130 703
1486140 703
1486150 702
1486160 701
1486170 701
1486180 700
1486190 698
1486200 698
1486210 697
1486220 695
1486230 695
1486240 694
1486250 693
1486260 693
1486270 693
1486280 692
1486290 692
1486300 692
1486310 692
1486320 692
1486330 691
1486340 691
1486350 691
1486360 691
1486370 690
1486380 690
1486390 689
1486400 688
1486410 688
1486420 686
1486430 684
1486440 684
1486450 682
1486460 680
1486470 680
1486480 677
1486490 674
1486500 674
1486510 669
1486520 663
1486530 663
1486540 659
1486550 655
1486560 655
1486570 651
1486580 649
1486590 649
1486600 647
1486610 645
1486620 645
1486630 643
1486640 641
1486650 640
1486660 640
1486670 639
1486680 638
1486690 638
1486700 636
1486710 635
1486720 635
1486730 633
1486740 632
1486750 632
1486760 632
1486770 630
1486780 630
1486790 629
1486800 628
1486810 628
1486820 625
1486830 622
1486840 622
1486850 617
1486860 614
1486870 614
1486880 611
1486890 609
1486900 609
1486910 608
1486920 607
1486930 607
1486940 606
1486950 606
1486960 606
1486970 605
1486980 605
1486990 605
1487000 604
1487010 604
1487020 604
1487030 603
1487040 603
1487050 603
1487060 602
1487070 602
1487080 602
1487090 604
1487100 603
1487110 603
1487120 603
1487130 603
1487140 603
1487150 604
1487160 605
1487170 605
1487180 609
1487190 615
1487200 615
1487210 619
1487220 622
1487230 622
1487240 624
1487250 625
1487260 625
1487270 627
1487280 628
1487290 628
1487300 629
1487310 630
1487320 630
1487330 631
1487340 633
1487350 633
1487360 634
1487370 636
1487380 636
1487390 637
1487400 639
1487410 640
1487420 640
1487430 642
1487440 643
1487450 643
1487460 645
1487470 646
1487480 646
1487490 648
1487500 649
1487510 649
1487520 650
1487530 650
1487540 650
1487550 650
1487560 650
1487570 650
1487580 649
1487590 647
1487600 647
1487610 645
1487620 642
1487630 642
1487640 639
1487650 637
1487660 637
1487670 636
1487680 636
1487690 636
1487700 636
1487710 635
1487720 635
1487730 635
1487740 635
1487750 635
1487760 634
1487770 633
1487780 633
1487790 630
1487800 631
1487810 631
1487820 630
1487830 631
1487840 631
1487850 633
1487860 633
1487870 633
1487880 633
1487890 634
1487900 634
1487910 634
1487920 634
1487930 634
1487940 634
1487950 633
1487960 633
1487970 635
1487980 636
1487990 636
1488000 637
1488010 637
1488020 637
1488030 638
1488040 638
1488050 638
1488060 639
1488070 639
1488080 639
1488090 639
1488100 640
1488110 640
1488120 640
1488130 640
1488140 640
1488150 641
1488160 641
1488170 641
1488180 641
1488190 642
1488200 642
1488210 642
1488220 642
1488230 642
1488240 642
1488250 642
1488260 642
1488270 642
1488280 643
1488290 643
1488300 643
1488310 643
1488320 643
1488330 643
1488340 643
1488350 642
1488360 642
1488370 642
1488380 642
1488390 642
1488400 642
1488410 642
1488420 642
1488430 642
1488440 641
1488450 641
1488460 638
1488470 641
1488480 641
1488490 641
1488500 640
1488510 640
1488520 640
1488530 639
1488540 639
1488550 636
1488560 636
1488570 636
1488580 637
1488590 638
1488600 638
1488610 637
1488620 637
1488630 637
1488640 637
1488650 637
1488660 637
1488670 637
1488680 637
1488690 637
1488700 636
1488710 635
1488720 635
1488730 636
1488740 636
1488750 636
1488760 636
1488770 635
1488780 635
1488790 635
1488800 634
1488810 634
1488820 633
1488830 632
1488840 632
1488850 631
1488860 630
1488870 630
1488880 629
1488890 630
1488900 630
1488910 631
1488920 630
1488930 630
1488940 629
1488950 631
1488960 631
1488970 631
1488980 630
1488990 630
1489000 630
1489010 631
1489020 632
1489030 632
1489040 632
1489050 631
1489060 631
1489070 631
1489080 632
1489090 632
1489100 632
1489110 631
1489120 631
1489130 632
1489140 633
1489150 633
1489160 634
1489170 635
1489180 635
1489190 636
1489200 637
1489210 637
1489220 638
1489230 639
1489240 639
1489250 640
1489260 641
1489270 641
1489280 642
1489290 642
1489300 642
1489310 643
1489320 645
1489330 645
1489340 648
1489350 649
1489360 649
1489370 648
1489380 653
1489390 653
1489400 655
1489410 656
1489420 656
1489430 658
1489440 659
1489450 659
1489460 658
1489470 655
1489480 655
1489490 656
1489500 659
1489510 659
1489520 661
1489530 664
1489540 664
1489550 665
1489560 664
1489570 664
1489580 664
1489590 667
1489600 667
1489610 671
1489620 674
1489630 674
1489640 676
1489650 677
1489660 677
1489670 678
1489680 679
1489690 679
1489700 682
1489710 684
1489720 684
1489730 687
1489740 688
1489750 690
1489760 690
1489770 691
1489780 693
1489790 693
1489800 695
1489810 696
1489820 696
1489830 697
1489840 699
1489850 699
1489860 700
1489870 701
1489880 701
1489890 703
1489900 704
1489910 704
1489920 706
1489930 707
1489940 707
1489950 709
1489960 710
1489970 710
1489980 711
1489990 713
1490000 713
1490010 715
1490020 717
1490030 717
1490040 718
1490050 720
1490060 720
1490070 721
1490080 723
1490090 723
1490100 725
1490110 727
1490120 727
1490130 729
1490140 729
1490150 729
1490160 730
1490170 731
1490180 731
1490190 732
1490200 733
1490210 733
1490220 734
1490230 734
1490240 734
1490250 735
1490260 736
1490270 736
1490280 737
1490290 738
1490300 738
1490310 739
1490320 740
1490330 740
1490340 741
1490350 742
1490360 742
1490370 743
1490380 744
1490390 744
1490400 743
1490410 742
1490420 742
1490430 740
1490440 737
1490450 737
1490460 732
1490470 728
1490480 728
1490490 722
1490500 717
1490510 717
1490520 712
1490530 707
1490540 703
1490550 703
1490560 698
1490570 694
1490580 694
1490590 689
1490600 683
1490610 683
1490620 680
1490630 681
1490640 681
1490650 681
1490660 679
1490670 679
1490680 676
1490690 673
1490700 673
1490710 670
1490720 672
1490730 672
1490740 670
1490750 668
1490760 668
1490770 665
1490780 664
1490790 664
1490800 665
1490810 664
1490820 664
1490830 664
1490840 663
1490850 663
1490860 661
1490870 660
1490880 660
1490890 659
1490900 658
1490910 658
1490920 657
1490930 656
1490940 656
1490950 655
1490960 655
1490970 655
1490980 654
1490990 654
1491000 654
1491010 657
1491020 656
1491030 656
1491040 656
1491050 655
1491060 655
1491070 655
1491080 654
1491090 654
1491100 653
1491110 652
1491120 652
1491130 650
1491140 648
1491150 648
1491160 645
1491170 643
1491180 643
1491190 642
1491200 640
1491210 640
1491220 638
1491230 637
1491240 637
1491250 636
1491260 635
1491270 635
1491280 634
1491290 633
1491300 633
1491310 632
1491320 631
1491330 630
1491340 630
1491350 629
1491360 629
1491370 629
1491380 627
1491390 626
1491400 626
1491410 625
1491420 624
1491430 624
1491440 622
1491450 620
1491460 620
1491470 618
1491480 616
1491490 616
1491500 613
1491510 610
1491520 610
1491530 608
1491540 607
1491550 607
1491560 605
1491570 603
1491580 603
1491590 602
1491600 600
1491610 600
1491620 599
1491630 599
1491640 599
1491650 598
1491660 597
1491670 597
1491680 597
1491690 596
1491700 596
1491710 595
1491720 595
1491730 595
1491740 594
1491750 593
1491760 593
1491770 592
1491780 592
1491790 592
1491800 591
1491810 591
1491820 591
1491830 589
1491840 588
1491850 588
1491860 585
1491870 585
1491880 585
1491890 585
1491900 586
1491910 586
1491920 588
1491930 592
1491940 592
1491950 594
1491960 597
1491970 597
1491980 600
1491990 602
1492000 602
1492010 605
1492020 608
1492030 608
1492040 611
1492050 614
1492060 614
1492070 617
1492080 619
1492090 619
1492100 622
1492110 624
1492120 627
1492130 627
1492140 629
1492150 631
1492160 631
1492170 633
1492180 635
1492190 635
1492200 637
1492210 639
1492220 639
1492230 640
1492240 642
1492250 642
1492260 643
1492270 644
1492280 644
1492290 646
1492300 647
1492310 647
1492320 649
1492330 650
1492340 650
1492350 651
1492360 652
1492370 652
1492380 653
1492390 654
1492400 654
1492410 655
1492420 656
1492430 656
1492440 658
1492450 659
1492460 659
1492470 660
1492480 661
1492490 661
1492500 662
1492510 663
1492520 663
1492530 664
1492540 665
1492550 665
1492560 666
1492570 667
1492580 667
1492590 669
1492600 669
1492610 669
1492620 670
1492630 671
1492640 671
1492650 673
1492660 674
1492670 674
1492680 675
1492690 676
1492700 676
1492710 678
1492720 679
1492730 679
1492740 680
1492750 681
1492760 681
1492770 682
1492780 683
1492790 683
1492800 685
1492810 686
1492820 686
1492830 688
1492840 689
1492850 689
1492860 690
1492870 691
1492880 692
1492890 692
1492900 693
1492910 694
1492920 694
1492930 695
1492940 696
1492950 696
1492960 697
1492970 698
1492980 698
1492990 698
1493000 698
1493010 698
1493020 699
1493030 699
1493040 699
1493050 699
1493060 699
1493070 699
1493080 698
1493090 698
1493100 698
1493110 697
1493120 697
1493130 697
1493140 697
1493150 696
1493160 696
1493170 696
1493180 695
1493190 695
1493200 695
1493210 694
1493220 694
1493230 694
1493240 694
1493250 694
1493260 694
1493270 694
1493280 694
1493290 694
1493300 694
1493310 694
1493320 694
1493330 694
1493340 694
1493350 693
1493360 692
1493370 692
1493380 691
1493390 690
1493400 690
1493410 691
1493420 690
1493430 690
1493440 689
1493450 690
1493460 690
1493470 689
1493480 689
1493490 689
1493500 691
1493510 691
1493520 691
1493530 692
1493540 691
1493550 691
1493560 691
1493570 692
1493580 692
1493590 693
1493600 693
1493610 693
1493620 693
1493630 693
1493640 693
1493650 692
1493660 690
1493670 687
1493680 687
1493690 685
1493700 685
1493710 685
1493720 684
1493730 680
1493740 680
1493750 682
1493760 681
1493770 681
1493780 679
1493790 676
1493800 676
1493810 673
1493820 674
1493830 674
1493840 673
1493850 672
1493860 672
1493870 672
1493880 672
1493890 672
1493900 675
1493910 678
1493920 678
1493930 681
1493940 685
1493950 685
1493960 688
1493970 691
1493980 691
1493990 694
1494000 698
1494010 698
1494020 701
1494030 703
1494040 703
1494050 706
1494060 709
1494070 709
1494080 712
1494090 714
1494100 714
1494110 717
1494120 720
1494130 720
1494140 723
1494150 727
1494160 727
1494170 730
1494180 733
1494190 733
1494200 736
1494210 739
1494220 739
1494230 740
1494240 742
1494250 742
1494260 744
1494270 745
1494280 745
1494290 745
1494300 746
1494310 746
1494320 746
1494330 746
1494340 746
1494350 746
1494360 746
1494370 746
1494380 746
1494390 746
1494400 746
1494410 746
1494420 746
1494430 746
1494440 745
1494450 745
1494460 745
1494470 745
1494480 745
1494490 744
1494500 744
1494510 744
1494520 743
1494530 743
1494540 742
1494550 742
1494560 742
1494570 742
1494580 742
1494590 742
1494600 742
1494610 742
1494620 742
1494630 743
1494640 743
1494650 743
1494660 744
1494670 744
1494680 744
1494690 744
1494700 743
1494710 743
1494720 743
1494730 743
1494740 743
1494750 742
1494760 741
1494770 741
1494780 741
1494790 740
1494800 740
1494810 738
1494820 737
1494830 737
1494840 737
1494850 736
1494860 736
1494870 735
1494880 733
1494890 733
1494900 733
1494910 732
1494920 732
1494930 730
1494940 729
1494950 729
1494960 728
1494970 726
1494980 726
1494990 724
1495000 722
1495010 722
1495020 720
1495030 717
1495040 717
1495050 714
1495060 711
1495070 711
1495080 708
1495090 704
1495100 704
1495110 703
1495120 702
1495130 702
1495140 700
1495150 699
1495160 699
1495170 698
1495180 696
1495190 696
1495200 697
1495210 697
1495220 697
1495230 697
1495240 698
1495250 699
1495260 699
1495270 699
1495280 699
1495290 699
1495300 699
1495310 699
1495320 699
1495330 700
1495340 699
1495350 699
1495360 697
1495370 699
1495380 699
1495390 698
1495400 698
1495410 698
1495420 697
1495430 696
1495440 696
1495450 695
1495460 694
1495470 694
1495480 693
1495490 692
1495500 692
1495510 691
1495520 690
1495530 690
1495540 689
1495550 688
1495560 688
1495570 686
1495580 684
1495590 684
1495600 681
1495610 677
1495620 677
1495630 672
1495640 668
1495650 668
1495660 664
1495670 660
1495680 660
1495690 657
1495700 654
1495710 654
1495720 650
1495730 648
1495740 648
1495750 647
1495760 646
1495770 646
1495780 645
1495790 644
1495800 644
1495810 646
1495820 648
1495830 648
1495840 650
1495850 651
1495860 651
1495870 651
1495880 652
1495890 652
1495900 653
1495910 653
1495920 653
1495930 654
1495940 654
1495950 654
1495960 654
1495970 654
1495980 654
1495990 653
1496000 654
1496010 653
1496020 653
1496030 652
1496040 652
1496050 652
1496060 651
1496070 650
1496080 650
1496090 650
1496100 649
1496110 649
1496120 648
1496130 647
1496140 647
1496150 646
1496160 644
1496170 644
1496180 643
1496190 641
1496200 641
1496210 640
1496220 638
1496230 638
1496240 637
1496250 636
1496260 636
1496270 635
1496280 634
1496290 634
1496300 633
1496310 631
1496320 631
1496330 630
1496340 629
1496350 629
1496360 627
1496370 624
1496380 624
1496390 621
1496400 618
1496410 618
1496420 616
1496430 614
1496440 614
1496450 612
1496460 612
1496470 612
1496480 612
1496490 613
1496500 613
1496510 615
1496520 617
1496530 617
1496540 620
1496550 623
1496560 623
1496570 626
1496580 628
1496590 628
1496600 630
1496610 632
1496620 632
1496630 634
1496640 636
1496650 636
1496660 638
1496670 639
1496680 639
1496690 641
1496700 643
1496710 643
1496720 644
1496730 646
1496740 646
1496750 648
1496760 649
1496770 649
1496780 650
1496790 652
1496800 653
1496810 653
1496820 654
1496830 654
1496840 654
1496850 655
1496860 655
1496870 655
1496880 655
1496890 655
1496900 655
1496910 655
1496920 655
1496930 655
1496940 655
1496950 654
1496960 654
1496970 654
1496980 653
1496990 653
1497000 653
1497010 652
1497020 652
1497030 651
1497040 651
1497050 651
1497060 650
1497070 649
1497080 649
1497090 649
1497100 648
1497110 648
1497120 647
1497130 646
1497140 646
1497150 644
1497160 643
1497170 643
1497180 642
1497190 640
1497200 640
1497210 637
1497220 634
1497230 634
1497240 630
1497250 625
1497260 625
1497270 620
1497280 616
1497290 616
1497300 612
1497310 608
1497320 608
1497330 605
1497340 602
1497350 602
1497360 599
1497370 597
1497380 597
1497390 596
1497400 595
1497410 595
1497420 594
1497430 594
1497440 594
1497450 593
1497460 593
1497470 593
1497480 592
1497490 592
1497500 592
1497510 591
1497520 591
1497530 591
1497540 591
1497550 590
1497560 590
1497570 590
1497580 590
1497590 589
1497600 589
1497610 589
1497620 589
1497630 589
1497640 589
1497650 588
1497660 588
1497670 588
1497680 587
1497690 587
1497700 587
1497710 587
1497720 587
1497730 587
1497740 586
1497750 586
1497760 586
1497770 586
1497780 586
1497790 585
1497800 585
1497810 585
1497820 585
1497830 585
1497840 585
1497850 585
1497860 585
1497870 585
1497880 584
1497890 584
1497900 584
1497910 585
1497920 585
1497930 585
1497940 585
1497950 586
1497960 586
1497970 587
1497980 588
1497990 588
1498000 589
1498010 590
1498020 590
1498030 591
1498040 593
1498050 593
1498060 594
1498070 595
1498080 595
1498090 595
1498100 596
1498110 596
1498120 597
1498130 597
1498140 597
1498150 598
1498160 599
1498170 599
1498180 600
1498190 601
1498200 601
1498210 602
1498220 602
1498230 602
1498240 603
1498250 604
1498260 604
1498270 604
1498280 605
1498290 605
1498300 605
1498310 606
1498320 606
1498330 606
1498340 607
1498350 607
1498360 607
1498370 607
1498380 608
1498390 608
1498400 609
1498410 609
1498420 609
1498430 610
1498440 610
1498450 610
1498460 611
1498470 611
1498480 611
1498490 611
1498500 610
1498510 610
1498520 611
1498530 611
1498540 611
1498550 611
1498560 611
1498570 611
1498580 611
1498590 610
1498600 610
1498610 610
1498620 609
1498630 609
1498640 609
1498650 608
1498660 608
1498670 607
1498680 607
1498690 607
1498700 606
1498710 604
1498720 604
1498730 603
1498740 601
1498750 601
1498760 600
1498770 599
1498780 599
1498790 598
1498800 597
1498810 597
1498820 596
1498830 595
1498840 595
1498850 593
1498860 591
1498870 591
1498880 590
1498890 587
1498900 587
1498910 585
1498920 583
1498930 583
1498940 582
1498950 582
1498960 582
1498970 581
1498980 581
1498990 581
1499000 580
1499010 580
1499020 580
1499030 579
1499040 579
1499050 579
1499060 578
1499070 577
1499080 577
1499090 576
1499100 576
1499110 576
1499120 575
1499130 575
1499140 575
1499150 574
1499160 573
1499170 573
1499180 573
1499190 572
1499200 571
1499210 571
1499220 570
1499230 570
1499240 570
1499250 569
1499260 568
1499270 568
1499280 567
1499290 567
1499300 567
1499310 566
1499320 565
1499330 565
1499340 564
1499350 563
1499360 563
1499370 562
1499380 561
1499390 561
1499400 561
1499410 560
1499420 560
1499430 560
1499440 559
1499450 559
1499460 559
1499470 559
1499480 559
1499490 558
1499500 558
1499510 558
1499520 558
1499530 558
1499540 558
1499550 558
1499560 557
1499570 557
1499580 557
1499590 557
1499600 557
1499610 556
1499620 556
1499630 556
1499640 556
1499650 556
1499660 556
1499670 556
1499680 555
1499690 555
1499700 555
1499710 555
1499720 555
1499730 555
1499740 554
1499750 554
1499760 554
1499770 554
1499780 554
1499790 553
1499800 553
1499810 553
1499820 553
1499830 552
1499840 552
1499850 552
1499860 551
1499870 551
1499880 551
1499890 550
1499900 550
1499910 550
1499920 550
1499930 550
1499940 550
1499950 549
1499960 549
1499970 549
1499980 549
1499990 548
