1480000 559
1480010 559
1480020 559
1480030 559
1480040 559
1480050 560
1480060 560
1480070 560
1480080 560
1480090 560
1480100 560
1480110 560
1480120 560
1480130 560
1480140 560
1480150 560
1480160 560
1480170 560
1480180 560
1480190 560
1480200 560
1480210 560
1480220 560
1480230 560
1480240 560
1480250 560
1480260 560
1480270 560
1480280 560
1480290 560
1480300 560
1480310 560
1480320 560
1480330 560
1480340 560
1480350 560
1480360 560
1480370 560
1480380 560
1480390 560
1480400 560
1480410 561
1480420 561
1480430 561
1480440 561
1480450 561
1480460 561
1480470 561
1480480 562
1480490 562
1480500 562
1480510 562
1480520 562
1480530 562
1480540 562
1480550 562
1480560 562
1480570 562
1480580 562
1480590 562
1480600 562
1480610 562
1480620 562
1480630 562
1480640 562
1480650 563
1480660 564
1480670 564
1480680 564
1480690 565
1480700 565
1480710 566
1480720 567
1480730 567
1480740 569
1480750 570
1480760 570
1480770 571
1480780 571
1480790 571
1480800 570
1480810 570
1480820 570
1480830 571
1480840 571
1480850 571
1480860 571
1480870 569
1480880 566
1480890 566
1480900 565
1480910 564
1480920 564
1480930 564
1480940 564
1480950 564
1480960 564
1480970 564
1480980 564
1480990 565
1481000 565
1481010 565
1481020 565
1481030 565
1481040 565
1481050 566
1481060 566
1481070 566
1481080 566
1481090 566
1481100 566
1481110 566
1481120 567
1481130 567
1481140 567
1481150 567
1481160 567
1481170 568
1481180 568
1481190 568
1481200 569
1481210 571
1481220 571
1481230 572
1481240 572
1481250 572
1481260 573
1481270 573
1481280 573
1481290 574
1481300 576
1481310 576
1481320 578
1481330 577
1481340 577
1481350 576
1481360 577
1481370 577
1481380 577
1481390 578
1481400 578
1481410 578
1481420 579
1481430 579
1481440 580
1481450 580
1481460 580
1481470 581
1481480 582
1481490 582
1481500 583
1481510 584
1481520 584
1481530 585
1481540 586
1481550 586
1481560 587
1481570 588
1481580 588
1481590 589
1481600 590
1481610 590
1481620 591
1481630 592
1481640 592
1481650 593
1481660 594
1481670 594
1481680 595
1481690 597
1481700 597
1481710 598
1481720 599
1481730 599
1481740 599
1481750 600
1481760 600
1481770 600
1481780 601
1481790 602
1481800 602
1481810 603
1481820 604
1481830 604
1481840 604
1481850 603
1481860 603
1481870 603
1481880 603
1481890 603
1481900 604
1481910 604
1481920 604
1481930 603
1481940 603
1481950 603
1481960 603
1481970 603
1481980 603
1481990 603
1482000 602
1482010 602
1482020 602
1482030 601
1482040 601
1482050 601
1482060 600
1482070 600
1482080 600
1482090 599
1482100 599
1482110 599
1482120 600
1482130 600
1482140 601
1482150 602
1482160 602
1482170 603
1482180 604
1482190 604
1482200 605
1482210 606
1482220 606
1482230 608
1482240 609
1482250 609
1482260 610
1482270 611
1482280 611
1482290 612
1482300 613
1482310 613
1482320 614
1482330 615
1482340 615
1482350 616
1482360 617
1482370 617
1482380 617
1482390 618
1482400 618
1482410 619
1482420 620
1482430 620
1482440 621
1482450 622
1482460 622
1482470 623
1482480 624
1482490 624
1482500 625
1482510 626
1482520 626
1482530 627
1482540 628
1482550 628
1482560 629
1482570 630
1482580 630
1482590 630
1482600 631
1482610 632
1482620 632
1482630 633
1482640 634
1482650 634
1482660 634
1482670 635
1482680 635
1482690 636
1482700 636
1482710 636
1482720 637
1482730 638
1482740 638
1482750 638
1482760 639
1482770 639
1482780 640
1482790 641
1482800 641
1482810 641
1482820 642
1482830 642
1482840 643
1482850 643
1482860 643
1482870 644
1482880 645
1482890 645
1482900 646
1482910 646
1482920 646
1482930 646
1482940 647
1482950 647
1482960 647
1482970 648
1482980 648
1482990 649
1483000 649
1483010 649
1483020 650
1483030 650
1483040 650
1483050 651
1483060 651
1483070 651
1483080 652
1483090 652
1483100 652
1483110 653
1483120 653
1483130 653
1483140 654
1483150 655
1483160 655
1483170 655
1483180 655
1483190 655
1483200 656
1483210 656
1483220 656
1483230 656
1483240 657
1483250 657
1483260 657
1483270 657
1483280 657
1483290 657
1483300 657
1483310 657
1483320 658
1483330 658
1483340 658
1483350 658
1483360 658
1483370 658
1483380 658
1483390 658
1483400 658
1483410 658
1483420 658
1483430 658
1483440 658
1483450 658
1483460 658
1483470 658
1483480 658
1483490 658
1483500 658
1483510 657
1483520 656
1483530 656
1483540 656
1483550 655
1483560 655
1483570 655
1483580 655
1483590 655
1483600 655
1483610 655
1483620 655
1483630 655
1483640 655
1483650 655
1483660 655
1483670 654
1483680 654
1483690 654
1483700 655
1483710 655
1483720 655
1483730 655
1483740 655
1483750 655
1483760 655
1483770 655
1483780 655
1483790 655
1483800 655
1483810 655
1483820 655
1483830 655
1483840 655
1483850 656
1483860 656
1483870 656
1483880 656
1483890 656
1483900 656
1483910 656
1483920 656
1483930 656
1483940 656
1483950 656
1483960 657
1483970 657
1483980 657
1483990 657
1484000 657
1484010 657
1484020 657
1484030 657
1484040 657
1484050 657
1484060 657
1484070 657
1484080 657
1484090 657
1484100 657
1484110 658
1484120 658
1484130 658
1484140 658
1484150 658
1484160 658
1484170 658
1484180 658
1484190 658
1484200 658
1484210 659
1484220 659
1484230 659
1484240 659
1484250 659
1484260 659
1484270 659
1484280 659
1484290 659
1484300 659
1484310 658
1484320 658
1484330 658
1484340 658
1484350 658
1484360 658
1484370 658
1484380 658
1484390 658
1484400 658
1484410 658
1484420 658
1484430 658
1484440 658
1484450 657
1484460 657
1484470 657
1484480 657
1484490 657
1484500 657
1484510 657
1484520 656
1484530 656
1484540 656
1484550 656
1484560 656
1484570 655
1484580 655
1484590 655
1484600 654
1484610 654
1484620 654
1484630 653
1484640 653
1484650 653
1484660 652
1484670 651
1484680 651
1484690 651
1484700 650
1484710 650
1484720 649
1484730 647
1484740 647
1484750 645
1484760 644
1484770 644
1484780 643
1484790 642
1484800 642
1484810 642
1484820 641
1484830 641
1484840 641
1484850 641
1484860 641
1484870 641
1484880 641
1484890 641
1484900 641
1484910 640
1484920 640
1484930 640
1484940 639
1484950 639
1484960 639
1484970 638
1484980 638
1484990 638
1485000 638
1485010 638
1485020 637
1485030 637
1485040 637
1485050 637
1485060 636
1485070 636
1485080 636
1485090 636
1485100 635
1485110 635
1485120 635
1485130 634
1485140 634
1485150 634
1485160 634
1485170 634
1485180 633
1485190 633
1485200 633
1485210 633
1485220 632
1485230 632
1485240 632
1485250 631
1485260 631
1485270 631
1485280 630
1485290 630
1485300 630
1485310 629
1485320 629
1485330 628
1485340 628
1485350 628
1485360 627
1485370 626
1485380 626
1485390 625
1485400 624
1485410 624
1485420 623
1485430 622
1485440 622
1485450 620
1485460 617
1485470 617
1485480 615
1485490 614
1485500 614
1485510 613
1485520 613
1485530 613
1485540 612
1485550 611
1485560 611
1485570 611
1485580 610
1485590 610
1485600 610
1485610 610
1485620 610
1485630 609
1485640 609
1485650 609
1485660 609
1485670 608
1485680 608
1485690 608
1485700 607
1485710 607
1485720 607
1485730 606
1485740 606
1485750 606
1485760 605
1485770 605
1485780 605
1485790 605
1485800 605
1485810 604
1485820 604
1485830 604
1485840 603
1485850 603
1485860 603
1485870 602
1485880 601
1485890 601
1485900 601
1485910 600
1485920 600
1485930 599
1485940 598
1485950 597
1485960 597
1485970 596
1485980 595
1485990 595
1486000 594
1486010 593
1486020 593
1486030 592
1486040 591
1486050 591
1486060 591
1486070 590
1486080 590
1486090 590
1486100 589
1486110 589
1486120 589
1486130 589
1486140 589
1486150 589
1486160 588
1486170 588
1486180 588
1486190 588
1486200 588
1486210 588
1486220 587
1486230 587
1486240 587
1486250 587
1486260 587
1486270 586
1486280 586
1486290 586
1486300 585
1486310 585
1486320 585
1486330 585
1486340 584
1486350 584
1486360 584
1486370 583
1486380 583
1486390 583
1486400 582
1486410 582
1486420 582
1486430 581
1486440 581
1486450 580
1486460 579
1486470 579
1486480 579
1486490 579
1486500 579
1486510 579
1486520 579
1486530 579
1486540 579
1486550 579
1486560 579
1486570 579
1486580 579
1486590 579
1486600 578
1486610 578
1486620 578
1486630 578
1486640 577
1486650 577
1486660 577
1486670 576
1486680 576
1486690 576
1486700 575
1486710 575
1486720 574
1486730 574
1486740 574
1486750 574
1486760 573
1486770 573
1486780 573
1486790 573
1486800 573
1486810 573
1486820 572
1486830 572
1486840 572
1486850 573
1486860 573
1486870 573
1486880 573
1486890 573
1486900 573
1486910 572
1486920 572
1486930 572
1486940 571
1486950 571
1486960 571
1486970 569
1486980 568
1486990 568
1487000 568
1487010 568
1487020 568
1487030 568
1487040 568
1487050 568
1487060 568
1487070 571
1487080 571
1487090 574
1487100 576
1487110 576
1487120 576
1487130 577
1487140 577
1487150 577
1487160 578
1487170 578
1487180 578
1487190 578
1487200 578
1487210 578
1487220 579
1487230 579
1487240 579
1487250 579
1487260 579
1487270 579
1487280 579
1487290 579
1487300 579
1487310 579
1487320 579
1487330 579
1487340 579
1487350 579
1487360 579
1487370 579
1487380 579
1487390 579
1487400 578
1487410 578
1487420 578
1487430 578
1487440 578
1487450 577
1487460 577
1487470 577
1487480 577
1487490 576
1487500 576
1487510 575
1487520 573
1487530 573
1487540 567
1487550 565
1487560 565
1487570 564
1487580 564
1487590 564
1487600 564
1487610 564
1487620 564
1487630 564
1487640 565
1487650 565
1487660 565
1487670 565
1487680 565
1487690 565
1487700 565
1487710 568
1487720 568
1487730 571
1487740 574
1487750 574
1487760 575
1487770 576
1487780 576
1487790 576
1487800 576
1487810 576
1487820 577
1487830 576
1487840 576
1487850 577
1487860 577
1487870 577
1487880 577
1487890 576
1487900 576
1487910 576
1487920 576
1487930 576
1487940 576
1487950 576
1487960 576
1487970 576
1487980 576
1487990 576
1488000 576
1488010 577
1488020 577
1488030 577
1488040 577
1488050 577
1488060 577
1488070 577
1488080 577
1488090 577
1488100 577
1488110 577
1488120 577
1488130 577
1488140 577
1488150 577
1488160 577
1488170 577
1488180 577
1488190 577
1488200 577
1488210 576
1488220 576
1488230 576
1488240 575
1488250 575
1488260 575
1488270 574
1488280 574
1488290 574
1488300 574
1488310 574
1488320 574
1488330 574
1488340 574
1488350 574
1488360 574
1488370 574
1488380 574
1488390 574
1488400 574
1488410 574
1488420 574
1488430 573
1488440 573
1488450 573
1488460 573
1488470 573
1488480 574
1488490 574
1488500 574
1488510 574
1488520 574
1488530 574
1488540 574
1488550 574
1488560 574
1488570 574
1488580 574
1488590 574
1488600 574
1488610 574
1488620 575
1488630 575
1488640 575
1488650 575
1488660 575
1488670 575
1488680 575
1488690 575
1488700 576
1488710 576
1488720 576
1488730 576
1488740 576
1488750 576
1488760 576
1488770 576
1488780 576
1488790 576
1488800 576
1488810 576
1488820 576
1488830 575
1488840 575
1488850 575
1488860 575
1488870 575
1488880 575
1488890 575
1488900 575
1488910 575
1488920 575
1488930 575
1488940 575
1488950 575
1488960 575
1488970 575
1488980 575
1488990 575
1489000 575
1489010 575
1489020 575
1489030 575
1489040 575
1489050 575
1489060 574
1489070 574
1489080 574
1489090 574
1489100 574
1489110 574
1489120 573
1489130 573
1489140 573
1489150 573
1489160 573
1489170 573
1489180 573
1489190 572
1489200 572
1489210 572
1489220 571
1489230 571
1489240 571
1489250 570
1489260 570
1489270 569
1489280 568
1489290 568
1489300 567
1489310 565
1489320 563
1489330 563
1489340 562
1489350 562
1489360 562
1489370 561
1489380 561
1489390 561
1489400 561
1489410 561
1489420 561
1489430 561
1489440 560
1489450 560
1489460 560
1489470 560
1489480 560
1489490 560
1489500 560
1489510 560
1489520 559
1489530 559
1489540 559
1489550 559
1489560 559
1489570 559
1489580 559
1489590 559
1489600 559
1489610 559
1489620 558
1489630 558
1489640 558
1489650 558
1489660 558
1489670 558
1489680 558
1489690 558
1489700 558
1489710 559
1489720 559
1489730 560
1489740 560
1489750 560
1489760 562
1489770 565
1489780 565
1489790 573
1489800 581
1489810 581
1489820 585
1489830 587
1489840 587
1489850 589
1489860 591
1489870 591
1489880 593
1489890 595
1489900 595
1489910 597
1489920 599
1489930 599
1489940 601
1489950 602
1489960 602
1489970 603
1489980 604
1489990 604
1490000 605
1490010 605
1490020 605
1490030 606
1490040 607
1490050 607
1490060 607
1490070 608
1490080 608
1490090 608
1490100 609
1490110 609
1490120 609
1490130 610
1490140 610
1490150 610
1490160 611
1490170 611
1490180 611
1490190 611
1490200 612
1490210 612
1490220 612
1490230 612
1490240 612
1490250 613
1490260 613
1490270 613
1490280 612
1490290 613
1490300 613
1490310 613
1490320 613
1490330 613
1490340 613
1490350 613
1490360 613
1490370 613
1490380 613
1490390 613
1490400 613
1490410 613
1490420 613
1490430 612
1490440 612
1490450 612
1490460 612
1490470 611
1490480 611
1490490 611
1490500 611
1490510 611
1490520 610
1490530 610
1490540 610
1490550 610
1490560 609
1490570 609
1490580 609
1490590 608
1490600 608
1490610 607
1490620 607
1490630 607
1490640 606
1490650 605
1490660 605
1490670 604
1490680 603
1490690 603
1490700 602
1490710 602
1490720 602
1490730 600
1490740 598
1490750 598
1490760 596
1490770 594
1490780 594
1490790 592
1490800 590
1490810 590
1490820 588
1490830 586
1490840 586
1490850 584
1490860 581
1490870 581
1490880 579
1490890 577
1490900 577
1490910 576
1490920 574
1490930 574
1490940 572
1490950 571
1490960 571
1490970 570
1490980 569
1490990 569
1491000 568
1491010 567
1491020 565
1491030 565
1491040 563
1491050 561
1491060 561
1491070 560
1491080 559
1491090 559
1491100 558
1491110 557
1491120 557
1491130 557
1491140 556
1491150 556
1491160 555
1491170 554
1491180 554
1491190 553
1491200 552
1491210 552
1491220 551
1491230 551
1491240 551
1491250 550
1491260 549
1491270 549
1491280 548
1491290 546
1491300 546
1491310 545
1491320 545
1491330 545
1491340 545
1491350 544
1491360 544
1491370 544
1491380 544
1491390 544
1491400 544
1491410 544
1491420 544
1491430 544
1491440 544
1491450 544
1491460 545
1491470 552
1491480 552
1491490 558
1491500 562
1491510 562
1491520 567
1491530 571
1491540 571
1491550 575
1491560 580
1491570 580
1491580 584
1491590 589
1491600 589
1491610 592
1491620 594
1491630 594
1491640 595
1491650 596
1491660 596
1491670 596
1491680 596
1491690 596
1491700 596
1491710 596
1491720 596
1491730 596
1491740 596
1491750 596
1491760 596
1491770 596
1491780 596
1491790 595
1491800 595
1491810 595
1491820 594
1491830 593
1491840 593
1491850 593
1491860 592
1491870 591
1491880 591
1491890 590
1491900 590
1491910 590
1491920 589
1491930 587
1491940 587
1491950 585
1491960 583
1491970 583
1491980 581
1491990 580
1492000 580
1492010 579
1492020 578
1492030 578
1492040 577
1492050 575
1492060 575
1492070 574
1492080 573
1492090 573
1492100 572
1492110 571
1492120 571
1492130 570
1492140 570
1492150 570
1492160 569
1492170 568
1492180 568
1492190 567
1492200 567
1492210 567
1492220 567
1492230 566
1492240 566
1492250 566
1492260 566
1492270 566
1492280 566
1492290 566
1492300 566
1492310 566
1492320 566
1492330 566
1492340 566
1492350 566
1492360 566
1492370 567
1492380 567
1492390 567
1492400 568
1492410 568
1492420 568
1492430 569
1492440 570
1492450 570
1492460 571
1492470 572
1492480 572
1492490 572
1492500 572
1492510 572
1492520 573
1492530 573
1492540 573
1492550 573
1492560 573
1492570 573
1492580 574
1492590 574
1492600 574
1492610 574
1492620 574
1492630 574
1492640 573
1492650 573
1492660 573
1492670 573
1492680 573
1492690 572
1492700 572
1492710 572
1492720 572
1492730 572
1492740 572
1492750 571
1492760 571
1492770 571
1492780 571
1492790 571
1492800 571
1492810 571
1492820 571
1492830 570
1492840 570
1492850 570
1492860 569
1492870 569
1492880 569
1492890 569
1492900 569
1492910 569
1492920 568
1492930 568
1492940 568
1492950 568
1492960 568
1492970 568
1492980 568
1492990 568
1493000 568
1493010 568
1493020 568
1493030 568
1493040 567
1493050 567
1493060 567
1493070 566
1493080 566
1493090 566
1493100 566
1493110 565
1493120 565
1493130 565
1493140 565
1493150 565
1493160 565
1493170 564
1493180 564
1493190 564
1493200 563
1493210 563
1493220 563
1493230 562
1493240 562
1493250 562
1493260 561
1493270 561
1493280 560
1493290 558
1493300 558
1493310 557
1493320 556
1493330 556
1493340 554
1493350 551
1493360 551
1493370 547
1493380 545
1493390 545
1493400 543
1493410 542
1493420 542
1493430 541
1493440 540
1493450 540
1493460 539
1493470 539
1493480 539
1493490 540
1493500 542
1493510 542
1493520 544
1493530 546
1493540 548
1493550 548
1493560 551
1493570 553
1493580 553
1493590 553
1493600 554
1493610 554
1493620 554
1493630 554
1493640 554
1493650 555
1493660 555
1493670 555
1493680 555
1493690 555
1493700 555
1493710 555
1493720 555
1493730 555
1493740 555
1493750 555
1493760 555
1493770 555
1493780 555
1493790 555
1493800 555
1493810 555
1493820 555
1493830 555
1493840 555
1493850 555
1493860 555
1493870 555
1493880 555
1493890 554
1493900 554
1493910 554
1493920 553
1493930 552
1493940 552
1493950 552
1493960 551
1493970 551
1493980 550
1493990 550
1494000 550
1494010 549
1494020 548
1494030 548
1494040 547
1494050 545
1494060 545
1494070 543
1494080 541
1494090 541
1494100 540
1494110 538
1494120 538
1494130 537
1494140 537
1494150 537
1494160 537
1494170 537
1494180 537
1494190 538
1494200 539
1494210 539
1494220 543
1494230 547
1494240 547
1494250 550
1494260 552
1494270 552
1494280 553
1494290 553
1494300 553
1494310 554
1494320 554
1494330 554
1494340 554
1494350 554
1494360 554
1494370 555
1494380 555
1494390 555
1494400 555
1494410 556
1494420 556
1494430 556
1494440 556
1494450 556
1494460 556
1494470 556
1494480 556
1494490 556
1494500 556
1494510 556
1494520 556
1494530 556
1494540 556
1494550 556
1494560 556
1494570 556
1494580 556
1494590 556
1494600 556
1494610 556
1494620 556
1494630 556
1494640 556
1494650 556
1494660 556
1494670 556
1494680 556
1494690 556
1494700 556
1494710 556
1494720 556
1494730 556
1494740 555
1494750 555
1494760 555
1494770 555
1494780 556
1494790 556
1494800 556
1494810 556
1494820 556
1494830 556
1494840 556
1494850 556
1494860 556
1494870 556
1494880 556
1494890 556
1494900 556
1494910 556
1494920 556
1494930 556
1494940 556
1494950 556
1494960 556
1494970 556
1494980 557
1494990 557
1495000 557
1495010 557
1495020 557
1495030 557
1495040 557
1495050 557
1495060 557
1495070 557
1495080 557
1495090 557
1495100 557
1495110 557
1495120 557
1495130 557
1495140 557
1495150 557
1495160 557
1495170 557
1495180 557
1495190 557
1495200 557
1495210 557
1495220 557
1495230 557
1495240 557
1495250 557
1495260 557
1495270 557
1495280 557
1495290 557
1495300 557
1495310 557
1495320 557
1495330 557
1495340 557
1495350 556
1495360 556
1495370 556
1495380 556
1495390 556
1495400 556
1495410 556
1495420 556
1495430 556
1495440 556
1495450 555
1495460 555
1495470 555
1495480 555
1495490 555
1495500 555
1495510 554
1495520 554
1495530 553
1495540 552
1495550 552
1495560 549
1495570 548
1495580 548
1495590 547
1495600 547
1495610 547
1495620 548
1495630 548
1495640 548
1495650 548
1495660 548
1495670 548
1495680 549
1495690 550
1495700 550
1495710 552
1495720 554
1495730 554
1495740 555
1495750 556
1495760 556
1495770 556
1495780 556
1495790 556
1495800 556
1495810 557
1495820 557
1495830 557
1495840 557
1495850 557
1495860 557
1495870 557
1495880 557
1495890 558
1495900 558
1495910 558
1495920 558
1495930 558
1495940 558
1495950 558
1495960 558
1495970 558
1495980 558
1495990 559
1496000 559
1496010 559
1496020 559
1496030 559
1496040 559
1496050 559
1496060 559
1496070 559
1496080 559
1496090 559
1496100 559
1496110 560
1496120 559
1496130 559
1496140 559
1496150 559
1496160 559
1496170 559
1496180 559
1496190 559
1496200 559
1496210 559
1496220 559
1496230 559
1496240 559
1496250 559
1496260 559
1496270 559
1496280 559
1496290 559
1496300 559
1496310 559
1496320 558
1496330 558
1496340 558
1496350 558
1496360 558
1496370 558
1496380 557
1496390 557
1496400 557
1496410 556
1496420 556
1496430 556
1496440 555
1496450 554
1496460 554
1496470 554
1496480 553
1496490 553
1496500 552
1496510 551
1496520 551
1496530 549
1496540 547
1496550 547
1496560 545
1496570 541
1496580 541
1496590 541
1496600 541
1496610 541
1496620 541
1496630 541
1496640 541
1496650 541
1496660 541
1496670 541
1496680 542
1496690 544
1496700 544
1496710 548
1496720 550
1496730 550
1496740 554
1496750 559
1496760 559
1496770 562
1496780 563
1496790 563
1496800 565
1496810 566
1496820 566
1496830 568
1496840 569
1496850 569
1496860 571
1496870 572
1496880 572
1496890 573
1496900 574
1496910 574
1496920 575
1496930 575
1496940 576
1496950 576
1496960 576
1496970 576
1496980 576
1496990 575
1497000 575
1497010 575
1497020 575
1497030 575
1497040 575
1497050 575
1497060 575
1497070 575
1497080 575
1497090 575
1497100 575
1497110 575
1497120 575
1497130 575
1497140 575
1497150 575
1497160 575
1497170 574
1497180 574
1497190 574
1497200 574
1497210 574
1497220 574
1497230 574
1497240 573
1497250 573
1497260 573
1497270 573
1497280 573
1497290 572
1497300 572
1497310 572
1497320 571
1497330 571
1497340 571
1497350 571
1497360 571
1497370 571
1497380 571
1497390 571
1497400 571
1497410 571
1497420 571
1497430 571
1497440 572
1497450 572
1497460 572
1497470 572
1497480 572
1497490 572
1497500 572
1497510 573
1497520 573
1497530 573
1497540 573
1497550 573
1497560 573
1497570 573
1497580 573
1497590 573
1497600 574
1497610 574
1497620 574
1497630 574
1497640 574
1497650 574
1497660 574
1497670 574
1497680 574
1497690 574
1497700 574
1497710 574
1497720 574
1497730 574
1497740 574
1497750 573
1497760 573
1497770 573
1497780 573
1497790 573
1497800 573
1497810 572
1497820 572
1497830 572
1497840 570
1497850 568
1497860 568
1497870 565
1497880 563
1497890 563
1497900 562
1497910 561
1497920 561
1497930 561
1497940 560
1497950 560
1497960 560
1497970 560
1497980 560
1497990 560
1498000 560
1498010 560
1498020 562
1498030 563
1498040 563
1498050 564
1498060 566
1498070 566
1498080 568
1498090 570
1498100 570
1498110 571
1498120 572
1498130 572
1498140 573
1498150 573
1498160 573
1498170 574
1498180 574
1498190 574
1498200 575
1498210 576
1498220 576
1498230 576
1498240 576
1498250 576
1498260 577
1498270 577
1498280 577
1498290 578
1498300 578
1498310 578
1498320 578
1498330 579
1498340 579
1498350 579
1498360 579
1498370 579
1498380 579
1498390 580
1498400 580
1498410 580
1498420 580
1498430 580
1498440 580
1498450 580
1498460 580
1498470 580
1498480 580
1498490 580
1498500 580
1498510 580
1498520 580
1498530 580
1498540 580
1498550 580
1498560 580
1498570 579
1498580 579
1498590 579
1498600 579
1498610 580
1498620 580
1498630 580
1498640 580
1498650 580
1498660 580
1498670 580
1498680 580
1498690 580
1498700 580
1498710 580
1498720 580
1498730 580
1498740 580
1498750 579
1498760 579
1498770 579
1498780 579
1498790 579
1498800 579
1498810 579
1498820 578
1498830 578
1498840 578
1498850 578
1498860 578
1498870 578
1498880 577
1498890 577
1498900 577
1498910 577
1498920 577
1498930 576
1498940 575
1498950 575
1498960 574
1498970 573
1498980 573
1498990 572
1499000 571
1499010 571
1499020 571
1499030 570
1499040 570
1499050 571
1499060 571
1499070 571
1499080 572
1499090 573
1499100 573
1499110 573
1499120 574
1499130 574
1499140 575
1499150 576
1499160 576
1499170 576
1499180 576
1499190 576
1499200 577
1499210 577
1499220 577
1499230 578
1499240 578
1499250 578
1499260 579
1499270 579
1499280 579
1499290 580
1499300 580
1499310 580
1499320 580
1499330 581
1499340 581
1499350 581
1499360 582
1499370 582
1499380 582
1499390 583
1499400 583
1499410 583
1499420 584
1499430 584
1499440 584
1499450 585
1499460 585
1499470 585
1499480 585
1499490 586
1499500 586
1499510 586
1499520 587
1499530 587
1499540 588
1499550 588
1499560 588
1499570 588
1499580 588
1499590 588
1499600 589
1499610 589
1499620 589
1499630 589
1499640 590
1499650 590
1499660 590
1499670 590
1499680 590
1499690 590
1499700 590
1499710 590
1499720 590
1499730 590
1499740 590
1499750 590
1499760 589
1499770 589
1499780 589
1499790 588
1499800 588
1499810 587
1499820 587
1499830 587
1499840 587
1499850 586
1499860 586
1499870 585
1499880 584
1499890 584
1499900 583
1499910 582
1499920 582
1499930 581
1499940 580
1499950 580
1499960 579
1499970 577
1499980 577
1499990 576
