1480000 612
1480010 612
1480020 612
1480030 612
1480040 612
1480050 612
1480060 612
1480070 612
1480080 612
1480090 612
1480100 612
1480110 611
1480120 611
1480130 611
1480140 611
1480150 611
1480160 611
1480170 611
1480180 611
1480190 611
1480200 611
1480210 611
1480220 611
1480230 611
1480240 610
1480250 610
1480260 610
1480270 610
1480280 610
1480290 610
1480300 610
1480310 610
1480320 610
1480330 609
1480340 609
1480350 609
1480360 609
1480370 609
1480380 609
1480390 609
1480400 609
1480410 609
1480420 609
1480430 609
1480440 609
1480450 609
1480460 609
1480470 607
1480480 607
1480490 607
1480500 610
1480510 610
1480520 610
1480530 611
1480540 611
1480550 611
1480560 611
1480570 612
1480580 612
1480590 612
1480600 612
1480610 612
1480620 612
1480630 612
1480640 612
1480650 612
1480660 612
1480670 612
1480680 612
1480690 612
1480700 612
1480710 612
1480720 612
1480730 612
1480740 612
1480750 612
1480760 612
1480770 612
1480780 612
1480790 612
1480800 612
1480810 612
1480820 612
1480830 612
1480840 612
1480850 612
1480860 612
1480870 611
1480880 611
1480890 611
1480900 611
1480910 610
1480920 610
1480930 610
1480940 611
1480950 611
1480960 611
1480970 610
1480980 610
1480990 610
1481000 610
1481010 610
1481020 610
1481030 610
1481040 610
1481050 610
1481060 609
1481070 609
1481080 609
1481090 609
1481100 609
1481110 608
1481120 608
1481130 608
1481140 607
1481150 607
1481160 607
1481170 605
1481180 603
1481190 603
1481200 602
1481210 604
1481220 604
1481230 605
1481240 603
1481250 603
1481260 603
1481270 607
1481280 607
1481290 608
1481300 608
1481310 608
1481320 609
1481330 610
1481340 610
1481350 610
1481360 610
1481370 610
1481380 610
1481390 610
1481400 610
1481410 610
1481420 610
1481430 610
1481440 611
1481450 611
1481460 611
1481470 611
1481480 610
1481490 610
1481500 610
1481510 610
1481520 610
1481530 610
1481540 610
1481550 611
1481560 611
1481570 611
1481580 611
1481590 611
1481600 611
1481610 611
1481620 611
1481630 611
1481640 612
1481650 612
1481660 612
1481670 612
1481680 612
1481690 612
1481700 612
1481710 612
1481720 613
1481730 613
1481740 613
1481750 613
1481760 613
1481770 613
1481780 613
1481790 613
1481800 613
1481810 613
1481820 613
1481830 613
1481840 612
1481850 612
1481860 612
1481870 612
1481880 610
1481890 610
1481900 609
1481910 611
1481920 611
1481930 612
1481940 611
1481950 611
1481960 612
1481970 612
1481980 612
1481990 613
1482000 613
1482010 613
1482020 613
1482030 613
1482040 613
1482050 613
1482060 613
1482070 613
1482080 614
1482090 614
1482100 614
1482110 614
1482120 614
1482130 614
1482140 614
1482150 615
1482160 615
1482170 615
1482180 615
1482190 615
1482200 615
1482210 616
1482220 616
1482230 616
1482240 615
1482250 615
1482260 615
1482270 616
1482280 616
1482290 616
1482300 616
1482310 616
1482320 615
1482330 615
1482340 615
1482350 616
1482360 617
1482370 617
1482380 617
1482390 617
1482400 618
1482410 618
1482420 618
1482430 619
1482440 619
1482450 619
1482460 620
1482470 620
1482480 620
1482490 621
1482500 621
1482510 621
1482520 621
1482530 621
1482540 621
1482550 622
1482560 622
1482570 622
1482580 622
1482590 622
1482600 622
1482610 623
1482620 623
1482630 623
1482640 623
1482650 623
1482660 623
1482670 623
1482680 623
1482690 623
1482700 623
1482710 623
1482720 623
1482730 623
1482740 623
1482750 623
1482760 623
1482770 623
1482780 623
1482790 623
1482800 623
1482810 623
1482820 623
1482830 623
1482840 624
1482850 624
1482860 624
1482870 624
1482880 623
1482890 623
1482900 623
1482910 623
1482920 623
1482930 623
1482940 623
1482950 623
1482960 622
1482970 622
1482980 622
1482990 622
1483000 622
1483010 622
1483020 622
1483030 622
1483040 622
1483050 622
1483060 622
1483070 622
1483080 622
1483090 622
1483100 622
1483110 623
1483120 623
1483130 623
1483140 623
1483150 623
1483160 623
1483170 623
1483180 623
1483190 623
1483200 623
1483210 624
1483220 624
1483230 624
1483240 624
1483250 624
1483260 624
1483270 625
1483280 625
1483290 625
1483300 625
1483310 625
1483320 625
1483330 625
1483340 625
1483350 625
1483360 626
1483370 626
1483380 626
1483390 626
1483400 627
1483410 627
1483420 627
1483430 627
1483440 627
1483450 628
1483460 628
1483470 628
1483480 628
1483490 628
1483500 628
1483510 628
1483520 628
1483530 628
1483540 628
1483550 628
1483560 628
1483570 627
1483580 627
1483590 627
1483600 627
1483610 627
1483620 627
1483630 627
1483640 626
1483650 626
1483660 626
1483670 626
1483680 626
1483690 625
1483700 625
1483710 625
1483720 625
1483730 625
1483740 625
1483750 624
1483760 624
1483770 624
1483780 624
1483790 624
1483800 624
1483810 623
1483820 623
1483830 623
1483840 623
1483850 623
1483860 623
1483870 622
1483880 622
1483890 622
1483900 621
1483910 621
1483920 621
1483930 620
1483940 620
1483950 620
1483960 619
1483970 618
1483980 618
1483990 617
1484000 616
1484010 616
1484020 616
1484030 616
1484040 616
1484050 616
1484060 616
1484070 616
1484080 616
1484090 616
1484100 616
1484110 616
1484120 615
1484130 615
1484140 615
1484150 615
1484160 615
1484170 614
1484180 614
1484190 614
1484200 613
1484210 613
1484220 612
1484230 612
1484240 611
1484250 610
1484260 610
1484270 609
1484280 608
1484290 608
1484300 607
1484310 606
1484320 606
1484330 604
1484340 603
1484350 603
1484360 602
1484370 601
1484380 601
1484390 600
1484400 600
1484410 600
1484420 599
1484430 599
1484440 599
1484450 598
1484460 598
1484470 598
1484480 597
1484490 597
1484500 597
1484510 597
1484520 597
1484530 597
1484540 597
1484550 596
1484560 596
1484570 596
1484580 596
1484590 596
1484600 596
1484610 596
1484620 596
1484630 596
1484640 595
1484650 595
1484660 595
1484670 595
1484680 595
1484690 595
1484700 594
1484710 594
1484720 593
1484730 592
1484740 592
1484750 590
1484760 589
1484770 589
1484780 589
1484790 588
1484800 588
1484810 588
1484820 587
1484830 587
1484840 586
1484850 586
1484860 586
1484870 585
1484880 584
1484890 584
1484900 583
1484910 584
1484920 584
1484930 585
1484940 585
1484950 585
1484960 587
1484970 588
1484980 588
1484990 590
1485000 591
1485010 591
1485020 591
1485030 591
1485040 591
1485050 592
1485060 593
1485070 593
1485080 594
1485090 595
1485100 595
1485110 596
1485120 598
1485130 598
1485140 601
1485150 606
1485160 608
1485170 608
1485180 608
1485190 608
1485200 608
1485210 608
1485220 608
1485230 608
1485240 607
1485250 607
1485260 607
1485270 607
1485280 607
1485290 607
1485300 606
1485310 606
1485320 606
1485330 606
1485340 606
1485350 606
1485360 606
1485370 607
1485380 607
1485390 607
1485400 607
1485410 607
1485420 607
1485430 607
1485440 607
1485450 607
1485460 607
1485470 607
1485480 607
1485490 607
1485500 607
1485510 608
1485520 608
1485530 608
1485540 608
1485550 608
1485560 608
1485570 608
1485580 608
1485590 608
1485600 608
1485610 608
1485620 608
1485630 607
1485640 607
1485650 607
1485660 607
1485670 606
1485680 606
1485690 606
1485700 606
1485710 606
1485720 605
1485730 605
1485740 605
1485750 604
1485760 604
1485770 604
1485780 603
1485790 603
1485800 603
1485810 603
1485820 602
1485830 602
1485840 601
1485850 601
1485860 601
1485870 600
1485880 600
1485890 600
1485900 599
1485910 599
1485920 599
1485930 598
1485940 598
1485950 598
1485960 597
1485970 597
1485980 597
1485990 596
1486000 596
1486010 596
1486020 595
1486030 595
1486040 595
1486050 594
1486060 593
1486070 592
1486080 592
1486090 592
1486100 591
1486110 591
1486120 590
1486130 590
1486140 590
1486150 589
1486160 588
1486170 588
1486180 587
1486190 586
1486200 586
1486210 585
1486220 584
1486230 584
1486240 583
1486250 580
1486260 580
1486270 580
1486280 580
1486290 580
1486300 578
1486310 576
1486320 576
1486330 574
1486340 572
1486350 572
1486360 570
1486370 569
1486380 569
1486390 567
1486400 566
1486410 566
1486420 565
1486430 564
1486440 564
1486450 564
1486460 563
1486470 563
1486480 563
1486490 563
1486500 563
1486510 562
1486520 561
1486530 561
1486540 560
1486550 560
1486560 560
1486570 559
1486580 558
1486590 558
1486600 558
1486610 558
1486620 558
1486630 558
1486640 558
1486650 558
1486660 558
1486670 558
1486680 558
1486690 558
1486700 558
1486710 558
1486720 558
1486730 559
1486740 559
1486750 560
1486760 562
1486770 562
1486780 563
1486790 564
1486800 564
1486810 566
1486820 567
1486830 567
1486840 569
1486850 570
1486860 570
1486870 571
1486880 571
1486890 571
1486900 572
1486910 573
1486920 573
1486930 573
1486940 574
1486950 574
1486960 574
1486970 575
1486980 575
1486990 575
1487000 576
1487010 577
1487020 577
1487030 577
1487040 577
1487050 577
1487060 576
1487070 576
1487080 576
1487090 576
1487100 575
1487110 575
1487120 575
1487130 575
1487140 575
1487150 574
1487160 574
1487170 574
1487180 573
1487190 572
1487200 572
1487210 572
1487220 571
1487230 571
1487240 570
1487250 569
1487260 569
1487270 569
1487280 568
1487290 568
1487300 568
1487310 567
1487320 567
1487330 567
1487340 566
1487350 566
1487360 565
1487370 565
1487380 565
1487390 564
1487400 564
1487410 564
1487420 563
1487430 563
1487440 563
1487450 562
1487460 562
1487470 562
1487480 561
1487490 561
1487500 561
1487510 560
1487520 560
1487530 560
1487540 559
1487550 558
1487560 558
1487570 558
1487580 557
1487590 557
1487600 557
1487610 556
1487620 556
1487630 556
1487640 555
1487650 555
1487660 555
1487670 554
1487680 554
1487690 554
1487700 553
1487710 553
1487720 553
1487730 553
1487740 553
1487750 552
1487760 552
1487770 552
1487780 552
1487790 551
1487800 551
1487810 551
1487820 550
1487830 550
1487840 550
1487850 550
1487860 550
1487870 549
1487880 549
1487890 548
1487900 548
1487910 548
1487920 548
1487930 548
1487940 547
1487950 547
1487960 547
1487970 546
1487980 546
1487990 546
1488000 546
1488010 546
1488020 546
1488030 545
1488040 545
1488050 545
1488060 545
1488070 544
1488080 544
1488090 544
1488100 543
1488110 543
1488120 543
1488130 542
1488140 542
1488150 542
1488160 541
1488170 541
1488180 541
1488190 541
1488200 541
1488210 541
1488220 540
1488230 540
1488240 540
1488250 540
1488260 540
1488270 540
1488280 540
1488290 540
1488300 539
1488310 539
1488320 539
1488330 539
1488340 539
1488350 539
1488360 539
1488370 539
1488380 539
1488390 540
1488400 540
1488410 540
1488420 540
1488430 540
1488440 540
1488450 540
1488460 541
1488470 541
1488480 542
1488490 543
1488500 543
1488510 545
1488520 547
1488530 547
1488540 549
1488550 550
1488560 550
1488570 551
1488580 552
1488590 552
1488600 554
1488610 555
1488620 555
1488630 557
1488640 558
1488650 558
1488660 559
1488670 560
1488680 560
1488690 560
1488700 561
1488710 561
1488720 562
1488730 562
1488740 562
1488750 563
1488760 563
1488770 563
1488780 563
1488790 563
1488800 563
1488810 563
1488820 563
1488830 562
1488840 562
1488850 562
1488860 562
1488870 562
1488880 560
1488890 559
1488900 559
1488910 558
1488920 557
1488930 557
1488940 557
1488950 556
1488960 556
1488970 556
1488980 556
1488990 556
1489000 556
1489010 557
1489020 557
1489030 557
1489040 557
1489050 557
1489060 558
1489070 558
1489080 558
1489090 558
1489100 558
1489110 558
1489120 558
1489130 558
1489140 558
1489150 558
1489160 557
1489170 557
1489180 557
1489190 556
1489200 556
1489210 556
1489220 555
1489230 555
1489240 554
1489250 553
1489260 553
1489270 552
1489280 551
1489290 551
1489300 550
1489310 549
1489320 549
1489330 548
1489340 547
1489350 547
1489360 547
1489370 548
1489380 548
1489390 549
1489400 551
1489410 551
1489420 552
1489430 553
1489440 553
1489450 554
1489460 555
1489470 555
1489480 556
1489490 556
1489500 556
1489510 557
1489520 557
1489530 557
1489540 557
1489550 556
1489560 556
1489570 555
1489580 555
1489590 555
1489600 554
1489610 553
1489620 553
1489630 552
1489640 551
1489650 551
1489660 550
1489670 549
1489680 549
1489690 548
1489700 548
1489710 548
1489720 547
1489730 546
1489740 546
1489750 546
1489760 546
1489770 546
1489780 546
1489790 547
1489800 547
1489810 547
1489820 547
1489830 547
1489840 547
1489850 547
1489860 548
1489870 548
1489880 549
1489890 551
1489900 551
1489910 552
1489920 553
1489930 553
1489940 554
1489950 554
1489960 554
1489970 554
1489980 554
1489990 554
1490000 555
1490010 557
1490020 557
1490030 558
1490040 558
1490050 558
1490060 559
1490070 560
1490080 560
1490090 560
1490100 560
1490110 560
1490120 561
1490130 561
1490140 561
1490150 562
1490160 563
1490170 563
1490180 564
1490190 564
1490200 564
1490210 565
1490220 565
1490230 565
1490240 565
1490250 565
1490260 565
1490270 566
1490280 566
1490290 566
1490300 566
1490310 566
1490320 566
1490330 567
1490340 567
1490350 567
1490360 567
1490370 568
1490380 568
1490390 568
1490400 569
1490410 569
1490420 570
1490430 570
1490440 570
1490450 571
1490460 571
1490470 571
1490480 572
1490490 571
1490500 571
1490510 571
1490520 571
1490530 571
1490540 571
1490550 570
1490560 570
1490570 570
1490580 569
1490590 569
1490600 568
1490610 566
1490620 566
1490630 563
1490640 558
1490650 554
1490660 554
1490670 550
1490680 547
1490690 547
1490700 545
1490710 544
1490720 544
1490730 542
1490740 539
1490750 539
1490760 537
1490770 535
1490780 535
1490790 533
1490800 532
1490810 532
1490820 531
1490830 531
1490840 531
1490850 531
1490860 530
1490870 530
1490880 529
1490890 530
1490900 530
1490910 530
1490920 529
1490930 529
1490940 529
1490950 529
1490960 529
1490970 529
1490980 529
1490990 529
1491000 529
1491010 529
1491020 529
1491030 529
1491040 529
1491050 529
1491060 529
1491070 529
1491080 529
1491090 529
1491100 529
1491110 529
1491120 529
1491130 529
1491140 529
1491150 529
1491160 530
1491170 530
1491180 531
1491190 532
1491200 532
1491210 533
1491220 534
1491230 534
1491240 534
1491250 534
1491260 534
1491270 534
1491280 531
1491290 531
1491300 529
1491310 528
1491320 528
1491330 527
1491340 527
1491350 527
1491360 527
1491370 527
1491380 527
1491390 527
1491400 527
1491410 527
1491420 527
1491430 528
1491440 528
1491450 529
1491460 531
1491470 531
1491480 533
1491490 534
1491500 534
1491510 535
1491520 535
1491530 535
1491540 536
1491550 537
1491560 538
1491570 538
1491580 540
1491590 542
1491600 542
1491610 545
1491620 547
1491630 547
1491640 549
1491650 551
1491660 551
1491670 553
1491680 556
1491690 556
1491700 557
1491710 558
1491720 558
1491730 558
1491740 558
1491750 558
1491760 559
1491770 560
1491780 560
1491790 561
1491800 561
1491810 561
1491820 561
1491830 561
1491840 561
1491850 561
1491860 561
1491870 561
1491880 561
1491890 561
1491900 561
1491910 561
1491920 561
1491930 561
1491940 560
1491950 559
1491960 559
1491970 559
1491980 558
1491990 558
1492000 557
1492010 557
1492020 557
1492030 556
1492040 556
1492050 556
1492060 555
1492070 554
1492080 554
1492090 554
1492100 553
1492110 553
1492120 552
1492130 552
1492140 552
1492150 552
1492160 552
1492170 552
1492180 551
1492190 551
1492200 551
1492210 551
1492220 550
1492230 550
1492240 550
1492250 550
1492260 550
1492270 550
1492280 549
1492290 549
1492300 549
1492310 549
1492320 549
1492330 549
1492340 549
1492350 549
1492360 549
1492370 549
1492380 549
1492390 549
1492400 549
1492410 549
1492420 549
1492430 549
1492440 549
1492450 548
1492460 548
1492470 548
1492480 548
1492490 547
1492500 547
1492510 547
1492520 546
1492530 546
1492540 546
1492550 545
1492560 544
1492570 544
1492580 544
1492590 544
1492600 544
1492610 543
1492620 542
1492630 542
1492640 542
1492650 542
1492660 542
1492670 541
1492680 541
1492690 541
1492700 541
1492710 540
1492720 540
1492730 540
1492740 540
1492750 540
1492760 539
1492770 539
1492780 539
1492790 539
1492800 539
1492810 539
1492820 538
1492830 538
1492840 538
1492850 537
1492860 536
1492870 536
1492880 536
1492890 536
1492900 536
1492910 536
1492920 535
1492930 535
1492940 535
1492950 534
1492960 534
1492970 533
1492980 533
1492990 533
1493000 532
1493010 532
1493020 532
1493030 531
1493040 531
1493050 531
1493060 531
1493070 531
1493080 531
1493090 530
1493100 530
1493110 530
1493120 530
1493130 531
1493140 531
1493150 531
1493160 531
1493170 531
1493180 531
1493190 531
1493200 531
1493210 531
1493220 531
1493230 531
1493240 531
1493250 532
1493260 532
1493270 531
1493280 531
1493290 531
1493300 531
1493310 531
1493320 531
1493330 531
1493340 531
1493350 531
1493360 531
1493370 530
1493380 529
1493390 529
1493400 528
1493410 527
1493420 527
1493430 527
1493440 528
1493450 528
1493460 529
1493470 529
1493480 529
1493490 528
1493500 528
1493510 528
1493520 527
1493530 526
1493540 526
1493550 525
1493560 525
1493570 525
1493580 525
1493590 525
1493600 525
1493610 525
1493620 524
1493630 524
1493640 524
1493650 524
1493660 524
1493670 524
1493680 523
1493690 523
1493700 522
1493710 522
1493720 522
1493730 523
1493740 524
1493750 524
1493760 524
1493770 525
1493780 525
1493790 526
1493800 527
1493810 527
1493820 530
1493830 531
1493840 531
1493850 532
1493860 533
1493870 533
1493880 533
1493890 534
1493900 534
1493910 536
1493920 537
1493930 537
1493940 539
1493950 539
1493960 539
1493970 541
1493980 542
1493990 542
1494000 543
1494010 545
1494020 545
1494030 546
1494040 548
1494050 548
1494060 549
1494070 550
1494080 550
1494090 551
1494100 552
1494110 552
1494120 553
1494130 553
1494140 553
1494150 554
1494160 555
1494170 555
1494180 556
1494190 556
1494200 556
1494210 557
1494220 558
1494230 558
1494240 558
1494250 558
1494260 558
1494270 558
1494280 559
1494290 559
1494300 559
1494310 559
1494320 560
1494330 560
1494340 560
1494350 560
1494360 560
1494370 560
1494380 560
1494390 560
1494400 560
1494410 560
1494420 560
1494430 560
1494440 560
1494450 560
1494460 561
1494470 561
1494480 561
1494490 561
1494500 561
1494510 561
1494520 561
1494530 561
1494540 561
1494550 561
1494560 561
1494570 561
1494580 561
1494590 561
1494600 561
1494610 562
1494620 562
1494630 562
1494640 562
1494650 561
1494660 561
1494670 562
1494680 562
1494690 562
1494700 562
1494710 562
1494720 562
1494730 562
1494740 562
1494750 562
1494760 562
1494770 562
1494780 562
1494790 562
1494800 561
1494810 561
1494820 561
1494830 561
1494840 561
1494850 561
1494860 560
1494870 560
1494880 560
1494890 560
1494900 560
1494910 559
1494920 558
1494930 558
1494940 558
1494950 557
1494960 557
1494970 557
1494980 557
1494990 557
1495000 557
1495010 557
1495020 557
1495030 557
1495040 557
1495050 557
1495060 557
1495070 557
1495080 557
1495090 557
1495100 557
1495110 557
1495120 557
1495130 557
1495140 557
1495150 557
1495160 557
1495170 557
1495180 557
1495190 557
1495200 557
1495210 557
1495220 556
1495230 555
1495240 555
1495250 555
1495260 554
1495270 554
1495280 553
1495290 552
1495300 552
1495310 552
1495320 551
1495330 551
1495340 550
1495350 550
1495360 550
1495370 550
1495380 551
1495390 551
1495400 551
1495410 551
1495420 551
1495430 551
1495440 551
1495450 551
1495460 552
1495470 552
1495480 552
1495490 552
1495500 553
1495510 553
1495520 553
1495530 553
1495540 553
1495550 553
1495560 553
1495570 553
1495580 553
1495590 552
1495600 552
1495610 552
1495620 552
1495630 552
1495640 552
1495650 551
1495660 551
1495670 551
1495680 550
1495690 550
1495700 549
1495710 548
1495720 548
1495730 547
1495740 546
1495750 546
1495760 546
1495770 545
1495780 545
1495790 545
1495800 545
1495810 545
1495820 544
1495830 544
1495840 544
1495850 544
1495860 543
1495870 543
1495880 543
1495890 543
1495900 543
1495910 542
1495920 542
1495930 542
1495940 541
1495950 539
1495960 539
1495970 537
1495980 537
1495990 537
1496000 539
1496010 541
1496020 541
1496030 542
1496040 542
1496050 542
1496060 543
1496070 543
1496080 543
1496090 544
1496100 544
1496110 544
1496120 544
1496130 544
1496140 545
1496150 545
1496160 545
1496170 545
1496180 545
1496190 545
1496200 545
1496210 545
1496220 545
1496230 545
1496240 545
1496250 544
1496260 544
1496270 544
1496280 544
1496290 543
1496300 543
1496310 543
1496320 543
1496330 543
1496340 542
1496350 541
1496360 541
1496370 541
1496380 540
1496390 540
1496400 539
1496410 538
1496420 538
1496430 537
1496440 536
1496450 536
1496460 535
1496470 533
1496480 533
1496490 532
1496500 531
1496510 531
1496520 530
1496530 529
1496540 529
1496550 528
1496560 527
1496570 527
1496580 526
1496590 525
1496600 525
1496610 525
1496620 524
1496630 524
1496640 523
1496650 523
1496660 523
1496670 522
1496680 521
1496690 521
1496700 520
1496710 520
1496720 520
1496730 518
1496740 516
1496750 516
1496760 513
1496770 511
1496780 511
1496790 510
1496800 509
1496810 509
1496820 508
1496830 507
1496840 507
1496850 506
1496860 506
1496870 506
1496880 506
1496890 507
1496900 507
1496910 508
1496920 511
1496930 511
1496940 513
1496950 515
1496960 515
1496970 519
1496980 520
1496990 520
1497000 521
1497010 522
1497020 522
1497030 523
1497040 524
1497050 525
1497060 525
1497070 526
1497080 528
1497090 528
1497100 529
1497110 529
1497120 529
1497130 530
1497140 531
1497150 531
1497160 531
1497170 531
1497180 531
1497190 531
1497200 531
1497210 531
1497220 531
1497230 531
1497240 531
1497250 532
1497260 532
1497270 532
1497280 532
1497290 532
1497300 532
1497310 531
1497320 531
1497330 531
1497340 531
1497350 531
1497360 531
1497370 531
1497380 531
1497390 531
1497400 531
1497410 531
1497420 531
1497430 531
1497440 531
1497450 531
1497460 530
1497470 530
1497480 530
1497490 530
1497500 530
1497510 530
1497520 530
1497530 529
1497540 529
1497550 529
1497560 528
1497570 528
1497580 527
1497590 526
1497600 526
1497610 523
1497620 521
1497630 521
1497640 517
1497650 512
1497660 512
1497670 506
1497680 501
1497690 501
1497700 499
1497710 498
1497720 498
1497730 498
1497740 497
1497750 497
1497760 497
1497770 496
1497780 496
1497790 497
1497800 497
1497810 497
1497820 498
1497830 499
1497840 499
1497850 498
1497860 497
1497870 497
1497880 498
1497890 498
1497900 498
1497910 498
1497920 498
1497930 498
1497940 498
1497950 499
1497960 499
1497970 498
1497980 499
1497990 500
1498000 500
1498010 502
1498020 504
1498030 504
1498040 507
1498050 516
1498060 516
1498070 523
1498080 525
1498090 525
1498100 527
1498110 528
1498120 528
1498130 529
1498140 530
1498150 530
1498160 532
1498170 534
1498180 534
1498190 535
1498200 537
1498210 537
1498220 538
1498230 539
1498240 539
1498250 541
1498260 542
1498270 542
1498280 544
1498290 545
1498300 545
1498310 546
1498320 547
1498330 547
1498340 548
1498350 549
1498360 549
1498370 550
1498380 550
1498390 550
1498400 551
1498410 552
1498420 552
1498430 552
1498440 553
1498450 553
1498460 553
1498470 554
1498480 554
1498490 554
1498500 554
1498510 554
1498520 554
1498530 554
1498540 554
1498550 555
1498560 555
1498570 555
1498580 555
1498590 555
1498600 555
1498610 555
1498620 555
1498630 555
1498640 555
1498650 555
1498660 555
1498670 554
1498680 554
1498690 554
1498700 554
1498710 554
1498720 554
1498730 554
1498740 554
1498750 554
1498760 554
1498770 554
1498780 554
1498790 553
1498800 553
1498810 553
1498820 553
1498830 553
1498840 553
1498850 553
1498860 554
1498870 554
1498880 554
1498890 554
1498900 554
1498910 554
1498920 554
1498930 554
1498940 554
1498950 554
1498960 554
1498970 554
1498980 553
1498990 553
1499000 553
1499010 553
1499020 553
1499030 553
1499040 552
1499050 552
1499060 552
1499070 551
1499080 551
1499090 551
1499100 550
1499110 550
1499120 550
1499130 549
1499140 549
1499150 549
1499160 549
1499170 549
1499180 549
1499190 549
1499200 549
1499210 549
1499220 549
1499230 549
1499240 549
1499250 549
1499260 548
1499270 548
1499280 548
1499290 548
1499300 548
1499310 548
1499320 548
1499330 548
1499340 549
1499350 549
1499360 549
1499370 550
1499380 550
1499390 550
1499400 551
1499410 551
1499420 551
1499430 552
1499440 552
1499450 552
1499460 552
1499470 553
1499480 553
1499490 553
1499500 553
1499510 553
1499520 553
1499530 553
1499540 553
1499550 553
1499560 553
1499570 553
1499580 553
1499590 553
1499600 553
1499610 553
1499620 552
1499630 552
1499640 552
1499650 552
1499660 552
1499670 552
1499680 551
1499690 551
1499700 550
1499710 550
1499720 550
1499730 549
1499740 549
1499750 549
1499760 548
1499770 547
1499780 547
1499790 547
1499800 546
1499810 546
1499820 546
1499830 546
1499840 546
1499850 546
1499860 547
1499870 547
1499880 547
1499890 548
1499900 548
1499910 548
1499920 548
1499930 548
1499940 548
1499950 548
1499960 549
1499970 549
1499980 549
1499990 549
