1480000 641
1480010 641
1480020 641
1480030 641
1480040 641
1480050 641
1480060 641
1480070 641
1480080 641
1480090 641
1480100 641
1480110 641
1480120 640
1480130 640
1480140 639
1480150 640
1480160 640
1480170 640
1480180 640
1480190 640
1480200 640
1480210 640
1480220 640
1480230 640
1480240 640
1480250 640
1480260 640
1480270 638
1480280 638
1480290 632
1480300 631
1480310 631
1480320 631
1480330 632
1480340 632
1480350 632
1480360 632
1480370 632
1480380 632
1480390 632
1480400 632
1480410 632
1480420 633
1480430 633
1480440 633
1480450 634
1480460 634
1480470 634
1480480 634
1480490 634
1480500 634
1480510 634
1480520 634
1480530 634
1480540 634
1480550 634
1480560 634
1480570 634
1480580 633
1480590 633
1480600 632
1480610 630
1480620 630
1480630 629
1480640 628
1480650 628
1480660 627
1480670 627
1480680 627
1480690 628
1480700 629
1480710 629
1480720 630
1480730 632
1480740 632
1480750 633
1480760 634
1480770 634
1480780 635
1480790 636
1480800 636
1480810 636
1480820 637
1480830 637
1480840 637
1480850 638
1480860 638
1480870 638
1480880 639
1480890 639
1480900 639
1480910 639
1480920 639
1480930 639
1480940 640
1480950 640
1480960 641
1480970 641
1480980 641
1480990 641
1481000 641
1481010 641
1481020 641
1481030 641
1481040 641
1481050 642
1481060 642
1481070 642
1481080 642
1481090 642
1481100 642
1481110 642
1481120 642
1481130 642
1481140 642
1481150 642
1481160 642
1481170 641
1481180 641
1481190 641
1481200 641
1481210 640
1481220 640
1481230 640
1481240 640
1481250 640
1481260 639
1481270 639
1481280 639
1481290 639
1481300 639
1481310 639
1481320 638
1481330 638
1481340 638
1481350 638
1481360 638
1481370 638
1481380 638
1481390 638
1481400 638
1481410 638
1481420 638
1481430 638
1481440 638
1481450 638
1481460 638
1481470 638
1481480 638
1481490 638
1481500 638
1481510 638
1481520 637
1481530 637
1481540 637
1481550 637
1481560 637
1481570 637
1481580 638
1481590 638
1481600 638
1481610 638
1481620 638
1481630 638
1481640 638
1481650 638
1481660 638
1481670 638
1481680 638
1481690 638
1481700 638
1481710 638
1481720 639
1481730 639
1481740 639
1481750 639
1481760 639
1481770 639
1481780 640
1481790 640
1481800 640
1481810 640
1481820 640
1481830 640
1481840 640
1481850 640
1481860 640
1481870 640
1481880 640
1481890 640
1481900 640
1481910 640
1481920 640
1481930 640
1481940 640
1481950 640
1481960 639
1481970 639
1481980 639
1481990 639
1482000 638
1482010 638
1482020 638
1482030 638
1482040 638
1482050 637
1482060 637
1482070 637
1482080 636
1482090 636
1482100 636
1482110 636
1482120 636
1482130 636
1482140 635
1482150 635
1482160 635
1482170 634
1482180 634
1482190 634
1482200 634
1482210 633
1482220 633
1482230 633
1482240 633
1482250 633
1482260 632
1482270 632
1482280 632
1482290 632
1482300 631
1482310 631
1482320 631
1482330 631
1482340 631
1482350 631
1482360 631
1482370 631
1482380 631
1482390 630
1482400 630
1482410 630
1482420 630
1482430 630
1482440 630
1482450 630
1482460 629
1482470 629
1482480 629
1482490 629
1482500 629
1482510 629
1482520 629
1482530 629
1482540 628
1482550 628
1482560 628
1482570 628
1482580 628
1482590 628
1482600 627
1482610 627
1482620 627
1482630 627
1482640 626
1482650 626
1482660 626
1482670 625
1482680 625
1482690 625
1482700 624
1482710 624
1482720 623
1482730 622
1482740 622
1482750 621
1482760 619
1482770 619
1482780 616
1482790 614
1482800 614
1482810 613
1482820 612
1482830 612
1482840 612
1482850 612
1482860 612
1482870 612
1482880 612
1482890 612
1482900 612
1482910 612
1482920 612
1482930 612
1482940 612
1482950 612
1482960 612
1482970 612
1482980 612
1482990 612
1483000 612
1483010 612
1483020 613
1483030 613
1483040 613
1483050 613
1483060 614
1483070 614
1483080 614
1483090 615
1483100 615
1483110 616
1483120 616
1483130 616
1483140 617
1483150 617
1483160 617
1483170 618
1483180 618
1483190 618
1483200 619
1483210 619
1483220 619
1483230 619
1483240 620
1483250 620
1483260 620
1483270 621
1483280 621
1483290 621
1483300 622
1483310 623
1483320 623
1483330 623
1483340 623
1483350 623
1483360 623
1483370 624
1483380 624
1483390 624
1483400 625
1483410 625
1483420 625
1483430 625
1483440 625
1483450 626
1483460 626
1483470 626
1483480 626
1483490 627
1483500 627
1483510 627
1483520 627
1483530 627
1483540 627
1483550 628
1483560 628
1483570 628
1483580 628
1483590 628
1483600 628
1483610 628
1483620 628
1483630 628
1483640 628
1483650 628
1483660 628
1483670 628
1483680 628
1483690 629
1483700 628
1483710 628
1483720 628
1483730 628
1483740 628
1483750 628
1483760 628
1483770 628
1483780 628
1483790 628
1483800 628
1483810 627
1483820 627
1483830 627
1483840 627
1483850 626
1483860 626
1483870 626
1483880 626
1483890 626
1483900 625
1483910 625
1483920 625
1483930 625
1483940 625
1483950 625
1483960 625
1483970 624
1483980 624
1483990 624
1484000 623
1484010 623
1484020 623
1484030 622
1484040 622
1484050 622
1484060 622
1484070 622
1484080 622
1484090 622
1484100 622
1484110 622
1484120 622
1484130 622
1484140 622
1484150 622
1484160 622
1484170 622
1484180 622
1484190 622
1484200 622
1484210 622
1484220 622
1484230 622
1484240 623
1484250 623
1484260 623
1484270 623
1484280 623
1484290 623
1484300 623
1484310 624
1484320 624
1484330 623
1484340 623
1484350 623
1484360 623
1484370 623
1484380 623
1484390 623
1484400 622
1484410 622
1484420 622
1484430 622
1484440 622
1484450 621
1484460 621
1484470 621
1484480 620
1484490 620
1484500 620
1484510 619
1484520 619
1484530 619
1484540 619
1484550 618
1484560 618
1484570 618
1484580 617
1484590 617
1484600 617
1484610 617
1484620 617
1484630 616
1484640 616
1484650 616
1484660 615
1484670 615
1484680 615
1484690 615
1484700 614
1484710 614
1484720 614
1484730 614
1484740 614
1484750 613
1484760 612
1484770 612
1484780 612
1484790 612
1484800 612
1484810 611
1484820 611
1484830 611
1484840 610
1484850 610
1484860 610
1484870 609
1484880 608
1484890 608
1484900 607
1484910 606
1484920 606
1484930 605
1484940 605
1484950 605
1484960 604
1484970 603
1484980 603
1484990 602
1485000 602
1485010 602
1485020 601
1485030 600
1485040 600
1485050 599
1485060 598
1485070 598
1485080 597
1485090 596
1485100 596
1485110 596
1485120 595
1485130 595
1485140 595
1485150 594
1485160 593
1485170 593
1485180 592
1485190 592
1485200 592
1485210 591
1485220 590
1485230 590
1485240 589
1485250 588
1485260 588
1485270 588
1485280 587
1485290 587
1485300 587
1485310 586
1485320 586
1485330 586
1485340 586
1485350 586
1485360 585
1485370 585
1485380 585
1485390 585
1485400 585
1485410 585
1485420 585
1485430 585
1485440 585
1485450 585
1485460 585
1485470 585
1485480 585
1485490 585
1485500 585
1485510 585
1485520 585
1485530 585
1485540 585
1485550 585
1485560 585
1485570 584
1485580 584
1485590 584
1485600 584
1485610 584
1485620 584
1485630 583
1485640 583
1485650 583
1485660 582
1485670 582
1485680 582
1485690 582
1485700 581
1485710 581
1485720 580
1485730 580
1485740 580
1485750 579
1485760 579
1485770 579
1485780 579
1485790 580
1485800 580
1485810 581
1485820 581
1485830 581
1485840 582
1485850 582
1485860 582
1485870 582
1485880 582
1485890 582
1485900 582
1485910 582
1485920 582
1485930 582
1485940 582
1485950 582
1485960 581
1485970 579
1485980 579
1485990 578
1486000 577
1486010 577
1486020 576
1486030 576
1486040 576
1486050 577
1486060 578
1486070 578
1486080 579
1486090 579
1486100 579
1486110 579
1486120 578
1486130 577
1486140 577
1486150 576
1486160 576
1486170 576
1486180 576
1486190 576
1486200 576
1486210 577
1486220 577
1486230 577
1486240 577
1486250 578
1486260 578
1486270 578
1486280 579
1486290 579
1486300 579
1486310 579
1486320 579
1486330 579
1486340 579
1486350 579
1486360 579
1486370 579
1486380 579
1486390 580
1486400 580
1486410 580
1486420 580
1486430 579
1486440 579
1486450 579
1486460 579
1486470 579
1486480 579
1486490 578
1486500 578
1486510 577
1486520 577
1486530 577
1486540 576
1486550 575
1486560 575
1486570 575
1486580 574
1486590 574
1486600 572
1486610 571
1486620 571
1486630 570
1486640 570
1486650 570
1486660 569
1486670 569
1486680 569
1486690 569
1486700 569
1486710 569
1486720 569
1486730 569
1486740 569
1486750 569
1486760 570
1486770 570
1486780 570
1486790 570
1486800 570
1486810 571
1486820 571
1486830 571
1486840 572
1486850 572
1486860 572
1486870 572
1486880 572
1486890 572
1486900 573
1486910 573
1486920 573
1486930 573
1486940 574
1486950 574
1486960 574
1486970 574
1486980 574
1486990 575
1487000 575
1487010 575
1487020 575
1487030 575
1487040 576
1487050 576
1487060 576
1487070 576
1487080 576
1487090 576
1487100 576
1487110 576
1487120 576
1487130 576
1487140 576
1487150 576
1487160 576
1487170 576
1487180 575
1487190 575
1487200 575
1487210 575
1487220 574
1487230 574
1487240 574
1487250 574
1487260 574
1487270 573
1487280 572
1487290 572
1487300 572
1487310 571
1487320 571
1487330 571
1487340 570
1487350 570
1487360 570
1487370 569
1487380 569
1487390 569
1487400 568
1487410 568
1487420 567
1487430 567
1487440 567
1487450 566
1487460 565
1487470 565
1487480 564
1487490 563
1487500 563
1487510 561
1487520 559
1487530 559
1487540 559
1487550 558
1487560 558
1487570 558
1487580 557
1487590 557
1487600 557
1487610 557
1487620 557
1487630 556
1487640 556
1487650 556
1487660 555
1487670 555
1487680 555
1487690 554
1487700 554
1487710 554
1487720 553
1487730 553
1487740 553
1487750 552
1487760 551
1487770 551
1487780 551
1487790 550
1487800 550
1487810 549
1487820 546
1487830 546
1487840 544
1487850 544
1487860 544
1487870 544
1487880 543
1487890 543
1487900 542
1487910 544
1487920 544
1487930 545
1487940 545
1487950 544
1487960 544
1487970 543
1487980 543
1487990 543
1488000 543
1488010 544
1488020 544
1488030 544
1488040 545
1488050 545
1488060 546
1488070 547
1488080 547
1488090 548
1488100 549
1488110 549
1488120 551
1488130 552
1488140 552
1488150 554
1488160 555
1488170 555
1488180 556
1488190 556
1488200 556
1488210 556
1488220 557
1488230 557
1488240 560
1488250 562
1488260 562
1488270 563
1488280 564
1488290 564
1488300 564
1488310 564
1488320 564
1488330 564
1488340 565
1488350 565
1488360 566
1488370 567
1488380 567
1488390 568
1488400 568
1488410 568
1488420 568
1488430 568
1488440 568
1488450 568
1488460 568
1488470 568
1488480 568
1488490 567
1488500 567
1488510 566
1488520 564
1488530 564
1488540 564
1488550 563
1488560 563
1488570 563
1488580 564
1488590 564
1488600 565
1488610 566
1488620 566
1488630 567
1488640 567
1488650 567
1488660 568
1488670 569
1488680 569
1488690 569
1488700 570
1488710 570
1488720 570
1488730 570
1488740 570
1488750 570
1488760 570
1488770 570
1488780 570
1488790 570
1488800 570
1488810 569
1488820 569
1488830 569
1488840 569
1488850 570
1488860 570
1488870 571
1488880 572
1488890 573
1488900 573
1488910 574
1488920 575
1488930 575
1488940 575
1488950 576
1488960 576
1488970 577
1488980 578
1488990 578
1489000 578
1489010 579
1489020 579
1489030 579
1489040 580
1489050 580
1489060 580
1489070 581
1489080 581
1489090 581
1489100 581
1489110 581
1489120 582
1489130 582
1489140 582
1489150 582
1489160 582
1489170 582
1489180 582
1489190 582
1489200 582
1489210 582
1489220 581
1489230 581
1489240 581
1489250 581
1489260 581
1489270 580
1489280 580
1489290 580
1489300 579
1489310 578
1489320 578
1489330 578
1489340 577
1489350 577
1489360 575
1489370 574
1489380 574
1489390 572
1489400 571
1489410 571
1489420 570
1489430 570
1489440 570
1489450 569
1489460 569
1489470 569
1489480 569
1489490 569
1489500 569
1489510 569
1489520 570
1489530 570
1489540 570
1489550 571
1489560 571
1489570 572
1489580 573
1489590 573
1489600 574
1489610 575
1489620 575
1489630 576
1489640 577
1489650 577
1489660 578
1489670 579
1489680 579
1489690 580
1489700 581
1489710 581
1489720 582
1489730 583
1489740 583
1489750 583
1489760 584
1489770 584
1489780 584
1489790 585
1489800 585
1489810 585
1489820 585
1489830 586
1489840 586
1489850 586
1489860 586
1489870 586
1489880 586
1489890 586
1489900 586
1489910 586
1489920 586
1489930 586
1489940 585
1489950 585
1489960 585
1489970 584
1489980 583
1489990 583
1490000 581
1490010 580
1490020 580
1490030 578
1490040 577
1490050 577
1490060 576
1490070 574
1490080 574
1490090 573
1490100 573
1490110 573
1490120 573
1490130 573
1490140 573
1490150 573
1490160 574
1490170 574
1490180 575
1490190 576
1490200 576
1490210 577
1490220 578
1490230 578
1490240 580
1490250 581
1490260 581
1490270 582
1490280 584
1490290 584
1490300 585
1490310 587
1490320 587
1490330 588
1490340 589
1490350 589
1490360 590
1490370 591
1490380 591
1490390 592
1490400 593
1490410 593
1490420 593
1490430 594
1490440 594
1490450 595
1490460 595
1490470 595
1490480 596
1490490 596
1490500 596
1490510 597
1490520 598
1490530 598
1490540 598
1490550 599
1490560 599
1490570 599
1490580 599
1490590 599
1490600 600
1490610 600
1490620 600
1490630 600
1490640 600
1490650 600
1490660 600
1490670 600
1490680 600
1490690 599
1490700 599
1490710 599
1490720 599
1490730 599
1490740 599
1490750 599
1490760 599
1490770 599
1490780 599
1490790 599
1490800 599
1490810 599
1490820 599
1490830 599
1490840 599
1490850 599
1490860 598
1490870 598
1490880 598
1490890 598
1490900 598
1490910 598
1490920 598
1490930 598
1490940 597
1490950 597
1490960 597
1490970 597
1490980 597
1490990 597
1491000 597
1491010 597
1491020 597
1491030 597
1491040 596
1491050 596
1491060 596
1491070 596
1491080 596
1491090 596
1491100 595
1491110 595
1491120 595
1491130 595
1491140 595
1491150 595
1491160 594
1491170 594
1491180 594
1491190 593
1491200 593
1491210 593
1491220 592
1491230 592
1491240 591
1491250 590
1491260 590
1491270 589
1491280 587
1491290 587
1491300 586
1491310 584
1491320 584
1491330 583
1491340 582
1491350 582
1491360 581
1491370 580
1491380 580
1491390 579
1491400 578
1491410 578
1491420 577
1491430 576
1491440 576
1491450 575
1491460 574
1491470 574
1491480 573
1491490 572
1491500 572
1491510 572
1491520 571
1491530 571
1491540 571
1491550 570
1491560 570
1491570 570
1491580 569
1491590 569
1491600 568
1491610 567
1491620 567
1491630 567
1491640 566
1491650 566
1491660 566
1491670 565
1491680 564
1491690 564
1491700 564
1491710 563
1491720 563
1491730 562
1491740 561
1491750 561
1491760 561
1491770 560
1491780 560
1491790 559
1491800 559
1491810 559
1491820 558
1491830 557
1491840 557
1491850 556
1491860 556
1491870 556
1491880 555
1491890 554
1491900 554
1491910 553
1491920 553
1491930 553
1491940 552
1491950 552
1491960 552
1491970 551
1491980 551
1491990 551
1492000 550
1492010 549
1492020 549
1492030 549
1492040 548
1492050 548
1492060 548
1492070 548
1492080 548
1492090 546
1492100 546
1492110 546
1492120 546
1492130 547
1492140 547
1492150 548
1492160 549
1492170 549
1492180 550
1492190 552
1492200 552
1492210 553
1492220 554
1492230 554
1492240 556
1492250 557
1492260 557
1492270 558
1492280 559
1492290 559
1492300 559
1492310 560
1492320 560
1492330 560
1492340 561
1492350 561
1492360 561
1492370 562
1492380 562
1492390 562
1492400 562
1492410 562
1492420 561
1492430 561
1492440 561
1492450 561
1492460 560
1492470 560
1492480 560
1492490 559
1492500 559
1492510 559
1492520 558
1492530 558
1492540 556
1492550 555
1492560 555
1492570 554
1492580 553
1492590 553
1492600 551
1492610 551
1492620 550
1492630 550
1492640 549
1492650 548
1492660 548
1492670 547
1492680 546
1492690 546
1492700 545
1492710 544
1492720 544
1492730 543
1492740 543
1492750 543
1492760 543
1492770 542
1492780 542
1492790 542
1492800 542
1492810 542
1492820 542
1492830 541
1492840 541
1492850 541
1492860 540
1492870 540
1492880 540
1492890 539
1492900 539
1492910 539
1492920 538
1492930 538
1492940 537
1492950 536
1492960 536
1492970 536
1492980 536
1492990 536
1493000 535
1493010 535
1493020 535
1493030 535
1493040 535
1493050 535
1493060 535
1493070 535
1493080 535
1493090 536
1493100 537
1493110 537
1493120 537
1493130 538
1493140 538
1493150 539
1493160 539
1493170 539
1493180 539
1493190 540
1493200 540
1493210 540
1493220 540
1493230 540
1493240 540
1493250 541
1493260 541
1493270 541
1493280 540
1493290 540
1493300 540
1493310 540
1493320 540
1493330 539
1493340 539
1493350 539
1493360 539
1493370 539
1493380 539
1493390 539
1493400 539
1493410 539
1493420 538
1493430 538
1493440 538
1493450 538
1493460 537
1493470 537
1493480 537
1493490 534
1493500 534
1493510 532
1493520 532
1493530 532
1493540 532
1493550 532
1493560 531
1493570 531
1493580 531
1493590 532
1493600 532
1493610 533
1493620 534
1493630 534
1493640 535
1493650 536
1493660 536
1493670 538
1493680 539
1493690 539
1493700 541
1493710 542
1493720 542
1493730 543
1493740 545
1493750 545
1493760 546
1493770 548
1493780 548
1493790 549
1493800 550
1493810 550
1493820 552
1493830 553
1493840 553
1493850 555
1493860 556
1493870 556
1493880 557
1493890 558
1493900 558
1493910 559
1493920 560
1493930 560
1493940 561
1493950 562
1493960 562
1493970 563
1493980 564
1493990 564
1494000 565
1494010 565
1494020 565
1494030 566
1494040 567
1494050 567
1494060 567
1494070 568
1494080 568
1494090 568
1494100 569
1494110 569
1494120 569
1494130 569
1494140 569
1494150 570
1494160 570
1494170 570
1494180 570
1494190 570
1494200 570
1494210 570
1494220 570
1494230 570
1494240 569
1494250 569
1494260 569
1494270 569
1494280 568
1494290 568
1494300 568
1494310 567
1494320 567
1494330 566
1494340 565
1494350 565
1494360 564
1494370 563
1494380 563
1494390 563
1494400 562
1494410 562
1494420 560
1494430 559
1494440 559
1494450 558
1494460 558
1494470 557
1494480 557
1494490 557
1494500 557
1494510 557
1494520 557
1494530 557
1494540 557
1494550 558
1494560 558
1494570 558
1494580 558
1494590 559
1494600 559
1494610 559
1494620 559
1494630 559
1494640 559
1494650 560
1494660 560
1494670 560
1494680 560
1494690 560
1494700 560
1494710 560
1494720 560
1494730 560
1494740 559
1494750 559
1494760 559
1494770 559
1494780 559
1494790 559
1494800 559
1494810 559
1494820 558
1494830 558
1494840 558
1494850 558
1494860 557
1494870 557
1494880 557
1494890 557
1494900 557
1494910 557
1494920 557
1494930 557
1494940 556
1494950 556
1494960 556
1494970 556
1494980 556
1494990 556
1495000 556
1495010 556
1495020 556
1495030 556
1495040 556
1495050 556
1495060 556
1495070 556
1495080 556
1495090 556
1495100 556
1495110 556
1495120 556
1495130 556
1495140 556
1495150 556
1495160 556
1495170 556
1495180 556
1495190 556
1495200 556
1495210 556
1495220 557
1495230 557
1495240 556
1495250 556
1495260 556
1495270 556
1495280 556
1495290 556
1495300 556
1495310 556
1495320 556
1495330 556
1495340 555
1495350 555
1495360 555
1495370 555
1495380 555
1495390 554
1495400 554
1495410 553
1495420 553
1495430 552
1495440 551
1495450 551
1495460 550
1495470 549
1495480 549
1495490 549
1495500 548
1495510 548
1495520 547
1495530 547
1495540 547
1495550 546
1495560 546
1495570 546
1495580 546
1495590 545
1495600 545
1495610 545
1495620 545
1495630 545
1495640 545
1495650 545
1495660 545
1495670 544
1495680 544
1495690 544
1495700 544
1495710 543
1495720 543
1495730 543
1495740 543
1495750 543
1495760 542
1495770 542
1495780 542
1495790 541
1495800 540
1495810 540
1495820 540
1495830 539
1495840 539
1495850 539
1495860 539
1495870 539
1495880 539
1495890 540
1495900 540
1495910 540
1495920 540
1495930 540
1495940 540
1495950 541
1495960 541
1495970 541
1495980 541
1495990 541
1496000 541
1496010 542
1496020 542
1496030 542
1496040 542
1496050 542
1496060 543
1496070 543
1496080 543
1496090 543
1496100 544
1496110 544
1496120 545
1496130 545
1496140 545
1496150 545
1496160 545
1496170 545
1496180 546
1496190 546
1496200 546
1496210 546
1496220 547
1496230 547
1496240 547
1496250 547
1496260 547
1496270 548
1496280 548
1496290 548
1496300 548
1496310 548
1496320 548
1496330 548
1496340 548
1496350 548
1496360 548
1496370 547
1496380 547
1496390 547
1496400 547
1496410 546
1496420 546
1496430 546
1496440 545
1496450 545
1496460 544
1496470 543
1496480 543
1496490 542
1496500 541
1496510 541
1496520 540
1496530 539
1496540 539
1496550 537
1496560 537
1496570 537
1496580 536
1496590 535
1496600 535
1496610 535
1496620 535
1496630 535
1496640 538
1496650 539
1496660 539
1496670 541
1496680 542
1496690 542
1496700 543
1496710 543
1496720 543
1496730 544
1496740 544
1496750 544
1496760 545
1496770 546
1496780 546
1496790 547
1496800 549
1496810 549
1496820 550
1496830 551
1496840 551
1496850 551
1496860 551
1496870 551
1496880 551
1496890 552
1496900 552
1496910 553
1496920 553
1496930 553
1496940 554
1496950 554
1496960 554
1496970 554
1496980 554
1496990 554
1497000 554
1497010 555
1497020 555
1497030 555
1497040 554
1497050 554
1497060 554
1497070 554
1497080 554
1497090 553
1497100 553
1497110 553
1497120 553
1497130 552
1497140 552
1497150 552
1497160 552
1497170 552
1497180 551
1497190 551
1497200 551
1497210 550
1497220 550
1497230 550
1497240 549
1497250 547
1497260 547
1497270 546
1497280 545
1497290 543
1497300 543
1497310 541
1497320 539
1497330 539
1497340 537
1497350 535
1497360 535
1497370 534
1497380 533
1497390 533
1497400 531
1497410 530
1497420 530
1497430 529
1497440 528
1497450 528
1497460 527
1497470 526
1497480 526
1497490 525
1497500 524
1497510 524
1497520 524
1497530 523
1497540 523
1497550 521
1497560 520
1497570 520
1497580 519
1497590 518
1497600 518
1497610 517
1497620 516
1497630 516
1497640 514
1497650 509
1497660 509
1497670 504
1497680 504
1497690 504
1497700 503
1497710 502
1497720 502
1497730 501
1497740 500
1497750 500
1497760 499
1497770 498
1497780 498
1497790 498
1497800 498
1497810 498
1497820 497
1497830 497
1497840 497
1497850 498
1497860 498
1497870 498
1497880 498
1497890 498
1497900 498
1497910 497
1497920 497
1497930 497
1497940 497
1497950 497
1497960 497
1497970 497
1497980 497
1497990 497
1498000 497
1498010 497
1498020 497
1498030 497
1498040 497
1498050 497
1498060 497
1498070 497
1498080 497
1498090 497
1498100 497
1498110 497
1498120 497
1498130 497
1498140 497
1498150 497
1498160 497
1498170 497
1498180 497
1498190 497
1498200 497
1498210 497
1498220 497
1498230 497
1498240 497
1498250 497
1498260 497
1498270 497
1498280 497
1498290 497
1498300 497
1498310 497
1498320 496
1498330 496
1498340 496
1498350 496
1498360 496
1498370 496
1498380 496
1498390 496
1498400 496
1498410 496
1498420 496
1498430 495
1498440 494
1498450 494
1498460 494
1498470 495
1498480 495
1498490 496
1498500 495
1498510 495
1498520 496
1498530 495
1498540 495
1498550 495
1498560 495
1498570 495
1498580 495
1498590 495
1498600 495
1498610 495
1498620 495
1498630 495
1498640 495
1498650 496
1498660 496
1498670 497
1498680 498
1498690 498
1498700 498
1498710 497
1498720 497
1498730 496
1498740 495
1498750 495
1498760 495
1498770 496
1498780 496
1498790 498
1498800 499
1498810 499
1498820 500
1498830 501
1498840 501
1498850 502
1498860 504
1498870 504
1498880 506
1498890 509
1498900 509
1498910 511
1498920 514
1498930 514
1498940 517
1498950 518
1498960 518
1498970 519
1498980 519
1498990 519
1499000 520
1499010 520
1499020 520
1499030 520
1499040 520
1499050 520
1499060 520
1499070 520
1499080 520
1499090 520
1499100 521
1499110 521
1499120 521
1499130 521
1499140 520
1499150 520
1499160 520
1499170 520
1499180 520
1499190 520
1499200 520
1499210 520
1499220 520
1499230 519
1499240 519
1499250 519
1499260 518
1499270 518
1499280 518
1499290 517
1499300 517
1499310 517
1499320 516
1499330 516
1499340 516
1499350 516
1499360 516
1499370 516
1499380 516
1499390 516
1499400 516
1499410 515
1499420 515
1499430 514
1499440 513
1499450 513
1499460 511
1499470 510
1499480 510
1499490 510
1499500 511
1499510 511
1499520 512
1499530 513
1499540 513
1499550 515
1499560 516
1499570 516
1499580 517
1499590 517
1499600 517
1499610 518
1499620 518
1499630 518
1499640 518
1499650 519
1499660 519
1499670 520
1499680 521
1499690 521
1499700 522
1499710 522
1499720 522
1499730 522
1499740 523
1499750 523
1499760 523
1499770 523
1499780 523
1499790 524
1499800 524
1499810 524
1499820 524
1499830 524
1499840 524
1499850 524
1499860 524
1499870 524
1499880 523
1499890 523
1499900 523
1499910 523
1499920 523
1499930 523
1499940 523
1499950 523
1499960 523
1499970 522
1499980 522
1499990 522
