1480000 603
1480010 603
1480020 602
1480030 602
1480040 602
1480050 602
1480060 601
1480070 601
1480080 601
1480090 601
1480100 601
1480110 600
1480120 600
1480130 600
1480140 600
1480150 600
1480160 600
1480170 599
1480180 599
1480190 599
1480200 599
1480210 598
1480220 598
1480230 598
1480240 598
1480250 598
1480260 598
1480270 598
1480280 598
1480290 598
1480300 598
1480310 598
1480320 598
1480330 598
1480340 598
1480350 598
1480360 598
1480370 598
1480380 598
1480390 598
1480400 597
1480410 597
1480420 597
1480430 597
1480440 597
1480450 596
1480460 596
1480470 596
1480480 596
1480490 596
1480500 596
1480510 596
1480520 596
1480530 596
1480540 596
1480550 596
1480560 596
1480570 597
1480580 597
1480590 597
1480600 597
1480610 597
1480620 597
1480630 597
1480640 597
1480650 597
1480660 597
1480670 597
1480680 597
1480690 597
1480700 597
1480710 597
1480720 597
1480730 596
1480740 596
1480750 596
1480760 596
1480770 596
1480780 596
1480790 597
1480800 597
1480810 597
1480820 597
1480830 597
1480840 597
1480850 597
1480860 597
1480870 597
1480880 597
1480890 597
1480900 597
1480910 597
1480920 597
1480930 597
1480940 597
1480950 597
1480960 597
1480970 597
1480980 597
1480990 597
1481000 597
1481010 597
1481020 596
1481030 596
1481040 596
1481050 596
1481060 596
1481070 596
1481080 596
1481090 595
1481100 595
1481110 594
1481120 593
1481130 593
1481140 593
1481150 593
1481160 593
1481170 593
1481180 593
1481190 593
1481200 593
1481210 593
1481220 593
1481230 593
1481240 593
1481250 593
1481260 593
1481270 593
1481280 593
1481290 593
1481300 593
1481310 594
1481320 594
1481330 593
1481340 593
1481350 593
1481360 593
1481370 593
1481380 593
1481390 593
1481400 593
1481410 593
1481420 592
1481430 592
1481440 592
1481450 592
1481460 591
1481470 591
1481480 591
1481490 590
1481500 590
1481510 589
1481520 588
1481530 588
1481540 587
1481550 586
1481560 586
1481570 586
1481580 586
1481590 586
1481600 585
1481610 585
1481620 585
1481630 584
1481640 584
1481650 584
1481660 584
1481670 584
1481680 584
1481690 584
1481700 585
1481710 585
1481720 586
1481730 587
1481740 587
1481750 588
1481760 589
1481770 589
1481780 590
1481790 591
1481800 591
1481810 591
1481820 592
1481830 592
1481840 593
1481850 593
1481860 593
1481870 594
1481880 594
1481890 594
1481900 595
1481910 596
1481920 596
1481930 596
1481940 597
1481950 597
1481960 597
1481970 598
1481980 598
1481990 598
1482000 599
1482010 599
1482020 599
1482030 600
1482040 600
1482050 600
1482060 600
1482070 600
1482080 601
1482090 601
1482100 601
1482110 601
1482120 602
1482130 602
1482140 602
1482150 602
1482160 602
1482170 603
1482180 603
1482190 603
1482200 603
1482210 603
1482220 604
1482230 604
1482240 604
1482250 604
1482260 604
1482270 604
1482280 604
1482290 604
1482300 604
1482310 604
1482320 604
1482330 604
1482340 604
1482350 604
1482360 604
1482370 603
1482380 603
1482390 603
1482400 603
1482410 603
1482420 603
1482430 602
1482440 602
1482450 602
1482460 602
1482470 602
1482480 601
1482490 601
1482500 601
1482510 600
1482520 599
1482530 599
1482540 599
1482550 598
1482560 598
1482570 597
1482580 597
1482590 597
1482600 596
1482610 595
1482620 595
1482630 594
1482640 594
1482650 594
1482660 593
1482670 593
1482680 593
1482690 593
1482700 593
1482710 593
1482720 593
1482730 592
1482740 592
1482750 592
1482760 592
1482770 592
1482780 592
1482790 591
1482800 591
1482810 591
1482820 590
1482830 590
1482840 590
1482850 590
1482860 590
1482870 589
1482880 588
1482890 588
1482900 587
1482910 587
1482920 587
1482930 586
1482940 585
1482950 585
1482960 585
1482970 584
1482980 584
1482990 584
1483000 583
1483010 583
1483020 583
1483030 582
1483040 582
1483050 582
1483060 582
1483070 582
1483080 582
1483090 581
1483100 581
1483110 581
1483120 580
1483130 580
1483140 580
1483150 579
1483160 579
1483170 579
1483180 578
1483190 578
1483200 578
1483210 578
1483220 578
1483230 578
1483240 578
1483250 578
1483260 578
1483270 578
1483280 578
1483290 578
1483300 578
1483310 579
1483320 579
1483330 579
1483340 579
1483350 579
1483360 578
1483370 578
1483380 578
1483390 578
1483400 577
1483410 577
1483420 577
1483430 576
1483440 576
1483450 575
1483460 575
1483470 575
1483480 574
1483490 574
1483500 574
1483510 575
1483520 576
1483530 576
1483540 577
1483550 579
1483560 579
1483570 580
1483580 581
1483590 581
1483600 582
1483610 583
1483620 583
1483630 584
1483640 585
1483650 585
1483660 585
1483670 586
1483680 586
1483690 587
1483700 587
1483710 587
1483720 588
1483730 589
1483740 589
1483750 589
1483760 590
1483770 590
1483780 590
1483790 590
1483800 590
1483810 591
1483820 591
1483830 591
1483840 591
1483850 592
1483860 592
1483870 592
1483880 592
1483890 592
1483900 592
1483910 592
1483920 592
1483930 592
1483940 591
1483950 591
1483960 591
1483970 590
1483980 590
1483990 589
1484000 588
1484010 588
1484020 587
1484030 587
1484040 587
1484050 586
1484060 585
1484070 585
1484080 585
1484090 584
1484100 584
1484110 584
1484120 583
1484130 583
1484140 583
1484150 582
1484160 582
1484170 580
1484180 579
1484190 578
1484200 578
1484210 578
1484220 577
1484230 577
1484240 577
1484250 577
1484260 577
1484270 577
1484280 577
1484290 577
1484300 578
1484310 578
1484320 578
1484330 578
1484340 579
1484350 579
1484360 579
1484370 580
1484380 580
1484390 580
1484400 581
1484410 581
1484420 582
1484430 583
1484440 583
1484450 585
1484460 586
1484470 586
1484480 587
1484490 588
1484500 588
1484510 588
1484520 589
1484530 589
1484540 590
1484550 591
1484560 591
1484570 592
1484580 592
1484590 592
1484600 593
1484610 594
1484620 594
1484630 595
1484640 596
1484650 596
1484660 597
1484670 598
1484680 598
1484690 599
1484700 600
1484710 600
1484720 601
1484730 602
1484740 602
1484750 602
1484760 603
1484770 603
1484780 604
1484790 604
1484800 604
1484810 605
1484820 605
1484830 605
1484840 606
1484850 606
1484860 606
1484870 607
1484880 608
1484890 608
1484900 608
1484910 609
1484920 609
1484930 609
1484940 609
1484950 609
1484960 610
1484970 610
1484980 610
1484990 611
1485000 611
1485010 611
1485020 611
1485030 611
1485040 611
1485050 611
1485060 612
1485070 612
1485080 612
1485090 611
1485100 611
1485110 611
1485120 611
1485130 611
1485140 611
1485150 610
1485160 610
1485170 610
1485180 609
1485190 608
1485200 608
1485210 608
1485220 607
1485230 607
1485240 606
1485250 606
1485260 606
1485270 605
1485280 605
1485290 605
1485300 604
1485310 603
1485320 603
1485330 603
1485340 602
1485350 602
1485360 602
1485370 601
1485380 601
1485390 600
1485400 600
1485410 600
1485420 599
1485430 598
1485440 598
1485450 598
1485460 597
1485470 597
1485480 596
1485490 595
1485500 595
1485510 595
1485520 594
1485530 594
1485540 593
1485550 592
1485560 592
1485570 592
1485580 591
1485590 591
1485600 590
1485610 590
1485620 590
1485630 588
1485640 588
1485650 588
1485660 587
1485670 586
1485680 586
1485690 586
1485700 585
1485710 585
1485720 585
1485730 584
1485740 584
1485750 584
1485760 583
1485770 583
1485780 582
1485790 582
1485800 582
1485810 582
1485820 582
1485830 582
1485840 584
1485850 585
1485860 585
1485870 586
1485880 587
1485890 587
1485900 589
1485910 590
1485920 590
1485930 591
1485940 592
1485950 592
1485960 593
1485970 594
1485980 594
1485990 595
1486000 596
1486010 596
1486020 596
1486030 597
1486040 597
1486050 598
1486060 599
1486070 599
1486080 600
1486090 601
1486100 601
1486110 602
1486120 603
1486130 603
1486140 604
1486150 604
1486160 604
1486170 605
1486180 606
1486190 607
1486200 607
1486210 607
1486220 608
1486230 608
1486240 609
1486250 609
1486260 609
1486270 610
1486280 610
1486290 610
1486300 611
1486310 611
1486320 611
1486330 612
1486340 612
1486350 612
1486360 613
1486370 613
1486380 613
1486390 613
1486400 614
1486410 614
1486420 614
1486430 614
1486440 614
1486450 615
1486460 615
1486470 615
1486480 615
1486490 615
1486500 615
1486510 615
1486520 615
1486530 615
1486540 615
1486550 615
1486560 615
1486570 615
1486580 615
1486590 615
1486600 615
1486610 615
1486620 615
1486630 615
1486640 615
1486650 615
1486660 615
1486670 615
1486680 615
1486690 614
1486700 614
1486710 614
1486720 614
1486730 614
1486740 614
1486750 613
1486760 613
1486770 613
1486780 612
1486790 612
1486800 612
1486810 612
1486820 611
1486830 611
1486840 611
1486850 610
1486860 610
1486870 610
1486880 609
1486890 609
1486900 609
1486910 608
1486920 608
1486930 608
1486940 607
1486950 607
1486960 607
1486970 606
1486980 606
1486990 606
1487000 605
1487010 605
1487020 605
1487030 604
1487040 604
1487050 604
1487060 603
1487070 602
1487080 601
1487090 601
1487100 601
1487110 600
1487120 600
1487130 600
1487140 599
1487150 598
1487160 598
1487170 598
1487180 597
1487190 597
1487200 597
1487210 596
1487220 596
1487230 596
1487240 595
1487250 594
1487260 594
1487270 594
1487280 593
1487290 593
1487300 593
1487310 592
1487320 592
1487330 592
1487340 592
1487350 592
1487360 591
1487370 591
1487380 591
1487390 591
1487400 591
1487410 591
1487420 591
1487430 591
1487440 591
1487450 590
1487460 590
1487470 590
1487480 590
1487490 590
1487500 590
1487510 590
1487520 590
1487530 590
1487540 590
1487550 590
1487560 590
1487570 589
1487580 589
1487590 589
1487600 588
1487610 588
1487620 588
1487630 588
1487640 588
1487650 588
1487660 587
1487670 587
1487680 587
1487690 587
1487700 588
1487710 588
1487720 589
1487730 590
1487740 590
1487750 591
1487760 591
1487770 591
1487780 592
1487790 592
1487800 592
1487810 593
1487820 594
1487830 594
1487840 594
1487850 595
1487860 595
1487870 596
1487880 597
1487890 597
1487900 598
1487910 598
1487920 598
1487930 599
1487940 600
1487950 600
1487960 601
1487970 602
1487980 602
1487990 602
1488000 604
1488010 604
1488020 605
1488030 605
1488040 605
1488050 606
1488060 607
1488070 607
1488080 608
1488090 609
1488100 609
1488110 610
1488120 610
1488130 610
1488140 610
1488150 611
1488160 611
1488170 612
1488180 612
1488190 613
1488200 613
1488210 614
1488220 615
1488230 615
1488240 616
1488250 617
1488260 617
1488270 617
1488280 618
1488290 618
1488300 618
1488310 619
1488320 619
1488330 620
1488340 621
1488350 621
1488360 622
1488370 623
1488380 623
1488390 623
1488400 624
1488410 624
1488420 625
1488430 626
1488440 626
1488450 626
1488460 627
1488470 627
1488480 628
1488490 628
1488500 628
1488510 629
1488520 629
1488530 629
1488540 630
1488550 630
1488560 630
1488570 631
1488580 632
1488590 632
1488600 632
1488610 633
1488620 633
1488630 633
1488640 633
1488650 633
1488660 634
1488670 634
1488680 634
1488690 635
1488700 635
1488710 635
1488720 636
1488730 636
1488740 636
1488750 636
1488760 637
1488770 637
1488780 637
1488790 637
1488800 637
1488810 637
1488820 637
1488830 637
1488840 638
1488850 638
1488860 638
1488870 638
1488880 637
1488890 637
1488900 637
1488910 637
1488920 637
1488930 636
1488940 636
1488950 636
1488960 635
1488970 634
1488980 634
1488990 633
1489000 632
1489010 632
1489020 631
1489030 630
1489040 630
1489050 629
1489060 627
1489070 627
1489080 624
1489090 621
1489100 621
1489110 620
1489120 619
1489130 619
1489140 618
1489150 618
1489160 618
1489170 617
1489180 616
1489190 615
1489200 615
1489210 614
1489220 613
1489230 613
1489240 611
1489250 610
1489260 610
1489270 609
1489280 608
1489290 608
1489300 607
1489310 606
1489320 606
1489330 605
1489340 604
1489350 604
1489360 603
1489370 602
1489380 602
1489390 600
1489400 599
1489410 599
1489420 598
1489430 597
1489440 597
1489450 597
1489460 596
1489470 596
1489480 596
1489490 595
1489500 595
1489510 595
1489520 595
1489530 595
1489540 595
1489550 594
1489560 594
1489570 593
1489580 592
1489590 592
1489600 591
1489610 590
1489620 590
1489630 589
1489640 589
1489650 589
1489660 588
1489670 588
1489680 588
1489690 587
1489700 586
1489710 586
1489720 585
1489730 585
1489740 585
1489750 584
1489760 583
1489770 583
1489780 583
1489790 582
1489800 582
1489810 583
1489820 583
1489830 583
1489840 586
1489850 591
1489860 591
1489870 592
1489880 593
1489890 593
1489900 594
1489910 595
1489920 595
1489930 597
1489940 599
1489950 599
1489960 600
1489970 602
1489980 602
1489990 604
1490000 607
1490010 607
1490020 609
1490030 611
1490040 611
1490050 613
1490060 616
1490070 616
1490080 618
1490090 620
1490100 620
1490110 622
1490120 624
1490130 624
1490140 626
1490150 627
1490160 627
1490170 629
1490180 630
1490190 631
1490200 631
1490210 633
1490220 634
1490230 634
1490240 636
1490250 637
1490260 637
1490270 639
1490280 639
1490290 639
1490300 640
1490310 640
1490320 640
1490330 640
1490340 640
1490350 640
1490360 640
1490370 639
1490380 639
1490390 638
1490400 638
1490410 638
1490420 637
1490430 636
1490440 636
1490450 636
1490460 634
1490470 634
1490480 633
1490490 631
1490500 631
1490510 629
1490520 625
1490530 625
1490540 622
1490550 618
1490560 618
1490570 615
1490580 613
1490590 613
1490600 615
1490610 617
1490620 617
1490630 619
1490640 620
1490650 620
1490660 620
1490670 621
1490680 621
1490690 621
1490700 620
1490710 620
1490720 619
1490730 619
1490740 619
1490750 620
1490760 621
1490770 621
1490780 622
1490790 623
1490800 623
1490810 623
1490820 624
1490830 624
1490840 625
1490850 627
1490860 627
1490870 628
1490880 630
1490890 630
1490900 631
1490910 633
1490920 633
1490930 635
1490940 637
1490950 637
1490960 638
1490970 639
1490980 639
1490990 640
1491000 641
1491010 641
1491020 641
1491030 642
1491040 642
1491050 642
1491060 643
1491070 643
1491080 643
1491090 644
1491100 644
1491110 644
1491120 645
1491130 645
1491140 645
1491150 644
1491160 644
1491170 644
1491180 644
1491190 643
1491200 643
1491210 643
1491220 643
1491230 643
1491240 642
1491250 641
1491260 641
1491270 640
1491280 639
1491290 639
1491300 638
1491310 637
1491320 637
1491330 636
1491340 634
1491350 634
1491360 633
1491370 631
1491380 631
1491390 630
1491400 628
1491410 628
1491420 627
1491430 626
1491440 626
1491450 624
1491460 623
1491470 623
1491480 622
1491490 620
1491500 620
1491510 618
1491520 616
1491530 616
1491540 614
1491550 611
1491560 611
1491570 609
1491580 606
1491590 606
1491600 604
1491610 602
1491620 602
1491630 600
1491640 598
1491650 598
1491660 596
1491670 595
1491680 595
1491690 594
1491700 592
1491710 592
1491720 590
1491730 589
1491740 589
1491750 588
1491760 587
1491770 587
1491780 586
1491790 585
1491800 585
1491810 584
1491820 583
1491830 583
1491840 583
1491850 582
1491860 582
1491870 581
1491880 579
1491890 579
1491900 578
1491910 577
1491920 577
1491930 576
1491940 575
1491950 575
1491960 573
1491970 571
1491980 571
1491990 569
1492000 567
1492010 567
1492020 565
1492030 562
1492040 562
1492050 561
1492060 559
1492070 559
1492080 559
1492090 558
1492100 558
1492110 557
1492120 557
1492130 557
1492140 556
1492150 556
1492160 556
1492170 556
1492180 556
1492190 555
1492200 555
1492210 555
1492220 555
1492230 555
1492240 554
1492250 554
1492260 554
1492270 554
1492280 554
1492290 554
1492300 554
1492310 554
1492320 554
1492330 554
1492340 553
1492350 553
1492360 552
1492370 551
1492380 551
1492390 549
1492400 548
1492410 548
1492420 547
1492430 547
1492440 547
1492450 547
1492460 546
1492470 546
1492480 546
1492490 546
1492500 546
1492510 546
1492520 546
1492530 546
1492540 546
1492550 545
1492560 545
1492570 545
1492580 544
1492590 544
1492600 544
1492610 544
1492620 544
1492630 543
1492640 543
1492650 543
1492660 542
1492670 542
1492680 542
1492690 542
1492700 542
1492710 542
1492720 542
1492730 541
1492740 541
1492750 541
1492760 540
1492770 540
1492780 540
1492790 539
1492800 539
1492810 539
1492820 539
1492830 539
1492840 538
1492850 538
1492860 538
1492870 538
1492880 538
1492890 538
1492900 538
1492910 538
1492920 538
1492930 538
1492940 537
1492950 537
1492960 537
1492970 538
1492980 538
1492990 538
1493000 538
1493010 538
1493020 538
1493030 540
1493040 540
1493050 542
1493060 543
1493070 543
1493080 543
1493090 543
1493100 543
1493110 544
1493120 545
1493130 545
1493140 547
1493150 548
1493160 548
1493170 549
1493180 550
1493190 551
1493200 551
1493210 550
1493220 550
1493230 550
1493240 551
1493250 550
1493260 550
1493270 550
1493280 549
1493290 549
1493300 548
1493310 547
1493320 547
1493330 547
1493340 547
1493350 547
1493360 546
1493370 546
1493380 546
1493390 546
1493400 547
1493410 547
1493420 547
1493430 548
1493440 548
1493450 548
1493460 549
1493470 549
1493480 549
1493490 550
1493500 550
1493510 550
1493520 550
1493530 550
1493540 550
1493550 550
1493560 550
1493570 550
1493580 550
1493590 550
1493600 550
1493610 550
1493620 550
1493630 550
1493640 549
1493650 549
1493660 549
1493670 549
1493680 549
1493690 549
1493700 549
1493710 549
1493720 549
1493730 549
1493740 549
1493750 549
1493760 549
1493770 549
1493780 549
1493790 548
1493800 548
1493810 548
1493820 548
1493830 548
1493840 548
1493850 548
1493860 548
1493870 548
1493880 548
1493890 548
1493900 548
1493910 548
1493920 548
1493930 548
1493940 547
1493950 547
1493960 547
1493970 547
1493980 547
1493990 546
1494000 546
1494010 546
1494020 545
1494030 545
1494040 545
1494050 544
1494060 544
1494070 544
1494080 543
1494090 542
1494100 542
1494110 542
1494120 541
1494130 541
1494140 540
1494150 539
1494160 538
1494170 538
1494180 537
1494190 536
1494200 536
1494210 535
1494220 534
1494230 534
1494240 533
1494250 533
1494260 533
1494270 532
1494280 532
1494290 532
1494300 531
1494310 530
1494320 530
1494330 530
1494340 529
1494350 529
1494360 527
1494370 526
1494380 526
1494390 525
1494400 524
1494410 524
1494420 522
1494430 522
1494440 522
1494450 521
1494460 521
1494470 521
1494480 521
1494490 522
1494500 522
1494510 521
1494520 521
1494530 521
1494540 521
1494550 521
1494560 521
1494570 521
1494580 521
1494590 521
1494600 521
1494610 521
1494620 521
1494630 521
1494640 521
1494650 521
1494660 521
1494670 521
1494680 521
1494690 521
1494700 522
1494710 522
1494720 522
1494730 522
1494740 522
1494750 522
1494760 522
1494770 522
1494780 522
1494790 522
1494800 522
1494810 522
1494820 522
1494830 522
1494840 522
1494850 522
1494860 522
1494870 522
1494880 522
1494890 522
1494900 522
1494910 522
1494920 522
1494930 521
1494940 521
1494950 521
1494960 521
1494970 521
1494980 521
1494990 521
1495000 521
1495010 521
1495020 522
1495030 522
1495040 522
1495050 522
1495060 522
1495070 522
1495080 522
1495090 521
1495100 521
1495110 521
1495120 521
1495130 521
1495140 521
1495150 521
1495160 521
1495170 521
1495180 521
1495190 521
1495200 521
1495210 521
1495220 521
1495230 521
1495240 521
1495250 521
1495260 521
1495270 521
1495280 520
1495290 520
1495300 520
1495310 520
1495320 520
1495330 520
1495340 520
1495350 520
1495360 520
1495370 520
1495380 520
1495390 520
1495400 520
1495410 520
1495420 520
1495430 520
1495440 520
1495450 520
1495460 520
1495470 520
1495480 520
1495490 521
1495500 521
1495510 521
1495520 521
1495530 521
1495540 521
1495550 521
1495560 521
1495570 522
1495580 522
1495590 522
1495600 522
1495610 522
1495620 522
1495630 522
1495640 522
1495650 522
1495660 522
1495670 522
1495680 522
1495690 522
1495700 523
1495710 523
1495720 523
1495730 523
1495740 523
1495750 523
1495760 523
1495770 523
1495780 522
1495790 523
1495800 523
1495810 522
1495820 522
1495830 522
1495840 522
1495850 522
1495860 522
1495870 522
1495880 522
1495890 522
1495900 521
1495910 521
1495920 521
1495930 521
1495940 522
1495950 522
1495960 522
1495970 523
1495980 523
1495990 524
1496000 524
1496010 524
1496020 524
1496030 525
1496040 525
1496050 525
1496060 526
1496070 526
1496080 526
1496090 527
1496100 527
1496110 528
1496120 529
1496130 529
1496140 529
1496150 530
1496160 530
1496170 531
1496180 532
1496190 534
1496200 534
1496210 535
1496220 536
1496230 536
1496240 537
1496250 538
1496260 538
1496270 539
1496280 540
1496290 540
1496300 541
1496310 541
1496320 541
1496330 542
1496340 543
1496350 543
1496360 544
1496370 545
1496380 545
1496390 545
1496400 546
1496410 546
1496420 546
1496430 547
1496440 547
1496450 547
1496460 547
1496470 547
1496480 548
1496490 548
1496500 548
1496510 548
1496520 547
1496530 547
1496540 547
1496550 547
1496560 547
1496570 547
1496580 546
1496590 546
1496600 546
1496610 546
1496620 546
1496630 544
1496640 543
1496650 543
1496660 541
1496670 538
1496680 538
1496690 536
1496700 534
1496710 534
1496720 533
1496730 532
1496740 532
1496750 532
1496760 532
1496770 532
1496780 531
1496790 531
1496800 531
1496810 531
1496820 531
1496830 531
1496840 531
1496850 531
1496860 531
1496870 531
1496880 531
1496890 531
1496900 531
1496910 531
1496920 531
1496930 531
1496940 530
1496950 530
1496960 530
1496970 529
1496980 529
1496990 528
1497000 527
1497010 527
1497020 526
1497030 524
1497040 524
1497050 523
1497060 523
1497070 523
1497080 522
1497090 522
1497100 522
1497110 521
1497120 521
1497130 521
1497140 521
1497150 521
1497160 521
1497170 521
1497180 521
1497190 520
1497200 520
1497210 520
1497220 520
1497230 520
1497240 520
1497250 520
1497260 520
1497270 520
1497280 520
1497290 520
1497300 521
1497310 521
1497320 521
1497330 521
1497340 521
1497350 521
1497360 521
1497370 521
1497380 521
1497390 522
1497400 522
1497410 522
1497420 522
1497430 523
1497440 523
1497450 523
1497460 524
1497470 524
1497480 525
1497490 526
1497500 526
1497510 528
1497520 529
1497530 529
1497540 529
1497550 529
1497560 529
1497570 529
1497580 530
1497590 530
1497600 530
1497610 531
1497620 531
1497630 532
1497640 533
1497650 533
1497660 533
1497670 534
1497680 534
1497690 534
1497700 535
1497710 535
1497720 535
1497730 535
1497740 535
1497750 536
1497760 537
1497770 537
1497780 537
1497790 538
1497800 538
1497810 538
1497820 539
1497830 539
1497840 540
1497850 540
1497860 540
1497870 541
1497880 542
1497890 542
1497900 543
1497910 543
1497920 543
1497930 544
1497940 545
1497950 545
1497960 545
1497970 546
1497980 546
1497990 546
1498000 547
1498010 547
1498020 547
1498030 547
1498040 547
1498050 548
1498060 548
1498070 548
1498080 548
1498090 549
1498100 549
1498110 549
1498120 550
1498130 550
1498140 551
1498150 551
1498160 551
1498170 552
1498180 552
1498190 553
1498200 553
1498210 552
1498220 552
1498230 552
1498240 552
1498250 551
1498260 551
1498270 550
1498280 551
1498290 551
1498300 553
1498310 555
1498320 555
1498330 556
1498340 556
1498350 556
1498360 557
1498370 557
1498380 557
1498390 557
1498400 558
1498410 558
1498420 558
1498430 558
1498440 558
1498450 559
1498460 559
1498470 559
1498480 559
1498490 559
1498500 559
1498510 559
1498520 559
1498530 559
1498540 560
1498550 560
1498560 560
1498570 560
1498580 560
1498590 560
1498600 560
1498610 560
1498620 560
1498630 560
1498640 560
1498650 560
1498660 560
1498670 560
1498680 560
1498690 560
1498700 560
1498710 560
1498720 559
1498730 559
1498740 559
1498750 559
1498760 559
1498770 559
1498780 559
1498790 558
1498800 558
1498810 558
1498820 558
1498830 558
1498840 557
1498850 557
1498860 557
1498870 557
1498880 557
1498890 557
1498900 557
1498910 557
1498920 557
1498930 557
1498940 557
1498950 557
1498960 557
1498970 558
1498980 558
1498990 558
1499000 558
1499010 558
1499020 558
1499030 558
1499040 558
1499050 558
1499060 559
1499070 559
1499080 559
1499090 559
1499100 559
1499110 559
1499120 559
1499130 559
1499140 559
1499150 559
1499160 559
1499170 560
1499180 560
1499190 560
1499200 560
1499210 560
1499220 560
1499230 560
1499240 560
1499250 560
1499260 560
1499270 560
1499280 560
1499290 560
1499300 560
1499310 559
1499320 559
1499330 559
1499340 559
1499350 559
1499360 559
1499370 558
1499380 558
1499390 557
1499400 557
1499410 557
1499420 556
1499430 556
1499440 556
1499450 555
1499460 555
1499470 555
1499480 555
1499490 555
1499500 555
1499510 555
1499520 554
1499530 554
1499540 554
1499550 554
1499560 554
1499570 553
1499580 553
1499590 553
1499600 552
1499610 552
1499620 552
1499630 551
1499640 551
1499650 551
1499660 550
1499670 549
1499680 549
1499690 549
1499700 548
1499710 548
1499720 547
1499730 547
1499740 547
1499750 547
1499760 547
1499770 547
1499780 547
1499790 547
1499800 547
1499810 547
1499820 547
1499830 547
1499840 547
1499850 546
1499860 546
1499870 545
1499880 544
1499890 544
1499900 543
1499910 542
1499920 542
1499930 541
1499940 542
1499950 542
1499960 542
1499970 543
1499980 543
1499990 543
