1480000 539
1480010 539
1480020 539
1480030 539
1480040 539
1480050 539
1480060 539
1480070 539
1480080 539
1480090 539
1480100 539
1480110 539
1480120 540
1480130 540
1480140 540
1480150 540
1480160 540
1480170 540
1480180 540
1480190 540
1480200 540
1480210 540
1480220 539
1480230 539
1480240 539
1480250 539
1480260 539
1480270 539
1480280 539
1480290 539
1480300 539
1480310 539
1480320 539
1480330 539
1480340 539
1480350 539
1480360 539
1480370 539
1480380 539
1480390 540
1480400 540
1480410 540
1480420 540
1480430 541
1480440 541
1480450 541
1480460 541
1480470 541
1480480 541
1480490 541
1480500 541
1480510 541
1480520 541
1480530 541
1480540 541
1480550 541
1480560 541
1480570 541
1480580 541
1480590 541
1480600 541
1480610 541
1480620 541
1480630 541
1480640 541
1480650 541
1480660 541
1480670 541
1480680 541
1480690 540
1480700 541
1480710 541
1480720 541
1480730 541
1480740 541
1480750 541
1480760 541
1480770 541
1480780 542
1480790 542
1480800 542
1480810 542
1480820 542
1480830 542
1480840 542
1480850 542
1480860 542
1480870 542
1480880 542
1480890 542
1480900 542
1480910 542
1480920 542
1480930 542
1480940 542
1480950 542
1480960 543
1480970 543
1480980 543
1480990 543
1481000 543
1481010 543
1481020 543
1481030 543
1481040 543
1481050 543
1481060 543
1481070 544
1481080 544
1481090 544
1481100 544
1481110 544
1481120 544
1481130 544
1481140 544
1481150 544
1481160 544
1481170 544
1481180 544
1481190 544
1481200 544
1481210 545
1481220 545
1481230 545
1481240 545
1481250 545
1481260 545
1481270 545
1481280 545
1481290 545
1481300 545
1481310 545
1481320 545
1481330 545
1481340 545
1481350 545
1481360 546
1481370 546
1481380 546
1481390 546
1481400 546
1481410 546
1481420 546
1481430 546
1481440 546
1481450 546
1481460 546
1481470 546
1481480 546
1481490 546
1481500 546
1481510 546
1481520 546
1481530 546
1481540 546
1481550 546
1481560 546
1481570 546
1481580 546
1481590 546
1481600 546
1481610 547
1481620 547
1481630 547
1481640 547
1481650 547
1481660 547
1481670 547
1481680 547
1481690 547
1481700 547
1481710 547
1481720 547
1481730 547
1481740 547
1481750 547
1481760 547
1481770 547
1481780 547
1481790 547
1481800 547
1481810 547
1481820 547
1481830 547
1481840 547
1481850 547
1481860 547
1481870 547
1481880 547
1481890 547
1481900 547
1481910 547
1481920 547
1481930 547
1481940 548
1481950 548
1481960 547
1481970 548
1481980 548
1481990 548
1482000 548
1482010 548
1482020 548
1482030 548
1482040 548
1482050 549
1482060 549
1482070 549
1482080 549
1482090 549
1482100 549
1482110 549
1482120 549
1482130 549
1482140 549
1482150 549
1482160 549
1482170 549
1482180 550
1482190 551
1482200 551
1482210 551
1482220 552
1482230 552
1482240 552
1482250 552
1482260 552
1482270 552
1482280 553
1482290 553
1482300 555
1482310 557
1482320 557
1482330 558
1482340 559
1482350 559
1482360 559
1482370 560
1482380 560
1482390 560
1482400 560
1482410 560
1482420 559
1482430 557
1482440 557
1482450 557
1482460 558
1482470 558
1482480 561
1482490 563
1482500 563
1482510 565
1482520 566
1482530 566
1482540 567
1482550 567
1482560 567
1482570 568
1482580 568
1482590 568
1482600 569
1482610 569
1482620 569
1482630 570
1482640 570
1482650 570
1482660 570
1482670 571
1482680 571
1482690 571
1482700 571
1482710 571
1482720 572
1482730 572
1482740 572
1482750 572
1482760 572
1482770 572
1482780 572
1482790 572
1482800 572
1482810 572
1482820 572
1482830 572
1482840 571
1482850 570
1482860 570
1482870 567
1482880 566
1482890 566
1482900 566
1482910 566
1482920 566
1482930 567
1482940 567
1482950 567
1482960 569
1482970 571
1482980 571
1482990 572
1483000 573
1483010 573
1483020 574
1483030 575
1483040 575
1483050 577
1483060 578
1483070 578
1483080 579
1483090 580
1483100 580
1483110 581
1483120 582
1483130 583
1483140 583
1483150 584
1483160 585
1483170 585
1483180 586
1483190 587
1483200 587
1483210 588
1483220 590
1483230 590
1483240 591
1483250 592
1483260 592
1483270 593
1483280 594
1483290 594
1483300 595
1483310 597
1483320 597
1483330 598
1483340 599
1483350 599
1483360 600
1483370 601
1483380 601
1483390 603
1483400 604
1483410 604
1483420 605
1483430 606
1483440 606
1483450 607
1483460 608
1483470 608
1483480 609
1483490 611
1483500 611
1483510 612
1483520 613
1483530 613
1483540 614
1483550 615
1483560 615
1483570 616
1483580 617
1483590 617
1483600 618
1483610 619
1483620 619
1483630 620
1483640 621
1483650 621
1483660 622
1483670 623
1483680 623
1483690 624
1483700 625
1483710 625
1483720 626
1483730 627
1483740 627
1483750 627
1483760 628
1483770 628
1483780 629
1483790 630
1483800 630
1483810 630
1483820 631
1483830 631
1483840 632
1483850 633
1483860 633
1483870 633
1483880 634
1483890 634
1483900 635
1483910 636
1483920 636
1483930 636
1483940 637
1483950 637
1483960 637
1483970 638
1483980 638
1483990 639
1484000 639
1484010 639
1484020 640
1484030 641
1484040 641
1484050 641
1484060 641
1484070 641
1484080 642
1484090 642
1484100 642
1484110 642
1484120 643
1484130 643
1484140 643
1484150 643
1484160 643
1484170 643
1484180 644
1484190 644
1484200 644
1484210 645
1484220 645
1484230 645
1484240 646
1484250 646
1484260 646
1484270 646
1484280 646
1484290 646
1484300 647
1484310 647
1484320 647
1484330 647
1484340 647
1484350 647
1484360 647
1484370 647
1484380 647
1484390 648
1484400 648
1484410 648
1484420 649
1484430 649
1484440 649
1484450 650
1484460 650
1484470 650
1484480 650
1484490 650
1484500 650
1484510 650
1484520 651
1484530 651
1484540 651
1484550 651
1484560 651
1484570 651
1484580 651
1484590 651
1484600 651
1484610 651
1484620 651
1484630 652
1484640 652
1484650 652
1484660 652
1484670 652
1484680 652
1484690 652
1484700 653
1484710 653
1484720 654
1484730 654
1484740 654
1484750 655
1484760 656
1484770 656
1484780 657
1484790 658
1484800 658
1484810 658
1484820 659
1484830 659
1484840 661
1484850 662
1484860 662
1484870 662
1484880 663
1484890 663
1484900 664
1484910 665
1484920 665
1484930 667
1484940 669
1484950 669
1484960 670
1484970 672
1484980 672
1484990 673
1485000 673
1485010 673
1485020 674
1485030 674
1485040 674
1485050 675
1485060 675
1485070 675
1485080 675
1485090 675
1485100 675
1485110 675
1485120 675
1485130 675
1485140 675
1485150 675
1485160 675
1485170 674
1485180 674
1485190 674
1485200 674
1485210 673
1485220 673
1485230 673
1485240 672
1485250 672
1485260 672
1485270 671
1485280 670
1485290 670
1485300 669
1485310 669
1485320 669
1485330 668
1485340 667
1485350 667
1485360 665
1485370 664
1485380 664
1485390 663
1485400 662
1485410 662
1485420 661
1485430 661
1485440 661
1485450 661
1485460 661
1485470 661
1485480 661
1485490 661
1485500 661
1485510 661
1485520 662
1485530 662
1485540 662
1485550 662
1485560 662
1485570 662
1485580 662
1485590 662
1485600 662
1485610 662
1485620 662
1485630 663
1485640 663
1485650 663
1485660 663
1485670 663
1485680 663
1485690 663
1485700 665
1485710 665
1485720 666
1485730 667
1485740 667
1485750 668
1485760 669
1485770 669
1485780 670
1485790 671
1485800 671
1485810 672
1485820 673
1485830 673
1485840 674
1485850 675
1485860 675
1485870 676
1485880 676
1485890 676
1485900 677
1485910 678
1485920 678
1485930 678
1485940 679
1485950 679
1485960 679
1485970 680
1485980 680
1485990 681
1486000 681
1486010 681
1486020 682
1486030 682
1486040 682
1486050 681
1486060 680
1486070 680
1486080 679
1486090 678
1486100 678
1486110 677
1486120 675
1486130 675
1486140 674
1486150 672
1486160 672
1486170 670
1486180 668
1486190 668
1486200 667
1486210 666
1486220 666
1486230 665
1486240 664
1486250 663
1486260 663
1486270 661
1486280 659
1486290 659
1486300 658
1486310 657
1486320 657
1486330 655
1486340 653
1486350 653
1486360 650
1486370 649
1486380 649
1486390 648
1486400 647
1486410 647
1486420 646
1486430 645
1486440 645
1486450 643
1486460 642
1486470 642
1486480 639
1486490 636
1486500 636
1486510 635
1486520 634
1486530 634
1486540 633
1486550 632
1486560 632
1486570 632
1486580 631
1486590 631
1486600 631
1486610 629
1486620 629
1486630 628
1486640 627
1486650 627
1486660 626
1486670 626
1486680 626
1486690 625
1486700 624
1486710 624
1486720 624
1486730 624
1486740 624
1486750 623
1486760 623
1486770 623
1486780 623
1486790 623
1486800 623
1486810 623
1486820 622
1486830 622
1486840 622
1486850 622
1486860 622
1486870 621
1486880 621
1486890 621
1486900 620
1486910 620
1486920 620
1486930 619
1486940 619
1486950 619
1486960 618
1486970 618
1486980 618
1486990 618
1487000 617
1487010 617
1487020 617
1487030 617
1487040 617
1487050 616
1487060 616
1487070 616
1487080 616
1487090 615
1487100 615
1487110 615
1487120 615
1487130 615
1487140 614
1487150 614
1487160 614
1487170 613
1487180 613
1487190 613
1487200 612
1487210 612
1487220 612
1487230 612
1487240 612
1487250 612
1487260 611
1487270 610
1487280 610
1487290 609
1487300 609
1487310 609
1487320 609
1487330 609
1487340 609
1487350 609
1487360 611
1487370 613
1487380 613
1487390 616
1487400 618
1487410 618
1487420 620
1487430 622
1487440 622
1487450 623
1487460 625
1487470 625
1487480 626
1487490 628
1487500 628
1487510 629
1487520 630
1487530 630
1487540 631
1487550 632
1487560 632
1487570 633
1487580 635
1487590 635
1487600 636
1487610 637
1487620 637
1487630 638
1487640 640
1487650 640
1487660 641
1487670 642
1487680 642
1487690 643
1487700 644
1487710 644
1487720 645
1487730 645
1487740 645
1487750 646
1487760 647
1487770 647
1487780 647
1487790 648
1487800 648
1487810 649
1487820 649
1487830 649
1487840 650
1487850 650
1487860 650
1487870 651
1487880 651
1487890 651
1487900 651
1487910 652
1487920 652
1487930 652
1487940 653
1487950 653
1487960 653
1487970 654
1487980 654
1487990 654
1488000 655
1488010 655
1488020 655
1488030 656
1488040 656
1488050 656
1488060 656
1488070 656
1488080 656
1488090 657
1488100 657
1488110 657
1488120 656
1488130 656
1488140 655
1488150 655
1488160 655
1488170 655
1488180 654
1488190 654
1488200 654
1488210 654
1488220 654
1488230 654
1488240 654
1488250 654
1488260 653
1488270 653
1488280 653
1488290 652
1488300 652
1488310 652
1488320 651
1488330 651
1488340 651
1488350 651
1488360 650
1488370 649
1488380 649
1488390 650
1488400 651
1488410 651
1488420 651
1488430 652
1488440 652
1488450 654
1488460 655
1488470 655
1488480 657
1488490 659
1488500 659
1488510 661
1488520 663
1488530 663
1488540 665
1488550 667
1488560 667
1488570 669
1488580 670
1488590 670
1488600 672
1488610 674
1488620 674
1488630 675
1488640 677
1488650 677
1488660 679
1488670 680
1488680 680
1488690 682
1488700 684
1488710 684
1488720 685
1488730 687
1488740 687
1488750 688
1488760 690
1488770 690
1488780 692
1488790 693
1488800 693
1488810 695
1488820 696
1488830 696
1488840 698
1488850 699
1488860 699
1488870 700
1488880 701
1488890 701
1488900 702
1488910 703
1488920 703
1488930 704
1488940 705
1488950 705
1488960 706
1488970 707
1488980 707
1488990 709
1489000 710
1489010 710
1489020 711
1489030 711
1489040 711
1489050 712
1489060 713
1489070 713
1489080 713
1489090 713
1489100 713
1489110 713
1489120 713
1489130 713
1489140 713
1489150 712
1489160 712
1489170 712
1489180 711
1489190 711
1489200 710
1489210 709
1489220 709
1489230 708
1489240 707
1489250 707
1489260 706
1489270 705
1489280 705
1489290 703
1489300 702
1489310 702
1489320 700
1489330 699
1489340 699
1489350 698
1489360 697
1489370 697
1489380 694
1489390 691
1489400 688
1489410 688
1489420 686
1489430 684
1489440 684
1489450 683
1489460 682
1489470 682
1489480 682
1489490 681
1489500 681
1489510 680
1489520 679
1489530 679
1489540 679
1489550 678
1489560 678
1489570 678
1489580 677
1489590 677
1489600 676
1489610 675
1489620 675
1489630 675
1489640 674
1489650 674
1489660 674
1489670 674
1489680 674
1489690 673
1489700 672
1489710 672
1489720 672
1489730 672
1489740 672
1489750 673
1489760 673
1489770 673
1489780 674
1489790 674
1489800 674
1489810 675
1489820 675
1489830 675
1489840 676
1489850 676
1489860 676
1489870 677
1489880 678
1489890 678
1489900 678
1489910 679
1489920 679
1489930 680
1489940 681
1489950 681
1489960 682
1489970 682
1489980 682
1489990 683
1490000 684
1490010 684
1490020 684
1490030 685
1490040 685
1490050 685
1490060 686
1490070 686
1490080 686
1490090 687
1490100 687
1490110 688
1490120 688
1490130 688
1490140 688
1490150 683
1490160 683
1490170 681
1490180 678
1490190 678
1490200 674
1490210 670
1490220 670
1490230 667
1490240 665
1490250 665
1490260 663
1490270 662
1490280 662
1490290 661
1490300 661
1490310 661
1490320 661
1490330 660
1490340 660
1490350 660
1490360 660
1490370 660
1490380 660
1490390 659
1490400 659
1490410 659
1490420 658
1490430 656
1490440 656
1490450 654
1490460 658
1490470 658
1490480 658
1490490 658
1490500 658
1490510 657
1490520 657
1490530 657
1490540 657
1490550 657
1490560 657
1490570 656
1490580 655
1490590 655
1490600 655
1490610 654
1490620 654
1490630 654
1490640 654
1490650 654
1490660 653
1490670 652
1490680 652
1490690 652
1490700 651
1490710 651
1490720 650
1490730 649
1490740 649
1490750 648
1490760 647
1490770 647
1490780 646
1490790 645
1490800 645
1490810 644
1490820 643
1490830 643
1490840 641
1490850 640
1490860 640
1490870 638
1490880 636
1490890 636
1490900 634
1490910 633
1490920 633
1490930 632
1490940 632
1490950 632
1490960 631
1490970 632
1490980 632
1490990 632
1491000 632
1491010 632
1491020 632
1491030 632
1491040 632
1491050 632
1491060 633
1491070 633
1491080 635
1491090 636
1491100 636
1491110 638
1491120 639
1491130 639
1491140 640
1491150 641
1491160 641
1491170 641
1491180 642
1491190 642
1491200 642
1491210 642
1491220 642
1491230 642
1491240 642
1491250 642
1491260 641
1491270 641
1491280 641
1491290 640
1491300 639
1491310 639
1491320 639
1491330 639
1491340 639
1491350 638
1491360 637
1491370 637
1491380 636
1491390 635
1491400 635
1491410 634
1491420 632
1491430 632
1491440 631
1491450 630
1491460 630
1491470 629
1491480 627
1491490 626
1491500 626
1491510 625
1491520 623
1491530 623
1491540 622
1491550 621
1491560 621
1491570 620
1491580 618
1491590 618
1491600 617
1491610 616
1491620 616
1491630 615
1491640 613
1491650 613
1491660 612
1491670 611
1491680 611
1491690 609
1491700 608
1491710 608
1491720 606
1491730 604
1491740 604
1491750 603
1491760 602
1491770 602
1491780 600
1491790 599
1491800 599
1491810 597
1491820 597
1491830 597
1491840 596
1491850 595
1491860 595
1491870 595
1491880 594
1491890 594
1491900 594
1491910 593
1491920 593
1491930 593
1491940 592
1491950 592
1491960 591
1491970 591
1491980 591
1491990 590
1492000 590
1492010 590
1492020 589
1492030 589
1492040 589
1492050 588
1492060 588
1492070 588
1492080 587
1492090 587
1492100 587
1492110 586
1492120 586
1492130 586
1492140 585
1492150 585
1492160 585
1492170 584
1492180 584
1492190 584
1492200 583
1492210 583
1492220 583
1492230 583
1492240 582
1492250 582
1492260 582
1492270 581
1492280 581
1492290 581
1492300 580
1492310 580
1492320 580
1492330 580
1492340 580
1492350 579
1492360 579
1492370 579
1492380 578
1492390 578
1492400 578
1492410 578
1492420 577
1492430 577
1492440 577
1492450 576
1492460 576
1492470 575
1492480 575
1492490 575
1492500 574
1492510 573
1492520 573
1492530 573
1492540 572
1492550 571
1492560 571
1492570 570
1492580 569
1492590 569
1492600 568
1492610 567
1492620 567
1492630 566
1492640 565
1492650 565
1492660 564
1492670 563
1492680 563
1492690 562
1492700 561
1492710 561
1492720 560
1492730 559
1492740 559
1492750 557
1492760 556
1492770 556
1492780 555
1492790 555
1492800 555
1492810 554
1492820 554
1492830 554
1492840 553
1492850 552
1492860 552
1492870 551
1492880 551
1492890 551
1492900 550
1492910 549
1492920 549
1492930 548
1492940 547
1492950 547
1492960 546
1492970 544
1492980 544
1492990 543
1493000 542
1493010 542
1493020 542
1493030 541
1493040 541
1493050 541
1493060 541
1493070 541
1493080 541
1493090 541
1493100 541
1493110 541
1493120 541
1493130 541
1493140 541
1493150 541
1493160 541
1493170 540
1493180 540
1493190 540
1493200 540
1493210 540
1493220 540
1493230 540
1493240 539
1493250 539
1493260 539
1493270 539
1493280 539
1493290 539
1493300 539
1493310 539
1493320 539
1493330 539
1493340 539
1493350 539
1493360 539
1493370 539
1493380 539
1493390 539
1493400 539
1493410 538
1493420 538
1493430 538
1493440 538
1493450 538
1493460 538
1493470 538
1493480 538
1493490 538
1493500 538
1493510 538
1493520 538
1493530 538
1493540 538
1493550 538
1493560 538
1493570 538
1493580 537
1493590 537
1493600 537
1493610 537
1493620 537
1493630 537
1493640 537
1493650 537
1493660 537
1493670 537
1493680 537
1493690 537
1493700 537
1493710 537
1493720 537
1493730 537
1493740 537
1493750 537
1493760 537
1493770 537
1493780 537
1493790 538
1493800 538
1493810 538
1493820 538
1493830 538
1493840 539
1493850 540
1493860 540
1493870 541
1493880 542
1493890 542
1493900 544
1493910 544
1493920 544
1493930 545
1493940 546
1493950 546
1493960 547
1493970 548
1493980 548
1493990 549
1494000 550
1494010 550
1494020 551
1494030 552
1494040 552
1494050 554
1494060 555
1494070 555
1494080 556
1494090 557
1494100 557
1494110 558
1494120 559
1494130 559
1494140 559
1494150 560
1494160 560
1494170 560
1494180 561
1494190 561
1494200 561
1494210 562
1494220 562
1494230 562
1494240 562
1494250 562
1494260 563
1494270 563
1494280 563
1494290 563
1494300 563
1494310 563
1494320 564
1494330 565
1494340 565
1494350 565
1494360 565
1494370 565
1494380 566
1494390 566
1494400 566
1494410 566
1494420 566
1494430 566
1494440 565
1494450 565
1494460 565
1494470 565
1494480 565
1494490 565
1494500 564
1494510 565
1494520 565
1494530 566
1494540 566
1494550 566
1494560 567
1494570 568
1494580 568
1494590 569
1494600 570
1494610 571
1494620 571
1494630 572
1494640 572
1494650 572
1494660 573
1494670 574
1494680 574
1494690 574
1494700 575
1494710 575
1494720 575
1494730 576
1494740 576
1494750 576
1494760 576
1494770 576
1494780 576
1494790 577
1494800 577
1494810 577
1494820 577
1494830 577
1494840 577
1494850 577
1494860 577
1494870 578
1494880 578
1494890 578
1494900 578
1494910 578
1494920 578
1494930 577
1494940 577
1494950 577
1494960 577
1494970 577
1494980 577
1494990 577
1495000 576
1495010 576
1495020 576
1495030 575
1495040 575
1495050 575
1495060 574
1495070 574
1495080 573
1495090 573
1495100 573
1495110 572
1495120 571
1495130 571
1495140 570
1495150 570
1495160 570
1495170 569
1495180 569
1495190 569
1495200 568
1495210 568
1495220 568
1495230 567
1495240 566
1495250 566
1495260 566
1495270 566
1495280 566
1495290 565
1495300 565
1495310 565
1495320 566
1495330 567
1495340 567
1495350 569
1495360 570
1495370 570
1495380 571
1495390 573
1495400 573
1495410 574
1495420 575
1495430 575
1495440 576
1495450 577
1495460 577
1495470 577
1495480 578
1495490 578
1495500 578
1495510 578
1495520 578
1495530 578
1495540 578
1495550 578
1495560 578
1495570 579
1495580 579
1495590 578
1495600 578
1495610 578
1495620 578
1495630 577
1495640 577
1495650 577
1495660 576
1495670 576
1495680 576
1495690 576
1495700 575
1495710 575
1495720 575
1495730 574
1495740 574
1495750 574
1495760 573
1495770 573
1495780 573
1495790 572
1495800 572
1495810 571
1495820 571
1495830 571
1495840 570
1495850 568
1495860 568
1495870 566
1495880 564
1495890 564
1495900 562
1495910 562
1495920 562
1495930 562
1495940 563
1495950 563
1495960 564
1495970 565
1495980 565
1495990 567
1496000 568
1496010 568
1496020 569
1496030 570
1496040 570
1496050 571
1496060 572
1496070 572
1496080 573
1496090 573
1496100 573
1496110 574
1496120 574
1496130 574
1496140 574
1496150 574
1496160 574
1496170 574
1496180 574
1496190 574
1496200 574
1496210 574
1496220 574
1496230 575
1496240 575
1496250 575
1496260 575
1496270 575
1496280 575
1496290 575
1496300 575
1496310 575
1496320 574
1496330 574
1496340 574
1496350 574
1496360 573
1496370 573
1496380 573
1496390 573
1496400 573
1496410 573
1496420 572
1496430 572
1496440 572
1496450 572
1496460 572
1496470 572
1496480 571
1496490 571
1496500 570
1496510 570
1496520 570
1496530 569
1496540 569
1496550 569
1496560 568
1496570 568
1496580 568
1496590 567
1496600 566
1496610 566
1496620 565
1496630 565
1496640 565
1496650 565
1496660 566
1496670 566
1496680 565
1496690 565
1496700 566
1496710 566
1496720 566
1496730 566
1496740 566
1496750 566
1496760 567
1496770 567
1496780 567
1496790 568
1496800 568
1496810 568
1496820 568
1496830 568
1496840 568
1496850 568
1496860 568
1496870 568
1496880 568
1496890 568
1496900 568
1496910 568
1496920 568
1496930 568
1496940 568
1496950 568
1496960 568
1496970 568
1496980 568
1496990 568
1497000 568
1497010 568
1497020 568
1497030 568
1497040 568
1497050 569
1497060 570
1497070 570
1497080 571
1497090 572
1497100 572
1497110 572
1497120 573
1497130 573
1497140 574
1497150 574
1497160 574
1497170 574
1497180 574
1497190 574
1497200 574
1497210 574
1497220 574
1497230 574
1497240 574
1497250 574
1497260 574
1497270 573
1497280 573
1497290 572
1497300 572
1497310 572
1497320 571
1497330 570
1497340 570
1497350 570
1497360 569
1497370 569
1497380 568
1497390 568
1497400 568
1497410 567
1497420 567
1497430 567
1497440 567
1497450 567
1497460 567
1497470 567
1497480 566
1497490 566
1497500 566
1497510 566
1497520 566
1497530 566
1497540 565
1497550 565
1497560 566
1497570 565
1497580 565
1497590 565
1497600 565
1497610 565
1497620 564
1497630 564
1497640 564
1497650 564
1497660 564
1497670 564
1497680 564
1497690 564
1497700 564
1497710 564
1497720 564
1497730 564
1497740 564
1497750 564
1497760 564
1497770 564
1497780 564
1497790 564
1497800 564
1497810 564
1497820 564
1497830 564
1497840 564
1497850 564
1497860 564
1497870 564
1497880 564
1497890 564
1497900 564
1497910 565
1497920 565
1497930 565
1497940 566
1497950 566
1497960 567
1497970 567
1497980 567
1497990 567
1498000 568
1498010 568
1498020 568
1498030 569
1498040 569
1498050 569
1498060 569
1498070 569
1498080 570
1498090 570
1498100 570
1498110 570
1498120 570
1498130 570
1498140 570
1498150 570
1498160 570
1498170 570
1498180 571
1498190 571
1498200 571
1498210 571
1498220 571
1498230 571
1498240 571
1498250 571
1498260 571
1498270 571
1498280 571
1498290 571
1498300 571
1498310 571
1498320 571
1498330 571
1498340 571
1498350 572
1498360 572
1498370 572
1498380 572
1498390 572
1498400 572
1498410 572
1498420 572
1498430 572
1498440 572
1498450 571
1498460 571
1498470 571
1498480 571
1498490 571
1498500 570
1498510 570
1498520 570
1498530 569
1498540 568
1498550 568
1498560 568
1498570 567
1498580 567
1498590 566
1498600 566
1498610 566
1498620 566
1498630 565
1498640 565
1498650 565
1498660 565
1498670 565
1498680 565
1498690 565
1498700 565
1498710 565
1498720 565
1498730 565
1498740 565
1498750 565
1498760 565
1498770 565
1498780 564
1498790 564
1498800 564
1498810 564
1498820 564
1498830 564
1498840 564
1498850 563
1498860 563
1498870 562
1498880 561
1498890 561
1498900 560
1498910 558
1498920 558
1498930 556
1498940 555
1498950 555
1498960 554
1498970 554
1498980 554
1498990 553
1499000 553
1499010 553
1499020 552
1499030 551
1499040 551
1499050 551
1499060 551
1499070 551
1499080 550
1499090 549
1499100 549
1499110 546
1499120 548
1499130 548
1499140 552
1499150 553
1499160 553
1499170 554
1499180 554
1499190 554
1499200 555
1499210 556
1499220 556
1499230 556
1499240 558
1499250 558
1499260 559
1499270 560
1499280 560
1499290 561
1499300 561
1499310 561
1499320 562
1499330 563
1499340 563
1499350 564
1499360 564
1499370 564
1499380 565
1499390 565
1499400 565
1499410 566
1499420 566
1499430 566
1499440 567
1499450 567
1499460 567
1499470 567
1499480 568
1499490 568
1499500 568
1499510 568
1499520 568
1499530 568
1499540 568
1499550 568
1499560 568
1499570 568
1499580 568
1499590 568
1499600 568
1499610 568
1499620 568
1499630 568
1499640 568
1499650 568
1499660 568
1499670 568
1499680 568
1499690 568
1499700 568
1499710 568
1499720 567
1499730 567
1499740 567
1499750 567
1499760 567
1499770 568
1499780 568
1499790 568
1499800 569
1499810 569
1499820 569
1499830 569
1499840 568
1499850 568
1499860 568
1499870 568
1499880 568
1499890 568
1499900 568
1499910 568
1499920 568
1499930 568
1499940 568
1499950 568
1499960 568
1499970 568
1499980 568
1499990 568
