1480000 593
1480010 595
1480020 595
1480030 596
1480040 596
1480050 596
1480060 597
1480070 598
1480080 598
1480090 598
1480100 599
1480110 599
1480120 599
1480130 599
1480140 599
1480150 599
1480160 599
1480170 599
1480180 599
1480190 598
1480200 598
1480210 598
1480220 597
1480230 597
1480240 595
1480250 594
1480260 594
1480270 593
1480280 592
1480290 592
1480300 590
1480310 587
1480320 587
1480330 584
1480340 583
1480350 583
1480360 582
1480370 582
1480380 582
1480390 581
1480400 580
1480410 580
1480420 577
1480430 577
1480440 577
1480450 577
1480460 578
1480470 578
1480480 581
1480490 585
1480500 585
1480510 587
1480520 589
1480530 589
1480540 590
1480550 592
1480560 592
1480570 595
1480580 597
1480590 597
1480600 599
1480610 602
1480620 602
1480630 604
1480640 607
1480650 607
1480660 609
1480670 611
1480680 611
1480690 613
1480700 615
1480710 615
1480720 617
1480730 618
1480740 618
1480750 620
1480760 621
1480770 621
1480780 623
1480790 624
1480800 626
1480810 626
1480820 628
1480830 629
1480840 629
1480850 631
1480860 633
1480870 633
1480880 634
1480890 635
1480900 635
1480910 637
1480920 637
1480930 637
1480940 638
1480950 638
1480960 638
1480970 638
1480980 637
1480990 637
1481000 636
1481010 636
1481020 636
1481030 635
1481040 634
1481050 634
1481060 633
1481070 631
1481080 631
1481090 629
1481100 627
1481110 627
1481120 626
1481130 624
1481140 624
1481150 622
1481160 620
1481170 620
1481180 618
1481190 617
1481200 617
1481210 616
1481220 614
1481230 614
1481240 613
1481250 612
1481260 612
1481270 611
1481280 608
1481290 608
1481300 606
1481310 605
1481320 605
1481330 605
1481340 606
1481350 606
1481360 607
1481370 609
1481380 609
1481390 610
1481400 613
1481410 613
1481420 616
1481430 618
1481440 618
1481450 620
1481460 621
1481470 621
1481480 623
1481490 625
1481500 625
1481510 627
1481520 629
1481530 629
1481540 631
1481550 633
1481560 633
1481570 634
1481580 635
1481590 635
1481600 636
1481610 637
1481620 637
1481630 638
1481640 638
1481650 638
1481660 639
1481670 639
1481680 639
1481690 640
1481700 641
1481710 641
1481720 641
1481730 641
1481740 641
1481750 641
1481760 641
1481770 641
1481780 641
1481790 640
1481800 640
1481810 640
1481820 640
1481830 640
1481840 640
1481850 640
1481860 640
1481870 640
1481880 640
1481890 640
1481900 640
1481910 641
1481920 642
1481930 642
1481940 642
1481950 642
1481960 642
1481970 643
1481980 644
1481990 644
1482000 645
1482010 645
1482020 645
1482030 647
1482040 649
1482050 649
1482060 650
1482070 652
1482080 652
1482090 654
1482100 656
1482110 656
1482120 657
1482130 658
1482140 658
1482150 659
1482160 660
1482170 660
1482180 661
1482190 663
1482200 663
1482210 664
1482220 665
1482230 665
1482240 666
1482250 668
1482260 668
1482270 669
1482280 671
1482290 671
1482300 673
1482310 674
1482320 674
1482330 676
1482340 677
1482350 677
1482360 679
1482370 681
1482380 681
1482390 683
1482400 684
1482410 684
1482420 686
1482430 688
1482440 688
1482450 690
1482460 691
1482470 691
1482480 692
1482490 693
1482500 693
1482510 693
1482520 692
1482530 692
1482540 691
1482550 691
1482560 691
1482570 690
1482580 689
1482590 689
1482600 687
1482610 686
1482620 686
1482630 684
1482640 682
1482650 682
1482660 681
1482670 679
1482680 679
1482690 677
1482700 674
1482710 674
1482720 671
1482730 669
1482740 669
1482750 669
1482760 668
1482770 668
1482780 667
1482790 666
1482800 666
1482810 665
1482820 665
1482830 665
1482840 664
1482850 664
1482860 664
1482870 663
1482880 662
1482890 662
1482900 661
1482910 660
1482920 660
1482930 660
1482940 661
1482950 661
1482960 661
1482970 660
1482980 660
1482990 660
1483000 659
1483010 659
1483020 659
1483030 658
1483040 658
1483050 658
1483060 658
1483070 657
1483080 657
1483090 657
1483100 656
1483110 656
1483120 655
1483130 653
1483140 653
1483150 652
1483160 651
1483170 651
1483180 649
1483190 648
1483200 648
1483210 647
1483220 646
1483230 646
1483240 645
1483250 644
1483260 644
1483270 643
1483280 642
1483290 642
1483300 641
1483310 639
1483320 639
1483330 638
1483340 636
1483350 636
1483360 635
1483370 633
1483380 633
1483390 633
1483400 632
1483410 632
1483420 630
1483430 629
1483440 629
1483450 627
1483460 626
1483470 626
1483480 624
1483490 622
1483500 622
1483510 621
1483520 618
1483530 618
1483540 616
1483550 614
1483560 614
1483570 612
1483580 612
1483590 612
1483600 611
1483610 611
1483620 611
1483630 610
1483640 610
1483650 610
1483660 609
1483670 608
1483680 608
1483690 607
1483700 606
1483710 606
1483720 606
1483730 605
1483740 605
1483750 605
1483760 604
1483770 604
1483780 604
1483790 604
1483800 604
1483810 603
1483820 602
1483830 602
1483840 601
1483850 600
1483860 600
1483870 598
1483880 597
1483890 597
1483900 597
1483910 596
1483920 596
1483930 595
1483940 594
1483950 594
1483960 594
1483970 592
1483980 592
1483990 591
1484000 590
1484010 590
1484020 589
1484030 589
1484040 589
1484050 589
1484060 589
1484070 589
1484080 589
1484090 590
1484100 590
1484110 594
1484120 597
1484130 600
1484140 600
1484150 603
1484160 607
1484170 607
1484180 609
1484190 610
1484200 610
1484210 610
1484220 609
1484230 609
1484240 608
1484250 607
1484260 607
1484270 606
1484280 605
1484290 605
1484300 604
1484310 603
1484320 603
1484330 602
1484340 601
1484350 601
1484360 600
1484370 599
1484380 599
1484390 598
1484400 597
1484410 597
1484420 596
1484430 595
1484440 595
1484450 594
1484460 593
1484470 593
1484480 592
1484490 591
1484500 591
1484510 590
1484520 589
1484530 589
1484540 587
1484550 586
1484560 586
1484570 585
1484580 583
1484590 583
1484600 583
1484610 582
1484620 582
1484630 582
1484640 582
1484650 582
1484660 582
1484670 582
1484680 582
1484690 582
1484700 582
1484710 582
1484720 579
1484730 577
1484740 577
1484750 576
1484760 575
1484770 575
1484780 575
1484790 574
1484800 574
1484810 575
1484820 575
1484830 575
1484840 575
1484850 575
1484860 575
1484870 575
1484880 576
1484890 576
1484900 576
1484910 576
1484920 576
1484930 575
1484940 575
1484950 575
1484960 575
1484970 575
1484980 575
1484990 574
1485000 574
1485010 574
1485020 574
1485030 574
1485040 574
1485050 574
1485060 574
1485070 574
1485080 574
1485090 574
1485100 574
1485110 575
1485120 575
1485130 575
1485140 575
1485150 575
1485160 575
1485170 576
1485180 577
1485190 577
1485200 579
1485210 581
1485220 581
1485230 582
1485240 582
1485250 582
1485260 582
1485270 583
1485280 582
1485290 582
1485300 582
1485310 582
1485320 582
1485330 583
1485340 585
1485350 585
1485360 586
1485370 587
1485380 587
1485390 588
1485400 589
1485410 589
1485420 590
1485430 591
1485440 591
1485450 592
1485460 593
1485470 593
1485480 594
1485490 595
1485500 595
1485510 596
1485520 596
1485530 596
1485540 597
1485550 598
1485560 598
1485570 599
1485580 600
1485590 600
1485600 601
1485610 601
1485620 601
1485630 602
1485640 603
1485650 603
1485660 604
1485670 604
1485680 604
1485690 605
1485700 606
1485710 606
1485720 607
1485730 608
1485740 608
1485750 608
1485760 609
1485770 609
1485780 609
1485790 610
1485800 610
1485810 610
1485820 611
1485830 611
1485840 611
1485850 612
1485860 612
1485870 612
1485880 612
1485890 612
1485900 612
1485910 612
1485920 612
1485930 612
1485940 612
1485950 612
1485960 613
1485970 613
1485980 613
1485990 612
1486000 612
1486010 612
1486020 611
1486030 610
1486040 610
1486050 609
1486060 608
1486070 608
1486080 608
1486090 609
1486100 609
1486110 611
1486120 613
1486130 613
1486140 616
1486150 619
1486160 619
1486170 621
1486180 623
1486190 623
1486200 626
1486210 628
1486220 628
1486230 630
1486240 632
1486250 632
1486260 635
1486270 637
1486280 637
1486290 639
1486300 640
1486310 640
1486320 642
1486330 642
1486340 642
1486350 642
1486360 643
1486370 643
1486380 643
1486390 644
1486400 644
1486410 644
1486420 645
1486430 646
1486440 646
1486450 647
1486460 648
1486470 648
1486480 648
1486490 648
1486500 648
1486510 648
1486520 647
1486530 647
1486540 646
1486550 645
1486560 645
1486570 646
1486580 649
1486590 649
1486600 653
1486610 656
1486620 656
1486630 659
1486640 661
1486650 661
1486660 663
1486670 664
1486680 664
1486690 666
1486700 668
1486710 668
1486720 669
1486730 671
1486740 671
1486750 672
1486760 673
1486770 673
1486780 675
1486790 675
1486800 675
1486810 676
1486820 676
1486830 676
1486840 676
1486850 676
1486860 676
1486870 677
1486880 677
1486890 677
1486900 677
1486910 677
1486920 677
1486930 677
1486940 677
1486950 677
1486960 677
1486970 677
1486980 677
1486990 677
1487000 677
1487010 677
1487020 677
1487030 678
1487040 678
1487050 679
1487060 679
1487070 679
1487080 679
1487090 680
1487100 680
1487110 681
1487120 682
1487130 682
1487140 683
1487150 684
1487160 684
1487170 685
1487180 685
1487190 685
1487200 686
1487210 687
1487220 687
1487230 688
1487240 689
1487250 689
1487260 689
1487270 689
1487280 689
1487290 690
1487300 690
1487310 690
1487320 690
1487330 690
1487340 690
1487350 690
1487360 690
1487370 690
1487380 689
1487390 689
1487400 689
1487410 689
1487420 689
1487430 689
1487440 689
1487450 689
1487460 689
1487470 689
1487480 689
1487490 689
1487500 689
1487510 689
1487520 688
1487530 688
1487540 688
1487550 688
1487560 688
1487570 688
1487580 689
1487590 689
1487600 689
1487610 689
1487620 689
1487630 689
1487640 689
1487650 689
1487660 689
1487670 689
1487680 689
1487690 690
1487700 690
1487710 690
1487720 690
1487730 691
1487740 691
1487750 691
1487760 692
1487770 692
1487780 692
1487790 692
1487800 692
1487810 693
1487820 693
1487830 693
1487840 693
1487850 694
1487860 694
1487870 694
1487880 695
1487890 695
1487900 695
1487910 696
1487920 696
1487930 696
1487940 697
1487950 697
1487960 697
1487970 698
1487980 698
1487990 699
1488000 699
1488010 699
1488020 700
1488030 701
1488040 701
1488050 701
1488060 702
1488070 702
1488080 703
1488090 704
1488100 704
1488110 705
1488120 707
1488130 707
1488140 708
1488150 709
1488160 709
1488170 709
1488180 710
1488190 710
1488200 711
1488210 712
1488220 712
1488230 713
1488240 714
1488250 714
1488260 715
1488270 716
1488280 716
1488290 718
1488300 718
1488310 718
1488320 719
1488330 720
1488340 720
1488350 721
1488360 722
1488370 722
1488380 722
1488390 723
1488400 723
1488410 723
1488420 724
1488430 724
1488440 725
1488450 725
1488460 725
1488470 726
1488480 726
1488490 726
1488500 727
1488510 727
1488520 727
1488530 728
1488540 729
1488550 729
1488560 729
1488570 730
1488580 730
1488590 730
1488600 731
1488610 731
1488620 731
1488630 732
1488640 732
1488650 732
1488660 732
1488670 732
1488680 732
1488690 733
1488700 733
1488710 733
1488720 733
1488730 734
1488740 734
1488750 734
1488760 734
1488770 734
1488780 734
1488790 735
1488800 735
1488810 735
1488820 735
1488830 735
1488840 735
1488850 735
1488860 735
1488870 735
1488880 735
1488890 735
1488900 735
1488910 735
1488920 735
1488930 735
1488940 735
1488950 735
1488960 735
1488970 734
1488980 734
1488990 734
1489000 734
1489010 734
1489020 734
1489030 733
1489040 733
1489050 733
1489060 733
1489070 733
1489080 732
1489090 732
1489100 732
1489110 731
1489120 731
1489130 731
1489140 731
1489150 730
1489160 730
1489170 730
1489180 729
1489190 729
1489200 728
1489210 728
1489220 728
1489230 727
1489240 726
1489250 726
1489260 725
1489270 725
1489280 725
1489290 724
1489300 723
1489310 723
1489320 721
1489330 720
1489340 720
1489350 719
1489360 718
1489370 718
1489380 717
1489390 717
1489400 717
1489410 716
1489420 715
1489430 715
1489440 713
1489450 712
1489460 712
1489470 710
1489480 707
1489490 707
1489500 706
1489510 704
1489520 704
1489530 702
1489540 698
1489550 698
1489560 694
1489570 691
1489580 691
1489590 688
1489600 686
1489610 686
1489620 684
1489630 682
1489640 682
1489650 680
1489660 678
1489670 678
1489680 676
1489690 675
1489700 674
1489710 674
1489720 673
1489730 671
1489740 671
1489750 669
1489760 668
1489770 668
1489780 667
1489790 666
1489800 666
1489810 665
1489820 664
1489830 664
1489840 662
1489850 661
1489860 661
1489870 660
1489880 659
1489890 659
1489900 657
1489910 655
1489920 655
1489930 653
1489940 651
1489950 651
1489960 649
1489970 647
1489980 647
1489990 645
1490000 643
1490010 643
1490020 642
1490030 641
1490040 641
1490050 640
1490060 639
1490070 639
1490080 638
1490090 637
1490100 637
1490110 636
1490120 635
1490130 635
1490140 631
1490150 627
1490160 627
1490170 625
1490180 624
1490190 624
1490200 623
1490210 622
1490220 622
1490230 622
1490240 621
1490250 621
1490260 620
1490270 619
1490280 619
1490290 618
1490300 617
1490310 617
1490320 616
1490330 615
1490340 615
1490350 614
1490360 613
1490370 613
1490380 612
1490390 611
1490400 611
1490410 611
1490420 610
1490430 610
1490440 609
1490450 608
1490460 608
1490470 608
1490480 607
1490490 607
1490500 607
1490510 608
1490520 608
1490530 609
1490540 609
1490550 609
1490560 609
1490570 609
1490580 609
1490590 609
1490600 608
1490610 608
1490620 607
1490630 606
1490640 606
1490650 605
1490660 604
1490670 604
1490680 603
1490690 602
1490700 602
1490710 601
1490720 600
1490730 600
1490740 599
1490750 598
1490760 598
1490770 596
1490780 595
1490790 595
1490800 595
1490810 594
1490820 594
1490830 594
1490840 594
1490850 593
1490860 593
1490870 593
1490880 594
1490890 594
1490900 594
1490910 595
1490920 595
1490930 597
1490940 598
1490950 598
1490960 599
1490970 601
1490980 601
1490990 605
1491000 611
1491010 611
1491020 614
1491030 618
1491040 618
1491050 621
1491060 622
1491070 622
1491080 622
1491090 621
1491100 621
1491110 619
1491120 616
1491130 616
1491140 613
1491150 613
1491160 613
1491170 616
1491180 620
1491190 620
1491200 624
1491210 628
1491220 628
1491230 631
1491240 633
1491250 633
1491260 634
1491270 635
1491280 635
1491290 634
1491300 633
1491310 633
1491320 633
1491330 632
1491340 632
1491350 632
1491360 631
1491370 631
1491380 631
1491390 629
1491400 629
1491410 628
1491420 628
1491430 628
1491440 629
1491450 629
1491460 629
1491470 630
1491480 630
1491490 630
1491500 631
1491510 631
1491520 631
1491530 631
1491540 630
1491550 630
1491560 630
1491570 629
1491580 629
1491590 628
1491600 627
1491610 627
1491620 627
1491630 626
1491640 626
1491650 625
1491660 623
1491670 623
1491680 622
1491690 620
1491700 620
1491710 619
1491720 618
1491730 618
1491740 617
1491750 616
1491760 616
1491770 615
1491780 614
1491790 614
1491800 613
1491810 611
1491820 611
1491830 609
1491840 608
1491850 608
1491860 608
1491870 607
1491880 607
1491890 606
1491900 605
1491910 605
1491920 604
1491930 603
1491940 602
1491950 602
1491960 602
1491970 600
1491980 600
1491990 599
1492000 598
1492010 598
1492020 597
1492030 595
1492040 595
1492050 594
1492060 593
1492070 593
1492080 592
1492090 590
1492100 590
1492110 588
1492120 586
1492130 586
1492140 584
1492150 582
1492160 582
1492170 580
1492180 579
1492190 579
1492200 578
1492210 577
1492220 577
1492230 576
1492240 574
1492250 574
1492260 573
1492270 572
1492280 572
1492290 571
1492300 570
1492310 570
1492320 569
1492330 568
1492340 568
1492350 567
1492360 567
1492370 567
1492380 566
1492390 565
1492400 565
1492410 565
1492420 563
1492430 563
1492440 562
1492450 561
1492460 561
1492470 561
1492480 561
1492490 561
1492500 561
1492510 560
1492520 560
1492530 560
1492540 560
1492550 560
1492560 560
1492570 560
1492580 560
1492590 561
1492600 561
1492610 561
1492620 561
1492630 561
1492640 561
1492650 561
1492660 562
1492670 562
1492680 562
1492690 562
1492700 562
1492710 563
1492720 563
1492730 563
1492740 564
1492750 564
1492760 564
1492770 565
1492780 565
1492790 565
1492800 565
1492810 566
1492820 566
1492830 566
1492840 567
1492850 567
1492860 568
1492870 569
1492880 569
1492890 570
1492900 572
1492910 572
1492920 573
1492930 575
1492940 575
1492950 576
1492960 578
1492970 578
1492980 579
1492990 580
1493000 580
1493010 581
1493020 582
1493030 582
1493040 583
1493050 585
1493060 586
1493070 586
1493080 587
1493090 588
1493100 588
1493110 589
1493120 590
1493130 590
1493140 591
1493150 591
1493160 591
1493170 592
1493180 593
1493190 593
1493200 594
1493210 594
1493220 594
1493230 594
1493240 595
1493250 595
1493260 597
1493270 599
1493280 599
1493290 600
1493300 602
1493310 602
1493320 604
1493330 605
1493340 605
1493350 607
1493360 608
1493370 608
1493380 609
1493390 610
1493400 610
1493410 611
1493420 612
1493430 612
1493440 614
1493450 615
1493460 615
1493470 616
1493480 617
1493490 617
1493500 618
1493510 618
1493520 618
1493530 619
1493540 619
1493550 619
1493560 621
1493570 622
1493580 622
1493590 624
1493600 626
1493610 626
1493620 627
1493630 628
1493640 628
1493650 627
1493660 626
1493670 626
1493680 626
1493690 627
1493700 627
1493710 628
1493720 630
1493730 630
1493740 631
1493750 633
1493760 633
1493770 634
1493780 635
1493790 635
1493800 636
1493810 638
1493820 638
1493830 638
1493840 640
1493850 640
1493860 642
1493870 643
1493880 643
1493890 644
1493900 645
1493910 645
1493920 647
1493930 649
1493940 649
1493950 650
1493960 650
1493970 650
1493980 651
1493990 654
1494000 654
1494010 655
1494020 654
1494030 654
1494040 654
1494050 657
1494060 657
1494070 661
1494080 663
1494090 663
1494100 666
1494110 670
1494120 670
1494130 673
1494140 675
1494150 675
1494160 675
1494170 675
1494180 675
1494190 675
1494200 674
1494210 675
1494220 675
1494230 681
1494240 687
1494250 687
1494260 691
1494270 695
1494280 695
1494290 700
1494300 703
1494310 703
1494320 706
1494330 709
1494340 709
1494350 712
1494360 716
1494370 716
1494380 720
1494390 724
1494400 724
1494410 727
1494420 730
1494430 730
1494440 733
1494450 736
1494460 736
1494470 739
1494480 742
1494490 742
1494500 745
1494510 747
1494520 747
1494530 748
1494540 747
1494550 747
1494560 744
1494570 740
1494580 740
1494590 736
1494600 734
1494610 734
1494620 732
1494630 730
1494640 730
1494650 729
1494660 729
1494670 729
1494680 729
1494690 729
1494700 729
1494710 730
1494720 730
1494730 730
1494740 731
1494750 731
1494760 731
1494770 731
1494780 730
1494790 730
1494800 725
1494810 716
1494820 716
1494830 706
1494840 696
1494850 696
1494860 689
1494870 686
1494880 686
1494890 685
1494900 684
1494910 684
1494920 681
1494930 678
1494940 678
1494950 675
1494960 668
1494970 668
1494980 662
1494990 658
1495000 658
1495010 655
1495020 653
1495030 653
1495040 652
1495050 653
1495060 653
1495070 654
1495080 654
1495090 654
1495100 655
1495110 655
1495120 655
1495130 654
1495140 654
1495150 654
1495160 653
1495170 652
1495180 652
1495190 651
1495200 650
1495210 650
1495220 649
1495230 647
1495240 647
1495250 646
1495260 645
1495270 645
1495280 644
1495290 644
1495300 644
1495310 644
1495320 644
1495330 642
1495340 642
1495350 641
1495360 639
1495370 639
1495380 637
1495390 635
1495400 635
1495410 634
1495420 633
1495430 633
1495440 633
1495450 632
1495460 632
1495470 633
1495480 634
1495490 634
1495500 634
1495510 635
1495520 635
1495530 635
1495540 633
1495550 633
1495560 631
1495570 629
1495580 629
1495590 628
1495600 627
1495610 627
1495620 628
1495630 629
1495640 629
1495650 630
1495660 632
1495670 632
1495680 634
1495690 634
1495700 634
1495710 631
1495720 629
1495730 629
1495740 627
1495750 624
1495760 624
1495770 621
1495780 617
1495790 617
1495800 614
1495810 612
1495820 612
1495830 611
1495840 610
1495850 610
1495860 609
1495870 608
1495880 608
1495890 606
1495900 605
1495910 605
1495920 605
1495930 605
1495940 605
1495950 604
1495960 602
1495970 602
1495980 600
1495990 599
1496000 599
1496010 599
1496020 599
1496030 599
1496040 598
1496050 598
1496060 598
1496070 597
1496080 596
1496090 596
1496100 595
1496110 595
1496120 595
1496130 594
1496140 592
1496150 592
1496160 591
1496170 590
1496180 590
1496190 588
1496200 584
1496210 584
1496220 582
1496230 581
1496240 581
1496250 580
1496260 578
1496270 578
1496280 577
1496290 576
1496300 576
1496310 575
1496320 574
1496330 574
1496340 573
1496350 572
1496360 572
1496370 571
1496380 570
1496390 570
1496400 569
1496410 568
1496420 567
1496430 567
1496440 566
1496450 565
1496460 565
1496470 564
1496480 564
1496490 564
1496500 563
1496510 563
1496520 563
1496530 562
1496540 562
1496550 562
1496560 562
1496570 561
1496580 561
1496590 561
1496600 560
1496610 560
1496620 560
1496630 559
1496640 559
1496650 559
1496660 559
1496670 559
1496680 558
1496690 557
1496700 557
1496710 557
1496720 556
1496730 556
1496740 556
1496750 556
1496760 556
1496770 555
1496780 555
1496790 555
1496800 554
1496810 554
1496820 554
1496830 554
1496840 554
1496850 554
1496860 553
1496870 553
1496880 553
1496890 553
1496900 552
1496910 552
1496920 551
1496930 552
1496940 552
1496950 552
1496960 552
1496970 552
1496980 551
1496990 551
1497000 551
1497010 551
1497020 550
1497030 550
1497040 550
1497050 550
1497060 550
1497070 550
1497080 549
1497090 549
1497100 549
1497110 549
1497120 549
1497130 549
1497140 549
1497150 549
1497160 548
1497170 548
1497180 548
1497190 547
1497200 548
1497210 548
1497220 548
1497230 548
1497240 548
1497250 548
1497260 548
1497270 548
1497280 548
1497290 548
1497300 548
1497310 548
1497320 548
1497330 548
1497340 548
1497350 547
1497360 547
1497370 548
1497380 548
1497390 548
1497400 548
1497410 548
1497420 548
1497430 547
1497440 547
1497450 547
1497460 547
1497470 547
1497480 547
1497490 547
1497500 546
1497510 546
1497520 546
1497530 546
1497540 546
1497550 546
1497560 546
1497570 546
1497580 546
1497590 546
1497600 546
1497610 546
1497620 545
1497630 545
1497640 545
1497650 544
1497660 544
1497670 544
1497680 543
1497690 543
1497700 543
1497710 543
1497720 544
1497730 544
1497740 545
1497750 546
1497760 546
1497770 546
1497780 546
1497790 546
1497800 546
1497810 546
1497820 546
1497830 546
1497840 546
1497850 546
1497860 546
1497870 547
1497880 547
1497890 547
1497900 546
1497910 546
1497920 546
1497930 546
1497940 546
1497950 545
1497960 546
1497970 546
1497980 545
1497990 545
1498000 545
1498010 545
1498020 545
1498030 545
1498040 545
1498050 545
1498060 545
1498070 545
1498080 546
1498090 546
1498100 546
1498110 547
1498120 547
1498130 548
1498140 549
1498150 549
1498160 550
1498170 551
1498180 551
1498190 551
1498200 552
1498210 552
1498220 554
1498230 555
1498240 555
1498250 557
1498260 558
1498270 558
1498280 558
1498290 558
1498300 558
1498310 557
1498320 557
1498330 557
1498340 557
1498350 556
1498360 556
1498370 556
1498380 555
1498390 555
1498400 554
1498410 552
1498420 552
1498430 550
1498440 549
1498450 549
1498460 548
1498470 546
1498480 546
1498490 546
1498500 546
1498510 546
1498520 546
1498530 546
1498540 546
1498550 546
1498560 546
1498570 546
1498580 545
1498590 544
1498600 544
1498610 544
1498620 542
1498630 542
1498640 544
1498650 547
1498660 549
1498670 549
1498680 550
1498690 552
1498700 552
1498710 553
1498720 554
1498730 554
1498740 555
1498750 555
1498760 555
1498770 556
1498780 557
1498790 557
1498800 558
1498810 559
1498820 559
1498830 559
1498840 560
1498850 560
1498860 561
1498870 562
1498880 562
1498890 563
1498900 564
1498910 564
1498920 565
1498930 566
1498940 566
1498950 567
1498960 568
1498970 568
1498980 569
1498990 570
1499000 570
1499010 570
1499020 571
1499030 571
1499040 571
1499050 572
1499060 572
1499070 573
1499080 573
1499090 573
1499100 574
1499110 575
1499120 575
1499130 575
1499140 576
1499150 576
1499160 577
1499170 577
1499180 577
1499190 578
1499200 579
1499210 579
1499220 580
1499230 580
1499240 580
1499250 581
1499260 582
1499270 582
1499280 583
1499290 583
1499300 583
1499310 584
1499320 584
1499330 584
1499340 584
1499350 584
1499360 584
1499370 584
1499380 584
1499390 584
1499400 583
1499410 583
1499420 583
1499430 582
1499440 581
1499450 581
1499460 580
1499470 579
1499480 579
1499490 578
1499500 578
1499510 578
1499520 577
1499530 576
1499540 576
1499550 575
1499560 574
1499570 574
1499580 573
1499590 573
1499600 573
1499610 573
1499620 572
1499630 572
1499640 571
1499650 570
1499660 570
1499670 569
1499680 567
1499690 567
1499700 566
1499710 565
1499720 565
1499730 565
1499740 564
1499750 564
1499760 565
1499770 564
1499780 563
1499790 563
1499800 562
1499810 562
1499820 562
1499830 561
1499840 561
1499850 561
1499860 561
1499870 560
1499880 560
1499890 560
1499900 560
1499910 560
1499920 560
1499930 560
1499940 560
1499950 560
1499960 560
1499970 560
1499980 560
1499990 560
