1480000 570
1480010 570
1480020 570
1480030 570
1480040 570
1480050 570
1480060 570
1480070 570
1480080 570
1480090 570
1480100 571
1480110 571
1480120 571
1480130 571
1480140 571
1480150 571
1480160 571
1480170 571
1480180 571
1480190 571
1480200 571
1480210 571
1480220 571
1480230 571
1480240 570
1480250 570
1480260 570
1480270 568
1480280 568
1480290 568
1480300 568
1480310 567
1480320 567
1480330 567
1480340 568
1480350 568
1480360 568
1480370 568
1480380 568
1480390 568
1480400 570
1480410 570
1480420 573
1480430 576
1480440 576
1480450 578
1480460 580
1480470 580
1480480 581
1480490 582
1480500 582
1480510 584
1480520 587
1480530 587
1480540 590
1480550 591
1480560 591
1480570 593
1480580 594
1480590 594
1480600 595
1480610 597
1480620 597
1480630 598
1480640 599
1480650 599
1480660 601
1480670 602
1480680 602
1480690 603
1480700 605
1480710 605
1480720 605
1480730 605
1480740 605
1480750 605
1480760 604
1480770 604
1480780 604
1480790 603
1480800 603
1480810 603
1480820 602
1480830 602
1480840 602
1480850 600
1480860 597
1480870 597
1480880 593
1480890 589
1480900 589
1480910 587
1480920 586
1480930 586
1480940 585
1480950 585
1480960 585
1480970 586
1480980 588
1480990 588
1481000 591
1481010 594
1481020 594
1481030 595
1481040 596
1481050 596
1481060 597
1481070 598
1481080 598
1481090 599
1481100 600
1481110 600
1481120 601
1481130 602
1481140 602
1481150 603
1481160 604
1481170 604
1481180 605
1481190 606
1481200 606
1481210 607
1481220 608
1481230 608
1481240 610
1481250 612
1481260 612
1481270 614
1481280 615
1481290 615
1481300 618
1481310 620
1481320 620
1481330 622
1481340 624
1481350 624
1481360 626
1481370 629
1481380 629
1481390 631
1481400 632
1481410 632
1481420 634
1481430 634
1481440 634
1481450 635
1481460 635
1481470 635
1481480 636
1481490 636
1481500 636
1481510 636
1481520 636
1481530 636
1481540 636
1481550 636
1481560 636
1481570 636
1481580 635
1481590 635
1481600 635
1481610 635
1481620 635
1481630 636
1481640 636
1481650 636
1481660 636
1481670 636
1481680 636
1481690 636
1481700 637
1481710 637
1481720 638
1481730 637
1481740 637
1481750 637
1481760 639
1481770 639
1481780 639
1481790 640
1481800 640
1481810 640
1481820 640
1481830 640
1481840 640
1481850 642
1481860 642
1481870 644
1481880 645
1481890 645
1481900 646
1481910 647
1481920 647
1481930 648
1481940 650
1481950 652
1481960 652
1481970 654
1481980 656
1481990 656
1482000 657
1482010 658
1482020 658
1482030 660
1482040 662
1482050 662
1482060 664
1482070 665
1482080 665
1482090 666
1482100 668
1482110 668
1482120 669
1482130 671
1482140 671
1482150 674
1482160 677
1482170 677
1482180 679
1482190 681
1482200 681
1482210 683
1482220 684
1482230 684
1482240 686
1482250 686
1482260 686
1482270 687
1482280 686
1482290 686
1482300 686
1482310 685
1482320 685
1482330 684
1482340 682
1482350 682
1482360 681
1482370 678
1482380 678
1482390 676
1482400 674
1482410 674
1482420 673
1482430 672
1482440 672
1482450 670
1482460 667
1482470 667
1482480 663
1482490 660
1482500 660
1482510 658
1482520 657
1482530 657
1482540 655
1482550 653
1482560 653
1482570 651
1482580 650
1482590 650
1482600 648
1482610 647
1482620 647
1482630 644
1482640 642
1482650 642
1482660 639
1482670 637
1482680 637
1482690 636
1482700 633
1482710 633
1482720 631
1482730 630
1482740 630
1482750 629
1482760 630
1482770 630
1482780 631
1482790 631
1482800 631
1482810 631
1482820 631
1482830 631
1482840 630
1482850 630
1482860 630
1482870 629
1482880 629
1482890 629
1482900 629
1482910 630
1482920 630
1482930 631
1482940 631
1482950 631
1482960 631
1482970 632
1482980 632
1482990 633
1483000 633
1483010 633
1483020 633
1483030 632
1483040 632
1483050 632
1483060 634
1483070 635
1483080 635
1483090 635
1483100 636
1483110 636
1483120 637
1483130 637
1483140 637
1483150 638
1483160 638
1483170 638
1483180 638
1483190 637
1483200 637
1483210 637
1483220 636
1483230 636
1483240 635
1483250 635
1483260 635
1483270 634
1483280 633
1483290 633
1483300 632
1483310 631
1483320 631
1483330 630
1483340 628
1483350 628
1483360 627
1483370 626
1483380 626
1483390 625
1483400 623
1483410 623
1483420 622
1483430 620
1483440 620
1483450 619
1483460 617
1483470 617
1483480 616
1483490 614
1483500 614
1483510 612
1483520 609
1483530 609
1483540 607
1483550 605
1483560 605
1483570 604
1483580 603
1483590 603
1483600 602
1483610 601
1483620 601
1483630 600
1483640 600
1483650 600
1483660 599
1483670 598
1483680 598
1483690 598
1483700 597
1483710 597
1483720 596
1483730 595
1483740 595
1483750 595
1483760 594
1483770 594
1483780 593
1483790 592
1483800 592
1483810 591
1483820 590
1483830 590
1483840 589
1483850 587
1483860 587
1483870 585
1483880 584
1483890 584
1483900 583
1483910 582
1483920 582
1483930 581
1483940 580
1483950 580
1483960 579
1483970 578
1483980 578
1483990 578
1484000 578
1484010 578
1484020 578
1484030 578
1484040 578
1484050 579
1484060 580
1484070 580
1484080 581
1484090 582
1484100 582
1484110 584
1484120 584
1484130 584
1484140 585
1484150 586
1484160 586
1484170 586
1484180 586
1484190 586
1484200 586
1484210 586
1484220 586
1484230 586
1484240 585
1484250 585
1484260 585
1484270 585
1484280 584
1484290 584
1484300 584
1484310 584
1484320 584
1484330 583
1484340 582
1484350 582
1484360 582
1484370 580
1484380 580
1484390 579
1484400 578
1484410 578
1484420 577
1484430 576
1484440 576
1484450 573
1484460 571
1484470 571
1484480 570
1484490 570
1484500 570
1484510 570
1484520 570
1484530 570
1484540 570
1484550 570
1484560 570
1484570 570
1484580 570
1484590 570
1484600 570
1484610 570
1484620 570
1484630 570
1484640 570
1484650 570
1484660 569
1484670 570
1484680 570
1484690 571
1484700 571
1484710 571
1484720 571
1484730 571
1484740 571
1484750 571
1484760 571
1484770 571
1484780 571
1484790 571
1484800 571
1484810 571
1484820 571
1484830 571
1484840 571
1484850 571
1484860 571
1484870 571
1484880 572
1484890 572
1484900 574
1484910 577
1484920 577
1484930 580
1484940 583
1484950 583
1484960 584
1484970 585
1484980 585
1484990 587
1485000 588
1485010 588
1485020 589
1485030 589
1485040 589
1485050 591
1485060 592
1485070 592
1485080 593
1485090 594
1485100 594
1485110 595
1485120 596
1485130 596
1485140 597
1485150 598
1485160 598
1485170 599
1485180 600
1485190 600
1485200 601
1485210 602
1485220 602
1485230 603
1485240 604
1485250 605
1485260 605
1485270 606
1485280 607
1485290 607
1485300 608
1485310 609
1485320 609
1485330 610
1485340 611
1485350 611
1485360 612
1485370 612
1485380 612
1485390 613
1485400 614
1485410 614
1485420 616
1485430 616
1485440 616
1485450 617
1485460 618
1485470 618
1485480 619
1485490 619
1485500 619
1485510 620
1485520 621
1485530 621
1485540 622
1485550 622
1485560 622
1485570 623
1485580 624
1485590 624
1485600 625
1485610 626
1485620 626
1485630 627
1485640 627
1485650 627
1485660 628
1485670 629
1485680 629
1485690 629
1485700 628
1485710 628
1485720 629
1485730 631
1485740 631
1485750 633
1485760 635
1485770 635
1485780 636
1485790 637
1485800 637
1485810 638
1485820 640
1485830 640
1485840 642
1485850 644
1485860 644
1485870 645
1485880 646
1485890 646
1485900 646
1485910 647
1485920 647
1485930 648
1485940 648
1485950 648
1485960 649
1485970 650
1485980 650
1485990 651
1486000 652
1486010 652
1486020 653
1486030 653
1486040 653
1486050 654
1486060 655
1486070 655
1486080 655
1486090 656
1486100 656
1486110 657
1486120 658
1486130 658
1486140 658
1486150 658
1486160 658
1486170 659
1486180 659
1486190 659
1486200 660
1486210 660
1486220 660
1486230 660
1486240 660
1486250 660
1486260 660
1486270 660
1486280 660
1486290 660
1486300 661
1486310 661
1486320 661
1486330 662
1486340 662
1486350 662
1486360 662
1486370 661
1486380 661
1486390 661
1486400 659
1486410 659
1486420 657
1486430 655
1486440 655
1486450 657
1486460 661
1486470 661
1486480 665
1486490 667
1486500 667
1486510 670
1486520 671
1486530 671
1486540 673
1486550 675
1486560 675
1486570 677
1486580 678
1486590 678
1486600 679
1486610 679
1486620 679
1486630 680
1486640 680
1486650 680
1486660 681
1486670 682
1486680 682
1486690 683
1486700 684
1486710 684
1486720 684
1486730 685
1486740 685
1486750 685
1486760 686
1486770 686
1486780 686
1486790 686
1486800 686
1486810 686
1486820 686
1486830 686
1486840 686
1486850 686
1486860 686
1486870 686
1486880 685
1486890 685
1486900 684
1486910 684
1486920 684
1486930 684
1486940 683
1486950 683
1486960 683
1486970 682
1486980 682
1486990 682
1487000 682
1487010 682
1487020 681
1487030 681
1487040 681
1487050 681
1487060 681
1487070 681
1487080 681
1487090 681
1487100 681
1487110 681
1487120 681
1487130 681
1487140 682
1487150 682
1487160 682
1487170 682
1487180 682
1487190 682
1487200 683
1487210 683
1487220 683
1487230 683
1487240 684
1487250 684
1487260 684
1487270 684
1487280 684
1487290 684
1487300 685
1487310 685
1487320 685
1487330 686
1487340 686
1487350 686
1487360 686
1487370 686
1487380 687
1487390 687
1487400 687
1487410 688
1487420 688
1487430 688
1487440 688
1487450 688
1487460 688
1487470 688
1487480 688
1487490 688
1487500 688
1487510 689
1487520 689
1487530 689
1487540 689
1487550 689
1487560 689
1487570 689
1487580 689
1487590 689
1487600 689
1487610 689
1487620 689
1487630 689
1487640 689
1487650 689
1487660 689
1487670 689
1487680 689
1487690 689
1487700 688
1487710 688
1487720 688
1487730 688
1487740 688
1487750 688
1487760 688
1487770 688
1487780 687
1487790 687
1487800 687
1487810 687
1487820 687
1487830 687
1487840 687
1487850 686
1487860 686
1487870 686
1487880 686
1487890 686
1487900 685
1487910 685
1487920 685
1487930 685
1487940 685
1487950 685
1487960 684
1487970 684
1487980 684
1487990 684
1488000 684
1488010 684
1488020 684
1488030 684
1488040 684
1488050 684
1488060 684
1488070 684
1488080 684
1488090 683
1488100 683
1488110 683
1488120 683
1488130 683
1488140 682
1488150 682
1488160 682
1488170 682
1488180 682
1488190 682
1488200 681
1488210 681
1488220 681
1488230 681
1488240 681
1488250 681
1488260 681
1488270 681
1488280 681
1488290 680
1488300 679
1488310 679
1488320 678
1488330 679
1488340 679
1488350 681
1488360 684
1488370 684
1488380 685
1488390 686
1488400 686
1488410 686
1488420 687
1488430 687
1488440 688
1488450 689
1488460 689
1488470 689
1488480 690
1488490 690
1488500 691
1488510 691
1488520 691
1488530 692
1488540 693
1488550 693
1488560 693
1488570 694
1488580 694
1488590 694
1488600 694
1488610 694
1488620 694
1488630 695
1488640 695
1488650 695
1488660 695
1488670 696
1488680 696
1488690 696
1488700 697
1488710 697
1488720 697
1488730 697
1488740 697
1488750 698
1488760 699
1488770 699
1488780 699
1488790 699
1488800 699
1488810 700
1488820 700
1488830 700
1488840 701
1488850 702
1488860 702
1488870 702
1488880 703
1488890 703
1488900 704
1488910 704
1488920 704
1488930 705
1488940 706
1488950 706
1488960 706
1488970 707
1488980 707
1488990 708
1489000 708
1489010 708
1489020 709
1489030 710
1489040 710
1489050 710
1489060 711
1489070 711
1489080 712
1489090 713
1489100 713
1489110 713
1489120 714
1489130 714
1489140 714
1489150 715
1489160 715
1489170 716
1489180 716
1489190 716
1489200 717
1489210 717
1489220 717
1489230 718
1489240 718
1489250 718
1489260 719
1489270 719
1489280 719
1489290 720
1489300 720
1489310 720
1489320 720
1489330 721
1489340 721
1489350 721
1489360 721
1489370 721
1489380 721
1489390 721
1489400 721
1489410 720
1489420 719
1489430 719
1489440 718
1489450 717
1489460 717
1489470 716
1489480 714
1489490 714
1489500 713
1489510 712
1489520 712
1489530 711
1489540 708
1489550 708
1489560 706
1489570 704
1489580 704
1489590 703
1489600 701
1489610 701
1489620 698
1489630 696
1489640 695
1489650 695
1489660 694
1489670 693
1489680 693
1489690 692
1489700 692
1489710 692
1489720 691
1489730 690
1489740 690
1489750 688
1489760 686
1489770 686
1489780 685
1489790 683
1489800 683
1489810 682
1489820 681
1489830 681
1489840 680
1489850 678
1489860 678
1489870 677
1489880 675
1489890 675
1489900 673
1489910 671
1489920 671
1489930 669
1489940 667
1489950 667
1489960 663
1489970 660
1489980 660
1489990 657
1490000 654
1490010 654
1490020 653
1490030 652
1490040 652
1490050 651
1490060 649
1490070 649
1490080 648
1490090 646
1490100 646
1490110 645
1490120 644
1490130 644
1490140 643
1490150 642
1490160 642
1490170 640
1490180 639
1490190 639
1490200 637
1490210 635
1490220 635
1490230 632
1490240 631
1490250 631
1490260 632
1490270 632
1490280 632
1490290 631
1490300 629
1490310 629
1490320 627
1490330 626
1490340 626
1490350 624
1490360 622
1490370 622
1490380 619
1490390 617
1490400 617
1490410 617
1490420 618
1490430 618
1490440 617
1490450 617
1490460 617
1490470 615
1490480 615
1490490 615
1490500 613
1490510 613
1490520 613
1490530 612
1490540 611
1490550 611
1490560 610
1490570 609
1490580 609
1490590 608
1490600 607
1490610 607
1490620 606
1490630 604
1490640 604
1490650 603
1490660 602
1490670 602
1490680 601
1490690 600
1490700 600
1490710 599
1490720 598
1490730 598
1490740 597
1490750 597
1490760 596
1490770 596
1490780 595
1490790 595
1490800 595
1490810 595
1490820 594
1490830 594
1490840 594
1490850 594
1490860 594
1490870 593
1490880 593
1490890 593
1490900 593
1490910 593
1490920 593
1490930 593
1490940 593
1490950 593
1490960 593
1490970 593
1490980 593
1490990 593
1491000 593
1491010 593
1491020 593
1491030 592
1491040 592
1491050 592
1491060 592
1491070 592
1491080 592
1491090 591
1491100 591
1491110 591
1491120 591
1491130 591
1491140 591
1491150 590
1491160 590
1491170 590
1491180 589
1491190 589
1491200 589
1491210 588
1491220 588
1491230 587
1491240 585
1491250 585
1491260 584
1491270 582
1491280 582
1491290 581
1491300 580
1491310 580
1491320 578
1491330 578
1491340 578
1491350 577
1491360 577
1491370 577
1491380 577
1491390 577
1491400 577
1491410 577
1491420 576
1491430 576
1491440 576
1491450 576
1491460 576
1491470 576
1491480 576
1491490 576
1491500 576
1491510 576
1491520 576
1491530 576
1491540 575
1491550 575
1491560 576
1491570 576
1491580 576
1491590 576
1491600 576
1491610 576
1491620 576
1491630 576
1491640 576
1491650 576
1491660 575
1491670 575
1491680 573
1491690 573
1491700 573
1491710 574
1491720 573
1491730 573
1491740 573
1491750 573
1491760 573
1491770 573
1491780 572
1491790 572
1491800 571
1491810 570
1491820 570
1491830 570
1491840 570
1491850 569
1491860 569
1491870 569
1491880 569
1491890 569
1491900 568
1491910 568
1491920 568
1491930 568
1491940 568
1491950 568
1491960 567
1491970 567
1491980 567
1491990 567
1492000 567
1492010 567
1492020 566
1492030 566
1492040 566
1492050 567
1492060 567
1492070 567
1492080 568
1492090 567
1492100 567
1492110 567
1492120 566
1492130 566
1492140 565
1492150 565
1492160 565
1492170 564
1492180 564
1492190 564
1492200 564
1492210 563
1492220 563
1492230 563
1492240 563
1492250 563
1492260 562
1492270 562
1492280 562
1492290 562
1492300 562
1492310 562
1492320 561
1492330 561
1492340 561
1492350 561
1492360 560
1492370 560
1492380 560
1492390 560
1492400 560
1492410 560
1492420 560
1492430 560
1492440 559
1492450 559
1492460 559
1492470 558
1492480 558
1492490 558
1492500 557
1492510 557
1492520 557
1492530 557
1492540 557
1492550 557
1492560 557
1492570 557
1492580 557
1492590 557
1492600 557
1492610 557
1492620 557
1492630 557
1492640 557
1492650 557
1492660 557
1492670 557
1492680 557
1492690 557
1492700 557
1492710 557
1492720 558
1492730 558
1492740 558
1492750 558
1492760 558
1492770 558
1492780 559
1492790 559
1492800 560
1492810 561
1492820 561
1492830 563
1492840 565
1492850 565
1492860 566
1492870 568
1492880 568
1492890 569
1492900 570
1492910 570
1492920 570
1492930 571
1492940 571
1492950 572
1492960 571
1492970 572
1492980 572
1492990 574
1493000 577
1493010 577
1493020 582
1493030 587
1493040 587
1493050 590
1493060 593
1493070 593
1493080 597
1493090 604
1493100 604
1493110 611
1493120 617
1493130 617
1493140 621
1493150 624
1493160 624
1493170 627
1493180 628
1493190 628
1493200 630
1493210 631
1493220 631
1493230 632
1493240 632
1493250 632
1493260 632
1493270 633
1493280 633
1493290 632
1493300 632
1493310 632
1493320 632
1493330 632
1493340 632
1493350 632
1493360 631
1493370 631
1493380 632
1493390 632
1493400 632
1493410 633
1493420 634
1493430 634
1493440 635
1493450 635
1493460 635
1493470 636
1493480 636
1493490 636
1493500 637
1493510 637
1493520 637
1493530 638
1493540 637
1493550 637
1493560 637
1493570 637
1493580 637
1493590 637
1493600 638
1493610 638
1493620 638
1493630 639
1493640 639
1493650 640
1493660 641
1493670 641
1493680 642
1493690 643
1493700 643
1493710 644
1493720 646
1493730 646
1493740 647
1493750 648
1493760 648
1493770 650
1493780 651
1493790 651
1493800 653
1493810 654
1493820 654
1493830 655
1493840 655
1493850 655
1493860 656
1493870 656
1493880 656
1493890 658
1493900 662
1493910 662
1493920 664
1493930 666
1493940 666
1493950 665
1493960 666
1493970 666
1493980 667
1493990 667
1494000 667
1494010 670
1494020 675
1494030 675
1494040 680
1494050 685
1494060 685
1494070 688
1494080 690
1494090 692
1494100 692
1494110 694
1494120 695
1494130 695
1494140 698
1494150 699
1494160 699
1494170 700
1494180 701
1494190 701
1494200 702
1494210 702
1494220 702
1494230 701
1494240 701
1494250 701
1494260 701
1494270 701
1494280 701
1494290 702
1494300 703
1494310 703
1494320 704
1494330 705
1494340 705
1494350 706
1494360 707
1494370 707
1494380 708
1494390 708
1494400 708
1494410 709
1494420 709
1494430 709
1494440 709
1494450 708
1494460 708
1494470 708
1494480 709
1494490 709
1494500 709
1494510 710
1494520 710
1494530 711
1494540 712
1494550 712
1494560 714
1494570 716
1494580 716
1494590 719
1494600 722
1494610 722
1494620 725
1494630 729
1494640 729
1494650 732
1494660 735
1494670 735
1494680 737
1494690 739
1494700 739
1494710 741
1494720 742
1494730 742
1494740 743
1494750 743
1494760 743
1494770 743
1494780 742
1494790 742
1494800 740
1494810 738
1494820 738
1494830 734
1494840 731
1494850 731
1494860 727
1494870 724
1494880 724
1494890 721
1494900 718
1494910 718
1494920 715
1494930 712
1494940 712
1494950 708
1494960 703
1494970 703
1494980 697
1494990 691
1495000 691
1495010 686
1495020 684
1495030 684
1495040 682
1495050 678
1495060 678
1495070 671
1495080 664
1495090 664
1495100 658
1495110 656
1495120 656
1495130 655
1495140 655
1495150 655
1495160 655
1495170 656
1495180 656
1495190 656
1495200 656
1495210 655
1495220 655
1495230 654
1495240 652
1495250 652
1495260 652
1495270 651
1495280 651
1495290 650
1495300 649
1495310 649
1495320 649
1495330 649
1495340 649
1495350 648
1495360 647
1495370 647
1495380 646
1495390 645
1495400 645
1495410 644
1495420 642
1495430 642
1495440 641
1495450 639
1495460 639
1495470 638
1495480 637
1495490 637
1495500 636
1495510 634
1495520 634
1495530 633
1495540 632
1495550 632
1495560 632
1495570 630
1495580 630
1495590 628
1495600 627
1495610 627
1495620 626
1495630 624
1495640 624
1495650 623
1495660 622
1495670 622
1495680 621
1495690 621
1495700 621
1495710 620
1495720 619
1495730 619
1495740 616
1495750 614
1495760 614
1495770 613
1495780 611
1495790 611
1495800 610
1495810 608
1495820 608
1495830 607
1495840 607
1495850 607
1495860 606
1495870 606
1495880 606
1495890 604
1495900 603
1495910 603
1495920 601
1495930 600
1495940 600
1495950 600
1495960 599
1495970 599
1495980 599
1495990 599
1496000 599
1496010 599
1496020 599
1496030 599
1496040 599
1496050 600
1496060 600
1496070 601
1496080 600
1496090 600
1496100 598
1496110 597
1496120 597
1496130 596
1496140 595
1496150 595
1496160 593
1496170 593
1496180 593
1496190 592
1496200 591
1496210 591
1496220 590
1496230 588
1496240 588
1496250 586
1496260 586
1496270 586
1496280 585
1496290 584
1496300 584
1496310 584
1496320 583
1496330 583
1496340 583
1496350 583
1496360 582
1496370 582
1496380 581
1496390 580
1496400 580
1496410 579
1496420 578
1496430 578
1496440 577
1496450 576
1496460 576
1496470 575
1496480 575
1496490 575
1496500 574
1496510 573
1496520 573
1496530 572
1496540 571
1496550 571
1496560 570
1496570 569
1496580 569
1496590 568
1496600 568
1496610 568
1496620 568
1496630 567
1496640 567
1496650 567
1496660 566
1496670 566
1496680 566
1496690 566
1496700 566
1496710 565
1496720 565
1496730 565
1496740 564
1496750 564
1496760 564
1496770 563
1496780 563
1496790 563
1496800 562
1496810 561
1496820 561
1496830 561
1496840 560
1496850 560
1496860 560
1496870 559
1496880 559
1496890 559
1496900 558
1496910 558
1496920 557
1496930 557
1496940 557
1496950 556
1496960 555
1496970 555
1496980 555
1496990 554
1497000 554
1497010 554
1497020 553
1497030 553
1497040 553
1497050 553
1497060 553
1497070 553
1497080 554
1497090 554
1497100 554
1497110 555
1497120 555
1497130 555
1497140 555
1497150 555
1497160 555
1497170 555
1497180 555
1497190 555
1497200 554
1497210 554
1497220 554
1497230 554
1497240 554
1497250 553
1497260 553
1497270 553
1497280 552
1497290 552
1497300 552
1497310 551
1497320 550
1497330 550
1497340 549
1497350 549
1497360 549
1497370 549
1497380 548
1497390 548
1497400 548
1497410 547
1497420 547
1497430 547
1497440 547
1497450 546
1497460 546
1497470 546
1497480 545
1497490 545
1497500 544
1497510 544
1497520 544
1497530 544
1497540 544
1497550 544
1497560 544
1497570 544
1497580 544
1497590 544
1497600 543
1497610 543
1497620 543
1497630 542
1497640 542
1497650 541
1497660 540
1497670 540
1497680 540
1497690 539
1497700 539
1497710 539
1497720 538
1497730 538
1497740 538
1497750 537
1497760 537
1497770 537
1497780 537
1497790 537
1497800 536
1497810 536
1497820 536
1497830 535
1497840 535
1497850 535
1497860 535
1497870 535
1497880 535
1497890 535
1497900 534
1497910 534
1497920 534
1497930 534
1497940 534
1497950 534
1497960 533
1497970 533
1497980 533
1497990 533
1498000 533
1498010 534
1498020 534
1498030 534
1498040 535
1498050 536
1498060 536
1498070 536
1498080 536
1498090 536
1498100 536
1498110 536
1498120 536
1498130 536
1498140 536
1498150 536
1498160 535
1498170 535
1498180 535
1498190 535
1498200 534
1498210 534
1498220 533
1498230 534
1498240 534
1498250 534
1498260 534
1498270 534
1498280 534
1498290 533
1498300 533
1498310 531
1498320 530
1498330 530
1498340 531
1498350 533
1498360 533
1498370 531
1498380 531
1498390 531
1498400 530
1498410 528
1498420 528
1498430 527
1498440 526
1498450 526
1498460 526
1498470 526
1498480 526
1498490 525
1498500 525
1498510 525
1498520 525
1498530 525
1498540 524
1498550 524
1498560 524
1498570 524
1498580 524
1498590 524
1498600 524
1498610 524
1498620 523
1498630 523
1498640 523
1498650 522
1498660 523
1498670 523
1498680 523
1498690 523
1498700 523
1498710 523
1498720 524
1498730 524
1498740 524
1498750 524
1498760 524
1498770 524
1498780 525
1498790 525
1498800 526
1498810 527
1498820 527
1498830 528
1498840 529
1498850 529
1498860 530
1498870 531
1498880 531
1498890 532
1498900 533
1498910 533
1498920 534
1498930 535
1498940 535
1498950 536
1498960 537
1498970 537
1498980 538
1498990 539
1499000 539
1499010 540
1499020 541
1499030 541
1499040 542
1499050 543
1499060 543
1499070 544
1499080 545
1499090 545
1499100 546
1499110 547
1499120 547
1499130 549
1499140 550
1499150 550
1499160 551
1499170 552
1499180 552
1499190 553
1499200 555
1499210 555
1499220 556
1499230 558
1499240 558
1499250 559
1499260 560
1499270 560
1499280 561
1499290 563
1499300 563
1499310 564
1499320 565
1499330 565
1499340 566
1499350 568
1499360 568
1499370 570
1499380 572
1499390 572
1499400 575
1499410 576
1499420 576
1499430 577
1499440 578
1499450 578
1499460 578
1499470 578
1499480 578
1499490 578
1499500 578
1499510 578
1499520 578
1499530 578
1499540 578
1499550 579
1499560 578
1499570 578
1499580 578
1499590 578
1499600 578
1499610 578
1499620 578
1499630 578
1499640 578
1499650 578
1499660 578
1499670 578
1499680 578
1499690 578
1499700 578
1499710 578
1499720 578
1499730 578
1499740 578
1499750 578
1499760 578
1499770 577
1499780 577
1499790 577
1499800 577
1499810 577
1499820 577
1499830 577
1499840 577
1499850 577
1499860 576
1499870 576
1499880 576
1499890 576
1499900 576
1499910 576
1499920 576
1499930 576
1499940 576
1499950 576
1499960 575
1499970 575
1499980 575
1499990 575
