1480000 596
1480010 599
1480020 599
1480030 601
1480040 603
1480050 603
1480060 605
1480070 606
1480080 606
1480090 608
1480100 609
1480110 609
1480120 610
1480130 611
1480140 611
1480150 612
1480160 613
1480170 613
1480180 614
1480190 615
1480200 615
1480210 616
1480220 617
1480230 617
1480240 618
1480250 618
1480260 618
1480270 619
1480280 620
1480290 620
1480300 620
1480310 621
1480320 621
1480330 622
1480340 623
1480350 623
1480360 624
1480370 624
1480380 624
1480390 625
1480400 625
1480410 625
1480420 626
1480430 626
1480440 626
1480450 626
1480460 626
1480470 626
1480480 626
1480490 626
1480500 626
1480510 626
1480520 626
1480530 626
1480540 626
1480550 626
1480560 626
1480570 625
1480580 624
1480590 624
1480600 624
1480610 623
1480620 623
1480630 621
1480640 621
1480650 621
1480660 619
1480670 617
1480680 617
1480690 614
1480700 612
1480710 612
1480720 611
1480730 613
1480740 614
1480750 614
1480760 614
1480770 613
1480780 613
1480790 613
1480800 613
1480810 613
1480820 613
1480830 613
1480840 613
1480850 613
1480860 613
1480870 613
1480880 613
1480890 613
1480900 613
1480910 613
1480920 612
1480930 612
1480940 612
1480950 612
1480960 612
1480970 612
1480980 612
1480990 612
1481000 612
1481010 612
1481020 612
1481030 611
1481040 611
1481050 611
1481060 610
1481070 610
1481080 610
1481090 609
1481100 609
1481110 609
1481120 609
1481130 608
1481140 608
1481150 605
1481160 601
1481170 601
1481180 598
1481190 597
1481200 597
1481210 597
1481220 597
1481230 597
1481240 598
1481250 599
1481260 599
1481270 600
1481280 602
1481290 602
1481300 604
1481310 607
1481320 607
1481330 609
1481340 611
1481350 611
1481360 614
1481370 617
1481380 617
1481390 619
1481400 621
1481410 621
1481420 623
1481430 624
1481440 624
1481450 626
1481460 628
1481470 628
1481480 629
1481490 631
1481500 631
1481510 632
1481520 634
1481530 634
1481540 635
1481550 636
1481560 636
1481570 637
1481580 637
1481590 637
1481600 638
1481610 640
1481620 640
1481630 641
1481640 642
1481650 642
1481660 643
1481670 644
1481680 644
1481690 645
1481700 646
1481710 646
1481720 646
1481730 647
1481740 647
1481750 649
1481760 649
1481770 649
1481780 650
1481790 652
1481800 652
1481810 653
1481820 654
1481830 654
1481840 655
1481850 656
1481860 656
1481870 656
1481880 657
1481890 659
1481900 659
1481910 661
1481920 662
1481930 662
1481940 664
1481950 665
1481960 665
1481970 666
1481980 668
1481990 668
1482000 669
1482010 670
1482020 670
1482030 672
1482040 673
1482050 673
1482060 674
1482070 675
1482080 675
1482090 677
1482100 678
1482110 678
1482120 680
1482130 681
1482140 681
1482150 683
1482160 684
1482170 684
1482180 685
1482190 686
1482200 686
1482210 688
1482220 689
1482230 689
1482240 691
1482250 692
1482260 692
1482270 693
1482280 695
1482290 695
1482300 695
1482310 696
1482320 696
1482330 696
1482340 697
1482350 697
1482360 698
1482370 698
1482380 698
1482390 699
1482400 700
1482410 700
1482420 700
1482430 700
1482440 700
1482450 701
1482460 701
1482470 701
1482480 701
1482490 701
1482500 701
1482510 701
1482520 701
1482530 701
1482540 700
1482550 700
1482560 700
1482570 699
1482580 698
1482590 698
1482600 697
1482610 696
1482620 696
1482630 694
1482640 693
1482650 693
1482660 691
1482670 687
1482680 687
1482690 684
1482700 681
1482710 681
1482720 679
1482730 678
1482740 678
1482750 677
1482760 676
1482770 676
1482780 675
1482790 674
1482800 674
1482810 673
1482820 672
1482830 672
1482840 671
1482850 670
1482860 670
1482870 669
1482880 668
1482890 668
1482900 667
1482910 666
1482920 666
1482930 666
1482940 664
1482950 664
1482960 663
1482970 661
1482980 661
1482990 660
1483000 659
1483010 658
1483020 658
1483030 657
1483040 655
1483050 655
1483060 654
1483070 653
1483080 653
1483090 651
1483100 650
1483110 650
1483120 649
1483130 648
1483140 648
1483150 648
1483160 647
1483170 647
1483180 646
1483190 646
1483200 646
1483210 645
1483220 644
1483230 644
1483240 644
1483250 643
1483260 643
1483270 643
1483280 642
1483290 642
1483300 641
1483310 641
1483320 641
1483330 640
1483340 640
1483350 640
1483360 639
1483370 639
1483380 639
1483390 638
1483400 637
1483410 637
1483420 636
1483430 634
1483440 634
1483450 633
1483460 631
1483470 631
1483480 630
1483490 628
1483500 628
1483510 627
1483520 626
1483530 626
1483540 625
1483550 623
1483560 623
1483570 622
1483580 621
1483590 621
1483600 620
1483610 619
1483620 619
1483630 618
1483640 616
1483650 616
1483660 615
1483670 613
1483680 613
1483690 612
1483700 609
1483710 609
1483720 607
1483730 605
1483740 605
1483750 604
1483760 604
1483770 604
1483780 605
1483790 605
1483800 605
1483810 607
1483820 610
1483830 610
1483840 613
1483850 615
1483860 615
1483870 617
1483880 619
1483890 619
1483900 621
1483910 623
1483920 623
1483930 625
1483940 627
1483950 627
1483960 628
1483970 629
1483980 629
1483990 630
1484000 631
1484010 631
1484020 631
1484030 630
1484040 630
1484050 630
1484060 631
1484070 631
1484080 631
1484090 630
1484100 630
1484110 630
1484120 630
1484130 631
1484140 631
1484150 632
1484160 633
1484170 633
1484180 634
1484190 635
1484200 635
1484210 635
1484220 636
1484230 636
1484240 636
1484250 636
1484260 636
1484270 636
1484280 636
1484290 636
1484300 637
1484310 637
1484320 637
1484330 637
1484340 637
1484350 637
1484360 637
1484370 637
1484380 637
1484390 637
1484400 637
1484410 637
1484420 637
1484430 636
1484440 636
1484450 636
1484460 635
1484470 635
1484480 635
1484490 634
1484500 634
1484510 634
1484520 633
1484530 633
1484540 632
1484550 630
1484560 630
1484570 628
1484580 627
1484590 627
1484600 625
1484610 622
1484620 622
1484630 620
1484640 619
1484650 619
1484660 618
1484670 617
1484680 617
1484690 617
1484700 616
1484710 616
1484720 615
1484730 613
1484740 613
1484750 612
1484760 610
1484770 610
1484780 609
1484790 608
1484800 608
1484810 607
1484820 606
1484830 606
1484840 604
1484850 603
1484860 603
1484870 602
1484880 601
1484890 601
1484900 600
1484910 598
1484920 598
1484930 596
1484940 596
1484950 596
1484960 595
1484970 595
1484980 595
1484990 594
1485000 594
1485010 594
1485020 593
1485030 592
1485040 592
1485050 591
1485060 590
1485070 590
1485080 589
1485090 588
1485100 588
1485110 587
1485120 587
1485130 587
1485140 587
1485150 587
1485160 587
1485170 586
1485180 585
1485190 585
1485200 585
1485210 584
1485220 584
1485230 583
1485240 583
1485250 582
1485260 582
1485270 581
1485280 580
1485290 580
1485300 580
1485310 581
1485320 581
1485330 580
1485340 579
1485350 579
1485360 579
1485370 579
1485380 579
1485390 580
1485400 580
1485410 580
1485420 580
1485430 579
1485440 579
1485450 579
1485460 579
1485470 579
1485480 579
1485490 579
1485500 579
1485510 579
1485520 579
1485530 579
1485540 579
1485550 579
1485560 579
1485570 579
1485580 579
1485590 579
1485600 579
1485610 579
1485620 579
1485630 579
1485640 579
1485650 579
1485660 578
1485670 579
1485680 579
1485690 580
1485700 580
1485710 580
1485720 580
1485730 579
1485740 579
1485750 579
1485760 579
1485770 579
1485780 579
1485790 580
1485800 580
1485810 580
1485820 580
1485830 580
1485840 580
1485850 581
1485860 581
1485870 583
1485880 585
1485890 585
1485900 586
1485910 588
1485920 588
1485930 590
1485940 591
1485950 591
1485960 593
1485970 593
1485980 593
1485990 593
1486000 594
1486010 594
1486020 594
1486030 594
1486040 594
1486050 593
1486060 593
1486070 593
1486080 593
1486090 593
1486100 593
1486110 593
1486120 594
1486130 594
1486140 596
1486150 598
1486160 598
1486170 601
1486180 604
1486190 604
1486200 607
1486210 609
1486220 609
1486230 612
1486240 613
1486250 613
1486260 616
1486270 618
1486280 618
1486290 619
1486300 620
1486310 620
1486320 621
1486330 622
1486340 622
1486350 623
1486360 623
1486370 623
1486380 624
1486390 625
1486400 625
1486410 625
1486420 626
1486430 627
1486440 627
1486450 627
1486460 627
1486470 627
1486480 628
1486490 628
1486500 628
1486510 629
1486520 629
1486530 629
1486540 630
1486550 630
1486560 630
1486570 630
1486580 631
1486590 631
1486600 631
1486610 631
1486620 631
1486630 631
1486640 631
1486650 631
1486660 630
1486670 630
1486680 630
1486690 630
1486700 630
1486710 630
1486720 629
1486730 627
1486740 627
1486750 626
1486760 624
1486770 624
1486780 623
1486790 622
1486800 622
1486810 623
1486820 626
1486830 626
1486840 630
1486850 634
1486860 634
1486870 637
1486880 641
1486890 641
1486900 644
1486910 647
1486920 647
1486930 649
1486940 651
1486950 651
1486960 652
1486970 654
1486980 654
1486990 655
1487000 656
1487010 656
1487020 657
1487030 658
1487040 658
1487050 658
1487060 658
1487070 658
1487080 658
1487090 658
1487100 658
1487110 657
1487120 657
1487130 657
1487140 656
1487150 656
1487160 656
1487170 655
1487180 655
1487190 655
1487200 654
1487210 654
1487220 654
1487230 653
1487240 652
1487250 652
1487260 651
1487270 650
1487280 650
1487290 649
1487300 648
1487310 648
1487320 647
1487330 647
1487340 647
1487350 646
1487360 644
1487370 644
1487380 642
1487390 641
1487400 641
1487410 641
1487420 640
1487430 640
1487440 641
1487450 642
1487460 642
1487470 644
1487480 647
1487490 647
1487500 650
1487510 652
1487520 655
1487530 655
1487540 658
1487550 661
1487560 661
1487570 663
1487580 665
1487590 665
1487600 667
1487610 668
1487620 668
1487630 669
1487640 670
1487650 670
1487660 671
1487670 672
1487680 672
1487690 673
1487700 674
1487710 674
1487720 675
1487730 676
1487740 676
1487750 677
1487760 678
1487770 678
1487780 679
1487790 680
1487800 680
1487810 680
1487820 680
1487830 680
1487840 680
1487850 680
1487860 680
1487870 681
1487880 682
1487890 682
1487900 683
1487910 684
1487920 684
1487930 685
1487940 686
1487950 686
1487960 686
1487970 687
1487980 687
1487990 688
1488000 689
1488010 689
1488020 690
1488030 691
1488040 691
1488050 692
1488060 693
1488070 693
1488080 694
1488090 695
1488100 695
1488110 696
1488120 697
1488130 697
1488140 698
1488150 699
1488160 699
1488170 700
1488180 701
1488190 701
1488200 702
1488210 703
1488220 703
1488230 704
1488240 705
1488250 705
1488260 706
1488270 707
1488280 707
1488290 709
1488300 710
1488310 710
1488320 711
1488330 711
1488340 711
1488350 712
1488360 712
1488370 712
1488380 713
1488390 713
1488400 713
1488410 713
1488420 713
1488430 713
1488440 714
1488450 714
1488460 714
1488470 714
1488480 713
1488490 713
1488500 713
1488510 712
1488520 712
1488530 712
1488540 711
1488550 711
1488560 711
1488570 711
1488580 711
1488590 710
1488600 710
1488610 710
1488620 710
1488630 709
1488640 708
1488650 708
1488660 708
1488670 707
1488680 707
1488690 707
1488700 707
1488710 707
1488720 707
1488730 707
1488740 707
1488750 707
1488760 706
1488770 706
1488780 706
1488790 705
1488800 705
1488810 704
1488820 703
1488830 703
1488840 702
1488850 701
1488860 701
1488870 700
1488880 700
1488890 700
1488900 699
1488910 699
1488920 699
1488930 699
1488940 699
1488950 699
1488960 699
1488970 699
1488980 699
1488990 698
1489000 698
1489010 698
1489020 698
1489030 698
1489040 698
1489050 698
1489060 698
1489070 698
1489080 698
1489090 697
1489100 697
1489110 699
1489120 701
1489130 701
1489140 702
1489150 702
1489160 702
1489170 703
1489180 704
1489190 704
1489200 704
1489210 705
1489220 705
1489230 705
1489240 705
1489250 705
1489260 705
1489270 704
1489280 704
1489290 703
1489300 702
1489310 702
1489320 701
1489330 700
1489340 700
1489350 699
1489360 697
1489370 697
1489380 696
1489390 694
1489400 694
1489410 692
1489420 690
1489430 690
1489440 687
1489450 685
1489460 685
1489470 684
1489480 683
1489490 683
1489500 682
1489510 680
1489520 680
1489530 678
1489540 676
1489550 676
1489560 674
1489570 673
1489580 673
1489590 671
1489600 669
1489610 669
1489620 666
1489630 663
1489640 663
1489650 660
1489660 658
1489670 658
1489680 655
1489690 654
1489700 654
1489710 652
1489720 651
1489730 651
1489740 650
1489750 649
1489760 649
1489770 648
1489780 646
1489790 644
1489800 644
1489810 642
1489820 640
1489830 640
1489840 639
1489850 637
1489860 637
1489870 637
1489880 636
1489890 636
1489900 636
1489910 635
1489920 635
1489930 633
1489940 632
1489950 632
1489960 631
1489970 631
1489980 631
1489990 631
1490000 631
1490010 631
1490020 631
1490030 631
1490040 631
1490050 631
1490060 630
1490070 630
1490080 630
1490090 630
1490100 630
1490110 629
1490120 629
1490130 629
1490140 629
1490150 628
1490160 628
1490170 627
1490180 631
1490190 631
1490200 631
1490210 628
1490220 628
1490230 631
1490240 632
1490250 632
1490260 632
1490270 632
1490280 632
1490290 631
1490300 632
1490310 632
1490320 634
1490330 635
1490340 635
1490350 636
1490360 636
1490370 636
1490380 636
1490390 637
1490400 637
1490410 637
1490420 637
1490430 637
1490440 638
1490450 638
1490460 638
1490470 639
1490480 639
1490490 639
1490500 640
1490510 640
1490520 640
1490530 640
1490540 641
1490550 641
1490560 642
1490570 643
1490580 643
1490590 643
1490600 643
1490610 643
1490620 643
1490630 643
1490640 643
1490650 643
1490660 643
1490670 643
1490680 644
1490690 644
1490700 644
1490710 645
1490720 645
1490730 645
1490740 645
1490750 645
1490760 645
1490770 645
1490780 645
1490790 645
1490800 646
1490810 646
1490820 646
1490830 647
1490840 648
1490850 648
1490860 649
1490870 649
1490880 649
1490890 649
1490900 648
1490910 647
1490920 647
1490930 647
1490940 647
1490950 647
1490960 647
1490970 648
1490980 648
1490990 648
1491000 649
1491010 649
1491020 650
1491030 651
1491040 651
1491050 652
1491060 652
1491070 652
1491080 651
1491090 650
1491100 650
1491110 648
1491120 647
1491130 647
1491140 647
1491150 646
1491160 646
1491170 645
1491180 644
1491190 644
1491200 644
1491210 643
1491220 643
1491230 642
1491240 641
1491250 641
1491260 640
1491270 639
1491280 639
1491290 638
1491300 637
1491310 637
1491320 635
1491330 634
1491340 634
1491350 633
1491360 633
1491370 633
1491380 632
1491390 631
1491400 631
1491410 630
1491420 628
1491430 628
1491440 627
1491450 625
1491460 625
1491470 623
1491480 622
1491490 622
1491500 620
1491510 618
1491520 618
1491530 615
1491540 613
1491550 613
1491560 611
1491570 610
1491580 610
1491590 608
1491600 607
1491610 607
1491620 606
1491630 604
1491640 604
1491650 603
1491660 602
1491670 602
1491680 601
1491690 601
1491700 601
1491710 601
1491720 601
1491730 601
1491740 602
1491750 602
1491760 602
1491770 603
1491780 604
1491790 604
1491800 604
1491810 604
1491820 604
1491830 603
1491840 603
1491850 603
1491860 603
1491870 603
1491880 603
1491890 603
1491900 602
1491910 602
1491920 602
1491930 602
1491940 602
1491950 601
1491960 601
1491970 601
1491980 601
1491990 600
1492000 600
1492010 600
1492020 601
1492030 601
1492040 601
1492050 601
1492060 601
1492070 601
1492080 601
1492090 600
1492100 600
1492110 600
1492120 600
1492130 600
1492140 600
1492150 600
1492160 600
1492170 599
1492180 598
1492190 598
1492200 596
1492210 595
1492220 595
1492230 593
1492240 592
1492250 592
1492260 590
1492270 589
1492280 589
1492290 587
1492300 586
1492310 586
1492320 585
1492330 584
1492340 584
1492350 583
1492360 581
1492370 581
1492380 579
1492390 576
1492400 576
1492410 573
1492420 571
1492430 571
1492440 570
1492450 570
1492460 570
1492470 570
1492480 569
1492490 569
1492500 569
1492510 569
1492520 569
1492530 568
1492540 568
1492550 568
1492560 568
1492570 568
1492580 568
1492590 567
1492600 566
1492610 566
1492620 565
1492630 565
1492640 565
1492650 564
1492660 564
1492670 564
1492680 563
1492690 564
1492700 564
1492710 564
1492720 564
1492730 564
1492740 564
1492750 565
1492760 565
1492770 565
1492780 566
1492790 566
1492800 566
1492810 567
1492820 567
1492830 568
1492840 569
1492850 569
1492860 570
1492870 571
1492880 571
1492890 572
1492900 573
1492910 573
1492920 574
1492930 575
1492940 575
1492950 577
1492960 577
1492970 577
1492980 578
1492990 579
1493000 579
1493010 580
1493020 581
1493030 581
1493040 582
1493050 583
1493060 583
1493070 584
1493080 585
1493090 585
1493100 585
1493110 586
1493120 586
1493130 587
1493140 588
1493150 588
1493160 589
1493170 590
1493180 591
1493190 591
1493200 592
1493210 593
1493220 593
1493230 594
1493240 595
1493250 595
1493260 596
1493270 598
1493280 598
1493290 599
1493300 601
1493310 601
1493320 603
1493330 605
1493340 605
1493350 607
1493360 609
1493370 609
1493380 610
1493390 612
1493400 612
1493410 613
1493420 614
1493430 614
1493440 616
1493450 618
1493460 618
1493470 619
1493480 620
1493490 620
1493500 622
1493510 623
1493520 623
1493530 625
1493540 627
1493550 627
1493560 628
1493570 629
1493580 629
1493590 630
1493600 632
1493610 632
1493620 633
1493630 635
1493640 635
1493650 636
1493660 638
1493670 638
1493680 638
1493690 638
1493700 638
1493710 638
1493720 640
1493730 640
1493740 642
1493750 643
1493760 643
1493770 645
1493780 647
1493790 647
1493800 648
1493810 649
1493820 649
1493830 652
1493840 657
1493850 657
1493860 661
1493870 662
1493880 662
1493890 663
1493900 666
1493910 666
1493920 668
1493930 669
1493940 669
1493950 670
1493960 670
1493970 670
1493980 670
1493990 671
1494000 671
1494010 671
1494020 671
1494030 671
1494040 671
1494050 672
1494060 672
1494070 673
1494080 674
1494090 674
1494100 675
1494110 677
1494120 677
1494130 679
1494140 681
1494150 681
1494160 682
1494170 682
1494180 682
1494190 682
1494200 683
1494210 683
1494220 685
1494230 688
1494240 688
1494250 691
1494260 694
1494270 694
1494280 697
1494290 701
1494300 701
1494310 703
1494320 705
1494330 706
1494340 706
1494350 706
1494360 706
1494370 706
1494380 706
1494390 706
1494400 706
1494410 707
1494420 708
1494430 708
1494440 709
1494450 710
1494460 710
1494470 711
1494480 711
1494490 711
1494500 711
1494510 711
1494520 711
1494530 711
1494540 711
1494550 711
1494560 710
1494570 710
1494580 710
1494590 708
1494600 707
1494610 707
1494620 705
1494630 702
1494640 702
1494650 699
1494660 694
1494670 694
1494680 689
1494690 685
1494700 685
1494710 682
1494720 680
1494730 680
1494740 679
1494750 678
1494760 678
1494770 676
1494780 675
1494790 675
1494800 674
1494810 671
1494820 671
1494830 668
1494840 664
1494850 664
1494860 660
1494870 656
1494880 656
1494890 651
1494900 649
1494910 649
1494920 647
1494930 645
1494940 645
1494950 643
1494960 642
1494970 642
1494980 641
1494990 639
1495000 639
1495010 638
1495020 638
1495030 638
1495040 636
1495050 635
1495060 635
1495070 634
1495080 633
1495090 633
1495100 632
1495110 630
1495120 630
1495130 628
1495140 627
1495150 627
1495160 627
1495170 626
1495180 626
1495190 626
1495200 626
1495210 626
1495220 625
1495230 625
1495240 625
1495250 625
1495260 625
1495270 625
1495280 625
1495290 625
1495300 625
1495310 625
1495320 623
1495330 623
1495340 621
1495350 619
1495360 619
1495370 619
1495380 620
1495390 620
1495400 625
1495410 626
1495420 626
1495430 628
1495440 628
1495450 628
1495460 628
1495470 628
1495480 628
1495490 628
1495500 627
1495510 626
1495520 626
1495530 625
1495540 624
1495550 624
1495560 623
1495570 622
1495580 622
1495590 621
1495600 621
1495610 621
1495620 622
1495630 622
1495640 622
1495650 619
1495660 615
1495670 615
1495680 615
1495690 617
1495700 617
1495710 621
1495720 624
1495730 624
1495740 625
1495750 625
1495760 625
1495770 625
1495780 625
1495790 625
1495800 624
1495810 623
1495820 623
1495830 621
1495840 619
1495850 619
1495860 618
1495870 617
1495880 617
1495890 615
1495900 614
1495910 614
1495920 613
1495930 613
1495940 613
1495950 612
1495960 611
1495970 611
1495980 610
1495990 608
1496000 608
1496010 606
1496020 604
1496030 604
1496040 602
1496050 600
1496060 600
1496070 600
1496080 599
1496090 599
1496100 598
1496110 597
1496120 597
1496130 595
1496140 594
1496150 594
1496160 592
1496170 591
1496180 591
1496190 589
1496200 587
1496210 587
1496220 583
1496230 584
1496240 584
1496250 585
1496260 584
1496270 584
1496280 583
1496290 580
1496300 580
1496310 579
1496320 579
1496330 579
1496340 578
1496350 578
1496360 578
1496370 578
1496380 577
1496390 577
1496400 577
1496410 579
1496420 579
1496430 579
1496440 579
1496450 579
1496460 579
1496470 579
1496480 579
1496490 579
1496500 579
1496510 579
1496520 579
1496530 578
1496540 578
1496550 578
1496560 577
1496570 577
1496580 576
1496590 576
1496600 576
1496610 576
1496620 576
1496630 575
1496640 575
1496650 576
1496660 576
1496670 576
1496680 576
1496690 577
1496700 577
1496710 578
1496720 579
1496730 579
1496740 579
1496750 580
1496760 580
1496770 580
1496780 581
1496790 581
1496800 582
1496810 582
1496820 582
1496830 582
1496840 582
1496850 582
1496860 582
1496870 582
1496880 582
1496890 582
1496900 582
1496910 582
1496920 581
1496930 580
1496940 580
1496950 580
1496960 581
1496970 581
1496980 581
1496990 580
1497000 580
1497010 581
1497020 581
1497030 581
1497040 581
1497050 581
1497060 581
1497070 581
1497080 581
1497090 581
1497100 580
1497110 580
1497120 580
1497130 580
1497140 579
1497150 579
1497160 579
1497170 579
1497180 579
1497190 578
1497200 577
1497210 577
1497220 575
1497230 574
1497240 574
1497250 575
1497260 575
1497270 575
1497280 575
1497290 573
1497300 573
1497310 571
1497320 572
1497330 572
1497340 571
1497350 571
1497360 571
1497370 570
1497380 569
1497390 569
1497400 570
1497410 571
1497420 571
1497430 572
1497440 574
1497450 574
1497460 575
1497470 576
1497480 576
1497490 577
1497500 577
1497510 577
1497520 577
1497530 577
1497540 577
1497550 576
1497560 576
1497570 576
1497580 576
1497590 577
1497600 577
1497610 579
1497620 580
1497630 580
1497640 581
1497650 582
1497660 582
1497670 582
1497680 583
1497690 583
1497700 584
1497710 584
1497720 583
1497730 583
1497740 582
1497750 582
1497760 582
1497770 582
1497780 581
1497790 581
1497800 580
1497810 580
1497820 580
1497830 579
1497840 578
1497850 578
1497860 578
1497870 578
1497880 578
1497890 577
1497900 577
1497910 577
1497920 576
1497930 575
1497940 575
1497950 573
1497960 574
1497970 574
1497980 577
1497990 577
1498000 577
1498010 577
1498020 577
1498030 577
1498040 577
1498050 577
1498060 577
1498070 577
1498080 578
1498090 578
1498100 579
1498110 579
1498120 579
1498130 581
1498140 581
1498150 581
1498160 581
1498170 582
1498180 582
1498190 584
1498200 585
1498210 585
1498220 586
1498230 587
1498240 587
1498250 588
1498260 588
1498270 588
1498280 589
1498290 589
1498300 589
1498310 589
1498320 589
1498330 589
1498340 589
1498350 589
1498360 589
1498370 589
1498380 589
1498390 589
1498400 589
1498410 590
1498420 590
1498430 590
1498440 590
1498450 590
1498460 591
1498470 591
1498480 591
1498490 592
1498500 592
1498510 592
1498520 593
1498530 594
1498540 594
1498550 596
1498560 596
1498570 596
1498580 595
1498590 595
1498600 595
1498610 594
1498620 592
1498630 592
1498640 590
1498650 589
1498660 589
1498670 588
1498680 587
1498690 587
1498700 586
1498710 584
1498720 584
1498730 584
1498740 583
1498750 583
1498760 582
1498770 581
1498780 581
1498790 580
1498800 579
1498810 579
1498820 578
1498830 577
1498840 577
1498850 575
1498860 574
1498870 573
1498880 573
1498890 572
1498900 571
1498910 571
1498920 570
1498930 569
1498940 569
1498950 568
1498960 568
1498970 568
1498980 568
1498990 568
1499000 568
1499010 567
1499020 567
1499030 567
1499040 566
1499050 566
1499060 566
1499070 565
1499080 565
1499090 565
1499100 564
1499110 563
1499120 563
1499130 562
1499140 562
1499150 562
1499160 561
1499170 561
1499180 561
1499190 561
1499200 560
1499210 560
1499220 560
1499230 560
1499240 560
1499250 559
1499260 559
1499270 559
1499280 558
1499290 558
1499300 558
1499310 557
1499320 557
1499330 557
1499340 556
1499350 555
1499360 555
1499370 555
1499380 554
1499390 554
1499400 554
1499410 553
1499420 553
1499430 552
1499440 551
1499450 551
1499460 551
1499470 550
1499480 550
1499490 549
1499500 549
1499510 549
1499520 548
1499530 547
1499540 547
1499550 547
1499560 546
1499570 546
1499580 546
1499590 545
1499600 545
1499610 545
1499620 544
1499630 544
1499640 542
1499650 540
1499660 540
1499670 539
1499680 539
1499690 539
1499700 538
1499710 537
1499720 537
1499730 537
1499740 536
1499750 536
1499760 536
1499770 535
1499780 535
1499790 535
1499800 535
1499810 535
1499820 534
1499830 533
1499840 533
1499850 533
1499860 532
1499870 532
1499880 531
1499890 530
1499900 530
1499910 529
1499920 529
1499930 529
1499940 528
1499950 528
1499960 528
1499970 527
1499980 527
1499990 526
