1480000 583
1480010 583
1480020 583
1480030 584
1480040 584
1480050 584
1480060 585
1480070 585
1480080 585
1480090 585
1480100 586
1480110 586
1480120 586
1480130 586
1480140 586
1480150 587
1480160 588
1480170 588
1480180 589
1480190 590
1480200 590
1480210 591
1480220 591
1480230 591
1480240 591
1480250 592
1480260 592
1480270 592
1480280 593
1480290 593
1480300 593
1480310 594
1480320 594
1480330 594
1480340 595
1480350 595
1480360 595
1480370 596
1480380 596
1480390 598
1480400 599
1480410 599
1480420 601
1480430 601
1480440 601
1480450 602
1480460 603
1480470 603
1480480 604
1480490 605
1480500 605
1480510 605
1480520 606
1480530 606
1480540 606
1480550 607
1480560 607
1480570 610
1480580 611
1480590 613
1480600 613
1480610 613
1480620 613
1480630 613
1480640 614
1480650 615
1480660 615
1480670 615
1480680 616
1480690 616
1480700 618
1480710 621
1480720 621
1480730 623
1480740 624
1480750 624
1480760 625
1480770 626
1480780 626
1480790 626
1480800 627
1480810 627
1480820 628
1480830 628
1480840 628
1480850 628
1480860 629
1480870 629
1480880 629
1480890 628
1480900 628
1480910 626
1480920 624
1480930 624
1480940 626
1480950 628
1480960 628
1480970 629
1480980 630
1480990 630
1481000 631
1481010 631
1481020 631
1481030 631
1481040 632
1481050 632
1481060 633
1481070 634
1481080 634
1481090 635
1481100 637
1481110 637
1481120 639
1481130 641
1481140 641
1481150 644
1481160 645
1481170 645
1481180 646
1481190 647
1481200 647
1481210 649
1481220 651
1481230 651
1481240 653
1481250 655
1481260 655
1481270 657
1481280 659
1481290 659
1481300 660
1481310 662
1481320 662
1481330 664
1481340 665
1481350 665
1481360 667
1481370 668
1481380 668
1481390 670
1481400 672
1481410 672
1481420 674
1481430 676
1481440 676
1481450 678
1481460 680
1481470 680
1481480 682
1481490 683
1481500 683
1481510 683
1481520 683
1481530 683
1481540 683
1481550 683
1481560 683
1481570 683
1481580 682
1481590 682
1481600 682
1481610 681
1481620 681
1481630 680
1481640 678
1481650 678
1481660 675
1481670 672
1481680 672
1481690 670
1481700 669
1481710 669
1481720 668
1481730 666
1481740 666
1481750 665
1481760 665
1481770 665
1481780 665
1481790 665
1481800 664
1481810 664
1481820 663
1481830 661
1481840 661
1481850 658
1481860 657
1481870 657
1481880 660
1481890 662
1481900 662
1481910 663
1481920 664
1481930 664
1481940 664
1481950 664
1481960 664
1481970 664
1481980 665
1481990 665
1482000 665
1482010 665
1482020 665
1482030 665
1482040 665
1482050 665
1482060 663
1482070 662
1482080 662
1482090 664
1482100 665
1482110 665
1482120 667
1482130 666
1482140 666
1482150 665
1482160 668
1482170 668
1482180 668
1482190 667
1482200 667
1482210 667
1482220 667
1482230 667
1482240 671
1482250 674
1482260 674
1482270 675
1482280 676
1482290 676
1482300 676
1482310 677
1482320 677
1482330 678
1482340 678
1482350 678
1482360 678
1482370 680
1482380 680
1482390 682
1482400 683
1482410 683
1482420 684
1482430 685
1482440 685
1482450 685
1482460 686
1482470 686
1482480 687
1482490 687
1482500 687
1482510 688
1482520 689
1482530 689
1482540 690
1482550 691
1482560 691
1482570 692
1482580 693
1482590 693
1482600 692
1482610 692
1482620 692
1482630 692
1482640 695
1482650 695
1482660 701
1482670 704
1482680 704
1482690 706
1482700 708
1482710 708
1482720 710
1482730 712
1482740 712
1482750 715
1482760 717
1482770 717
1482780 720
1482790 723
1482800 723
1482810 726
1482820 729
1482830 729
1482840 731
1482850 733
1482860 733
1482870 735
1482880 736
1482890 736
1482900 736
1482910 735
1482920 735
1482930 734
1482940 733
1482950 731
1482960 731
1482970 730
1482980 728
1482990 728
1483000 727
1483010 726
1483020 726
1483030 725
1483040 723
1483050 723
1483060 722
1483070 720
1483080 720
1483090 719
1483100 716
1483110 716
1483120 713
1483130 709
1483140 709
1483150 707
1483160 705
1483170 705
1483180 703
1483190 701
1483200 701
1483210 699
1483220 697
1483230 697
1483240 695
1483250 694
1483260 694
1483270 693
1483280 691
1483290 691
1483300 690
1483310 689
1483320 689
1483330 688
1483340 687
1483350 687
1483360 686
1483370 684
1483380 684
1483390 682
1483400 681
1483410 681
1483420 680
1483430 678
1483440 678
1483450 677
1483460 675
1483470 675
1483480 673
1483490 672
1483500 672
1483510 670
1483520 669
1483530 669
1483540 667
1483550 664
1483560 664
1483570 663
1483580 662
1483590 662
1483600 661
1483610 660
1483620 660
1483630 659
1483640 659
1483650 659
1483660 658
1483670 657
1483680 657
1483690 656
1483700 655
1483710 655
1483720 654
1483730 653
1483740 653
1483750 652
1483760 651
1483770 651
1483780 650
1483790 648
1483800 648
1483810 647
1483820 645
1483830 645
1483840 644
1483850 643
1483860 643
1483870 642
1483880 641
1483890 641
1483900 639
1483910 638
1483920 638
1483930 638
1483940 637
1483950 637
1483960 636
1483970 635
1483980 635
1483990 635
1484000 634
1484010 634
1484020 634
1484030 634
1484040 634
1484050 635
1484060 636
1484070 636
1484080 636
1484090 637
1484100 637
1484110 637
1484120 637
1484130 636
1484140 636
1484150 636
1484160 635
1484170 635
1484180 634
1484190 633
1484200 633
1484210 633
1484220 634
1484230 634
1484240 635
1484250 635
1484260 635
1484270 635
1484280 634
1484290 634
1484300 634
1484310 634
1484320 634
1484330 634
1484340 634
1484350 634
1484360 634
1484370 633
1484380 633
1484390 633
1484400 632
1484410 632
1484420 632
1484430 633
1484440 633
1484450 633
1484460 633
1484470 633
1484480 633
1484490 632
1484500 632
1484510 631
1484520 630
1484530 630
1484540 630
1484550 630
1484560 630
1484570 629
1484580 629
1484590 629
1484600 629
1484610 628
1484620 628
1484630 628
1484640 627
1484650 627
1484660 626
1484670 625
1484680 625
1484690 625
1484700 624
1484710 624
1484720 624
1484730 623
1484740 623
1484750 623
1484760 623
1484770 623
1484780 622
1484790 622
1484800 622
1484810 620
1484820 620
1484830 620
1484840 619
1484850 619
1484860 619
1484870 618
1484880 618
1484890 618
1484900 617
1484910 616
1484920 616
1484930 615
1484940 614
1484950 614
1484960 613
1484970 611
1484980 611
1484990 610
1485000 609
1485010 609
1485020 609
1485030 608
1485040 608
1485050 608
1485060 607
1485070 607
1485080 607
1485090 607
1485100 607
1485110 607
1485120 607
1485130 607
1485140 608
1485150 609
1485160 609
1485170 610
1485180 611
1485190 611
1485200 612
1485210 613
1485220 613
1485230 614
1485240 615
1485250 615
1485260 616
1485270 617
1485280 618
1485290 618
1485300 618
1485310 618
1485320 618
1485330 618
1485340 617
1485350 617
1485360 617
1485370 617
1485380 617
1485390 616
1485400 616
1485410 616
1485420 615
1485430 614
1485440 614
1485450 614
1485460 613
1485470 613
1485480 612
1485490 612
1485500 612
1485510 611
1485520 611
1485530 611
1485540 610
1485550 610
1485560 610
1485570 610
1485580 609
1485590 609
1485600 609
1485610 608
1485620 608
1485630 608
1485640 607
1485650 607
1485660 607
1485670 606
1485680 606
1485690 606
1485700 606
1485710 606
1485720 605
1485730 605
1485740 605
1485750 605
1485760 604
1485770 604
1485780 604
1485790 604
1485800 604
1485810 603
1485820 603
1485830 603
1485840 602
1485850 602
1485860 602
1485870 601
1485880 600
1485890 600
1485900 599
1485910 598
1485920 598
1485930 598
1485940 597
1485950 597
1485960 597
1485970 596
1485980 596
1485990 594
1486000 592
1486010 592
1486020 591
1486030 590
1486040 590
1486050 590
1486060 591
1486070 591
1486080 591
1486090 590
1486100 590
1486110 590
1486120 592
1486130 592
1486140 594
1486150 597
1486160 597
1486170 598
1486180 599
1486190 599
1486200 599
1486210 599
1486220 599
1486230 597
1486240 595
1486250 595
1486260 592
1486270 590
1486280 590
1486290 589
1486300 589
1486310 589
1486320 589
1486330 589
1486340 589
1486350 589
1486360 589
1486370 589
1486380 589
1486390 590
1486400 590
1486410 590
1486420 590
1486430 590
1486440 590
1486450 590
1486460 590
1486470 590
1486480 590
1486490 590
1486500 590
1486510 590
1486520 592
1486530 592
1486540 593
1486550 594
1486560 594
1486570 594
1486580 595
1486590 595
1486600 595
1486610 596
1486620 596
1486630 596
1486640 596
1486650 596
1486660 597
1486670 597
1486680 597
1486690 597
1486700 598
1486710 598
1486720 599
1486730 599
1486740 599
1486750 598
1486760 598
1486770 598
1486780 598
1486790 598
1486800 598
1486810 598
1486820 597
1486830 597
1486840 598
1486850 597
1486860 597
1486870 597
1486880 597
1486890 597
1486900 597
1486910 597
1486920 597
1486930 596
1486940 596
1486950 596
1486960 596
1486970 596
1486980 596
1486990 597
1487000 597
1487010 597
1487020 596
1487030 597
1487040 597
1487050 597
1487060 597
1487070 597
1487080 598
1487090 598
1487100 598
1487110 598
1487120 599
1487130 599
1487140 599
1487150 599
1487160 599
1487170 599
1487180 599
1487190 599
1487200 600
1487210 600
1487220 600
1487230 600
1487240 600
1487250 600
1487260 600
1487270 600
1487280 600
1487290 600
1487300 600
1487310 600
1487320 601
1487330 601
1487340 601
1487350 601
1487360 601
1487370 601
1487380 601
1487390 601
1487400 601
1487410 601
1487420 601
1487430 601
1487440 603
1487450 606
1487460 606
1487470 608
1487480 609
1487490 609
1487500 611
1487510 612
1487520 612
1487530 613
1487540 615
1487550 615
1487560 616
1487570 617
1487580 617
1487590 619
1487600 620
1487610 620
1487620 621
1487630 622
1487640 623
1487650 623
1487660 625
1487670 626
1487680 626
1487690 627
1487700 628
1487710 628
1487720 628
1487730 628
1487740 628
1487750 628
1487760 628
1487770 628
1487780 628
1487790 628
1487800 628
1487810 628
1487820 629
1487830 629
1487840 629
1487850 629
1487860 629
1487870 629
1487880 629
1487890 629
1487900 629
1487910 629
1487920 629
1487930 628
1487940 627
1487950 627
1487960 626
1487970 625
1487980 625
1487990 625
1488000 624
1488010 624
1488020 623
1488030 623
1488040 623
1488050 622
1488060 621
1488070 621
1488080 620
1488090 620
1488100 620
1488110 619
1488120 618
1488130 618
1488140 618
1488150 619
1488160 619
1488170 619
1488180 619
1488190 619
1488200 620
1488210 622
1488220 622
1488230 623
1488240 625
1488250 625
1488260 627
1488270 628
1488280 628
1488290 630
1488300 632
1488310 632
1488320 635
1488330 638
1488340 638
1488350 641
1488360 643
1488370 643
1488380 644
1488390 646
1488400 646
1488410 646
1488420 647
1488430 647
1488440 647
1488450 647
1488460 647
1488470 648
1488480 648
1488490 648
1488500 648
1488510 648
1488520 648
1488530 648
1488540 648
1488550 648
1488560 648
1488570 648
1488580 648
1488590 649
1488600 649
1488610 649
1488620 649
1488630 649
1488640 649
1488650 649
1488660 649
1488670 649
1488680 649
1488690 649
1488700 649
1488710 649
1488720 648
1488730 648
1488740 648
1488750 648
1488760 648
1488770 648
1488780 648
1488790 648
1488800 648
1488810 648
1488820 649
1488830 649
1488840 649
1488850 648
1488860 648
1488870 647
1488880 647
1488890 647
1488900 647
1488910 646
1488920 646
1488930 646
1488940 645
1488950 645
1488960 645
1488970 646
1488980 646
1488990 646
1489000 647
1489010 647
1489020 649
1489030 651
1489040 651
1489050 653
1489060 655
1489070 655
1489080 656
1489090 658
1489100 658
1489110 658
1489120 659
1489130 659
1489140 659
1489150 660
1489160 660
1489170 661
1489180 662
1489190 662
1489200 663
1489210 663
1489220 663
1489230 666
1489240 668
1489250 668
1489260 669
1489270 670
1489280 670
1489290 671
1489300 672
1489310 672
1489320 674
1489330 676
1489340 676
1489350 677
1489360 677
1489370 677
1489380 679
1489390 680
1489400 680
1489410 680
1489420 681
1489430 681
1489440 682
1489450 683
1489460 683
1489470 684
1489480 685
1489490 685
1489500 686
1489510 686
1489520 686
1489530 687
1489540 688
1489550 688
1489560 688
1489570 689
1489580 689
1489590 689
1489600 690
1489610 690
1489620 690
1489630 690
1489640 690
1489650 691
1489660 691
1489670 691
1489680 691
1489690 691
1489700 691
1489710 691
1489720 691
1489730 691
1489740 691
1489750 691
1489760 691
1489770 691
1489780 691
1489790 691
1489800 691
1489810 691
1489820 691
1489830 691
1489840 691
1489850 691
1489860 690
1489870 690
1489880 690
1489890 689
1489900 689
1489910 689
1489920 689
1489930 689
1489940 689
1489950 689
1489960 688
1489970 688
1489980 688
1489990 688
1490000 688
1490010 688
1490020 688
1490030 688
1490040 688
1490050 688
1490060 688
1490070 688
1490080 688
1490090 688
1490100 688
1490110 688
1490120 687
1490130 687
1490140 687
1490150 686
1490160 686
1490170 686
1490180 685
1490190 685
1490200 685
1490210 684
1490220 684
1490230 683
1490240 683
1490250 683
1490260 682
1490270 682
1490280 682
1490290 681
1490300 680
1490310 680
1490320 680
1490330 679
1490340 679
1490350 679
1490360 679
1490370 679
1490380 678
1490390 678
1490400 678
1490410 678
1490420 678
1490430 678
1490440 678
1490450 678
1490460 678
1490470 678
1490480 677
1490490 677
1490500 677
1490510 676
1490520 676
1490530 675
1490540 674
1490550 674
1490560 673
1490570 673
1490580 673
1490590 673
1490600 673
1490610 673
1490620 673
1490630 673
1490640 673
1490650 672
1490660 672
1490670 672
1490680 672
1490690 672
1490700 672
1490710 672
1490720 672
1490730 672
1490740 671
1490750 671
1490760 671
1490770 671
1490780 670
1490790 670
1490800 670
1490810 670
1490820 670
1490830 670
1490840 670
1490850 670
1490860 669
1490870 669
1490880 669
1490890 668
1490900 667
1490910 667
1490920 667
1490930 667
1490940 667
1490950 667
1490960 666
1490970 666
1490980 665
1490990 665
1491000 665
1491010 665
1491020 664
1491030 664
1491040 664
1491050 664
1491060 664
1491070 664
1491080 664
1491090 664
1491100 664
1491110 663
1491120 663
1491130 662
1491140 661
1491150 660
1491160 660
1491170 659
1491180 658
1491190 658
1491200 656
1491210 654
1491220 654
1491230 652
1491240 650
1491250 650
1491260 649
1491270 648
1491280 648
1491290 648
1491300 646
1491310 646
1491320 645
1491330 644
1491340 644
1491350 644
1491360 643
1491370 643
1491380 642
1491390 642
1491400 642
1491410 641
1491420 640
1491430 640
1491440 640
1491450 639
1491460 639
1491470 638
1491480 637
1491490 637
1491500 637
1491510 636
1491520 636
1491530 635
1491540 635
1491550 635
1491560 634
1491570 634
1491580 634
1491590 633
1491600 633
1491610 633
1491620 632
1491630 632
1491640 632
1491650 632
1491660 631
1491670 631
1491680 631
1491690 631
1491700 631
1491710 630
1491720 630
1491730 630
1491740 629
1491750 628
1491760 628
1491770 625
1491780 623
1491790 623
1491800 620
1491810 617
1491820 617
1491830 615
1491840 613
1491850 613
1491860 612
1491870 611
1491880 611
1491890 610
1491900 609
1491910 609
1491920 608
1491930 607
1491940 607
1491950 606
1491960 606
1491970 606
1491980 605
1491990 604
1492000 604
1492010 604
1492020 603
1492030 603
1492040 601
1492050 600
1492060 600
1492070 599
1492080 597
1492090 597
1492100 596
1492110 595
1492120 595
1492130 593
1492140 592
1492150 592
1492160 590
1492170 589
1492180 589
1492190 588
1492200 588
1492210 588
1492220 588
1492230 588
1492240 588
1492250 587
1492260 587
1492270 587
1492280 587
1492290 586
1492300 586
1492310 586
1492320 586
1492330 586
1492340 586
1492350 587
1492360 588
1492370 588
1492380 590
1492390 592
1492400 592
1492410 593
1492420 594
1492430 594
1492440 594
1492450 594
1492460 594
1492470 593
1492480 593
1492490 593
1492500 593
1492510 593
1492520 593
1492530 593
1492540 592
1492550 592
1492560 592
1492570 591
1492580 591
1492590 591
1492600 590
1492610 590
1492620 588
1492630 586
1492640 586
1492650 585
1492660 583
1492670 583
1492680 581
1492690 580
1492700 580
1492710 580
1492720 579
1492730 579
1492740 579
1492750 578
1492760 578
1492770 578
1492780 577
1492790 577
1492800 576
1492810 575
1492820 575
1492830 575
1492840 575
1492850 575
1492860 575
1492870 575
1492880 575
1492890 574
1492900 575
1492910 575
1492920 575
1492930 575
1492940 575
1492950 575
1492960 575
1492970 575
1492980 575
1492990 575
1493000 575
1493010 575
1493020 576
1493030 576
1493040 578
1493050 580
1493060 580
1493070 582
1493080 583
1493090 583
1493100 584
1493110 586
1493120 586
1493130 588
1493140 594
1493150 594
1493160 600
1493170 604
1493180 604
1493190 608
1493200 611
1493210 611
1493220 613
1493230 614
1493240 614
1493250 615
1493260 616
1493270 616
1493280 617
1493290 617
1493300 617
1493310 618
1493320 618
1493330 618
1493340 618
1493350 619
1493360 619
1493370 619
1493380 619
1493390 619
1493400 619
1493410 620
1493420 620
1493430 620
1493440 620
1493450 620
1493460 621
1493470 622
1493480 622
1493490 622
1493500 623
1493510 624
1493520 624
1493530 625
1493540 625
1493550 625
1493560 626
1493570 627
1493580 627
1493590 627
1493600 628
1493610 628
1493620 629
1493630 630
1493640 630
1493650 631
1493660 632
1493670 632
1493680 633
1493690 634
1493700 634
1493710 635
1493720 635
1493730 635
1493740 636
1493750 636
1493760 636
1493770 638
1493780 639
1493790 639
1493800 641
1493810 641
1493820 641
1493830 642
1493840 645
1493850 645
1493860 651
1493870 653
1493880 653
1493890 654
1493900 655
1493910 655
1493920 655
1493930 656
1493940 656
1493950 657
1493960 657
1493970 657
1493980 657
1493990 658
1494000 658
1494010 659
1494020 659
1494030 659
1494040 660
1494050 661
1494060 661
1494070 662
1494080 662
1494090 662
1494100 663
1494110 664
1494120 664
1494130 665
1494140 666
1494150 666
1494160 667
1494170 667
1494180 667
1494190 668
1494200 669
1494210 669
1494220 670
1494230 671
1494240 671
1494250 672
1494260 673
1494270 673
1494280 674
1494290 674
1494300 674
1494310 675
1494320 676
1494330 676
1494340 677
1494350 677
1494360 677
1494370 678
1494380 679
1494390 679
1494400 679
1494410 680
1494420 680
1494430 681
1494440 682
1494450 682
1494460 683
1494470 683
1494480 683
1494490 684
1494500 684
1494510 684
1494520 685
1494530 686
1494540 686
1494550 687
1494560 687
1494570 687
1494580 687
1494590 687
1494600 687
1494610 686
1494620 686
1494630 686
1494640 685
1494650 685
1494660 685
1494670 686
1494680 687
1494690 688
1494700 688
1494710 688
1494720 689
1494730 689
1494740 690
1494750 691
1494760 691
1494770 692
1494780 696
1494790 696
1494800 700
1494810 704
1494820 704
1494830 708
1494840 712
1494850 712
1494860 717
1494870 721
1494880 721
1494890 724
1494900 727
1494910 727
1494920 730
1494930 733
1494940 733
1494950 736
1494960 739
1494970 739
1494980 741
1494990 742
1495000 742
1495010 745
1495020 747
1495030 747
1495040 748
1495050 750
1495060 750
1495070 752
1495080 754
1495090 754
1495100 756
1495110 758
1495120 758
1495130 759
1495140 760
1495150 760
1495160 761
1495170 761
1495180 761
1495190 762
1495200 762
1495210 762
1495220 762
1495230 762
1495240 762
1495250 762
1495260 761
1495270 761
1495280 761
1495290 760
1495300 760
1495310 760
1495320 759
1495330 759
1495340 759
1495350 759
1495360 759
1495370 759
1495380 758
1495390 758
1495400 758
1495410 757
1495420 757
1495430 757
1495440 756
1495450 756
1495460 754
1495470 753
1495480 753
1495490 752
1495500 752
1495510 752
1495520 752
1495530 753
1495540 753
1495550 753
1495560 754
1495570 754
1495580 754
1495590 754
1495600 754
1495610 754
1495620 755
1495630 755
1495640 755
1495650 754
1495660 754
1495670 753
1495680 751
1495690 751
1495700 748
1495710 744
1495720 744
1495730 743
1495740 743
1495750 743
1495760 743
1495770 745
1495780 745
1495790 746
1495800 747
1495810 747
1495820 748
1495830 750
1495840 750
1495850 753
1495860 756
1495870 758
1495880 758
1495890 761
1495900 762
1495910 762
1495920 763
1495930 764
1495940 764
1495950 764
1495960 761
1495970 761
1495980 756
1495990 751
1496000 751
1496010 745
1496020 740
1496030 740
1496040 736
1496050 731
1496060 731
1496070 725
1496080 717
1496090 717
1496100 710
1496110 705
1496120 705
1496130 702
1496140 700
1496150 700
1496160 698
1496170 695
1496180 695
1496190 694
1496200 694
1496210 694
1496220 693
1496230 692
1496240 692
1496250 692
1496260 691
1496270 691
1496280 690
1496290 688
1496300 688
1496310 685
1496320 683
1496330 683
1496340 682
1496350 681
1496360 681
1496370 680
1496380 679
1496390 679
1496400 677
1496410 677
1496420 677
1496430 676
1496440 674
1496450 674
1496460 673
1496470 672
1496480 672
1496490 670
1496500 669
1496510 669
1496520 668
1496530 665
1496540 665
1496550 658
1496560 652
1496570 652
1496580 649
1496590 647
1496600 647
1496610 647
1496620 648
1496630 648
1496640 649
1496650 650
1496660 650
1496670 650
1496680 648
1496690 648
1496700 646
1496710 644
1496720 644
1496730 643
1496740 642
1496750 642
1496760 642
1496770 642
1496780 642
1496790 641
1496800 640
1496810 640
1496820 639
1496830 638
1496840 638
1496850 638
1496860 637
1496870 637
1496880 637
1496890 636
1496900 636
1496910 634
1496920 633
1496930 633
1496940 632
1496950 631
1496960 631
1496970 631
1496980 631
1496990 631
1497000 631
1497010 631
1497020 631
1497030 631
1497040 631
1497050 631
1497060 631
1497070 631
1497080 631
1497090 631
1497100 631
1497110 631
1497120 631
1497130 630
1497140 629
1497150 629
1497160 629
1497170 628
1497180 628
1497190 627
1497200 626
1497210 626
1497220 625
1497230 625
1497240 625
1497250 624
1497260 623
1497270 623
1497280 622
1497290 621
1497300 621
1497310 620
1497320 619
1497330 619
1497340 618
1497350 616
1497360 616
1497370 615
1497380 614
1497390 614
1497400 613
1497410 611
1497420 611
1497430 610
1497440 609
1497450 609
1497460 608
1497470 607
1497480 607
1497490 605
1497500 604
1497510 604
1497520 603
1497530 602
1497540 602
1497550 600
1497560 599
1497570 599
1497580 597
1497590 596
1497600 596
1497610 594
1497620 594
1497630 594
1497640 593
1497650 592
1497660 592
1497670 591
1497680 589
1497690 589
1497700 587
1497710 586
1497720 586
1497730 586
1497740 586
1497750 586
1497760 585
1497770 584
1497780 584
1497790 583
1497800 582
1497810 582
1497820 581
1497830 580
1497840 580
1497850 579
1497860 578
1497870 578
1497880 577
1497890 576
1497900 576
1497910 575
1497920 574
1497930 574
1497940 573
1497950 572
1497960 572
1497970 571
1497980 570
1497990 570
1498000 570
1498010 569
1498020 569
1498030 568
1498040 567
1498050 567
1498060 566
1498070 565
1498080 565
1498090 564
1498100 563
1498110 563
1498120 562
1498130 561
1498140 561
1498150 560
1498160 559
1498170 559
1498180 558
1498190 558
1498200 558
1498210 557
1498220 557
1498230 557
1498240 557
1498250 556
1498260 556
1498270 556
1498280 555
1498290 555
1498300 555
1498310 555
1498320 554
1498330 554
1498340 554
1498350 553
1498360 553
1498370 553
1498380 552
1498390 552
1498400 552
1498410 551
1498420 551
1498430 551
1498440 550
1498450 550
1498460 549
1498470 549
1498480 549
1498490 549
1498500 548
1498510 548
1498520 548
1498530 548
1498540 548
1498550 548
1498560 548
1498570 548
1498580 548
1498590 548
1498600 548
1498610 547
1498620 547
1498630 547
1498640 547
1498650 547
1498660 547
1498670 546
1498680 546
1498690 546
1498700 545
1498710 544
1498720 544
1498730 544
1498740 543
1498750 543
1498760 543
1498770 543
1498780 543
1498790 542
1498800 542
1498810 542
1498820 542
1498830 541
1498840 541
1498850 541
1498860 540
1498870 540
1498880 540
1498890 540
1498900 540
1498910 540
1498920 540
1498930 540
1498940 541
1498950 540
1498960 540
1498970 540
1498980 539
1498990 539
1499000 538
1499010 537
1499020 537
1499030 537
1499040 537
1499050 537
1499060 538
1499070 537
1499080 537
1499090 538
1499100 538
1499110 538
1499120 538
1499130 538
1499140 538
1499150 538
1499160 538
1499170 538
1499180 538
1499190 539
1499200 539
1499210 538
1499220 538
1499230 538
1499240 538
1499250 538
1499260 538
1499270 538
1499280 538
1499290 538
1499300 539
1499310 539
1499320 539
1499330 540
1499340 540
1499350 540
1499360 540
1499370 540
1499380 540
1499390 540
1499400 540
1499410 540
1499420 540
1499430 540
1499440 540
1499450 540
1499460 541
1499470 541
1499480 541
1499490 541
1499500 541
1499510 541
1499520 540
1499530 540
1499540 540
1499550 540
1499560 540
1499570 540
1499580 540
1499590 540
1499600 540
1499610 539
1499620 539
1499630 539
1499640 538
1499650 538
1499660 538
1499670 537
1499680 536
1499690 536
1499700 535
1499710 534
1499720 534
1499730 533
1499740 533
1499750 533
1499760 532
1499770 532
1499780 532
1499790 531
1499800 531
1499810 531
1499820 530
1499830 530
1499840 530
1499850 529
1499860 529
1499870 529
1499880 529
1499890 529
1499900 529
1499910 528
1499920 528
1499930 528
1499940 528
1499950 528
1499960 528
1499970 528
1499980 528
1499990 528
