1480000 589
1480010 591
1480020 591
1480030 594
1480040 597
1480050 597
1480060 599
1480070 601
1480080 601
1480090 603
1480100 605
1480110 605
1480120 607
1480130 609
1480140 609
1480150 611
1480160 613
1480170 613
1480180 615
1480190 617
1480200 617
1480210 619
1480220 620
1480230 620
1480240 621
1480250 623
1480260 623
1480270 625
1480280 626
1480290 626
1480300 628
1480310 629
1480320 629
1480330 631
1480340 633
1480350 634
1480360 634
1480370 636
1480380 637
1480390 637
1480400 638
1480410 640
1480420 640
1480430 642
1480440 644
1480450 644
1480460 646
1480470 648
1480480 648
1480490 650
1480500 652
1480510 652
1480520 654
1480530 655
1480540 655
1480550 656
1480560 657
1480570 657
1480580 658
1480590 659
1480600 659
1480610 659
1480620 660
1480630 660
1480640 661
1480650 661
1480660 661
1480670 661
1480680 660
1480690 660
1480700 660
1480710 659
1480720 659
1480730 658
1480740 657
1480750 657
1480760 656
1480770 655
1480780 655
1480790 655
1480800 655
1480810 655
1480820 655
1480830 655
1480840 655
1480850 655
1480860 656
1480870 656
1480880 656
1480890 656
1480900 656
1480910 656
1480920 656
1480930 656
1480940 656
1480950 656
1480960 656
1480970 655
1480980 655
1480990 655
1481000 654
1481010 653
1481020 653
1481030 651
1481040 648
1481050 648
1481060 645
1481070 641
1481080 641
1481090 637
1481100 635
1481110 635
1481120 633
1481130 632
1481140 632
1481150 630
1481160 628
1481170 628
1481180 626
1481190 624
1481200 624
1481210 624
1481220 626
1481230 626
1481240 628
1481250 630
1481260 630
1481270 632
1481280 634
1481290 634
1481300 634
1481310 634
1481320 634
1481330 634
1481340 634
1481350 634
1481360 633
1481370 632
1481380 632
1481390 630
1481400 629
1481410 629
1481420 628
1481430 626
1481440 626
1481450 625
1481460 623
1481470 623
1481480 621
1481490 619
1481500 619
1481510 618
1481520 617
1481530 617
1481540 616
1481550 615
1481560 615
1481570 612
1481580 608
1481590 606
1481600 606
1481610 604
1481620 603
1481630 603
1481640 603
1481650 603
1481660 603
1481670 603
1481680 603
1481690 603
1481700 604
1481710 605
1481720 605
1481730 606
1481740 608
1481750 608
1481760 610
1481770 612
1481780 612
1481790 614
1481800 615
1481810 615
1481820 616
1481830 617
1481840 617
1481850 619
1481860 620
1481870 620
1481880 621
1481890 623
1481900 623
1481910 623
1481920 624
1481930 624
1481940 624
1481950 623
1481960 623
1481970 622
1481980 621
1481990 621
1482000 622
1482010 624
1482020 624
1482030 627
1482040 630
1482050 630
1482060 632
1482070 633
1482080 633
1482090 634
1482100 634
1482110 634
1482120 635
1482130 636
1482140 636
1482150 636
1482160 637
1482170 637
1482180 638
1482190 641
1482200 641
1482210 644
1482220 647
1482230 647
1482240 650
1482250 652
1482260 652
1482270 655
1482280 657
1482290 657
1482300 660
1482310 662
1482320 662
1482330 663
1482340 664
1482350 664
1482360 666
1482370 667
1482380 667
1482390 668
1482400 668
1482410 668
1482420 668
1482430 668
1482440 668
1482450 667
1482460 666
1482470 666
1482480 665
1482490 665
1482500 665
1482510 664
1482520 663
1482530 663
1482540 663
1482550 664
1482560 664
1482570 665
1482580 664
1482590 664
1482600 663
1482610 667
1482620 667
1482630 671
1482640 674
1482650 674
1482660 675
1482670 676
1482680 676
1482690 676
1482700 676
1482710 676
1482720 676
1482730 676
1482740 676
1482750 674
1482760 672
1482770 672
1482780 669
1482790 668
1482800 668
1482810 669
1482820 670
1482830 670
1482840 670
1482850 671
1482860 671
1482870 671
1482880 672
1482890 672
1482900 672
1482910 673
1482920 673
1482930 673
1482940 671
1482950 671
1482960 671
1482970 674
1482980 677
1482990 677
1483000 679
1483010 681
1483020 681
1483030 682
1483040 683
1483050 683
1483060 683
1483070 684
1483080 684
1483090 685
1483100 685
1483110 685
1483120 686
1483130 687
1483140 687
1483150 688
1483160 688
1483170 688
1483180 689
1483190 690
1483200 690
1483210 691
1483220 692
1483230 692
1483240 693
1483250 694
1483260 694
1483270 695
1483280 696
1483290 696
1483300 697
1483310 699
1483320 699
1483330 700
1483340 701
1483350 701
1483360 702
1483370 703
1483380 703
1483390 704
1483400 705
1483410 705
1483420 705
1483430 706
1483440 706
1483450 707
1483460 708
1483470 708
1483480 710
1483490 711
1483500 711
1483510 712
1483520 713
1483530 713
1483540 713
1483550 714
1483560 714
1483570 714
1483580 714
1483590 714
1483600 713
1483610 712
1483620 712
1483630 712
1483640 711
1483650 711
1483660 710
1483670 709
1483680 709
1483690 708
1483700 707
1483710 707
1483720 706
1483730 705
1483740 705
1483750 704
1483760 702
1483770 702
1483780 701
1483790 699
1483800 699
1483810 698
1483820 696
1483830 696
1483840 695
1483850 694
1483860 694
1483870 693
1483880 692
1483890 692
1483900 691
1483910 691
1483920 691
1483930 691
1483940 691
1483950 691
1483960 691
1483970 690
1483980 690
1483990 689
1484000 689
1484010 689
1484020 688
1484030 687
1484040 687
1484050 687
1484060 687
1484070 686
1484080 686
1484090 685
1484100 685
1484110 685
1484120 684
1484130 684
1484140 684
1484150 683
1484160 683
1484170 683
1484180 683
1484190 683
1484200 683
1484210 682
1484220 682
1484230 682
1484240 682
1484250 682
1484260 682
1484270 681
1484280 681
1484290 681
1484300 680
1484310 679
1484320 679
1484330 678
1484340 677
1484350 677
1484360 676
1484370 675
1484380 675
1484390 673
1484400 672
1484410 672
1484420 671
1484430 669
1484440 669
1484450 668
1484460 666
1484470 666
1484480 664
1484490 663
1484500 663
1484510 661
1484520 660
1484530 660
1484540 659
1484550 659
1484560 659
1484570 659
1484580 658
1484590 658
1484600 658
1484610 657
1484620 657
1484630 656
1484640 655
1484650 655
1484660 653
1484670 653
1484680 653
1484690 652
1484700 650
1484710 650
1484720 649
1484730 648
1484740 648
1484750 647
1484760 647
1484770 647
1484780 646
1484790 645
1484800 645
1484810 644
1484820 644
1484830 644
1484840 643
1484850 643
1484860 643
1484870 642
1484880 641
1484890 641
1484900 641
1484910 639
1484920 639
1484930 638
1484940 638
1484950 638
1484960 637
1484970 636
1484980 636
1484990 635
1485000 634
1485010 634
1485020 633
1485030 632
1485040 632
1485050 631
1485060 631
1485070 631
1485080 630
1485090 629
1485100 629
1485110 628
1485120 627
1485130 627
1485140 627
1485150 626
1485160 626
1485170 626
1485180 625
1485190 625
1485200 625
1485210 624
1485220 624
1485230 623
1485240 623
1485250 623
1485260 622
1485270 621
1485280 621
1485290 620
1485300 620
1485310 620
1485320 620
1485330 619
1485340 619
1485350 619
1485360 618
1485370 618
1485380 618
1485390 617
1485400 617
1485410 617
1485420 617
1485430 616
1485440 616
1485450 616
1485460 616
1485470 616
1485480 616
1485490 615
1485500 615
1485510 615
1485520 615
1485530 615
1485540 614
1485550 614
1485560 614
1485570 613
1485580 613
1485590 613
1485600 613
1485610 613
1485620 613
1485630 612
1485640 612
1485650 612
1485660 611
1485670 611
1485680 611
1485690 611
1485700 611
1485710 611
1485720 609
1485730 611
1485740 611
1485750 615
1485760 621
1485770 621
1485780 626
1485790 630
1485800 630
1485810 633
1485820 637
1485830 637
1485840 642
1485850 646
1485860 646
1485870 651
1485880 656
1485890 656
1485900 661
1485910 665
1485920 665
1485930 666
1485940 667
1485950 667
1485960 667
1485970 667
1485980 667
1485990 666
1486000 665
1486010 665
1486020 664
1486030 663
1486040 663
1486050 661
1486060 659
1486070 659
1486080 658
1486090 657
1486100 657
1486110 657
1486120 656
1486130 656
1486140 655
1486150 653
1486160 653
1486170 652
1486180 649
1486190 649
1486200 648
1486210 646
1486220 646
1486230 645
1486240 644
1486250 644
1486260 643
1486270 640
1486280 640
1486290 638
1486300 637
1486310 637
1486320 635
1486330 634
1486340 634
1486350 632
1486360 631
1486370 631
1486380 630
1486390 629
1486400 629
1486410 628
1486420 627
1486430 627
1486440 626
1486450 625
1486460 625
1486470 625
1486480 624
1486490 624
1486500 623
1486510 622
1486520 622
1486530 621
1486540 620
1486550 619
1486560 619
1486570 618
1486580 617
1486590 617
1486600 616
1486610 615
1486620 615
1486630 614
1486640 614
1486650 614
1486660 613
1486670 611
1486680 611
1486690 608
1486700 606
1486710 606
1486720 606
1486730 605
1486740 605
1486750 605
1486760 605
1486770 605
1486780 605
1486790 605
1486800 605
1486810 605
1486820 604
1486830 604
1486840 604
1486850 604
1486860 604
1486870 603
1486880 604
1486890 604
1486900 608
1486910 612
1486920 612
1486930 615
1486940 617
1486950 617
1486960 619
1486970 621
1486980 621
1486990 623
1487000 625
1487010 625
1487020 628
1487030 630
1487040 630
1487050 632
1487060 634
1487070 634
1487080 635
1487090 637
1487100 637
1487110 638
1487120 640
1487130 640
1487140 642
1487150 644
1487160 644
1487170 646
1487180 648
1487190 648
1487200 651
1487210 653
1487220 653
1487230 655
1487240 658
1487250 658
1487260 660
1487270 661
1487280 661
1487290 663
1487300 664
1487310 664
1487320 665
1487330 665
1487340 665
1487350 666
1487360 666
1487370 666
1487380 666
1487390 666
1487400 666
1487410 667
1487420 667
1487430 667
1487440 667
1487450 667
1487460 667
1487470 668
1487480 668
1487490 668
1487500 669
1487510 669
1487520 669
1487530 670
1487540 670
1487550 670
1487560 671
1487570 671
1487580 671
1487590 671
1487600 671
1487610 671
1487620 671
1487630 671
1487640 671
1487650 671
1487660 671
1487670 671
1487680 671
1487690 671
1487700 671
1487710 671
1487720 671
1487730 671
1487740 671
1487750 671
1487760 671
1487770 670
1487780 670
1487790 669
1487800 669
1487810 669
1487820 669
1487830 669
1487840 669
1487850 668
1487860 668
1487870 668
1487880 668
1487890 668
1487900 667
1487910 667
1487920 667
1487930 666
1487940 665
1487950 665
1487960 665
1487970 664
1487980 664
1487990 666
1488000 666
1488010 666
1488020 666
1488030 665
1488040 665
1488050 664
1488060 661
1488070 661
1488080 660
1488090 664
1488100 664
1488110 665
1488120 667
1488130 667
1488140 669
1488150 670
1488160 670
1488170 671
1488180 674
1488190 674
1488200 678
1488210 681
1488220 681
1488230 685
1488240 688
1488250 688
1488260 691
1488270 694
1488280 694
1488290 696
1488300 698
1488310 698
1488320 699
1488330 700
1488340 700
1488350 701
1488360 701
1488370 701
1488380 701
1488390 701
1488400 701
1488410 701
1488420 700
1488430 700
1488440 700
1488450 699
1488460 699
1488470 699
1488480 699
1488490 699
1488500 699
1488510 699
1488520 699
1488530 698
1488540 698
1488550 698
1488560 698
1488570 698
1488580 698
1488590 698
1488600 698
1488610 698
1488620 699
1488630 699
1488640 699
1488650 699
1488660 699
1488670 699
1488680 699
1488690 699
1488700 699
1488710 699
1488720 699
1488730 699
1488740 699
1488750 699
1488760 699
1488770 699
1488780 699
1488790 699
1488800 699
1488810 700
1488820 700
1488830 700
1488840 700
1488850 700
1488860 700
1488870 701
1488880 701
1488890 701
1488900 702
1488910 702
1488920 702
1488930 703
1488940 703
1488950 703
1488960 704
1488970 704
1488980 705
1488990 705
1489000 705
1489010 706
1489020 706
1489030 706
1489040 706
1489050 707
1489060 707
1489070 707
1489080 707
1489090 708
1489100 708
1489110 708
1489120 708
1489130 708
1489140 707
1489150 707
1489160 707
1489170 706
1489180 706
1489190 706
1489200 705
1489210 705
1489220 705
1489230 704
1489240 704
1489250 704
1489260 703
1489270 702
1489280 702
1489290 701
1489300 699
1489310 699
1489320 697
1489330 695
1489340 695
1489350 692
1489360 689
1489370 689
1489380 688
1489390 686
1489400 686
1489410 685
1489420 685
1489430 685
1489440 684
1489450 683
1489460 683
1489470 682
1489480 681
1489490 681
1489500 680
1489510 679
1489520 679
1489530 678
1489540 677
1489550 677
1489560 676
1489570 675
1489580 675
1489590 674
1489600 672
1489610 672
1489620 670
1489630 668
1489640 668
1489650 666
1489660 665
1489670 665
1489680 665
1489690 666
1489700 666
1489710 668
1489720 669
1489730 669
1489740 671
1489750 672
1489760 672
1489770 673
1489780 674
1489790 674
1489800 674
1489810 675
1489820 675
1489830 675
1489840 675
1489850 675
1489860 675
1489870 675
1489880 675
1489890 675
1489900 675
1489910 675
1489920 675
1489930 675
1489940 675
1489950 674
1489960 674
1489970 674
1489980 674
1489990 674
1490000 674
1490010 673
1490020 673
1490030 673
1490040 672
1490050 671
1490060 671
1490070 671
1490080 669
1490090 669
1490100 667
1490110 666
1490120 666
1490130 664
1490140 664
1490150 664
1490160 666
1490170 668
1490180 668
1490190 671
1490200 673
1490210 673
1490220 674
1490230 675
1490240 675
1490250 676
1490260 677
1490270 679
1490280 679
1490290 680
1490300 682
1490310 682
1490320 683
1490330 684
1490340 684
1490350 685
1490360 686
1490370 686
1490380 687
1490390 688
1490400 688
1490410 689
1490420 690
1490430 690
1490440 691
1490450 692
1490460 692
1490470 693
1490480 694
1490490 694
1490500 695
1490510 696
1490520 696
1490530 697
1490540 697
1490550 697
1490560 698
1490570 699
1490580 699
1490590 700
1490600 700
1490610 700
1490620 701
1490630 701
1490640 701
1490650 702
1490660 703
1490670 703
1490680 703
1490690 703
1490700 703
1490710 704
1490720 704
1490730 704
1490740 703
1490750 703
1490760 703
1490770 703
1490780 702
1490790 702
1490800 702
1490810 702
1490820 702
1490830 701
1490840 700
1490850 700
1490860 699
1490870 698
1490880 698
1490890 697
1490900 697
1490910 697
1490920 695
1490930 693
1490940 693
1490950 689
1490960 685
1490970 685
1490980 683
1490990 681
1491000 681
1491010 681
1491020 680
1491030 680
1491040 678
1491050 677
1491060 677
1491070 676
1491080 675
1491090 675
1491100 674
1491110 673
1491120 673
1491130 672
1491140 670
1491150 670
1491160 670
1491170 669
1491180 669
1491190 667
1491200 665
1491210 665
1491220 663
1491230 660
1491240 660
1491250 658
1491260 655
1491270 655
1491280 652
1491290 650
1491300 650
1491310 648
1491320 646
1491330 646
1491340 644
1491350 643
1491360 643
1491370 642
1491380 641
1491390 641
1491400 640
1491410 638
1491420 638
1491430 638
1491440 638
1491450 638
1491460 637
1491470 636
1491480 636
1491490 636
1491500 635
1491510 635
1491520 634
1491530 632
1491540 630
1491550 630
1491560 630
1491570 631
1491580 631
1491590 631
1491600 630
1491610 630
1491620 629
1491630 629
1491640 629
1491650 629
1491660 629
1491670 629
1491680 629
1491690 628
1491700 628
1491710 628
1491720 628
1491730 628
1491740 628
1491750 628
1491760 628
1491770 627
1491780 627
1491790 627
1491800 627
1491810 627
1491820 627
1491830 626
1491840 626
1491850 626
1491860 626
1491870 626
1491880 626
1491890 626
1491900 626
1491910 626
1491920 627
1491930 627
1491940 627
1491950 627
1491960 628
1491970 628
1491980 628
1491990 628
1492000 628
1492010 628
1492020 628
1492030 628
1492040 627
1492050 627
1492060 627
1492070 626
1492080 625
1492090 625
1492100 625
1492110 624
1492120 624
1492130 622
1492140 621
1492150 621
1492160 619
1492170 618
1492180 618
1492190 616
1492200 615
1492210 615
1492220 613
1492230 611
1492240 611
1492250 610
1492260 610
1492270 610
1492280 609
1492290 609
1492300 609
1492310 608
1492320 608
1492330 608
1492340 606
1492350 605
1492360 605
1492370 604
1492380 603
1492390 603
1492400 603
1492410 602
1492420 602
1492430 601
1492440 600
1492450 600
1492460 598
1492470 596
1492480 596
1492490 595
1492500 595
1492510 595
1492520 595
1492530 595
1492540 595
1492550 595
1492560 595
1492570 595
1492580 595
1492590 595
1492600 595
1492610 595
1492620 595
1492630 595
1492640 596
1492650 598
1492660 598
1492670 604
1492680 611
1492690 611
1492700 617
1492710 622
1492720 622
1492730 625
1492740 627
1492750 627
1492760 628
1492770 628
1492780 628
1492790 628
1492800 628
1492810 628
1492820 628
1492830 628
1492840 629
1492850 629
1492860 629
1492870 630
1492880 630
1492890 631
1492900 631
1492910 631
1492920 632
1492930 633
1492940 633
1492950 633
1492960 634
1492970 634
1492980 634
1492990 634
1493000 634
1493010 634
1493020 634
1493030 634
1493040 634
1493050 634
1493060 634
1493070 634
1493080 633
1493090 633
1493100 633
1493110 632
1493120 632
1493130 632
1493140 631
1493150 631
1493160 630
1493170 630
1493180 630
1493190 629
1493200 628
1493210 628
1493220 627
1493230 626
1493240 626
1493250 624
1493260 623
1493270 623
1493280 622
1493290 621
1493300 621
1493310 620
1493320 618
1493330 618
1493340 617
1493350 614
1493360 614
1493370 612
1493380 609
1493390 609
1493400 607
1493410 605
1493420 605
1493430 606
1493440 607
1493450 607
1493460 610
1493470 613
1493480 613
1493490 615
1493500 616
1493510 616
1493520 616
1493530 616
1493540 616
1493550 616
1493560 616
1493570 616
1493580 616
1493590 615
1493600 615
1493610 614
1493620 613
1493630 613
1493640 613
1493650 612
1493660 612
1493670 611
1493680 610
1493690 610
1493700 609
1493710 607
1493720 607
1493730 605
1493740 604
1493750 604
1493760 603
1493770 603
1493780 603
1493790 602
1493800 602
1493810 602
1493820 602
1493830 601
1493840 601
1493850 601
1493860 600
1493870 600
1493880 600
1493890 600
1493900 600
1493910 599
1493920 598
1493930 598
1493940 597
1493950 596
1493960 596
1493970 596
1493980 596
1493990 596
1494000 596
1494010 596
1494020 596
1494030 596
1494040 596
1494050 596
1494060 596
1494070 596
1494080 597
1494090 597
1494100 598
1494110 599
1494120 599
1494130 600
1494140 601
1494150 601
1494160 602
1494170 602
1494180 602
1494190 603
1494200 604
1494210 604
1494220 605
1494230 606
1494240 606
1494250 606
1494260 607
1494270 607
1494280 608
1494290 609
1494300 609
1494310 610
1494320 610
1494330 610
1494340 610
1494350 611
1494360 611
1494370 613
1494380 615
1494390 615
1494400 616
1494410 618
1494420 618
1494430 619
1494440 621
1494450 621
1494460 623
1494470 624
1494480 624
1494490 625
1494500 627
1494510 627
1494520 628
1494530 630
1494540 630
1494550 631
1494560 632
1494570 632
1494580 633
1494590 633
1494600 633
1494610 634
1494620 635
1494630 635
1494640 635
1494650 635
1494660 635
1494670 636
1494680 636
1494690 636
1494700 636
1494710 636
1494720 636
1494730 636
1494740 636
1494750 636
1494760 636
1494770 636
1494780 636
1494790 636
1494800 636
1494810 636
1494820 635
1494830 636
1494840 636
1494850 636
1494860 636
1494870 636
1494880 636
1494890 635
1494900 635
1494910 635
1494920 634
1494930 634
1494940 634
1494950 634
1494960 634
1494970 634
1494980 633
1494990 633
1495000 633
1495010 633
1495020 633
1495030 633
1495040 632
1495050 632
1495060 632
1495070 631
1495080 631
1495090 630
1495100 628
1495110 628
1495120 629
1495130 629
1495140 629
1495150 630
1495160 631
1495170 631
1495180 632
1495190 633
1495200 633
1495210 635
1495220 638
1495230 638
1495240 641
1495250 643
1495260 645
1495270 645
1495280 647
1495290 649
1495300 649
1495310 650
1495320 650
1495330 650
1495340 651
1495350 653
1495360 653
1495370 653
1495380 654
1495390 654
1495400 655
1495410 656
1495420 656
1495430 657
1495440 658
1495450 658
1495460 660
1495470 661
1495480 661
1495490 662
1495500 663
1495510 663
1495520 665
1495530 666
1495540 666
1495550 667
1495560 668
1495570 668
1495580 668
1495590 669
1495600 669
1495610 671
1495620 672
1495630 672
1495640 673
1495650 674
1495660 674
1495670 675
1495680 676
1495690 676
1495700 677
1495710 678
1495720 678
1495730 678
1495740 678
1495750 678
1495760 679
1495770 681
1495780 681
1495790 682
1495800 684
1495810 684
1495820 685
1495830 687
1495840 687
1495850 688
1495860 689
1495870 689
1495880 691
1495890 692
1495900 692
1495910 693
1495920 694
1495930 694
1495940 695
1495950 696
1495960 696
1495970 697
1495980 698
1495990 698
1496000 699
1496010 700
1496020 700
1496030 700
1496040 700
1496050 700
1496060 700
1496070 699
1496080 699
1496090 698
1496100 696
1496110 696
1496120 693
1496130 687
1496140 687
1496150 682
1496160 679
1496170 679
1496180 677
1496190 676
1496200 676
1496210 675
1496220 674
1496230 674
1496240 673
1496250 672
1496260 672
1496270 672
1496280 670
1496290 670
1496300 668
1496310 666
1496320 666
1496330 664
1496340 662
1496350 662
1496360 663
1496370 666
1496380 666
1496390 666
1496400 665
1496410 665
1496420 663
1496430 662
1496440 662
1496450 661
1496460 660
1496470 660
1496480 659
1496490 659
1496500 658
1496510 658
1496520 655
1496530 653
1496540 653
1496550 654
1496560 653
1496570 653
1496580 654
1496590 654
1496600 654
1496610 655
1496620 656
1496630 656
1496640 657
1496650 656
1496660 656
1496670 655
1496680 653
1496690 653
1496700 652
1496710 648
1496720 648
1496730 643
1496740 642
1496750 642
1496760 642
1496770 640
1496780 640
1496790 638
1496800 637
1496810 637
1496820 636
1496830 634
1496840 634
1496850 633
1496860 632
1496870 632
1496880 631
1496890 630
1496900 630
1496910 629
1496920 628
1496930 628
1496940 628
1496950 626
1496960 626
1496970 626
1496980 625
1496990 625
1497000 624
1497010 623
1497020 623
1497030 622
1497040 620
1497050 620
1497060 618
1497070 617
1497080 617
1497090 615
1497100 614
1497110 614
1497120 613
1497130 612
1497140 612
1497150 611
1497160 610
1497170 610
1497180 608
1497190 607
1497200 607
1497210 605
1497220 604
1497230 604
1497240 603
1497250 601
1497260 601
1497270 599
1497280 598
1497290 598
1497300 596
1497310 594
1497320 594
1497330 591
1497340 590
1497350 590
1497360 588
1497370 587
1497380 587
1497390 586
1497400 585
1497410 585
1497420 583
1497430 581
1497440 581
1497450 579
1497460 578
1497470 578
1497480 577
1497490 577
1497500 577
1497510 578
1497520 579
1497530 579
1497540 581
1497550 583
1497560 583
1497570 584
1497580 584
1497590 584
1497600 585
1497610 585
1497620 585
1497630 585
1497640 584
1497650 584
1497660 583
1497670 581
1497680 581
1497690 581
1497700 584
1497710 584
1497720 585
1497730 585
1497740 585
1497750 585
1497760 586
1497770 586
1497780 586
1497790 586
1497800 586
1497810 586
1497820 586
1497830 586
1497840 586
1497850 586
1497860 587
1497870 587
1497880 587
1497890 587
1497900 587
1497910 587
1497920 587
1497930 587
1497940 587
1497950 586
1497960 586
1497970 586
1497980 585
1497990 585
1498000 586
1498010 587
1498020 587
1498030 588
1498040 590
1498050 590
1498060 591
1498070 591
1498080 591
1498090 591
1498100 591
1498110 591
1498120 591
1498130 592
1498140 592
1498150 592
1498160 591
1498170 591
1498180 591
1498190 591
1498200 591
1498210 592
1498220 594
1498230 594
1498240 595
1498250 595
1498260 595
1498270 595
1498280 595
1498290 595
1498300 597
1498310 601
1498320 601
1498330 604
1498340 605
1498350 605
1498360 604
1498370 603
1498380 603
1498390 603
1498400 601
1498410 601
1498420 600
1498430 598
1498440 598
1498450 598
1498460 598
1498470 598
1498480 596
1498490 594
1498500 594
1498510 592
1498520 591
1498530 591
1498540 591
1498550 592
1498560 592
1498570 592
1498580 591
1498590 591
1498600 589
1498610 588
1498620 588
1498630 589
1498640 589
1498650 589
1498660 590
1498670 591
1498680 591
1498690 591
1498700 591
1498710 591
1498720 592
1498730 593
1498740 593
1498750 596
1498760 598
1498770 598
1498780 599
1498790 599
1498800 599
1498810 600
1498820 602
1498830 602
1498840 607
1498850 612
1498860 612
1498870 613
1498880 615
1498890 615
1498900 616
1498910 617
1498920 617
1498930 618
1498940 619
1498950 619
1498960 619
1498970 619
1498980 619
1498990 619
1499000 619
1499010 619
1499020 619
1499030 618
1499040 618
1499050 618
1499060 618
1499070 617
1499080 617
1499090 617
1499100 617
1499110 617
1499120 616
1499130 615
1499140 615
1499150 614
1499160 613
1499170 613
1499180 613
1499190 612
1499200 612
1499210 610
1499220 609
1499230 609
1499240 609
1499250 608
1499260 608
1499270 607
1499280 607
1499290 607
1499300 606
1499310 606
1499320 606
1499330 606
1499340 605
1499350 605
1499360 605
1499370 606
1499380 606
1499390 607
1499400 607
1499410 607
1499420 607
1499430 607
1499440 607
1499450 606
1499460 605
1499470 605
1499480 604
1499490 602
1499500 602
1499510 601
1499520 599
1499530 599
1499540 599
1499550 598
1499560 598
1499570 597
1499580 597
1499590 597
1499600 596
1499610 596
1499620 596
1499630 595
1499640 595
1499650 595
1499660 595
1499670 595
1499680 595
1499690 594
1499700 594
1499710 594
1499720 594
1499730 593
1499740 593
1499750 593
1499760 592
1499770 592
1499780 592
1499790 591
1499800 591
1499810 591
1499820 590
1499830 590
1499840 589
1499850 589
1499860 589
1499870 588
1499880 587
1499890 587
1499900 586
1499910 585
1499920 585
1499930 585
1499940 584
1499950 584
1499960 583
1499970 581
1499980 581
1499990 580
