1480000 585
1480010 585
1480020 585
1480030 585
1480040 585
1480050 585
1480060 585
1480070 586
1480080 586
1480090 588
1480100 590
1480110 590
1480120 592
1480130 595
1480140 595
1480150 596
1480160 598
1480170 598
1480180 600
1480190 602
1480200 602
1480210 603
1480220 606
1480230 606
1480240 609
1480250 612
1480260 612
1480270 615
1480280 616
1480290 616
1480300 618
1480310 619
1480320 619
1480330 620
1480340 621
1480350 621
1480360 622
1480370 623
1480380 623
1480390 623
1480400 624
1480410 624
1480420 624
1480430 624
1480440 625
1480450 625
1480460 625
1480470 625
1480480 625
1480490 624
1480500 624
1480510 624
1480520 624
1480530 623
1480540 623
1480550 623
1480560 623
1480570 623
1480580 623
1480590 623
1480600 623
1480610 623
1480620 623
1480630 623
1480640 623
1480650 623
1480660 623
1480670 622
1480680 622
1480690 622
1480700 622
1480710 622
1480720 622
1480730 622
1480740 621
1480750 621
1480760 621
1480770 621
1480780 621
1480790 620
1480800 620
1480810 620
1480820 619
1480830 618
1480840 618
1480850 618
1480860 617
1480870 617
1480880 616
1480890 615
1480900 615
1480910 615
1480920 616
1480930 616
1480940 616
1480950 616
1480960 616
1480970 615
1480980 615
1480990 615
1481000 614
1481010 613
1481020 613
1481030 612
1481040 611
1481050 611
1481060 609
1481070 607
1481080 607
1481090 605
1481100 603
1481110 603
1481120 601
1481130 599
1481140 599
1481150 598
1481160 597
1481170 597
1481180 596
1481190 596
1481200 596
1481210 597
1481220 597
1481230 597
1481240 597
1481250 597
1481260 597
1481270 597
1481280 597
1481290 597
1481300 597
1481310 597
1481320 597
1481330 597
1481340 598
1481350 598
1481360 599
1481370 600
1481380 600
1481390 602
1481400 603
1481410 603
1481420 605
1481430 608
1481440 608
1481450 610
1481460 612
1481470 612
1481480 614
1481490 616
1481500 616
1481510 617
1481520 619
1481530 619
1481540 620
1481550 621
1481560 621
1481570 622
1481580 623
1481590 623
1481600 624
1481610 626
1481620 627
1481630 627
1481640 628
1481650 629
1481660 629
1481670 630
1481680 632
1481690 632
1481700 634
1481710 635
1481720 635
1481730 637
1481740 638
1481750 638
1481760 640
1481770 641
1481780 641
1481790 642
1481800 643
1481810 643
1481820 644
1481830 645
1481840 645
1481850 645
1481860 646
1481870 646
1481880 648
1481890 649
1481900 649
1481910 650
1481920 652
1481930 652
1481940 653
1481950 655
1481960 655
1481970 657
1481980 659
1481990 659
1482000 661
1482010 663
1482020 663
1482030 666
1482040 668
1482050 668
1482060 669
1482070 671
1482080 671
1482090 671
1482100 672
1482110 672
1482120 672
1482130 672
1482140 672
1482150 672
1482160 672
1482170 672
1482180 671
1482190 671
1482200 671
1482210 671
1482220 671
1482230 671
1482240 671
1482250 671
1482260 671
1482270 672
1482280 673
1482290 673
1482300 674
1482310 675
1482320 675
1482330 676
1482340 677
1482350 677
1482360 678
1482370 680
1482380 680
1482390 681
1482400 681
1482410 681
1482420 682
1482430 683
1482440 683
1482450 684
1482460 685
1482470 685
1482480 686
1482490 686
1482500 686
1482510 687
1482520 688
1482530 688
1482540 689
1482550 690
1482560 690
1482570 692
1482580 692
1482590 692
1482600 693
1482610 693
1482620 693
1482630 693
1482640 693
1482650 693
1482660 694
1482670 694
1482680 694
1482690 695
1482700 695
1482710 695
1482720 695
1482730 695
1482740 695
1482750 695
1482760 695
1482770 695
1482780 695
1482790 695
1482800 695
1482810 695
1482820 695
1482830 695
1482840 695
1482850 695
1482860 694
1482870 694
1482880 695
1482890 695
1482900 695
1482910 695
1482920 696
1482930 696
1482940 696
1482950 697
1482960 697
1482970 698
1482980 699
1482990 699
1483000 700
1483010 701
1483020 701
1483030 702
1483040 704
1483050 704
1483060 705
1483070 708
1483080 708
1483090 710
1483100 712
1483110 712
1483120 713
1483130 715
1483140 715
1483150 716
1483160 717
1483170 717
1483180 719
1483190 720
1483200 720
1483210 722
1483220 723
1483230 723
1483240 724
1483250 724
1483260 724
1483270 724
1483280 723
1483290 723
1483300 723
1483310 722
1483320 722
1483330 721
1483340 719
1483350 719
1483360 717
1483370 715
1483380 715
1483390 713
1483400 711
1483410 711
1483420 710
1483430 708
1483440 708
1483450 705
1483460 703
1483470 703
1483480 702
1483490 699
1483500 699
1483510 697
1483520 693
1483530 693
1483540 691
1483550 689
1483560 689
1483570 688
1483580 686
1483590 686
1483600 685
1483610 683
1483620 683
1483630 680
1483640 677
1483650 677
1483660 676
1483670 674
1483680 674
1483690 672
1483700 671
1483710 671
1483720 671
1483730 671
1483740 671
1483750 670
1483760 668
1483770 668
1483780 667
1483790 665
1483800 665
1483810 663
1483820 662
1483830 662
1483840 662
1483850 661
1483860 661
1483870 661
1483880 661
1483890 661
1483900 660
1483910 659
1483920 659
1483930 657
1483940 656
1483950 656
1483960 654
1483970 653
1483980 653
1483990 652
1484000 651
1484010 651
1484020 651
1484030 650
1484040 650
1484050 649
1484060 649
1484070 649
1484080 649
1484090 649
1484100 648
1484110 648
1484120 647
1484130 647
1484140 647
1484150 647
1484160 646
1484170 646
1484180 646
1484190 646
1484200 646
1484210 645
1484220 645
1484230 645
1484240 645
1484250 646
1484260 646
1484270 647
1484280 647
1484290 647
1484300 647
1484310 647
1484320 647
1484330 646
1484340 646
1484350 646
1484360 647
1484370 648
1484380 648
1484390 648
1484400 649
1484410 649
1484420 649
1484430 649
1484440 649
1484450 649
1484460 650
1484470 650
1484480 650
1484490 651
1484500 651
1484510 652
1484520 653
1484530 653
1484540 653
1484550 653
1484560 653
1484570 653
1484580 654
1484590 654
1484600 655
1484610 656
1484620 656
1484630 657
1484640 657
1484650 657
1484660 658
1484670 659
1484680 659
1484690 660
1484700 660
1484710 660
1484720 659
1484730 660
1484740 660
1484750 661
1484760 662
1484770 662
1484780 662
1484790 662
1484800 662
1484810 662
1484820 661
1484830 661
1484840 659
1484850 658
1484860 658
1484870 657
1484880 655
1484890 655
1484900 654
1484910 652
1484920 652
1484930 651
1484940 649
1484950 649
1484960 647
1484970 646
1484980 646
1484990 644
1485000 643
1485010 643
1485020 641
1485030 640
1485040 640
1485050 639
1485060 637
1485070 637
1485080 636
1485090 635
1485100 635
1485110 634
1485120 633
1485130 633
1485140 632
1485150 632
1485160 632
1485170 631
1485180 630
1485190 630
1485200 629
1485210 628
1485220 628
1485230 627
1485240 626
1485250 626
1485260 626
1485270 625
1485280 625
1485290 624
1485300 623
1485310 622
1485320 622
1485330 621
1485340 620
1485350 620
1485360 619
1485370 618
1485380 618
1485390 618
1485400 617
1485410 617
1485420 617
1485430 616
1485440 616
1485450 616
1485460 615
1485470 615
1485480 614
1485490 614
1485500 614
1485510 613
1485520 613
1485530 613
1485540 613
1485550 612
1485560 612
1485570 612
1485580 612
1485590 612
1485600 611
1485610 610
1485620 610
1485630 609
1485640 608
1485650 608
1485660 607
1485670 606
1485680 606
1485690 606
1485700 606
1485710 606
1485720 606
1485730 607
1485740 607
1485750 607
1485760 607
1485770 607
1485780 610
1485790 614
1485800 614
1485810 618
1485820 620
1485830 620
1485840 624
1485850 627
1485860 627
1485870 632
1485880 636
1485890 636
1485900 639
1485910 644
1485920 644
1485930 648
1485940 650
1485950 650
1485960 652
1485970 651
1485980 651
1485990 650
1486000 649
1486010 649
1486020 649
1486030 648
1486040 648
1486050 648
1486060 647
1486070 647
1486080 646
1486090 646
1486100 646
1486110 644
1486120 643
1486130 643
1486140 642
1486150 641
1486160 641
1486170 640
1486180 638
1486190 638
1486200 637
1486210 635
1486220 635
1486230 632
1486240 630
1486250 630
1486260 628
1486270 627
1486280 627
1486290 626
1486300 625
1486310 625
1486320 624
1486330 623
1486340 623
1486350 622
1486360 621
1486370 621
1486380 621
1486390 620
1486400 620
1486410 619
1486420 617
1486430 617
1486440 614
1486450 612
1486460 612
1486470 610
1486480 608
1486490 608
1486500 605
1486510 603
1486520 603
1486530 603
1486540 604
1486550 604
1486560 604
1486570 604
1486580 604
1486590 604
1486600 604
1486610 603
1486620 603
1486630 603
1486640 603
1486650 603
1486660 603
1486670 602
1486680 602
1486690 602
1486700 602
1486710 602
1486720 602
1486730 602
1486740 602
1486750 601
1486760 601
1486770 601
1486780 603
1486790 607
1486800 607
1486810 613
1486820 615
1486830 615
1486840 617
1486850 618
1486860 618
1486870 620
1486880 621
1486890 621
1486900 621
1486910 622
1486920 622
1486930 623
1486940 623
1486950 623
1486960 624
1486970 624
1486980 624
1486990 625
1487000 625
1487010 625
1487020 626
1487030 626
1487040 626
1487050 627
1487060 627
1487070 627
1487080 628
1487090 628
1487100 628
1487110 629
1487120 629
1487130 629
1487140 630
1487150 632
1487160 632
1487170 634
1487180 636
1487190 636
1487200 637
1487210 639
1487220 639
1487230 640
1487240 640
1487250 640
1487260 642
1487270 643
1487280 643
1487290 645
1487300 647
1487310 647
1487320 648
1487330 650
1487340 650
1487350 651
1487360 652
1487370 652
1487380 653
1487390 654
1487400 654
1487410 655
1487420 656
1487430 656
1487440 657
1487450 658
1487460 658
1487470 659
1487480 660
1487490 660
1487500 661
1487510 663
1487520 663
1487530 664
1487540 666
1487550 666
1487560 668
1487570 669
1487580 669
1487590 671
1487600 672
1487610 672
1487620 673
1487630 674
1487640 674
1487650 675
1487660 676
1487670 676
1487680 678
1487690 679
1487700 679
1487710 681
1487720 684
1487730 684
1487740 686
1487750 689
1487760 691
1487770 691
1487780 692
1487790 693
1487800 693
1487810 694
1487820 695
1487830 695
1487840 696
1487850 698
1487860 698
1487870 699
1487880 699
1487890 699
1487900 700
1487910 700
1487920 700
1487930 700
1487940 700
1487950 700
1487960 700
1487970 700
1487980 700
1487990 700
1488000 700
1488010 700
1488020 700
1488030 699
1488040 699
1488050 699
1488060 699
1488070 699
1488080 699
1488090 699
1488100 699
1488110 699
1488120 698
1488130 698
1488140 698
1488150 698
1488160 698
1488170 698
1488180 698
1488190 698
1488200 698
1488210 698
1488220 698
1488230 698
1488240 698
1488250 698
1488260 698
1488270 698
1488280 698
1488290 699
1488300 699
1488310 699
1488320 699
1488330 699
1488340 699
1488350 699
1488360 700
1488370 700
1488380 700
1488390 700
1488400 700
1488410 701
1488420 701
1488430 701
1488440 701
1488450 701
1488460 701
1488470 701
1488480 701
1488490 701
1488500 701
1488510 701
1488520 701
1488530 700
1488540 700
1488550 700
1488560 699
1488570 699
1488580 699
1488590 699
1488600 699
1488610 699
1488620 699
1488630 698
1488640 698
1488650 698
1488660 698
1488670 698
1488680 698
1488690 697
1488700 697
1488710 697
1488720 696
1488730 696
1488740 696
1488750 695
1488760 695
1488770 695
1488780 694
1488790 694
1488800 693
1488810 693
1488820 693
1488830 693
1488840 692
1488850 692
1488860 691
1488870 690
1488880 690
1488890 690
1488900 689
1488910 689
1488920 688
1488930 687
1488940 687
1488950 686
1488960 685
1488970 685
1488980 683
1488990 682
1489000 681
1489010 681
1489020 681
1489030 682
1489040 682
1489050 682
1489060 682
1489070 682
1489080 683
1489090 683
1489100 683
1489110 683
1489120 684
1489130 684
1489140 684
1489150 684
1489160 684
1489170 684
1489180 684
1489190 684
1489200 684
1489210 684
1489220 684
1489230 684
1489240 684
1489250 684
1489260 684
1489270 684
1489280 684
1489290 683
1489300 682
1489310 682
1489320 681
1489330 680
1489340 680
1489350 679
1489360 679
1489370 679
1489380 678
1489390 678
1489400 678
1489410 677
1489420 677
1489430 677
1489440 676
1489450 675
1489460 675
1489470 674
1489480 674
1489490 674
1489500 673
1489510 672
1489520 672
1489530 671
1489540 669
1489550 669
1489560 669
1489570 668
1489580 668
1489590 667
1489600 666
1489610 666
1489620 665
1489630 663
1489640 663
1489650 659
1489660 657
1489670 657
1489680 656
1489690 656
1489700 656
1489710 656
1489720 656
1489730 656
1489740 655
1489750 654
1489760 654
1489770 654
1489780 653
1489790 653
1489800 652
1489810 651
1489820 651
1489830 651
1489840 653
1489850 653
1489860 655
1489870 656
1489880 656
1489890 656
1489900 656
1489910 656
1489920 656
1489930 656
1489940 656
1489950 655
1489960 655
1489970 655
1489980 655
1489990 654
1490000 654
1490010 653
1490020 653
1490030 653
1490040 652
1490050 652
1490060 652
1490070 653
1490080 654
1490090 654
1490100 657
1490110 660
1490120 660
1490130 661
1490140 662
1490150 662
1490160 663
1490170 663
1490180 663
1490190 664
1490200 665
1490210 665
1490220 668
1490230 670
1490240 671
1490250 671
1490260 672
1490270 673
1490280 673
1490290 674
1490300 675
1490310 675
1490320 676
1490330 677
1490340 677
1490350 678
1490360 679
1490370 679
1490380 680
1490390 681
1490400 681
1490410 682
1490420 683
1490430 683
1490440 685
1490450 686
1490460 686
1490470 687
1490480 688
1490490 688
1490500 688
1490510 689
1490520 689
1490530 690
1490540 691
1490550 691
1490560 692
1490570 692
1490580 692
1490590 693
1490600 694
1490610 694
1490620 694
1490630 694
1490640 694
1490650 694
1490660 694
1490670 694
1490680 693
1490690 693
1490700 693
1490710 692
1490720 691
1490730 691
1490740 690
1490750 689
1490760 689
1490770 687
1490780 685
1490790 685
1490800 684
1490810 682
1490820 682
1490830 680
1490840 678
1490850 678
1490860 677
1490870 675
1490880 675
1490890 674
1490900 673
1490910 673
1490920 672
1490930 670
1490940 670
1490950 666
1490960 664
1490970 664
1490980 665
1490990 666
1491000 666
1491010 666
1491020 667
1491030 667
1491040 667
1491050 668
1491060 668
1491070 667
1491080 667
1491090 667
1491100 666
1491110 666
1491120 666
1491130 665
1491140 663
1491150 663
1491160 662
1491170 660
1491180 660
1491190 658
1491200 655
1491210 655
1491220 652
1491230 648
1491240 648
1491250 646
1491260 644
1491270 644
1491280 643
1491290 642
1491300 642
1491310 641
1491320 640
1491330 640
1491340 639
1491350 639
1491360 639
1491370 638
1491380 638
1491390 638
1491400 637
1491410 636
1491420 636
1491430 634
1491440 632
1491450 630
1491460 630
1491470 631
1491480 633
1491490 633
1491500 632
1491510 631
1491520 631
1491530 630
1491540 629
1491550 629
1491560 628
1491570 626
1491580 626
1491590 625
1491600 626
1491610 626
1491620 628
1491630 628
1491640 628
1491650 627
1491660 627
1491670 627
1491680 626
1491690 626
1491700 626
1491710 625
1491720 624
1491730 624
1491740 623
1491750 623
1491760 623
1491770 621
1491780 621
1491790 621
1491800 620
1491810 619
1491820 619
1491830 619
1491840 618
1491850 618
1491860 618
1491870 617
1491880 617
1491890 616
1491900 616
1491910 616
1491920 614
1491930 613
1491940 613
1491950 612
1491960 611
1491970 611
1491980 610
1491990 608
1492000 608
1492010 607
1492020 606
1492030 606
1492040 606
1492050 606
1492060 606
1492070 605
1492080 605
1492090 605
1492100 604
1492110 604
1492120 604
1492130 603
1492140 604
1492150 604
1492160 604
1492170 604
1492180 604
1492190 605
1492200 605
1492210 605
1492220 605
1492230 605
1492240 605
1492250 605
1492260 605
1492270 605
1492280 604
1492290 603
1492300 603
1492310 604
1492320 604
1492330 604
1492340 604
1492350 603
1492360 603
1492370 603
1492380 602
1492390 602
1492400 602
1492410 601
1492420 601
1492430 600
1492440 599
1492450 599
1492460 598
1492470 598
1492480 598
1492490 597
1492500 597
1492510 597
1492520 596
1492530 596
1492540 596
1492550 596
1492560 595
1492570 595
1492580 594
1492590 594
1492600 594
1492610 593
1492620 593
1492630 593
1492640 593
1492650 592
1492660 592
1492670 592
1492680 592
1492690 592
1492700 592
1492710 591
1492720 591
1492730 591
1492740 591
1492750 591
1492760 591
1492770 591
1492780 591
1492790 591
1492800 592
1492810 594
1492820 594
1492830 597
1492840 602
1492850 602
1492860 608
1492870 613
1492880 613
1492890 617
1492900 619
1492910 619
1492920 620
1492930 621
1492940 621
1492950 622
1492960 622
1492970 622
1492980 622
1492990 622
1493000 622
1493010 622
1493020 622
1493030 622
1493040 620
1493050 619
1493060 619
1493070 617
1493080 615
1493090 615
1493100 613
1493110 612
1493120 612
1493130 610
1493140 609
1493150 609
1493160 608
1493170 606
1493180 606
1493190 604
1493200 602
1493210 602
1493220 600
1493230 599
1493240 599
1493250 598
1493260 597
1493270 597
1493280 596
1493290 595
1493300 595
1493310 594
1493320 593
1493330 593
1493340 592
1493350 590
1493360 590
1493370 588
1493380 588
1493390 588
1493400 588
1493410 588
1493420 588
1493430 588
1493440 589
1493450 589
1493460 589
1493470 590
1493480 590
1493490 590
1493500 590
1493510 590
1493520 591
1493530 591
1493540 591
1493550 591
1493560 591
1493570 591
1493580 591
1493590 592
1493600 592
1493610 592
1493620 592
1493630 592
1493640 593
1493650 593
1493660 593
1493670 593
1493680 593
1493690 593
1493700 594
1493710 594
1493720 594
1493730 594
1493740 594
1493750 594
1493760 594
1493770 594
1493780 594
1493790 595
1493800 596
1493810 596
1493820 598
1493830 599
1493840 599
1493850 600
1493860 601
1493870 601
1493880 602
1493890 603
1493900 603
1493910 604
1493920 606
1493930 608
1493940 608
1493950 611
1493960 614
1493970 614
1493980 615
1493990 615
1494000 615
1494010 614
1494020 615
1494030 615
1494040 616
1494050 616
1494060 616
1494070 617
1494080 618
1494090 618
1494100 619
1494110 620
1494120 620
1494130 620
1494140 621
1494150 621
1494160 622
1494170 622
1494180 622
1494190 623
1494200 624
1494210 624
1494220 625
1494230 627
1494240 627
1494250 628
1494260 629
1494270 629
1494280 630
1494290 632
1494300 632
1494310 633
1494320 634
1494330 634
1494340 635
1494350 636
1494360 636
1494370 638
1494380 640
1494390 640
1494400 642
1494410 644
1494420 644
1494430 645
1494440 646
1494450 646
1494460 647
1494470 648
1494480 648
1494490 648
1494500 649
1494510 649
1494520 649
1494530 650
1494540 650
1494550 651
1494560 651
1494570 651
1494580 652
1494590 652
1494600 652
1494610 652
1494620 652
1494630 652
1494640 651
1494650 650
1494660 650
1494670 650
1494680 650
1494690 650
1494700 651
1494710 651
1494720 651
1494730 651
1494740 652
1494750 652
1494760 653
1494770 654
1494780 654
1494790 655
1494800 656
1494810 656
1494820 657
1494830 658
1494840 658
1494850 658
1494860 658
1494870 658
1494880 659
1494890 660
1494900 660
1494910 660
1494920 660
1494930 660
1494940 660
1494950 660
1494960 660
1494970 661
1494980 661
1494990 661
1495000 661
1495010 660
1495020 660
1495030 660
1495040 660
1495050 660
1495060 660
1495070 660
1495080 660
1495090 660
1495100 660
1495110 660
1495120 660
1495130 659
1495140 659
1495150 659
1495160 659
1495170 659
1495180 659
1495190 659
1495200 659
1495210 659
1495220 659
1495230 658
1495240 658
1495250 657
1495260 656
1495270 656
1495280 654
1495290 652
1495300 652
1495310 650
1495320 649
1495330 649
1495340 649
1495350 650
1495360 650
1495370 650
1495380 649
1495390 649
1495400 648
1495410 649
1495420 649
1495430 650
1495440 653
1495450 653
1495460 655
1495470 657
1495480 657
1495490 659
1495500 661
1495510 661
1495520 662
1495530 664
1495540 664
1495550 665
1495560 665
1495570 665
1495580 666
1495590 667
1495600 667
1495610 669
1495620 670
1495630 670
1495640 672
1495650 673
1495660 673
1495670 674
1495680 675
1495690 675
1495700 675
1495710 676
1495720 676
1495730 678
1495740 679
1495750 679
1495760 681
1495770 682
1495780 682
1495790 682
1495800 683
1495810 683
1495820 685
1495830 688
1495840 688
1495850 691
1495860 693
1495870 693
1495880 694
1495890 696
1495900 696
1495910 697
1495920 698
1495930 698
1495940 700
1495950 701
1495960 701
1495970 703
1495980 705
1495990 705
1496000 706
1496010 708
1496020 708
1496030 710
1496040 712
1496050 712
1496060 714
1496070 717
1496080 717
1496090 720
1496100 724
1496110 724
1496120 728
1496130 732
1496140 732
1496150 736
1496160 740
1496170 740
1496180 743
1496190 745
1496200 745
1496210 745
1496220 741
1496230 741
1496240 736
1496250 732
1496260 732
1496270 728
1496280 724
1496290 724
1496300 720
1496310 717
1496320 717
1496330 713
1496340 710
1496350 710
1496360 707
1496370 704
1496380 701
1496390 701
1496400 695
1496410 688
1496420 688
1496430 684
1496440 681
1496450 681
1496460 678
1496470 675
1496480 675
1496490 674
1496500 672
1496510 672
1496520 670
1496530 669
1496540 669
1496550 669
1496560 668
1496570 668
1496580 668
1496590 667
1496600 667
1496610 665
1496620 663
1496630 663
1496640 661
1496650 660
1496660 660
1496670 659
1496680 656
1496690 656
1496700 649
1496710 644
1496720 644
1496730 642
1496740 642
1496750 642
1496760 641
1496770 640
1496780 640
1496790 638
1496800 639
1496810 639
1496820 638
1496830 636
1496840 636
1496850 635
1496860 634
1496870 634
1496880 634
1496890 632
1496900 632
1496910 631
1496920 630
1496930 630
1496940 629
1496950 628
1496960 628
1496970 626
1496980 624
1496990 624
1497000 623
1497010 622
1497020 622
1497030 622
1497040 620
1497050 620
1497060 617
1497070 615
1497080 615
1497090 613
1497100 612
1497110 612
1497120 611
1497130 608
1497140 608
1497150 606
1497160 606
1497170 606
1497180 606
1497190 605
1497200 605
1497210 603
1497220 602
1497230 602
1497240 602
1497250 600
1497260 600
1497270 599
1497280 597
1497290 597
1497300 595
1497310 595
1497320 595
1497330 594
1497340 593
1497350 593
1497360 591
1497370 590
1497380 590
1497390 589
1497400 587
1497410 587
1497420 585
1497430 584
1497440 584
1497450 583
1497460 582
1497470 582
1497480 581
1497490 580
1497500 580
1497510 579
1497520 578
1497530 578
1497540 577
1497550 576
1497560 576
1497570 575
1497580 575
1497590 575
1497600 574
1497610 573
1497620 573
1497630 573
1497640 572
1497650 572
1497660 572
1497670 571
1497680 570
1497690 570
1497700 570
1497710 569
1497720 569
1497730 568
1497740 568
1497750 568
1497760 567
1497770 566
1497780 566
1497790 565
1497800 565
1497810 565
1497820 565
1497830 565
1497840 565
1497850 564
1497860 565
1497870 565
1497880 565
1497890 565
1497900 565
1497910 565
1497920 565
1497930 565
1497940 565
1497950 565
1497960 565
1497970 566
1497980 566
1497990 566
1498000 566
1498010 566
1498020 566
1498030 566
1498040 565
1498050 565
1498060 565
1498070 565
1498080 565
1498090 566
1498100 566
1498110 566
1498120 566
1498130 566
1498140 566
1498150 566
1498160 566
1498170 566
1498180 566
1498190 567
1498200 567
1498210 567
1498220 567
1498230 567
1498240 567
1498250 567
1498260 567
1498270 568
1498280 568
1498290 568
1498300 569
1498310 570
1498320 570
1498330 570
1498340 570
1498350 570
1498360 570
1498370 570
1498380 570
1498390 570
1498400 570
1498410 570
1498420 571
1498430 569
1498440 569
1498450 568
1498460 568
1498470 568
1498480 567
1498490 566
1498500 566
1498510 566
1498520 567
1498530 567
1498540 568
1498550 568
1498560 568
1498570 568
1498580 569
1498590 569
1498600 570
1498610 571
1498620 571
1498630 572
1498640 574
1498650 574
1498660 575
1498670 576
1498680 576
1498690 577
1498700 579
1498710 579
1498720 581
1498730 583
1498740 583
1498750 585
1498760 586
1498770 586
1498780 588
1498790 589
1498800 589
1498810 590
1498820 591
1498830 591
1498840 592
1498850 594
1498860 596
1498870 596
1498880 597
1498890 598
1498900 598
1498910 597
1498920 597
1498930 597
1498940 595
1498950 594
1498960 594
1498970 593
1498980 592
1498990 592
1499000 591
1499010 590
1499020 590
1499030 589
1499040 588
1499050 588
1499060 588
1499070 587
1499080 587
1499090 586
1499100 585
1499110 585
1499120 584
1499130 583
1499140 583
1499150 583
1499160 582
1499170 582
1499180 582
1499190 582
1499200 582
1499210 581
1499220 581
1499230 581
1499240 581
1499250 581
1499260 581
1499270 581
1499280 580
1499290 580
1499300 580
1499310 579
1499320 579
1499330 578
1499340 578
1499350 578
1499360 578
1499370 577
1499380 577
1499390 577
1499400 576
1499410 576
1499420 576
1499430 576
1499440 576
1499450 576
1499460 575
1499470 575
1499480 574
1499490 575
1499500 575
1499510 576
1499520 577
1499530 577
1499540 577
1499550 578
1499560 578
1499570 578
1499580 579
1499590 579
1499600 580
1499610 580
1499620 580
1499630 580
1499640 581
1499650 581
1499660 581
1499670 581
1499680 581
1499690 581
1499700 581
1499710 581
1499720 581
1499730 581
1499740 581
1499750 580
1499760 580
1499770 580
1499780 580
1499790 580
1499800 580
1499810 580
1499820 580
1499830 580
1499840 580
1499850 580
1499860 580
1499870 579
1499880 579
1499890 579
1499900 579
1499910 579
1499920 579
1499930 579
1499940 578
1499950 578
1499960 578
1499970 578
1499980 578
1499990 577
