1480000 624
1480010 625
1480020 625
1480030 625
1480040 626
1480050 627
1480060 627
1480070 627
1480080 628
1480090 628
1480100 628
1480110 629
1480120 629
1480130 629
1480140 630
1480150 630
1480160 630
1480170 631
1480180 631
1480190 631
1480200 632
1480210 632
1480220 632
1480230 632
1480240 632
1480250 633
1480260 633
1480270 633
1480280 633
1480290 634
1480300 634
1480310 636
1480320 638
1480330 638
1480340 639
1480350 641
1480360 641
1480370 642
1480380 643
1480390 643
1480400 644
1480410 645
1480420 645
1480430 646
1480440 647
1480450 647
1480460 648
1480470 648
1480480 648
1480490 649
1480500 649
1480510 649
1480520 649
1480530 649
1480540 649
1480550 650
1480560 650
1480570 650
1480580 650
1480590 651
1480600 651
1480610 651
1480620 652
1480630 652
1480640 652
1480650 653
1480660 653
1480670 654
1480680 654
1480690 654
1480700 655
1480710 655
1480720 655
1480730 656
1480740 656
1480750 656
1480760 655
1480770 655
1480780 655
1480790 654
1480800 653
1480810 653
1480820 653
1480830 652
1480840 652
1480850 650
1480860 649
1480870 649
1480880 650
1480890 650
1480900 650
1480910 651
1480920 654
1480930 654
1480940 656
1480950 658
1480960 658
1480970 659
1480980 660
1480990 660
1481000 661
1481010 662
1481020 662
1481030 664
1481040 665
1481050 665
1481060 666
1481070 667
1481080 667
1481090 668
1481100 668
1481110 668
1481120 669
1481130 670
1481140 670
1481150 670
1481160 670
1481170 670
1481180 671
1481190 671
1481200 671
1481210 671
1481220 670
1481230 670
1481240 669
1481250 667
1481260 667
1481270 664
1481280 662
1481290 662
1481300 660
1481310 659
1481320 659
1481330 658
1481340 658
1481350 658
1481360 660
1481370 661
1481380 663
1481390 663
1481400 665
1481410 668
1481420 668
1481430 669
1481440 669
1481450 669
1481460 669
1481470 668
1481480 668
1481490 668
1481500 667
1481510 667
1481520 664
1481530 661
1481540 661
1481550 665
1481560 666
1481570 666
1481580 666
1481590 665
1481600 665
1481610 662
1481620 660
1481630 660
1481640 662
1481650 662
1481660 662
1481670 660
1481680 664
1481690 664
1481700 667
1481710 669
1481720 669
1481730 670
1481740 671
1481750 671
1481760 672
1481770 674
1481780 674
1481790 675
1481800 677
1481810 677
1481820 678
1481830 679
1481840 679
1481850 680
1481860 681
1481870 681
1481880 681
1481890 681
1481900 681
1481910 682
1481920 682
1481930 682
1481940 682
1481950 683
1481960 683
1481970 683
1481980 683
1481990 683
1482000 684
1482010 684
1482020 684
1482030 684
1482040 685
1482050 685
1482060 685
1482070 686
1482080 686
1482090 686
1482100 687
1482110 687
1482120 688
1482130 690
1482140 690
1482150 691
1482160 693
1482170 693
1482180 695
1482190 697
1482200 697
1482210 699
1482220 701
1482230 701
1482240 702
1482250 705
1482260 705
1482270 707
1482280 709
1482290 709
1482300 711
1482310 713
1482320 713
1482330 715
1482340 716
1482350 716
1482360 718
1482370 719
1482380 719
1482390 720
1482400 720
1482410 720
1482420 721
1482430 722
1482440 722
1482450 722
1482460 723
1482470 723
1482480 724
1482490 725
1482500 725
1482510 725
1482520 725
1482530 725
1482540 725
1482550 724
1482560 724
1482570 723
1482580 722
1482590 722
1482600 721
1482610 719
1482620 719
1482630 717
1482640 715
1482650 715
1482660 713
1482670 711
1482680 711
1482690 709
1482700 707
1482710 705
1482720 705
1482730 703
1482740 702
1482750 702
1482760 700
1482770 699
1482780 699
1482790 699
1482800 698
1482810 698
1482820 698
1482830 697
1482840 697
1482850 697
1482860 697
1482870 697
1482880 696
1482890 696
1482900 696
1482910 696
1482920 696
1482930 696
1482940 695
1482950 694
1482960 694
1482970 693
1482980 692
1482990 692
1483000 692
1483010 693
1483020 693
1483030 693
1483040 693
1483050 693
1483060 693
1483070 693
1483080 693
1483090 693
1483100 693
1483110 693
1483120 693
1483130 692
1483140 692
1483150 692
1483160 691
1483170 691
1483180 690
1483190 688
1483200 688
1483210 687
1483220 686
1483230 686
1483240 684
1483250 682
1483260 682
1483270 680
1483280 678
1483290 678
1483300 677
1483310 676
1483320 676
1483330 675
1483340 674
1483350 674
1483360 673
1483370 672
1483380 672
1483390 669
1483400 667
1483410 667
1483420 665
1483430 664
1483440 664
1483450 664
1483460 663
1483470 663
1483480 663
1483490 662
1483500 662
1483510 662
1483520 660
1483530 660
1483540 659
1483550 658
1483560 658
1483570 657
1483580 656
1483590 656
1483600 655
1483610 654
1483620 654
1483630 652
1483640 651
1483650 651
1483660 650
1483670 648
1483680 648
1483690 648
1483700 648
1483710 648
1483720 650
1483730 652
1483740 652
1483750 655
1483760 657
1483770 657
1483780 659
1483790 661
1483800 661
1483810 663
1483820 664
1483830 664
1483840 666
1483850 667
1483860 667
1483870 669
1483880 670
1483890 670
1483900 671
1483910 672
1483920 672
1483930 673
1483940 674
1483950 674
1483960 675
1483970 676
1483980 676
1483990 677
1484000 678
1484010 678
1484020 679
1484030 680
1484040 680
1484050 680
1484060 680
1484070 679
1484080 679
1484090 678
1484100 680
1484110 680
1484120 682
1484130 684
1484140 684
1484150 686
1484160 688
1484170 688
1484180 689
1484190 690
1484200 690
1484210 692
1484220 692
1484230 692
1484240 692
1484250 693
1484260 693
1484270 692
1484280 691
1484290 691
1484300 691
1484310 690
1484320 690
1484330 689
1484340 689
1484350 689
1484360 688
1484370 687
1484380 687
1484390 686
1484400 685
1484410 685
1484420 685
1484430 684
1484440 684
1484450 683
1484460 682
1484470 682
1484480 681
1484490 680
1484500 680
1484510 679
1484520 678
1484530 678
1484540 677
1484550 676
1484560 676
1484570 674
1484580 672
1484590 672
1484600 670
1484610 668
1484620 668
1484630 667
1484640 666
1484650 666
1484660 665
1484670 665
1484680 665
1484690 664
1484700 663
1484710 663
1484720 662
1484730 662
1484740 662
1484750 661
1484760 661
1484770 661
1484780 660
1484790 659
1484800 659
1484810 659
1484820 658
1484830 658
1484840 658
1484850 658
1484860 658
1484870 658
1484880 657
1484890 657
1484900 657
1484910 657
1484920 657
1484930 656
1484940 655
1484950 655
1484960 654
1484970 652
1484980 652
1484990 651
1485000 650
1485010 650
1485020 650
1485030 649
1485040 649
1485050 649
1485060 648
1485070 648
1485080 647
1485090 646
1485100 646
1485110 646
1485120 645
1485130 645
1485140 644
1485150 643
1485160 643
1485170 642
1485180 642
1485190 642
1485200 642
1485210 641
1485220 641
1485230 640
1485240 639
1485250 639
1485260 643
1485270 647
1485280 647
1485290 648
1485300 651
1485310 651
1485320 656
1485330 659
1485340 659
1485350 661
1485360 662
1485370 663
1485380 663
1485390 664
1485400 666
1485410 666
1485420 668
1485430 669
1485440 669
1485450 671
1485460 674
1485470 674
1485480 675
1485490 677
1485500 677
1485510 678
1485520 680
1485530 680
1485540 682
1485550 684
1485560 684
1485570 686
1485580 688
1485590 688
1485600 691
1485610 694
1485620 694
1485630 697
1485640 701
1485650 701
1485660 704
1485670 708
1485680 708
1485690 711
1485700 715
1485710 715
1485720 718
1485730 721
1485740 721
1485750 725
1485760 727
1485770 727
1485780 730
1485790 733
1485800 733
1485810 735
1485820 737
1485830 737
1485840 738
1485850 738
1485860 738
1485870 737
1485880 737
1485890 737
1485900 736
1485910 734
1485920 734
1485930 733
1485940 732
1485950 732
1485960 731
1485970 729
1485980 729
1485990 727
1486000 726
1486010 726
1486020 724
1486030 723
1486040 723
1486050 721
1486060 719
1486070 719
1486080 718
1486090 718
1486100 718
1486110 717
1486120 716
1486130 716
1486140 715
1486150 714
1486160 714
1486170 713
1486180 712
1486190 712
1486200 711
1486210 710
1486220 710
1486230 710
1486240 709
1486250 709
1486260 709
1486270 708
1486280 708
1486290 707
1486300 707
1486310 707
1486320 706
1486330 705
1486340 705
1486350 703
1486360 701
1486370 701
1486380 699
1486390 697
1486400 697
1486410 696
1486420 695
1486430 695
1486440 694
1486450 694
1486460 694
1486470 693
1486480 691
1486490 691
1486500 690
1486510 689
1486520 689
1486530 687
1486540 685
1486550 685
1486560 685
1486570 684
1486580 684
1486590 682
1486600 680
1486610 680
1486620 680
1486630 679
1486640 679
1486650 678
1486660 678
1486670 678
1486680 677
1486690 677
1486700 677
1486710 677
1486720 676
1486730 676
1486740 676
1486750 675
1486760 674
1486770 674
1486780 671
1486790 669
1486800 669
1486810 667
1486820 667
1486830 667
1486840 666
1486850 665
1486860 665
1486870 665
1486880 664
1486890 664
1486900 663
1486910 663
1486920 663
1486930 662
1486940 662
1486950 662
1486960 661
1486970 660
1486980 660
1486990 659
1487000 658
1487010 658
1487020 657
1487030 656
1487040 656
1487050 655
1487060 653
1487070 653
1487080 652
1487090 651
1487100 651
1487110 650
1487120 649
1487130 649
1487140 648
1487150 648
1487160 648
1487170 647
1487180 646
1487190 646
1487200 645
1487210 644
1487220 644
1487230 643
1487240 642
1487250 642
1487260 641
1487270 640
1487280 640
1487290 639
1487300 637
1487310 637
1487320 636
1487330 635
1487340 635
1487350 635
1487360 634
1487370 634
1487380 634
1487390 633
1487400 633
1487410 632
1487420 632
1487430 632
1487440 631
1487450 630
1487460 630
1487470 629
1487480 629
1487490 629
1487500 628
1487510 627
1487520 627
1487530 626
1487540 626
1487550 626
1487560 626
1487570 626
1487580 626
1487590 625
1487600 624
1487610 624
1487620 624
1487630 624
1487640 624
1487650 624
1487660 625
1487670 625
1487680 627
1487690 628
1487700 628
1487710 630
1487720 631
1487730 631
1487740 633
1487750 634
1487760 634
1487770 636
1487780 637
1487790 637
1487800 638
1487810 639
1487820 639
1487830 640
1487840 642
1487850 642
1487860 643
1487870 645
1487880 645
1487890 646
1487900 647
1487910 647
1487920 650
1487930 653
1487940 653
1487950 656
1487960 659
1487970 659
1487980 661
1487990 663
1488000 663
1488010 664
1488020 665
1488030 667
1488040 667
1488050 669
1488060 673
1488070 673
1488080 676
1488090 678
1488100 678
1488110 679
1488120 679
1488130 679
1488140 680
1488150 680
1488160 680
1488170 681
1488180 681
1488190 681
1488200 681
1488210 682
1488220 682
1488230 682
1488240 682
1488250 682
1488260 683
1488270 683
1488280 683
1488290 683
1488300 684
1488310 684
1488320 684
1488330 685
1488340 685
1488350 685
1488360 685
1488370 685
1488380 685
1488390 685
1488400 685
1488410 684
1488420 684
1488430 684
1488440 684
1488450 685
1488460 685
1488470 685
1488480 685
1488490 685
1488500 685
1488510 684
1488520 684
1488530 683
1488540 682
1488550 682
1488560 682
1488570 681
1488580 681
1488590 681
1488600 680
1488610 680
1488620 680
1488630 679
1488640 679
1488650 679
1488660 678
1488670 678
1488680 677
1488690 677
1488700 677
1488710 676
1488720 675
1488730 675
1488740 674
1488750 673
1488760 673
1488770 672
1488780 672
1488790 672
1488800 671
1488810 670
1488820 670
1488830 670
1488840 670
1488850 670
1488860 669
1488870 669
1488880 669
1488890 669
1488900 669
1488910 669
1488920 669
1488930 669
1488940 669
1488950 669
1488960 668
1488970 668
1488980 668
1488990 667
1489000 667
1489010 667
1489020 667
1489030 667
1489040 667
1489050 667
1489060 667
1489070 667
1489080 666
1489090 666
1489100 666
1489110 666
1489120 666
1489130 666
1489140 666
1489150 666
1489160 666
1489170 666
1489180 666
1489190 666
1489200 665
1489210 665
1489220 665
1489230 665
1489240 665
1489250 664
1489260 664
1489270 664
1489280 663
1489290 662
1489300 662
1489310 662
1489320 661
1489330 661
1489340 661
1489350 659
1489360 658
1489370 658
1489380 658
1489390 658
1489400 658
1489410 657
1489420 657
1489430 657
1489440 656
1489450 656
1489460 656
1489470 656
1489480 656
1489490 656
1489500 655
1489510 655
1489520 655
1489530 655
1489540 654
1489550 654
1489560 653
1489570 652
1489580 652
1489590 652
1489600 651
1489610 651
1489620 650
1489630 650
1489640 650
1489650 650
1489660 650
1489670 650
1489680 650
1489690 651
1489700 651
1489710 651
1489720 652
1489730 652
1489740 653
1489750 654
1489760 654
1489770 654
1489780 655
1489790 655
1489800 655
1489810 656
1489820 656
1489830 656
1489840 656
1489850 656
1489860 657
1489870 657
1489880 657
1489890 659
1489900 660
1489910 660
1489920 662
1489930 663
1489940 663
1489950 664
1489960 665
1489970 665
1489980 665
1489990 666
1490000 666
1490010 667
1490020 669
1490030 669
1490040 670
1490050 671
1490060 671
1490070 673
1490080 673
1490090 673
1490100 674
1490110 675
1490120 675
1490130 677
1490140 679
1490150 679
1490160 680
1490170 681
1490180 681
1490190 683
1490200 683
1490210 683
1490220 684
1490230 685
1490240 685
1490250 686
1490260 687
1490270 687
1490280 688
1490290 689
1490300 689
1490310 690
1490320 691
1490330 691
1490340 692
1490350 693
1490360 693
1490370 694
1490380 695
1490390 695
1490400 696
1490410 697
1490420 697
1490430 698
1490440 699
1490450 699
1490460 700
1490470 701
1490480 701
1490490 702
1490500 703
1490510 703
1490520 704
1490530 705
1490540 705
1490550 706
1490560 706
1490570 706
1490580 707
1490590 708
1490600 708
1490610 709
1490620 709
1490630 709
1490640 710
1490650 710
1490660 710
1490670 710
1490680 710
1490690 710
1490700 710
1490710 709
1490720 708
1490730 708
1490740 708
1490750 707
1490760 707
1490770 706
1490780 705
1490790 705
1490800 704
1490810 703
1490820 703
1490830 701
1490840 700
1490850 700
1490860 698
1490870 697
1490880 697
1490890 695
1490900 693
1490910 693
1490920 690
1490930 687
1490940 687
1490950 685
1490960 684
1490970 684
1490980 683
1490990 683
1491000 683
1491010 682
1491020 680
1491030 680
1491040 678
1491050 677
1491060 677
1491070 676
1491080 675
1491090 675
1491100 674
1491110 673
1491120 673
1491130 672
1491140 672
1491150 672
1491160 671
1491170 670
1491180 670
1491190 669
1491200 668
1491210 668
1491220 667
1491230 666
1491240 666
1491250 666
1491260 665
1491270 665
1491280 665
1491290 665
1491300 665
1491310 664
1491320 663
1491330 663
1491340 662
1491350 661
1491360 661
1491370 660
1491380 659
1491390 659
1491400 658
1491410 656
1491420 656
1491430 655
1491440 653
1491450 653
1491460 652
1491470 651
1491480 651
1491490 651
1491500 650
1491510 650
1491520 649
1491530 647
1491540 647
1491550 645
1491560 644
1491570 644
1491580 643
1491590 644
1491600 644
1491610 645
1491620 647
1491630 647
1491640 649
1491650 651
1491660 651
1491670 653
1491680 654
1491690 654
1491700 656
1491710 656
1491720 656
1491730 656
1491740 656
1491750 656
1491760 655
1491770 654
1491780 654
1491790 652
1491800 651
1491810 651
1491820 649
1491830 648
1491840 648
1491850 647
1491860 646
1491870 646
1491880 646
1491890 644
1491900 644
1491910 643
1491920 642
1491930 642
1491940 641
1491950 640
1491960 640
1491970 638
1491980 637
1491990 637
1492000 637
1492010 636
1492020 635
1492030 635
1492040 634
1492050 633
1492060 633
1492070 632
1492080 632
1492090 632
1492100 631
1492110 631
1492120 631
1492130 630
1492140 629
1492150 629
1492160 628
1492170 629
1492180 629
1492190 630
1492200 631
1492210 631
1492220 632
1492230 633
1492240 633
1492250 634
1492260 635
1492270 635
1492280 640
1492290 646
1492300 646
1492310 648
1492320 648
1492330 648
1492340 648
1492350 647
1492360 647
1492370 647
1492380 648
1492390 648
1492400 649
1492410 650
1492420 650
1492430 652
1492440 653
1492450 653
1492460 655
1492470 657
1492480 657
1492490 659
1492500 660
1492510 660
1492520 662
1492530 663
1492540 663
1492550 665
1492560 666
1492570 666
1492580 667
1492590 669
1492600 669
1492610 671
1492620 671
1492630 671
1492640 672
1492650 673
1492660 673
1492670 674
1492680 675
1492690 675
1492700 676
1492710 677
1492720 677
1492730 678
1492740 679
1492750 679
1492760 679
1492770 680
1492780 680
1492790 681
1492800 681
1492810 681
1492820 682
1492830 683
1492840 683
1492850 683
1492860 684
1492870 684
1492880 685
1492890 685
1492900 685
1492910 685
1492920 686
1492930 686
1492940 686
1492950 687
1492960 687
1492970 688
1492980 688
1492990 688
1493000 688
1493010 689
1493020 689
1493030 689
1493040 689
1493050 689
1493060 688
1493070 688
1493080 688
1493090 687
1493100 687
1493110 687
1493120 686
1493130 685
1493140 685
1493150 685
1493160 684
1493170 684
1493180 683
1493190 681
1493200 681
1493210 680
1493220 678
1493230 678
1493240 675
1493250 672
1493260 672
1493270 671
1493280 671
1493290 671
1493300 670
1493310 670
1493320 670
1493330 669
1493340 669
1493350 668
1493360 668
1493370 668
1493380 667
1493390 667
1493400 666
1493410 665
1493420 665
1493430 665
1493440 664
1493450 664
1493460 663
1493470 662
1493480 662
1493490 662
1493500 661
1493510 661
1493520 660
1493530 660
1493540 660
1493550 659
1493560 658
1493570 658
1493580 657
1493590 657
1493600 657
1493610 656
1493620 655
1493630 655
1493640 654
1493650 653
1493660 653
1493670 652
1493680 651
1493690 651
1493700 649
1493710 648
1493720 648
1493730 647
1493740 646
1493750 646
1493760 643
1493770 641
1493780 641
1493790 640
1493800 640
1493810 640
1493820 640
1493830 640
1493840 640
1493850 639
1493860 638
1493870 638
1493880 638
1493890 639
1493900 639
1493910 639
1493920 640
1493930 640
1493940 640
1493950 641
1493960 641
1493970 643
1493980 645
1493990 645
1494000 647
1494010 648
1494020 648
1494030 650
1494040 651
1494050 651
1494060 652
1494070 653
1494080 653
1494090 653
1494100 654
1494110 654
1494120 655
1494130 656
1494140 656
1494150 657
1494160 658
1494170 658
1494180 659
1494190 660
1494200 660
1494210 661
1494220 662
1494230 662
1494240 663
1494250 665
1494260 665
1494270 666
1494280 667
1494290 667
1494300 668
1494310 669
1494320 669
1494330 670
1494340 673
1494350 673
1494360 675
1494370 676
1494380 676
1494390 677
1494400 678
1494410 678
1494420 679
1494430 680
1494440 680
1494450 681
1494460 682
1494470 682
1494480 683
1494490 685
1494500 685
1494510 685
1494520 686
1494530 686
1494540 687
1494550 688
1494560 688
1494570 688
1494580 688
1494590 688
1494600 689
1494610 689
1494620 689
1494630 688
1494640 688
1494650 688
1494660 687
1494670 687
1494680 686
1494690 686
1494700 685
1494710 684
1494720 684
1494730 684
1494740 683
1494750 683
1494760 682
1494770 681
1494780 681
1494790 681
1494800 680
1494810 680
1494820 679
1494830 678
1494840 678
1494850 677
1494860 677
1494870 677
1494880 676
1494890 675
1494900 675
1494910 673
1494920 671
1494930 671
1494940 670
1494950 669
1494960 669
1494970 668
1494980 668
1494990 668
1495000 668
1495010 667
1495020 667
1495030 667
1495040 666
1495050 666
1495060 666
1495070 665
1495080 665
1495090 664
1495100 664
1495110 664
1495120 663
1495130 663
1495140 663
1495150 662
1495160 662
1495170 662
1495180 661
1495190 660
1495200 660
1495210 660
1495220 659
1495230 659
1495240 659
1495250 658
1495260 658
1495270 657
1495280 657
1495290 657
1495300 656
1495310 654
1495320 654
1495330 653
1495340 651
1495350 651
1495360 650
1495370 649
1495380 649
1495390 648
1495400 648
1495410 648
1495420 648
1495430 647
1495440 647
1495450 646
1495460 644
1495470 644
1495480 644
1495490 645
1495500 645
1495510 647
1495520 650
1495530 650
1495540 652
1495550 654
1495560 654
1495570 655
1495580 657
1495590 657
1495600 658
1495610 659
1495620 659
1495630 660
1495640 661
1495650 661
1495660 662
1495670 663
1495680 663
1495690 664
1495700 665
1495710 665
1495720 666
1495730 667
1495740 667
1495750 668
1495760 668
1495770 668
1495780 669
1495790 670
1495800 670
1495810 671
1495820 672
1495830 672
1495840 673
1495850 673
1495860 673
1495870 674
1495880 675
1495890 675
1495900 675
1495910 676
1495920 676
1495930 676
1495940 676
1495950 676
1495960 675
1495970 672
1495980 672
1495990 670
1496000 668
1496010 668
1496020 666
1496030 665
1496040 664
1496050 664
1496060 664
1496070 663
1496080 663
1496090 661
1496100 660
1496110 660
1496120 658
1496130 656
1496140 656
1496150 653
1496160 648
1496170 648
1496180 647
1496190 649
1496200 649
1496210 649
1496220 647
1496230 647
1496240 647
1496250 648
1496260 648
1496270 647
1496280 643
1496290 643
1496300 639
1496310 635
1496320 635
1496330 634
1496340 633
1496350 633
1496360 632
1496370 630
1496380 630
1496390 629
1496400 628
1496410 628
1496420 626
1496430 626
1496440 626
1496450 625
1496460 625
1496470 625
1496480 624
1496490 624
1496500 624
1496510 623
1496520 623
1496530 623
1496540 622
1496550 622
1496560 622
1496570 621
1496580 620
1496590 620
1496600 619
1496610 620
1496620 620
1496630 620
1496640 618
1496650 618
1496660 617
1496670 616
1496680 616
1496690 617
1496700 617
1496710 617
1496720 615
1496730 613
1496740 613
1496750 611
1496760 611
1496770 611
1496780 613
1496790 615
1496800 615
1496810 615
1496820 615
1496830 615
1496840 615
1496850 616
1496860 616
1496870 616
1496880 615
1496890 615
1496900 615
1496910 615
1496920 615
1496930 615
1496940 615
1496950 615
1496960 615
1496970 614
1496980 614
1496990 614
1497000 613
1497010 613
1497020 613
1497030 613
1497040 613
1497050 613
1497060 612
1497070 612
1497080 612
1497090 612
1497100 612
1497110 612
1497120 612
1497130 612
1497140 611
1497150 611
1497160 611
1497170 610
1497180 610
1497190 610
1497200 609
1497210 607
1497220 607
1497230 606
1497240 606
1497250 606
1497260 607
1497270 607
1497280 607
1497290 606
1497300 603
1497310 603
1497320 602
1497330 600
1497340 600
1497350 599
1497360 597
1497370 595
1497380 595
1497390 594
1497400 593
1497410 593
1497420 591
1497430 590
1497440 590
1497450 590
1497460 589
1497470 589
1497480 588
1497490 588
1497500 588
1497510 587
1497520 586
1497530 586
1497540 585
1497550 584
1497560 584
1497570 583
1497580 582
1497590 582
1497600 581
1497610 581
1497620 581
1497630 581
1497640 580
1497650 580
1497660 580
1497670 578
1497680 578
1497690 578
1497700 578
1497710 578
1497720 577
1497730 576
1497740 576
1497750 575
1497760 575
1497770 575
1497780 574
1497790 574
1497800 574
1497810 574
1497820 574
1497830 574
1497840 574
1497850 573
1497860 573
1497870 573
1497880 573
1497890 573
1497900 572
1497910 572
1497920 572
1497930 571
1497940 571
1497950 571
1497960 571
1497970 570
1497980 570
1497990 571
1498000 571
1498010 571
1498020 572
1498030 573
1498040 573
1498050 573
1498060 572
1498070 572
1498080 571
1498090 570
1498100 570
1498110 570
1498120 569
1498130 569
1498140 569
1498150 569
1498160 569
1498170 569
1498180 568
1498190 568
1498200 568
1498210 568
1498220 568
1498230 568
1498240 567
1498250 567
1498260 567
1498270 567
1498280 567
1498290 567
1498300 568
1498310 568
1498320 569
1498330 569
1498340 569
1498350 569
1498360 569
1498370 569
1498380 569
1498390 569
1498400 569
1498410 570
1498420 570
1498430 570
1498440 571
1498450 573
1498460 573
1498470 574
1498480 573
1498490 573
1498500 573
1498510 573
1498520 573
1498530 573
1498540 577
1498550 577
1498560 579
1498570 580
1498580 580
1498590 579
1498600 577
1498610 577
1498620 573
1498630 573
1498640 573
1498650 573
1498660 577
1498670 577
1498680 579
1498690 578
1498700 581
1498710 581
1498720 582
1498730 583
1498740 583
1498750 584
1498760 584
1498770 584
1498780 585
1498790 587
1498800 587
1498810 588
1498820 591
1498830 591
1498840 594
1498850 594
1498860 594
1498870 595
1498880 596
1498890 596
1498900 596
1498910 596
1498920 596
1498930 595
1498940 595
1498950 595
1498960 595
1498970 595
1498980 595
1498990 594
1499000 594
1499010 594
1499020 594
1499030 593
1499040 593
1499050 593
1499060 593
1499070 593
1499080 593
1499090 593
1499100 593
1499110 592
1499120 592
1499130 592
1499140 593
1499150 593
1499160 593
1499170 593
1499180 593
1499190 593
1499200 593
1499210 593
1499220 593
1499230 593
1499240 593
1499250 593
1499260 592
1499270 592
1499280 592
1499290 592
1499300 592
1499310 592
1499320 593
1499330 593
1499340 593
1499350 593
1499360 593
1499370 593
1499380 593
1499390 593
1499400 593
1499410 593
1499420 593
1499430 593
1499440 592
1499450 592
1499460 592
1499470 592
1499480 591
1499490 591
1499500 591
1499510 590
1499520 590
1499530 590
1499540 589
1499550 589
1499560 589
1499570 588
1499580 588
1499590 588
1499600 587
1499610 587
1499620 587
1499630 586
1499640 586
1499650 585
1499660 585
1499670 585
1499680 584
1499690 583
1499700 583
1499710 583
1499720 582
1499730 582
1499740 581
1499750 580
1499760 580
1499770 580
1499780 579
1499790 579
1499800 578
1499810 577
1499820 577
1499830 576
1499840 575
1499850 575
1499860 574
1499870 573
1499880 573
1499890 572
1499900 570
1499910 570
1499920 569
1499930 568
1499940 568
1499950 567
1499960 566
1499970 566
1499980 564
1499990 563
