1480000 597
1480010 599
1480020 601
1480030 601
1480040 603
1480050 605
1480060 605
1480070 605
1480080 608
1480090 608
1480100 610
1480110 612
1480120 612
1480130 613
1480140 614
1480150 614
1480160 615
1480170 615
1480180 615
1480190 615
1480200 616
1480210 616
1480220 616
1480230 616
1480240 616
1480250 616
1480260 616
1480270 616
1480280 616
1480290 615
1480300 615
1480310 615
1480320 614
1480330 614
1480340 614
1480350 614
1480360 614
1480370 613
1480380 613
1480390 613
1480400 613
1480410 613
1480420 613
1480430 613
1480440 613
1480450 613
1480460 612
1480470 612
1480480 612
1480490 611
1480500 611
1480510 611
1480520 610
1480530 610
1480540 610
1480550 609
1480560 608
1480570 608
1480580 607
1480590 607
1480600 607
1480610 607
1480620 607
1480630 607
1480640 608
1480650 609
1480660 609
1480670 609
1480680 609
1480690 609
1480700 609
1480710 609
1480720 609
1480730 609
1480740 609
1480750 609
1480760 610
1480770 610
1480780 610
1480790 610
1480800 611
1480810 612
1480820 612
1480830 613
1480840 614
1480850 614
1480860 614
1480870 615
1480880 615
1480890 615
1480900 616
1480910 616
1480920 617
1480930 617
1480940 617
1480950 617
1480960 618
1480970 618
1480980 618
1480990 618
1481000 618
1481010 619
1481020 620
1481030 620
1481040 620
1481050 621
1481060 621
1481070 623
1481080 625
1481090 625
1481100 627
1481110 629
1481120 629
1481130 631
1481140 633
1481150 633
1481160 635
1481170 637
1481180 637
1481190 638
1481200 639
1481210 639
1481220 640
1481230 641
1481240 641
1481250 641
1481260 642
1481270 642
1481280 641
1481290 641
1481300 641
1481310 642
1481320 643
1481330 643
1481340 644
1481350 645
1481360 645
1481370 647
1481380 649
1481390 649
1481400 651
1481410 653
1481420 653
1481430 654
1481440 654
1481450 654
1481460 655
1481470 657
1481480 657
1481490 658
1481500 659
1481510 659
1481520 659
1481530 660
1481540 660
1481550 661
1481560 662
1481570 662
1481580 664
1481590 667
1481600 667
1481610 668
1481620 669
1481630 669
1481640 670
1481650 670
1481660 670
1481670 670
1481680 670
1481690 670
1481700 669
1481710 668
1481720 668
1481730 667
1481740 667
1481750 667
1481760 666
1481770 666
1481780 666
1481790 666
1481800 667
1481810 667
1481820 667
1481830 666
1481840 666
1481850 665
1481860 664
1481870 664
1481880 664
1481890 664
1481900 664
1481910 664
1481920 665
1481930 665
1481940 664
1481950 664
1481960 664
1481970 664
1481980 663
1481990 663
1482000 663
1482010 663
1482020 663
1482030 663
1482040 663
1482050 663
1482060 663
1482070 663
1482080 663
1482090 663
1482100 662
1482110 662
1482120 662
1482130 662
1482140 662
1482150 661
1482160 661
1482170 661
1482180 661
1482190 660
1482200 660
1482210 660
1482220 660
1482230 660
1482240 660
1482250 660
1482260 660
1482270 659
1482280 659
1482290 659
1482300 657
1482310 655
1482320 655
1482330 653
1482340 652
1482350 651
1482360 651
1482370 651
1482380 651
1482390 651
1482400 651
1482410 651
1482420 651
1482430 651
1482440 650
1482450 650
1482460 649
1482470 648
1482480 648
1482490 645
1482500 641
1482510 641
1482520 638
1482530 635
1482540 635
1482550 633
1482560 632
1482570 632
1482580 631
1482590 631
1482600 631
1482610 631
1482620 631
1482630 631
1482640 631
1482650 631
1482660 631
1482670 629
1482680 627
1482690 627
1482700 623
1482710 619
1482720 619
1482730 614
1482740 610
1482750 610
1482760 607
1482770 605
1482780 605
1482790 603
1482800 602
1482810 602
1482820 601
1482830 600
1482840 600
1482850 598
1482860 597
1482870 597
1482880 595
1482890 593
1482900 593
1482910 592
1482920 591
1482930 591
1482940 589
1482950 588
1482960 588
1482970 586
1482980 586
1482990 586
1483000 585
1483010 585
1483020 585
1483030 586
1483040 588
1483050 588
1483060 589
1483070 590
1483080 590
1483090 590
1483100 589
1483110 589
1483120 587
1483130 586
1483140 586
1483150 584
1483160 581
1483170 581
1483180 579
1483190 577
1483200 577
1483210 576
1483220 576
1483230 576
1483240 575
1483250 575
1483260 575
1483270 576
1483280 576
1483290 576
1483300 576
1483310 577
1483320 577
1483330 584
1483340 591
1483350 591
1483360 595
1483370 596
1483380 596
1483390 596
1483400 597
1483410 597
1483420 597
1483430 597
1483440 597
1483450 596
1483460 596
1483470 596
1483480 595
1483490 594
1483500 594
1483510 593
1483520 592
1483530 592
1483540 589
1483550 588
1483560 588
1483570 587
1483580 586
1483590 586
1483600 586
1483610 586
1483620 586
1483630 588
1483640 591
1483650 591
1483660 593
1483670 595
1483680 595
1483690 597
1483700 600
1483710 600
1483720 604
1483730 609
1483740 609
1483750 614
1483760 620
1483770 620
1483780 624
1483790 629
1483800 629
1483810 632
1483820 632
1483830 632
1483840 630
1483850 628
1483860 628
1483870 626
1483880 627
1483890 627
1483900 629
1483910 632
1483920 632
1483930 634
1483940 635
1483950 636
1483960 636
1483970 637
1483980 638
1483990 638
1484000 640
1484010 641
1484020 641
1484030 644
1484040 646
1484050 646
1484060 646
1484070 644
1484080 644
1484090 642
1484100 641
1484110 641
1484120 640
1484130 640
1484140 640
1484150 640
1484160 639
1484170 639
1484180 639
1484190 637
1484200 637
1484210 635
1484220 633
1484230 633
1484240 631
1484250 631
1484260 631
1484270 631
1484280 631
1484290 631
1484300 631
1484310 632
1484320 632
1484330 635
1484340 636
1484350 636
1484360 636
1484370 636
1484380 636
1484390 636
1484400 637
1484410 637
1484420 638
1484430 639
1484440 639
1484450 639
1484460 639
1484470 639
1484480 639
1484490 639
1484500 639
1484510 638
1484520 638
1484530 638
1484540 637
1484550 637
1484560 637
1484570 635
1484580 634
1484590 634
1484600 633
1484610 631
1484620 631
1484630 629
1484640 628
1484650 628
1484660 626
1484670 624
1484680 624
1484690 622
1484700 620
1484710 620
1484720 618
1484730 616
1484740 616
1484750 614
1484760 612
1484770 612
1484780 610
1484790 608
1484800 608
1484810 607
1484820 605
1484830 605
1484840 603
1484850 602
1484860 602
1484870 600
1484880 598
1484890 598
1484900 596
1484910 595
1484920 595
1484930 594
1484940 595
1484950 595
1484960 595
1484970 596
1484980 596
1484990 596
1485000 597
1485010 597
1485020 598
1485030 600
1485040 600
1485050 602
1485060 604
1485070 604
1485080 606
1485090 609
1485100 609
1485110 612
1485120 615
1485130 615
1485140 615
1485150 614
1485160 614
1485170 612
1485180 609
1485190 609
1485200 607
1485210 606
1485220 606
1485230 604
1485240 602
1485250 602
1485260 599
1485270 596
1485280 596
1485290 593
1485300 592
1485310 592
1485320 590
1485330 590
1485340 590
1485350 590
1485360 588
1485370 588
1485380 587
1485390 586
1485400 586
1485410 586
1485420 586
1485430 586
1485440 586
1485450 586
1485460 586
1485470 586
1485480 587
1485490 587
1485500 589
1485510 591
1485520 591
1485530 594
1485540 597
1485550 600
1485560 600
1485570 603
1485580 606
1485590 606
1485600 608
1485610 611
1485620 611
1485630 613
1485640 616
1485650 616
1485660 618
1485670 620
1485680 620
1485690 622
1485700 623
1485710 623
1485720 623
1485730 623
1485740 623
1485750 623
1485760 622
1485770 622
1485780 621
1485790 619
1485800 619
1485810 618
1485820 617
1485830 617
1485840 616
1485850 615
1485860 615
1485870 614
1485880 613
1485890 613
1485900 612
1485910 610
1485920 610
1485930 609
1485940 608
1485950 608
1485960 607
1485970 606
1485980 606
1485990 605
1486000 604
1486010 604
1486020 603
1486030 603
1486040 603
1486050 603
1486060 603
1486070 603
1486080 603
1486090 603
1486100 603
1486110 604
1486120 604
1486130 604
1486140 604
1486150 605
1486160 605
1486170 605
1486180 606
1486190 606
1486200 606
1486210 607
1486220 607
1486230 609
1486240 611
1486250 611
1486260 612
1486270 613
1486280 613
1486290 614
1486300 615
1486310 615
1486320 617
1486330 619
1486340 619
1486350 621
1486360 623
1486370 623
1486380 625
1486390 627
1486400 627
1486410 629
1486420 631
1486430 631
1486440 634
1486450 636
1486460 636
1486470 637
1486480 638
1486490 638
1486500 638
1486510 637
1486520 637
1486530 637
1486540 636
1486550 636
1486560 635
1486570 634
1486580 634
1486590 634
1486600 633
1486610 633
1486620 633
1486630 632
1486640 632
1486650 631
1486660 632
1486670 632
1486680 632
1486690 631
1486700 631
1486710 632
1486720 633
1486730 633
1486740 635
1486750 636
1486760 636
1486770 636
1486780 638
1486790 638
1486800 639
1486810 641
1486820 641
1486830 642
1486840 643
1486850 643
1486860 644
1486870 645
1486880 645
1486890 647
1486900 648
1486910 648
1486920 650
1486930 652
1486940 652
1486950 654
1486960 656
1486970 656
1486980 658
1486990 659
1487000 659
1487010 660
1487020 662
1487030 662
1487040 665
1487050 668
1487060 668
1487070 670
1487080 672
1487090 672
1487100 673
1487110 675
1487120 677
1487130 677
1487140 679
1487150 680
1487160 680
1487170 682
1487180 683
1487190 683
1487200 684
1487210 685
1487220 685
1487230 686
1487240 686
1487250 686
1487260 687
1487270 688
1487280 688
1487290 689
1487300 689
1487310 689
1487320 690
1487330 690
1487340 690
1487350 690
1487360 691
1487370 691
1487380 691
1487390 691
1487400 691
1487410 693
1487420 694
1487430 694
1487440 695
1487450 693
1487460 693
1487470 691
1487480 690
1487490 690
1487500 690
1487510 689
1487520 689
1487530 687
1487540 686
1487550 686
1487560 685
1487570 684
1487580 684
1487590 682
1487600 679
1487610 679
1487620 676
1487630 673
1487640 673
1487650 669
1487660 666
1487670 666
1487680 663
1487690 659
1487700 659
1487710 656
1487720 652
1487730 652
1487740 650
1487750 649
1487760 649
1487770 649
1487780 650
1487790 650
1487800 651
1487810 650
1487820 650
1487830 650
1487840 650
1487850 650
1487860 651
1487870 651
1487880 651
1487890 652
1487900 651
1487910 651
1487920 651
1487930 650
1487940 650
1487950 650
1487960 649
1487970 649
1487980 650
1487990 648
1488000 648
1488010 646
1488020 645
1488030 645
1488040 641
1488050 637
1488060 637
1488070 636
1488080 636
1488090 636
1488100 638
1488110 638
1488120 638
1488130 638
1488140 636
1488150 636
1488160 634
1488170 632
1488180 632
1488190 630
1488200 626
1488210 626
1488220 621
1488230 618
1488240 618
1488250 617
1488260 617
1488270 617
1488280 618
1488290 619
1488300 619
1488310 619
1488320 618
1488330 618
1488340 618
1488350 618
1488360 618
1488370 619
1488380 619
1488390 619
1488400 622
1488410 624
1488420 624
1488430 626
1488440 631
1488450 631
1488460 633
1488470 635
1488480 635
1488490 635
1488500 636
1488510 636
1488520 637
1488530 639
1488540 639
1488550 642
1488560 645
1488570 645
1488580 649
1488590 652
1488600 652
1488610 655
1488620 657
1488630 657
1488640 658
1488650 658
1488660 658
1488670 659
1488680 662
1488690 664
1488700 664
1488710 666
1488720 669
1488730 669
1488740 671
1488750 672
1488760 672
1488770 674
1488780 674
1488790 674
1488800 674
1488810 673
1488820 673
1488830 673
1488840 672
1488850 672
1488860 672
1488870 671
1488880 671
1488890 669
1488900 667
1488910 667
1488920 665
1488930 663
1488940 663
1488950 661
1488960 659
1488970 659
1488980 657
1488990 654
1489000 654
1489010 653
1489020 654
1489030 654
1489040 657
1489050 661
1489060 661
1489070 664
1489080 667
1489090 667
1489100 671
1489110 675
1489120 675
1489130 679
1489140 684
1489150 684
1489160 689
1489170 695
1489180 695
1489190 700
1489200 705
1489210 705
1489220 710
1489230 714
1489240 714
1489250 714
1489260 710
1489270 710
1489280 705
1489290 701
1489300 701
1489310 696
1489320 691
1489330 691
1489340 687
1489350 683
1489360 683
1489370 679
1489380 676
1489390 676
1489400 673
1489410 671
1489420 671
1489430 669
1489440 668
1489450 668
1489460 666
1489470 664
1489480 664
1489490 662
1489500 660
1489510 660
1489520 658
1489530 655
1489540 655
1489550 652
1489560 650
1489570 650
1489580 648
1489590 647
1489600 647
1489610 647
1489620 646
1489630 646
1489640 645
1489650 644
1489660 644
1489670 644
1489680 644
1489690 644
1489700 644
1489710 643
1489720 643
1489730 641
1489740 638
1489750 638
1489760 635
1489770 633
1489780 633
1489790 630
1489800 628
1489810 628
1489820 625
1489830 623
1489840 623
1489850 621
1489860 620
1489870 620
1489880 619
1489890 618
1489900 618
1489910 617
1489920 617
1489930 617
1489940 616
1489950 615
1489960 615
1489970 615
1489980 613
1489990 613
1490000 612
1490010 611
1490020 611
1490030 609
1490040 607
1490050 607
1490060 606
1490070 607
1490080 607
1490090 608
1490100 608
1490110 608
1490120 609
1490130 609
1490140 609
1490150 608
1490160 608
1490170 608
1490180 608
1490190 608
1490200 608
1490210 608
1490220 607
1490230 607
1490240 607
1490250 606
1490260 606
1490270 606
1490280 606
1490290 605
1490300 605
1490310 604
1490320 603
1490330 603
1490340 601
1490350 600
1490360 600
1490370 599
1490380 600
1490390 600
1490400 601
1490410 605
1490420 605
1490430 608
1490440 610
1490450 610
1490460 612
1490470 613
1490480 613
1490490 614
1490500 615
1490510 615
1490520 617
1490530 618
1490540 618
1490550 620
1490560 626
1490570 626
1490580 630
1490590 634
1490600 634
1490610 638
1490620 640
1490630 640
1490640 642
1490650 644
1490660 644
1490670 646
1490680 647
1490690 647
1490700 647
1490710 646
1490720 646
1490730 645
1490740 643
1490750 643
1490760 642
1490770 640
1490780 640
1490790 638
1490800 637
1490810 637
1490820 636
1490830 634
1490840 634
1490850 631
1490860 630
1490870 630
1490880 629
1490890 627
1490900 627
1490910 626
1490920 625
1490930 625
1490940 624
1490950 623
1490960 623
1490970 623
1490980 622
1490990 622
1491000 620
1491010 619
1491020 619
1491030 618
1491040 617
1491050 617
1491060 615
1491070 614
1491080 614
1491090 613
1491100 612
1491110 612
1491120 611
1491130 610
1491140 610
1491150 609
1491160 607
1491170 607
1491180 606
1491190 604
1491200 604
1491210 603
1491220 601
1491230 601
1491240 599
1491250 597
1491260 597
1491270 595
1491280 592
1491290 592
1491300 589
1491310 588
1491320 588
1491330 587
1491340 586
1491350 586
1491360 586
1491370 586
1491380 586
1491390 586
1491400 586
1491410 586
1491420 586
1491430 587
1491440 587
1491450 587
1491460 587
1491470 587
1491480 587
1491490 589
1491500 589
1491510 592
1491520 595
1491530 595
1491540 597
1491550 595
1491560 595
1491570 592
1491580 592
1491590 592
1491600 594
1491610 597
1491620 597
1491630 600
1491640 602
1491650 602
1491660 604
1491670 607
1491680 607
1491690 610
1491700 612
1491710 612
1491720 612
1491730 613
1491740 613
1491750 613
1491760 613
1491770 613
1491780 614
1491790 614
1491800 614
1491810 614
1491820 613
1491830 613
1491840 613
1491850 612
1491860 611
1491870 611
1491880 611
1491890 611
1491900 611
1491910 610
1491920 609
1491930 609
1491940 609
1491950 608
1491960 608
1491970 608
1491980 607
1491990 607
1492000 605
1492010 604
1492020 604
1492030 603
1492040 602
1492050 602
1492060 601
1492070 600
1492080 600
1492090 599
1492100 598
1492110 598
1492120 597
1492130 597
1492140 597
1492150 596
1492160 594
1492170 594
1492180 592
1492190 591
1492200 591
1492210 592
1492220 594
1492230 594
1492240 595
1492250 596
1492260 596
1492270 598
1492280 600
1492290 600
1492300 601
1492310 602
1492320 602
1492330 603
1492340 604
1492350 604
1492360 604
1492370 605
1492380 605
1492390 604
1492400 604
1492410 604
1492420 603
1492430 602
1492440 602
1492450 601
1492460 600
1492470 600
1492480 600
1492490 599
1492500 599
1492510 599
1492520 598
1492530 598
1492540 597
1492550 595
1492560 595
1492570 594
1492580 593
1492590 593
1492600 592
1492610 590
1492620 590
1492630 589
1492640 587
1492650 587
1492660 586
1492670 585
1492680 585
1492690 584
1492700 582
1492710 582
1492720 581
1492730 579
1492740 579
1492750 578
1492760 577
1492770 577
1492780 576
1492790 574
1492800 574
1492810 574
1492820 573
1492830 573
1492840 573
1492850 572
1492860 572
1492870 572
1492880 571
1492890 571
1492900 571
1492910 571
1492920 571
1492930 572
1492940 573
1492950 573
1492960 574
1492970 575
1492980 575
1492990 576
1493000 576
1493010 576
1493020 576
1493030 575
1493040 575
1493050 573
1493060 570
1493070 570
1493080 567
1493090 565
1493100 565
1493110 563
1493120 561
1493130 561
1493140 560
1493150 559
1493160 559
1493170 559
1493180 558
1493190 558
1493200 558
1493210 557
1493220 557
1493230 557
1493240 556
1493250 556
1493260 555
1493270 554
1493280 554
1493290 553
1493300 553
1493310 553
1493320 552
1493330 552
1493340 552
1493350 552
1493360 551
1493370 551
1493380 551
1493390 550
1493400 550
1493410 550
1493420 551
1493430 551
1493440 552
1493450 551
1493460 551
1493470 551
1493480 551
1493490 551
1493500 551
1493510 551
1493520 552
1493530 552
1493540 554
1493550 556
1493560 556
1493570 558
1493580 565
1493590 565
1493600 570
1493610 574
1493620 574
1493630 579
1493640 584
1493650 584
1493660 586
1493670 589
1493680 589
1493690 591
1493700 592
1493710 592
1493720 592
1493730 591
1493740 591
1493750 590
1493760 590
1493770 590
1493780 590
1493790 590
1493800 590
1493810 590
1493820 591
1493830 591
1493840 592
1493850 593
1493860 593
1493870 594
1493880 595
1493890 595
1493900 595
1493910 595
1493920 595
1493930 595
1493940 595
1493950 595
1493960 595
1493970 594
1493980 594
1493990 591
1494000 592
1494010 592
1494020 592
1494030 592
1494040 592
1494050 592
1494060 592
1494070 592
1494080 593
1494090 594
1494100 594
1494110 594
1494120 595
1494130 595
1494140 595
1494150 595
1494160 595
1494170 595
1494180 594
1494190 594
1494200 593
1494210 592
1494220 592
1494230 590
1494240 588
1494250 588
1494260 586
1494270 584
1494280 584
1494290 582
1494300 580
1494310 580
1494320 579
1494330 577
1494340 577
1494350 576
1494360 574
1494370 574
1494380 573
1494390 571
1494400 571
1494410 570
1494420 569
1494430 569
1494440 569
1494450 568
1494460 568
1494470 568
1494480 568
1494490 568
1494500 567
1494510 567
1494520 567
1494530 566
1494540 565
1494550 565
1494560 564
1494570 563
1494580 563
1494590 563
1494600 563
1494610 563
1494620 563
1494630 563
1494640 563
1494650 563
1494660 563
1494670 563
1494680 565
1494690 566
1494700 566
1494710 568
1494720 570
1494730 570
1494740 572
1494750 573
1494760 573
1494770 575
1494780 578
1494790 578
1494800 579
1494810 581
1494820 581
1494830 583
1494840 584
1494850 584
1494860 586
1494870 587
1494880 587
1494890 588
1494900 589
1494910 589
1494920 590
1494930 591
1494940 591
1494950 591
1494960 592
1494970 592
1494980 593
1494990 593
1495000 593
1495010 594
1495020 595
1495030 595
1495040 596
1495050 596
1495060 597
1495070 597
1495080 598
1495090 599
1495100 599
1495110 600
1495120 601
1495130 601
1495140 601
1495150 602
1495160 602
1495170 602
1495180 603
1495190 603
1495200 603
1495210 604
1495220 604
1495230 604
1495240 605
1495250 605
1495260 605
1495270 605
1495280 605
1495290 606
1495300 607
1495310 607
1495320 607
1495330 608
1495340 608
1495350 608
1495360 609
1495370 609
1495380 610
1495390 611
1495400 611
1495410 613
1495420 614
1495430 614
1495440 616
1495450 618
1495460 618
1495470 621
1495480 626
1495490 626
1495500 628
1495510 630
1495520 630
1495530 631
1495540 632
1495550 632
1495560 633
1495570 633
1495580 633
1495590 632
1495600 632
1495610 632
1495620 632
1495630 632
1495640 632
1495650 632
1495660 632
1495670 632
1495680 632
1495690 632
1495700 632
1495710 632
1495720 632
1495730 632
1495740 632
1495750 631
1495760 631
1495770 631
1495780 630
1495790 630
1495800 629
1495810 627
1495820 627
1495830 627
1495840 628
1495850 628
1495860 629
1495870 631
1495880 631
1495890 632
1495900 633
1495910 633
1495920 633
1495930 634
1495940 634
1495950 635
1495960 636
1495970 636
1495980 636
1495990 637
1496000 637
1496010 638
1496020 639
1496030 639
1496040 640
1496050 641
1496060 641
1496070 642
1496080 643
1496090 643
1496100 644
1496110 645
1496120 645
1496130 646
1496140 647
1496150 647
1496160 649
1496170 650
1496180 650
1496190 651
1496200 652
1496210 652
1496220 653
1496230 654
1496240 654
1496250 655
1496260 656
1496270 656
1496280 657
1496290 658
1496300 658
1496310 659
1496320 659
1496330 659
1496340 660
1496350 661
1496360 661
1496370 661
1496380 662
1496390 662
1496400 663
1496410 663
1496420 663
1496430 664
1496440 664
1496450 664
1496460 665
1496470 665
1496480 665
1496490 666
1496500 666
1496510 666
1496520 667
1496530 667
1496540 667
1496550 668
1496560 668
1496570 668
1496580 668
1496590 668
1496600 668
1496610 669
1496620 669
1496630 669
1496640 669
1496650 670
1496660 670
1496670 670
1496680 671
1496690 671
1496700 671
1496710 671
1496720 672
1496730 672
1496740 672
1496750 672
1496760 672
1496770 673
1496780 673
1496790 673
1496800 673
1496810 673
1496820 673
1496830 673
1496840 674
1496850 674
1496860 674
1496870 674
1496880 674
1496890 674
1496900 674
1496910 674
1496920 675
1496930 675
1496940 675
1496950 675
1496960 675
1496970 675
1496980 675
1496990 672
1497000 672
1497010 668
1497020 664
1497030 664
1497040 661
1497050 658
1497060 658
1497070 657
1497080 655
1497090 655
1497100 654
1497110 652
1497120 652
1497130 650
1497140 647
1497150 647
1497160 644
1497170 643
1497180 643
1497190 642
1497200 640
1497210 640
1497220 637
1497230 634
1497240 634
1497250 633
1497260 634
1497270 634
1497280 635
1497290 636
1497300 636
1497310 635
1497320 633
1497330 633
1497340 631
1497350 629
1497360 629
1497370 627
1497380 624
1497390 624
1497400 622
1497410 619
1497420 619
1497430 617
1497440 616
1497450 616
1497460 615
1497470 614
1497480 614
1497490 614
1497500 613
1497510 613
1497520 612
1497530 611
1497540 611
1497550 610
1497560 609
1497570 609
1497580 607
1497590 605
1497600 605
1497610 604
1497620 604
1497630 604
1497640 603
1497650 602
1497660 602
1497670 601
1497680 600
1497690 600
1497700 600
1497710 600
1497720 600
1497730 600
1497740 599
1497750 599
1497760 600
1497770 601
1497780 601
1497790 602
1497800 603
1497810 603
1497820 602
1497830 603
1497840 603
1497850 605
1497860 605
1497870 605
1497880 606
1497890 608
1497900 608
1497910 610
1497920 610
1497930 610
1497940 611
1497950 612
1497960 612
1497970 613
1497980 613
1497990 613
1498000 613
1498010 612
1498020 612
1498030 610
1498040 608
1498050 608
1498060 605
1498070 604
1498080 604
1498090 604
1498100 605
1498110 605
1498120 609
1498130 614
1498140 614
1498150 618
1498160 622
1498170 622
1498180 624
1498190 626
1498200 626
1498210 629
1498220 631
1498230 631
1498240 631
1498250 631
1498260 632
1498270 632
1498280 633
1498290 633
1498300 633
1498310 633
1498320 633
1498330 633
1498340 633
1498350 634
1498360 634
1498370 634
1498380 635
1498390 635
1498400 636
1498410 638
1498420 638
1498430 639
1498440 639
1498450 639
1498460 638
1498470 638
1498480 638
1498490 636
1498500 633
1498510 633
1498520 628
1498530 624
1498540 624
1498550 622
1498560 623
1498570 623
1498580 625
1498590 627
1498600 627
1498610 629
1498620 628
1498630 628
1498640 626
1498650 627
1498660 627
1498670 631
1498680 633
1498690 633
1498700 633
1498710 631
1498720 631
1498730 630
1498740 631
1498750 631
1498760 634
1498770 636
1498780 636
1498790 638
1498800 638
1498810 638
1498820 639
1498830 639
1498840 639
1498850 639
1498860 638
1498870 638
1498880 638
1498890 638
1498900 638
1498910 637
1498920 635
1498930 635
1498940 637
1498950 639
1498960 639
1498970 640
1498980 641
1498990 641
1499000 641
1499010 641
1499020 641
1499030 642
1499040 644
1499050 644
1499060 648
1499070 648
1499080 648
1499090 647
1499100 645
1499110 645
1499120 645
1499130 644
1499140 644
1499150 643
1499160 642
1499170 642
1499180 641
1499190 639
1499200 639
1499210 638
1499220 637
1499230 637
1499240 636
1499250 635
1499260 635
1499270 635
1499280 634
1499290 634
1499300 633
1499310 632
1499320 632
1499330 631
1499340 630
1499350 630
1499360 629
1499370 628
1499380 628
1499390 627
1499400 627
1499410 627
1499420 627
1499430 626
1499440 626
1499450 626
1499460 626
1499470 626
1499480 626
1499490 626
1499500 626
1499510 626
1499520 626
1499530 626
1499540 626
1499550 626
1499560 626
1499570 627
1499580 627
1499590 627
1499600 628
1499610 628
1499620 628
1499630 628
1499640 628
1499650 628
1499660 629
1499670 629
1499680 629
1499690 630
1499700 630
1499710 630
1499720 630
1499730 630
1499740 630
1499750 629
1499760 629
1499770 629
1499780 629
1499790 629
1499800 629
1499810 630
1499820 630
1499830 631
1499840 631
1499850 632
1499860 633
1499870 633
1499880 633
1499890 633
1499900 633
1499910 633
1499920 634
1499930 634
1499940 634
1499950 634
1499960 634
1499970 635
1499980 635
1499990 635
