1480000 621
1480010 623
1480020 625
1480030 625
1480040 628
1480050 631
1480060 631
1480070 633
1480080 634
1480090 634
1480100 635
1480110 636
1480120 636
1480130 637
1480140 639
1480150 639
1480160 641
1480170 643
1480180 643
1480190 643
1480200 643
1480210 643
1480220 642
1480230 639
1480240 639
1480250 636
1480260 633
1480270 633
1480280 631
1480290 629
1480300 629
1480310 627
1480320 625
1480330 625
1480340 623
1480350 622
1480360 622
1480370 623
1480380 625
1480390 625
1480400 628
1480410 630
1480420 630
1480430 632
1480440 634
1480450 634
1480460 636
1480470 637
1480480 637
1480490 638
1480500 640
1480510 640
1480520 642
1480530 643
1480540 643
1480550 645
1480560 646
1480570 646
1480580 647
1480590 647
1480600 647
1480610 647
1480620 646
1480630 646
1480640 644
1480650 643
1480660 642
1480670 642
1480680 641
1480690 641
1480700 641
1480710 642
1480720 643
1480730 643
1480740 645
1480750 646
1480760 646
1480770 646
1480780 645
1480790 645
1480800 643
1480810 639
1480820 639
1480830 636
1480840 633
1480850 633
1480860 631
1480870 628
1480880 628
1480890 630
1480900 633
1480910 633
1480920 635
1480930 637
1480940 637
1480950 638
1480960 640
1480970 640
1480980 642
1480990 644
1481000 644
1481010 645
1481020 647
1481030 647
1481040 649
1481050 650
1481060 650
1481070 652
1481080 653
1481090 653
1481100 654
1481110 654
1481120 654
1481130 655
1481140 655
1481150 655
1481160 655
1481170 656
1481180 656
1481190 656
1481200 656
1481210 656
1481220 656
1481230 656
1481240 656
1481250 656
1481260 657
1481270 657
1481280 658
1481290 659
1481300 659
1481310 660
1481320 660
1481330 660
1481340 659
1481350 660
1481360 660
1481370 661
1481380 662
1481390 662
1481400 663
1481410 665
1481420 665
1481430 667
1481440 668
1481450 668
1481460 669
1481470 669
1481480 669
1481490 670
1481500 671
1481510 671
1481520 671
1481530 672
1481540 672
1481550 672
1481560 673
1481570 673
1481580 674
1481590 675
1481600 675
1481610 675
1481620 677
1481630 677
1481640 678
1481650 680
1481660 680
1481670 682
1481680 683
1481690 683
1481700 685
1481710 686
1481720 686
1481730 687
1481740 687
1481750 687
1481760 687
1481770 687
1481780 687
1481790 684
1481800 679
1481810 679
1481820 673
1481830 667
1481840 667
1481850 664
1481860 662
1481870 662
1481880 661
1481890 660
1481900 660
1481910 659
1481920 657
1481930 657
1481940 654
1481950 652
1481960 652
1481970 650
1481980 648
1481990 648
1482000 645
1482010 643
1482020 643
1482030 640
1482040 638
1482050 638
1482060 636
1482070 634
1482080 634
1482090 632
1482100 631
1482110 631
1482120 629
1482130 628
1482140 628
1482150 627
1482160 626
1482170 626
1482180 624
1482190 622
1482200 622
1482210 620
1482220 619
1482230 619
1482240 618
1482250 617
1482260 617
1482270 617
1482280 616
1482290 614
1482300 614
1482310 613
1482320 612
1482330 612
1482340 612
1482350 611
1482360 611
1482370 610
1482380 609
1482390 609
1482400 607
1482410 607
1482420 607
1482430 607
1482440 607
1482450 607
1482460 607
1482470 607
1482480 607
1482490 607
1482500 606
1482510 606
1482520 606
1482530 605
1482540 605
1482550 604
1482560 602
1482570 602
1482580 601
1482590 600
1482600 600
1482610 599
1482620 599
1482630 599
1482640 598
1482650 598
1482660 598
1482670 597
1482680 597
1482690 597
1482700 596
1482710 595
1482720 595
1482730 595
1482740 593
1482750 593
1482760 592
1482770 591
1482780 591
1482790 590
1482800 590
1482810 590
1482820 588
1482830 586
1482840 586
1482850 584
1482860 582
1482870 582
1482880 581
1482890 582
1482900 582
1482910 584
1482920 585
1482930 585
1482940 586
1482950 585
1482960 585
1482970 585
1482980 584
1482990 584
1483000 583
1483010 583
1483020 583
1483030 584
1483040 585
1483050 585
1483060 585
1483070 585
1483080 585
1483090 585
1483100 585
1483110 585
1483120 584
1483130 584
1483140 584
1483150 584
1483160 583
1483170 583
1483180 583
1483190 582
1483200 582
1483210 582
1483220 582
1483230 582
1483240 581
1483250 580
1483260 580
1483270 580
1483280 579
1483290 579
1483300 579
1483310 577
1483320 577
1483330 576
1483340 575
1483350 575
1483360 573
1483370 572
1483380 572
1483390 570
1483400 569
1483410 569
1483420 568
1483430 568
1483440 568
1483450 567
1483460 567
1483470 567
1483480 567
1483490 567
1483500 567
1483510 567
1483520 566
1483530 566
1483540 565
1483550 565
1483560 565
1483570 565
1483580 564
1483590 564
1483600 564
1483610 564
1483620 564
1483630 564
1483640 564
1483650 564
1483660 564
1483670 565
1483680 565
1483690 567
1483700 570
1483710 570
1483720 573
1483730 575
1483740 575
1483750 576
1483760 579
1483770 579
1483780 582
1483790 584
1483800 584
1483810 586
1483820 589
1483830 589
1483840 593
1483850 597
1483860 597
1483870 601
1483880 605
1483890 605
1483900 610
1483910 614
1483920 617
1483930 617
1483940 617
1483950 614
1483960 614
1483970 611
1483980 609
1483990 609
1484000 606
1484010 604
1484020 604
1484030 601
1484040 599
1484050 599
1484060 596
1484070 593
1484080 593
1484090 589
1484100 588
1484110 588
1484120 587
1484130 588
1484140 588
1484150 588
1484160 589
1484170 589
1484180 590
1484190 593
1484200 593
1484210 592
1484220 590
1484230 590
1484240 589
1484250 589
1484260 589
1484270 589
1484280 588
1484290 588
1484300 586
1484310 584
1484320 584
1484330 581
1484340 579
1484350 579
1484360 577
1484370 577
1484380 577
1484390 576
1484400 573
1484410 573
1484420 569
1484430 568
1484440 568
1484450 568
1484460 568
1484470 568
1484480 568
1484490 568
1484500 568
1484510 568
1484520 568
1484530 568
1484540 568
1484550 569
1484560 569
1484570 569
1484580 570
1484590 570
1484600 571
1484610 572
1484620 572
1484630 573
1484640 574
1484650 574
1484660 574
1484670 575
1484680 575
1484690 575
1484700 576
1484710 576
1484720 577
1484730 579
1484740 579
1484750 580
1484760 582
1484770 582
1484780 584
1484790 586
1484800 586
1484810 588
1484820 591
1484830 591
1484840 593
1484850 596
1484860 596
1484870 600
1484880 603
1484890 603
1484900 606
1484910 608
1484920 608
1484930 610
1484940 612
1484950 612
1484960 614
1484970 616
1484980 616
1484990 617
1485000 618
1485010 618
1485020 617
1485030 617
1485040 617
1485050 617
1485060 618
1485070 618
1485080 621
1485090 626
1485100 626
1485110 629
1485120 633
1485130 633
1485140 635
1485150 637
1485160 637
1485170 637
1485180 638
1485190 638
1485200 637
1485210 636
1485220 636
1485230 634
1485240 632
1485250 632
1485260 631
1485270 628
1485280 628
1485290 626
1485300 623
1485310 623
1485320 620
1485330 617
1485340 617
1485350 614
1485360 611
1485370 611
1485380 609
1485390 607
1485400 607
1485410 606
1485420 604
1485430 604
1485440 603
1485450 601
1485460 601
1485470 600
1485480 598
1485490 598
1485500 599
1485510 599
1485520 599
1485530 599
1485540 600
1485550 600
1485560 600
1485570 602
1485580 606
1485590 606
1485600 610
1485610 614
1485620 614
1485630 617
1485640 617
1485650 617
1485660 616
1485670 616
1485680 616
1485690 615
1485700 614
1485710 614
1485720 614
1485730 617
1485740 617
1485750 621
1485760 624
1485770 624
1485780 627
1485790 630
1485800 630
1485810 632
1485820 634
1485830 634
1485840 635
1485850 635
1485860 635
1485870 635
1485880 635
1485890 635
1485900 634
1485910 634
1485920 634
1485930 634
1485940 635
1485950 635
1485960 635
1485970 635
1485980 635
1485990 635
1486000 635
1486010 635
1486020 635
1486030 636
1486040 636
1486050 637
1486060 638
1486070 638
1486080 638
1486090 640
1486100 640
1486110 641
1486120 642
1486130 642
1486140 643
1486150 645
1486160 645
1486170 646
1486180 648
1486190 648
1486200 650
1486210 652
1486220 652
1486230 654
1486240 655
1486250 655
1486260 657
1486270 658
1486280 658
1486290 660
1486300 663
1486310 663
1486320 666
1486330 669
1486340 669
1486350 671
1486360 672
1486370 672
1486380 674
1486390 675
1486400 675
1486410 676
1486420 677
1486430 677
1486440 677
1486450 677
1486460 677
1486470 677
1486480 677
1486490 677
1486500 677
1486510 678
1486520 678
1486530 678
1486540 678
1486550 678
1486560 678
1486570 678
1486580 678
1486590 678
1486600 678
1486610 678
1486620 678
1486630 678
1486640 678
1486650 678
1486660 678
1486670 678
1486680 678
1486690 678
1486700 678
1486710 677
1486720 677
1486730 677
1486740 676
1486750 675
1486760 675
1486770 673
1486780 672
1486790 672
1486800 672
1486810 672
1486820 672
1486830 672
1486840 671
1486850 671
1486860 671
1486870 670
1486880 670
1486890 670
1486900 669
1486910 669
1486920 669
1486930 669
1486940 669
1486950 669
1486960 669
1486970 669
1486980 669
1486990 669
1487000 669
1487010 670
1487020 670
1487030 670
1487040 670
1487050 670
1487060 670
1487070 670
1487080 670
1487090 670
1487100 669
1487110 668
1487120 668
1487130 668
1487140 667
1487150 667
1487160 665
1487170 663
1487180 661
1487190 661
1487200 659
1487210 657
1487220 657
1487230 656
1487240 654
1487250 654
1487260 654
1487270 654
1487280 654
1487290 654
1487300 654
1487310 654
1487320 654
1487330 654
1487340 654
1487350 654
1487360 655
1487370 655
1487380 655
1487390 656
1487400 656
1487410 657
1487420 657
1487430 657
1487440 658
1487450 658
1487460 658
1487470 658
1487480 657
1487490 657
1487500 656
1487510 654
1487520 654
1487530 653
1487540 652
1487550 652
1487560 650
1487570 649
1487580 649
1487590 647
1487600 646
1487610 646
1487620 645
1487630 643
1487640 643
1487650 642
1487660 640
1487670 640
1487680 639
1487690 638
1487700 638
1487710 636
1487720 635
1487730 635
1487740 634
1487750 634
1487760 634
1487770 633
1487780 634
1487790 634
1487800 635
1487810 636
1487820 636
1487830 638
1487840 639
1487850 639
1487860 640
1487870 641
1487880 641
1487890 642
1487900 644
1487910 644
1487920 645
1487930 646
1487940 646
1487950 646
1487960 647
1487970 647
1487980 648
1487990 648
1488000 648
1488010 649
1488020 649
1488030 649
1488040 650
1488050 650
1488060 650
1488070 651
1488080 652
1488090 652
1488100 650
1488110 649
1488120 649
1488130 648
1488140 647
1488150 647
1488160 646
1488170 645
1488180 645
1488190 643
1488200 642
1488210 642
1488220 641
1488230 640
1488240 640
1488250 637
1488260 635
1488270 635
1488280 634
1488290 633
1488300 633
1488310 632
1488320 631
1488330 631
1488340 630
1488350 629
1488360 629
1488370 629
1488380 628
1488390 628
1488400 628
1488410 627
1488420 627
1488430 628
1488440 628
1488450 628
1488460 629
1488470 629
1488480 629
1488490 630
1488500 630
1488510 630
1488520 629
1488530 626
1488540 626
1488550 623
1488560 620
1488570 620
1488580 617
1488590 615
1488600 615
1488610 613
1488620 611
1488630 611
1488640 608
1488650 606
1488660 606
1488670 605
1488680 604
1488690 604
1488700 603
1488710 602
1488720 602
1488730 601
1488740 600
1488750 600
1488760 599
1488770 598
1488780 598
1488790 597
1488800 597
1488810 596
1488820 596
1488830 596
1488840 596
1488850 596
1488860 595
1488870 595
1488880 595
1488890 594
1488900 594
1488910 594
1488920 593
1488930 593
1488940 593
1488950 592
1488960 591
1488970 591
1488980 591
1488990 591
1489000 591
1489010 591
1489020 591
1489030 591
1489040 591
1489050 592
1489060 592
1489070 592
1489080 592
1489090 592
1489100 592
1489110 593
1489120 593
1489130 593
1489140 594
1489150 594
1489160 595
1489170 596
1489180 596
1489190 597
1489200 597
1489210 597
1489220 596
1489230 596
1489240 596
1489250 597
1489260 597
1489270 597
1489280 598
1489290 599
1489300 599
1489310 600
1489320 601
1489330 601
1489340 601
1489350 601
1489360 601
1489370 600
1489380 603
1489390 603
1489400 605
1489410 606
1489420 606
1489430 607
1489440 607
1489450 607
1489460 607
1489470 606
1489480 606
1489490 607
1489500 608
1489510 608
1489520 608
1489530 607
1489540 607
1489550 604
1489560 601
1489570 601
1489580 603
1489590 606
1489600 606
1489610 605
1489620 604
1489630 604
1489640 605
1489650 608
1489660 608
1489670 610
1489680 610
1489690 610
1489700 610
1489710 610
1489720 610
1489730 609
1489740 609
1489750 609
1489760 608
1489770 607
1489780 607
1489790 606
1489800 605
1489810 605
1489820 605
1489830 604
1489840 604
1489850 603
1489860 602
1489870 602
1489880 601
1489890 600
1489900 600
1489910 599
1489920 599
1489930 599
1489940 598
1489950 597
1489960 597
1489970 595
1489980 594
1489990 594
1490000 593
1490010 592
1490020 592
1490030 591
1490040 590
1490050 590
1490060 589
1490070 587
1490080 587
1490090 586
1490100 585
1490110 585
1490120 584
1490130 583
1490140 583
1490150 582
1490160 581
1490170 581
1490180 581
1490190 581
1490200 581
1490210 582
1490220 584
1490230 584
1490240 585
1490250 587
1490260 587
1490270 588
1490280 590
1490290 590
1490300 593
1490310 596
1490320 596
1490330 599
1490340 602
1490350 602
1490360 605
1490370 608
1490380 608
1490390 610
1490400 613
1490410 613
1490420 615
1490430 617
1490440 620
1490450 620
1490460 622
1490470 625
1490480 625
1490490 629
1490500 633
1490510 633
1490520 638
1490530 642
1490540 642
1490550 645
1490560 643
1490570 643
1490580 641
1490590 641
1490600 641
1490610 640
1490620 640
1490630 640
1490640 640
1490650 640
1490660 640
1490670 640
1490680 640
1490690 640
1490700 639
1490710 636
1490720 636
1490730 636
1490740 633
1490750 633
1490760 629
1490770 626
1490780 626
1490790 624
1490800 621
1490810 621
1490820 618
1490830 617
1490840 617
1490850 615
1490860 614
1490870 614
1490880 615
1490890 614
1490900 614
1490910 613
1490920 612
1490930 612
1490940 611
1490950 610
1490960 610
1490970 609
1490980 609
1490990 609
1491000 608
1491010 608
1491020 608
1491030 608
1491040 607
1491050 607
1491060 607
1491070 606
1491080 606
1491090 606
1491100 605
1491110 605
1491120 605
1491130 604
1491140 604
1491150 604
1491160 604
1491170 604
1491180 604
1491190 603
1491200 603
1491210 603
1491220 602
1491230 602
1491240 601
1491250 601
1491260 601
1491270 600
1491280 600
1491290 600
1491300 600
1491310 599
1491320 599
1491330 599
1491340 594
1491350 594
1491360 586
1491370 585
1491380 585
1491390 587
1491400 587
1491410 587
1491420 585
1491430 587
1491440 587
1491450 587
1491460 587
1491470 587
1491480 587
1491490 586
1491500 586
1491510 586
1491520 582
1491530 582
1491540 582
1491550 585
1491560 585
1491570 587
1491580 585
1491590 585
1491600 582
1491610 579
1491620 579
1491630 576
1491640 574
1491650 574
1491660 571
1491670 570
1491680 570
1491690 569
1491700 570
1491710 570
1491720 571
1491730 569
1491740 569
1491750 566
1491760 565
1491770 565
1491780 565
1491790 564
1491800 564
1491810 564
1491820 563
1491830 563
1491840 562
1491850 564
1491860 564
1491870 567
1491880 572
1491890 572
1491900 576
1491910 580
1491920 580
1491930 582
1491940 584
1491950 584
1491960 586
1491970 588
1491980 588
1491990 591
1492000 593
1492010 593
1492020 595
1492030 597
1492040 597
1492050 598
1492060 599
1492070 600
1492080 600
1492090 601
1492100 602
1492110 602
1492120 604
1492130 604
1492140 604
1492150 603
1492160 601
1492170 601
1492180 599
1492190 598
1492200 598
1492210 597
1492220 596
1492230 596
1492240 595
1492250 594
1492260 594
1492270 593
1492280 591
1492290 591
1492300 590
1492310 589
1492320 589
1492330 588
1492340 586
1492350 586
1492360 584
1492370 582
1492380 582
1492390 581
1492400 579
1492410 579
1492420 578
1492430 577
1492440 577
1492450 575
1492460 574
1492470 574
1492480 573
1492490 572
1492500 572
1492510 571
1492520 571
1492530 571
1492540 569
1492550 568
1492560 568
1492570 567
1492580 566
1492590 566
1492600 565
1492610 564
1492620 564
1492630 563
1492640 562
1492650 562
1492660 562
1492670 561
1492680 561
1492690 561
1492700 560
1492710 560
1492720 560
1492730 560
1492740 560
1492750 559
1492760 559
1492770 559
1492780 558
1492790 557
1492800 557
1492810 557
1492820 556
1492830 556
1492840 556
1492850 555
1492860 555
1492870 555
1492880 555
1492890 555
1492900 555
1492910 554
1492920 554
1492930 554
1492940 553
1492950 553
1492960 553
1492970 552
1492980 552
1492990 552
1493000 551
1493010 551
1493020 551
1493030 551
1493040 551
1493050 551
1493060 550
1493070 550
1493080 550
1493090 549
1493100 549
1493110 549
1493120 548
1493130 548
1493140 547
1493150 546
1493160 546
1493170 546
1493180 545
1493190 545
1493200 544
1493210 544
1493220 544
1493230 544
1493240 544
1493250 544
1493260 544
1493270 543
1493280 543
1493290 543
1493300 543
1493310 543
1493320 543
1493330 543
1493340 543
1493350 543
1493360 542
1493370 542
1493380 542
1493390 543
1493400 543
1493410 543
1493420 543
1493430 543
1493440 543
1493450 543
1493460 543
1493470 543
1493480 543
1493490 543
1493500 543
1493510 543
1493520 543
1493530 543
1493540 544
1493550 544
1493560 544
1493570 544
1493580 544
1493590 545
1493600 545
1493610 545
1493620 545
1493630 545
1493640 545
1493650 545
1493660 545
1493670 545
1493680 545
1493690 546
1493700 546
1493710 546
1493720 546
1493730 546
1493740 546
1493750 546
1493760 546
1493770 546
1493780 546
1493790 547
1493800 547
1493810 547
1493820 546
1493830 546
1493840 546
1493850 546
1493860 546
1493870 547
1493880 547
1493890 547
1493900 548
1493910 549
1493920 549
1493930 550
1493940 551
1493950 551
1493960 553
1493970 553
1493980 553
1493990 553
1494000 554
1494010 554
1494020 555
1494030 556
1494040 556
1494050 556
1494060 558
1494070 558
1494080 559
1494090 560
1494100 560
1494110 561
1494120 561
1494130 561
1494140 563
1494150 564
1494160 564
1494170 565
1494180 567
1494190 567
1494200 570
1494210 573
1494220 573
1494230 577
1494240 581
1494250 581
1494260 585
1494270 588
1494280 588
1494290 589
1494300 590
1494310 590
1494320 591
1494330 592
1494340 592
1494350 592
1494360 592
1494370 592
1494380 591
1494390 589
1494400 589
1494410 586
1494420 583
1494430 583
1494440 581
1494450 580
1494460 580
1494470 580
1494480 579
1494490 579
1494500 578
1494510 578
1494520 578
1494530 577
1494540 578
1494550 578
1494560 580
1494570 583
1494580 583
1494590 585
1494600 586
1494610 586
1494620 588
1494630 589
1494640 589
1494650 591
1494660 592
1494670 592
1494680 593
1494690 594
1494700 594
1494710 595
1494720 596
1494730 596
1494740 597
1494750 598
1494760 598
1494770 599
1494780 600
1494790 600
1494800 601
1494810 601
1494820 601
1494830 602
1494840 603
1494850 603
1494860 603
1494870 604
1494880 604
1494890 604
1494900 604
1494910 604
1494920 604
1494930 604
1494940 604
1494950 604
1494960 604
1494970 604
1494980 604
1494990 604
1495000 604
1495010 603
1495020 603
1495030 603
1495040 602
1495050 602
1495060 602
1495070 601
1495080 600
1495090 600
1495100 599
1495110 598
1495120 598
1495130 597
1495140 596
1495150 596
1495160 595
1495170 594
1495180 594
1495190 593
1495200 594
1495210 594
1495220 595
1495230 595
1495240 595
1495250 594
1495260 592
1495270 592
1495280 591
1495290 589
1495300 589
1495310 587
1495320 585
1495330 582
1495340 582
1495350 582
1495360 581
1495370 581
1495380 582
1495390 583
1495400 583
1495410 583
1495420 582
1495430 582
1495440 581
1495450 581
1495460 581
1495470 581
1495480 581
1495490 581
1495500 581
1495510 582
1495520 582
1495530 582
1495540 584
1495550 584
1495560 585
1495570 585
1495580 585
1495590 586
1495600 588
1495610 588
1495620 589
1495630 590
1495640 590
1495650 591
1495660 592
1495670 592
1495680 593
1495690 594
1495700 594
1495710 595
1495720 595
1495730 595
1495740 596
1495750 596
1495760 596
1495770 597
1495780 597
1495790 597
1495800 598
1495810 598
1495820 598
1495830 598
1495840 599
1495850 599
1495860 599
1495870 599
1495880 599
1495890 598
1495900 597
1495910 597
1495920 600
1495930 600
1495940 600
1495950 600
1495960 600
1495970 600
1495980 600
1495990 598
1496000 598
1496010 595
1496020 595
1496030 595
1496040 596
1496050 597
1496060 597
1496070 596
1496080 596
1496090 596
1496100 597
1496110 598
1496120 598
1496130 599
1496140 600
1496150 600
1496160 601
1496170 602
1496180 602
1496190 603
1496200 605
1496210 605
1496220 606
1496230 607
1496240 607
1496250 609
1496260 611
1496270 611
1496280 612
1496290 613
1496300 613
1496310 614
1496320 615
1496330 615
1496340 616
1496350 618
1496360 618
1496370 619
1496380 621
1496390 621
1496400 624
1496410 625
1496420 625
1496430 626
1496440 629
1496450 629
1496460 631
1496470 631
1496480 631
1496490 631
1496500 632
1496510 632
1496520 634
1496530 635
1496540 635
1496550 636
1496560 637
1496570 637
1496580 638
1496590 639
1496600 639
1496610 640
1496620 641
1496630 641
1496640 643
1496650 644
1496660 644
1496670 645
1496680 646
1496690 646
1496700 647
1496710 648
1496720 648
1496730 649
1496740 650
1496750 650
1496760 652
1496770 653
1496780 653
1496790 655
1496800 657
1496810 657
1496820 657
1496830 658
1496840 658
1496850 659
1496860 657
1496870 657
1496880 655
1496890 654
1496900 654
1496910 653
1496920 652
1496930 652
1496940 651
1496950 650
1496960 650
1496970 649
1496980 647
1496990 644
1497000 644
1497010 644
1497020 644
1497030 644
1497040 645
1497050 645
1497060 645
1497070 644
1497080 643
1497090 643
1497100 643
1497110 644
1497120 644
1497130 644
1497140 644
1497150 644
1497160 644
1497170 643
1497180 643
1497190 643
1497200 642
1497210 642
1497220 641
1497230 641
1497240 641
1497250 641
1497260 640
1497270 640
1497280 640
1497290 639
1497300 639
1497310 638
1497320 637
1497330 637
1497340 634
1497350 631
1497360 631
1497370 629
1497380 628
1497390 628
1497400 626
1497410 625
1497420 625
1497430 624
1497440 624
1497450 624
1497460 624
1497470 621
1497480 621
1497490 620
1497500 620
1497510 620
1497520 619
1497530 619
1497540 619
1497550 619
1497560 619
1497570 619
1497580 619
1497590 619
1497600 619
1497610 619
1497620 620
1497630 620
1497640 620
1497650 620
1497660 620
1497670 620
1497680 619
1497690 619
1497700 619
1497710 619
1497720 619
1497730 618
1497740 617
1497750 617
1497760 616
1497770 614
1497780 614
1497790 613
1497800 611
1497810 611
1497820 610
1497830 609
1497840 609
1497850 608
1497860 607
1497870 607
1497880 607
1497890 606
1497900 606
1497910 605
1497920 605
1497930 605
1497940 604
1497950 603
1497960 603
1497970 602
1497980 601
1497990 601
1498000 601
1498010 600
1498020 600
1498030 599
1498040 598
1498050 598
1498060 597
1498070 596
1498080 596
1498090 595
1498100 594
1498110 594
1498120 593
1498130 592
1498140 592
1498150 591
1498160 590
1498170 590
1498180 589
1498190 588
1498200 588
1498210 587
1498220 586
1498230 586
1498240 585
1498250 584
1498260 584
1498270 584
1498280 583
1498290 583
1498300 582
1498310 581
1498320 581
1498330 580
1498340 579
1498350 579
1498360 578
1498370 578
1498380 578
1498390 577
1498400 577
1498410 577
1498420 576
1498430 575
1498440 575
1498450 575
1498460 574
1498470 574
1498480 573
1498490 572
1498500 572
1498510 571
1498520 569
1498530 569
1498540 568
1498550 568
1498560 568
1498570 568
1498580 568
1498590 568
1498600 568
1498610 568
1498620 569
1498630 569
1498640 569
1498650 570
1498660 570
1498670 570
1498680 571
1498690 571
1498700 571
1498710 571
1498720 571
1498730 571
1498740 572
1498750 572
1498760 572
1498770 572
1498780 572
1498790 572
1498800 572
1498810 572
1498820 571
1498830 571
1498840 571
1498850 571
1498860 574
1498870 574
1498880 578
1498890 581
1498900 581
1498910 582
1498920 581
1498930 581
1498940 581
1498950 582
1498960 582
1498970 583
1498980 583
1498990 583
1499000 584
1499010 585
1499020 585
1499030 586
1499040 587
1499050 587
1499060 588
1499070 589
1499080 589
1499090 590
1499100 592
1499110 592
1499120 593
1499130 595
1499140 595
1499150 597
1499160 598
1499170 598
1499180 600
1499190 602
1499200 602
1499210 603
1499220 605
1499230 605
1499240 605
1499250 605
1499260 605
1499270 607
1499280 613
1499290 613
1499300 621
1499310 627
1499320 627
1499330 627
1499340 626
1499350 626
1499360 625
1499370 624
1499380 624
1499390 623
1499400 622
1499410 622
1499420 620
1499430 617
1499440 617
1499450 615
1499460 613
1499470 613
1499480 612
1499490 610
1499500 610
1499510 609
1499520 608
1499530 608
1499540 607
1499550 605
1499560 605
1499570 603
1499580 602
1499590 602
1499600 602
1499610 601
1499620 601
1499630 600
1499640 599
1499650 599
1499660 596
1499670 594
1499680 594
1499690 592
1499700 592
1499710 592
1499720 593
1499730 594
1499740 594
1499750 594
1499760 595
1499770 595
1499780 596
1499790 597
1499800 597
1499810 598
1499820 599
1499830 599
1499840 601
1499850 602
1499860 602
1499870 603
1499880 604
1499890 604
1499900 604
1499910 605
1499920 605
1499930 606
1499940 606
1499950 606
1499960 607
1499970 606
1499980 606
1499990 606
