1480000 626
1480010 628
1480020 631
1480030 631
1480040 634
1480050 637
1480060 637
1480070 639
1480080 642
1480090 642
1480100 643
1480110 643
1480120 643
1480130 642
1480140 641
1480150 641
1480160 637
1480170 636
1480180 636
1480190 635
1480200 634
1480210 634
1480220 634
1480230 634
1480240 634
1480250 634
1480260 634
1480270 634
1480280 634
1480290 635
1480300 635
1480310 637
1480320 639
1480330 639
1480340 641
1480350 644
1480360 644
1480370 646
1480380 648
1480390 648
1480400 649
1480410 649
1480420 649
1480430 650
1480440 650
1480450 650
1480460 650
1480470 650
1480480 650
1480490 650
1480500 650
1480510 650
1480520 650
1480530 649
1480540 648
1480550 648
1480560 647
1480570 646
1480580 646
1480590 645
1480600 644
1480610 644
1480620 643
1480630 642
1480640 642
1480650 642
1480660 643
1480670 643
1480680 644
1480690 645
1480700 645
1480710 646
1480720 645
1480730 645
1480740 644
1480750 644
1480760 644
1480770 646
1480780 649
1480790 649
1480800 651
1480810 652
1480820 652
1480830 652
1480840 653
1480850 653
1480860 654
1480870 654
1480880 654
1480890 655
1480900 656
1480910 656
1480920 656
1480930 656
1480940 656
1480950 655
1480960 655
1480970 655
1480980 654
1480990 653
1481000 653
1481010 652
1481020 650
1481030 650
1481040 648
1481050 646
1481060 646
1481070 644
1481080 642
1481090 642
1481100 639
1481110 636
1481120 636
1481130 634
1481140 633
1481150 633
1481160 631
1481170 629
1481180 629
1481190 627
1481200 626
1481210 626
1481220 625
1481230 624
1481240 624
1481250 623
1481260 623
1481270 623
1481280 625
1481290 627
1481300 627
1481310 630
1481320 632
1481330 632
1481340 635
1481350 636
1481360 636
1481370 639
1481380 641
1481390 641
1481400 642
1481410 643
1481420 643
1481430 644
1481440 645
1481450 645
1481460 646
1481470 647
1481480 647
1481490 649
1481500 651
1481510 651
1481520 652
1481530 654
1481540 654
1481550 655
1481560 656
1481570 656
1481580 656
1481590 656
1481600 656
1481610 656
1481620 655
1481630 655
1481640 654
1481650 654
1481660 654
1481670 653
1481680 653
1481690 653
1481700 652
1481710 651
1481720 651
1481730 650
1481740 649
1481750 649
1481760 648
1481770 646
1481780 646
1481790 644
1481800 642
1481810 642
1481820 641
1481830 639
1481840 639
1481850 637
1481860 634
1481870 634
1481880 632
1481890 630
1481900 630
1481910 628
1481920 626
1481930 626
1481940 624
1481950 622
1481960 622
1481970 619
1481980 617
1481990 617
1482000 614
1482010 611
1482020 611
1482030 607
1482040 604
1482050 604
1482060 602
1482070 602
1482080 602
1482090 601
1482100 600
1482110 600
1482120 600
1482130 600
1482140 600
1482150 599
1482160 599
1482170 599
1482180 597
1482190 597
1482200 596
1482210 596
1482220 596
1482230 595
1482240 595
1482250 594
1482260 593
1482270 593
1482280 592
1482290 591
1482300 591
1482310 590
1482320 588
1482330 588
1482340 587
1482350 586
1482360 586
1482370 585
1482380 584
1482390 584
1482400 583
1482410 583
1482420 583
1482430 582
1482440 582
1482450 582
1482460 583
1482470 586
1482480 586
1482490 588
1482500 590
1482510 590
1482520 591
1482530 591
1482540 591
1482550 591
1482560 591
1482570 591
1482580 589
1482590 589
1482600 589
1482610 591
1482620 593
1482630 593
1482640 594
1482650 596
1482660 596
1482670 597
1482680 597
1482690 597
1482700 596
1482710 595
1482720 595
1482730 594
1482740 593
1482750 593
1482760 594
1482770 596
1482780 596
1482790 597
1482800 597
1482810 597
1482820 599
1482830 600
1482840 600
1482850 602
1482860 604
1482870 604
1482880 606
1482890 608
1482900 608
1482910 609
1482920 611
1482930 611
1482940 612
1482950 613
1482960 613
1482970 614
1482980 614
1482990 614
1483000 614
1483010 613
1483020 613
1483030 613
1483040 614
1483050 614
1483060 616
1483070 618
1483080 618
1483090 620
1483100 622
1483110 622
1483120 623
1483130 623
1483140 623
1483150 623
1483160 622
1483170 622
1483180 620
1483190 619
1483200 619
1483210 617
1483220 616
1483230 616
1483240 614
1483250 612
1483260 612
1483270 610
1483280 609
1483290 609
1483300 608
1483310 607
1483320 607
1483330 605
1483340 603
1483350 603
1483360 601
1483370 598
1483380 598
1483390 596
1483400 594
1483410 594
1483420 593
1483430 592
1483440 592
1483450 591
1483460 589
1483470 589
1483480 587
1483490 585
1483500 585
1483510 584
1483520 582
1483530 582
1483540 578
1483550 575
1483560 575
1483570 572
1483580 568
1483590 568
1483600 564
1483610 561
1483620 561
1483630 559
1483640 556
1483650 556
1483660 553
1483670 552
1483680 552
1483690 552
1483700 551
1483710 551
1483720 551
1483730 551
1483740 551
1483750 551
1483760 551
1483770 551
1483780 551
1483790 551
1483800 551
1483810 551
1483820 551
1483830 551
1483840 551
1483850 551
1483860 551
1483870 551
1483880 552
1483890 554
1483900 554
1483910 557
1483920 562
1483930 562
1483940 566
1483950 568
1483960 568
1483970 570
1483980 571
1483990 571
1484000 572
1484010 574
1484020 574
1484030 577
1484040 581
1484050 581
1484060 583
1484070 584
1484080 584
1484090 587
1484100 588
1484110 588
1484120 591
1484130 594
1484140 594
1484150 596
1484160 597
1484170 597
1484180 598
1484190 600
1484200 600
1484210 603
1484220 607
1484230 607
1484240 611
1484250 615
1484260 615
1484270 618
1484280 621
1484290 621
1484300 625
1484310 628
1484320 628
1484330 631
1484340 632
1484350 632
1484360 632
1484370 631
1484380 631
1484390 631
1484400 631
1484410 631
1484420 631
1484430 632
1484440 632
1484450 632
1484460 631
1484470 631
1484480 629
1484490 626
1484500 626
1484510 623
1484520 620
1484530 620
1484540 617
1484550 615
1484560 615
1484570 613
1484580 611
1484590 611
1484600 610
1484610 610
1484620 610
1484630 610
1484640 610
1484650 610
1484660 611
1484670 611
1484680 611
1484690 610
1484700 610
1484710 610
1484720 613
1484730 616
1484740 616
1484750 618
1484760 620
1484770 620
1484780 621
1484790 621
1484800 621
1484810 621
1484820 621
1484830 621
1484840 621
1484850 622
1484860 622
1484870 622
1484880 622
1484890 622
1484900 622
1484910 623
1484920 623
1484930 625
1484940 626
1484950 626
1484960 628
1484970 629
1484980 629
1484990 630
1485000 633
1485010 633
1485020 636
1485030 638
1485040 638
1485050 639
1485060 640
1485070 640
1485080 643
1485090 645
1485100 645
1485110 648
1485120 652
1485130 652
1485140 654
1485150 655
1485160 655
1485170 658
1485180 660
1485190 660
1485200 663
1485210 666
1485220 666
1485230 667
1485240 668
1485250 668
1485260 671
1485270 675
1485280 675
1485290 680
1485300 683
1485310 683
1485320 687
1485330 689
1485340 689
1485350 690
1485360 689
1485370 689
1485380 686
1485390 682
1485400 682
1485410 678
1485420 675
1485430 675
1485440 673
1485450 672
1485460 672
1485470 672
1485480 671
1485490 671
1485500 671
1485510 670
1485520 670
1485530 670
1485540 669
1485550 669
1485560 667
1485570 666
1485580 665
1485590 665
1485600 664
1485610 664
1485620 664
1485630 663
1485640 661
1485650 661
1485660 660
1485670 658
1485680 658
1485690 657
1485700 654
1485710 654
1485720 652
1485730 650
1485740 650
1485750 649
1485760 648
1485770 648
1485780 646
1485790 645
1485800 645
1485810 643
1485820 641
1485830 641
1485840 639
1485850 636
1485860 636
1485870 633
1485880 630
1485890 630
1485900 627
1485910 625
1485920 625
1485930 623
1485940 622
1485950 622
1485960 621
1485970 621
1485980 621
1485990 621
1486000 624
1486010 624
1486020 626
1486030 627
1486040 627
1486050 630
1486060 631
1486070 631
1486080 633
1486090 636
1486100 636
1486110 639
1486120 640
1486130 640
1486140 641
1486150 641
1486160 641
1486170 646
1486180 649
1486190 649
1486200 649
1486210 649
1486220 649
1486230 648
1486240 649
1486250 649
1486260 648
1486270 647
1486280 647
1486290 647
1486300 648
1486310 648
1486320 648
1486330 649
1486340 649
1486350 650
1486360 652
1486370 652
1486380 655
1486390 658
1486400 658
1486410 658
1486420 658
1486430 658
1486440 659
1486450 661
1486460 661
1486470 663
1486480 664
1486490 664
1486500 668
1486510 673
1486520 673
1486530 674
1486540 670
1486550 670
1486560 665
1486570 661
1486580 661
1486590 659
1486600 659
1486610 659
1486620 658
1486630 656
1486640 656
1486650 654
1486660 652
1486670 652
1486680 651
1486690 649
1486700 649
1486710 647
1486720 645
1486730 645
1486740 644
1486750 643
1486760 643
1486770 641
1486780 640
1486790 640
1486800 639
1486810 638
1486820 638
1486830 637
1486840 635
1486850 635
1486860 634
1486870 632
1486880 632
1486890 631
1486900 629
1486910 629
1486920 627
1486930 625
1486940 625
1486950 623
1486960 622
1486970 622
1486980 620
1486990 618
1487000 618
1487010 616
1487020 614
1487030 614
1487040 612
1487050 611
1487060 611
1487070 609
1487080 608
1487090 608
1487100 606
1487110 605
1487120 605
1487130 604
1487140 602
1487150 602
1487160 600
1487170 599
1487180 599
1487190 598
1487200 597
1487210 597
1487220 596
1487230 595
1487240 595
1487250 595
1487260 594
1487270 594
1487280 594
1487290 594
1487300 594
1487310 594
1487320 595
1487330 595
1487340 595
1487350 595
1487360 596
1487370 596
1487380 597
1487390 597
1487400 597
1487410 596
1487420 596
1487430 596
1487440 595
1487450 594
1487460 594
1487470 594
1487480 593
1487490 593
1487500 592
1487510 591
1487520 591
1487530 590
1487540 589
1487550 589
1487560 587
1487570 585
1487580 585
1487590 584
1487600 584
1487610 584
1487620 584
1487630 586
1487640 586
1487650 587
1487660 589
1487670 589
1487680 591
1487690 593
1487700 593
1487710 597
1487720 602
1487730 602
1487740 608
1487750 612
1487760 612
1487770 615
1487780 619
1487790 619
1487800 622
1487810 625
1487820 625
1487830 628
1487840 631
1487850 631
1487860 634
1487870 636
1487880 636
1487890 638
1487900 639
1487910 639
1487920 640
1487930 641
1487940 641
1487950 642
1487960 642
1487970 642
1487980 642
1487990 643
1488000 643
1488010 643
1488020 643
1488030 643
1488040 644
1488050 644
1488060 644
1488070 644
1488080 644
1488090 644
1488100 645
1488110 646
1488120 646
1488130 648
1488140 649
1488150 649
1488160 650
1488170 651
1488180 651
1488190 651
1488200 652
1488210 652
1488220 653
1488230 654
1488240 654
1488250 657
1488260 660
1488270 660
1488280 664
1488290 666
1488300 666
1488310 668
1488320 669
1488330 669
1488340 670
1488350 671
1488360 671
1488370 671
1488380 671
1488390 671
1488400 670
1488410 669
1488420 669
1488430 667
1488440 665
1488450 665
1488460 663
1488470 661
1488480 661
1488490 659
1488500 657
1488510 657
1488520 656
1488530 655
1488540 655
1488550 653
1488560 651
1488570 651
1488580 649
1488590 648
1488600 648
1488610 646
1488620 645
1488630 645
1488640 643
1488650 642
1488660 642
1488670 641
1488680 640
1488690 640
1488700 639
1488710 638
1488720 638
1488730 637
1488740 636
1488750 636
1488760 635
1488770 634
1488780 634
1488790 633
1488800 633
1488810 633
1488820 632
1488830 632
1488840 632
1488850 631
1488860 631
1488870 631
1488880 630
1488890 629
1488900 629
1488910 629
1488920 628
1488930 628
1488940 628
1488950 628
1488960 628
1488970 628
1488980 627
1488990 627
1489000 627
1489010 627
1489020 626
1489030 626
1489040 626
1489050 625
1489060 625
1489070 625
1489080 624
1489090 624
1489100 623
1489110 622
1489120 622
1489130 620
1489140 618
1489150 618
1489160 616
1489170 614
1489180 614
1489190 613
1489200 611
1489210 611
1489220 610
1489230 609
1489240 609
1489250 608
1489260 608
1489270 608
1489280 607
1489290 606
1489300 606
1489310 605
1489320 604
1489330 604
1489340 603
1489350 601
1489360 601
1489370 600
1489380 599
1489390 599
1489400 598
1489410 597
1489420 597
1489430 596
1489440 594
1489450 594
1489460 592
1489470 590
1489480 590
1489490 589
1489500 587
1489510 587
1489520 586
1489530 587
1489540 587
1489550 587
1489560 587
1489570 587
1489580 588
1489590 589
1489600 589
1489610 591
1489620 593
1489630 593
1489640 594
1489650 595
1489660 595
1489670 595
1489680 596
1489690 596
1489700 597
1489710 599
1489720 599
1489730 600
1489740 600
1489750 600
1489760 600
1489770 600
1489780 600
1489790 600
1489800 601
1489810 601
1489820 602
1489830 602
1489840 602
1489850 603
1489860 603
1489870 603
1489880 603
1489890 602
1489900 602
1489910 601
1489920 600
1489930 600
1489940 599
1489950 596
1489960 596
1489970 595
1489980 594
1489990 594
1490000 594
1490010 594
1490020 594
1490030 593
1490040 593
1490050 593
1490060 592
1490070 591
1490080 591
1490090 590
1490100 589
1490110 589
1490120 588
1490130 587
1490140 587
1490150 587
1490160 586
1490170 586
1490180 585
1490190 584
1490200 584
1490210 583
1490220 581
1490230 581
1490240 580
1490250 578
1490260 578
1490270 577
1490280 575
1490290 575
1490300 575
1490310 574
1490320 574
1490330 573
1490340 573
1490350 573
1490360 572
1490370 572
1490380 572
1490390 571
1490400 571
1490410 571
1490420 571
1490430 570
1490440 570
1490450 570
1490460 570
1490470 570
1490480 569
1490490 569
1490500 569
1490510 568
1490520 567
1490530 567
1490540 567
1490550 566
1490560 566
1490570 566
1490580 565
1490590 565
1490600 565
1490610 564
1490620 564
1490630 564
1490640 563
1490650 563
1490660 563
1490670 562
1490680 562
1490690 562
1490700 561
1490710 560
1490720 560
1490730 560
1490740 559
1490750 559
1490760 559
1490770 558
1490780 558
1490790 558
1490800 558
1490810 558
1490820 558
1490830 557
1490840 557
1490850 557
1490860 556
1490870 556
1490880 557
1490890 557
1490900 557
1490910 556
1490920 556
1490930 556
1490940 556
1490950 556
1490960 556
1490970 556
1490980 555
1490990 555
1491000 555
1491010 555
1491020 555
1491030 555
1491040 555
1491050 555
1491060 555
1491070 555
1491080 555
1491090 555
1491100 555
1491110 555
1491120 554
1491130 554
1491140 554
1491150 554
1491160 553
1491170 553
1491180 553
1491190 553
1491200 553
1491210 553
1491220 552
1491230 552
1491240 552
1491250 552
1491260 552
1491270 552
1491280 552
1491290 552
1491300 552
1491310 551
1491320 551
1491330 551
1491340 551
1491350 551
1491360 551
1491370 551
1491380 551
1491390 551
1491400 550
1491410 550
1491420 550
1491430 550
1491440 550
1491450 550
1491460 550
1491470 550
1491480 550
1491490 550
1491500 550
1491510 550
1491520 551
1491530 551
1491540 551
1491550 551
1491560 551
1491570 551
1491580 552
1491590 552
1491600 553
1491610 553
1491620 553
1491630 551
1491640 551
1491650 551
1491660 551
1491670 551
1491680 551
1491690 551
1491700 551
1491710 551
1491720 551
1491730 551
1491740 551
1491750 552
1491760 551
1491770 551
1491780 551
1491790 551
1491800 551
1491810 551
1491820 551
1491830 551
1491840 550
1491850 550
1491860 550
1491870 549
1491880 549
1491890 549
1491900 548
1491910 548
1491920 548
1491930 547
1491940 547
1491950 547
1491960 546
1491970 546
1491980 546
1491990 545
1492000 545
1492010 545
1492020 545
1492030 544
1492040 544
1492050 544
1492060 544
1492070 544
1492080 544
1492090 544
1492100 544
1492110 544
1492120 545
1492130 545
1492140 545
1492150 546
1492160 546
1492170 547
1492180 548
1492190 548
1492200 549
1492210 549
1492220 549
1492230 550
1492240 550
1492250 550
1492260 550
1492270 551
1492280 551
1492290 551
1492300 551
1492310 551
1492320 552
1492330 552
1492340 552
1492350 552
1492360 552
1492370 552
1492380 552
1492390 552
1492400 552
1492410 552
1492420 552
1492430 552
1492440 552
1492450 552
1492460 552
1492470 552
1492480 552
1492490 552
1492500 552
1492510 552
1492520 552
1492530 552
1492540 552
1492550 552
1492560 552
1492570 551
1492580 551
1492590 551
1492600 551
1492610 551
1492620 551
1492630 551
1492640 551
1492650 551
1492660 552
1492670 552
1492680 552
1492690 552
1492700 553
1492710 553
1492720 553
1492730 553
1492740 553
1492750 553
1492760 553
1492770 553
1492780 551
1492790 551
1492800 551
1492810 550
1492820 549
1492830 549
1492840 549
1492850 548
1492860 548
1492870 547
1492880 545
1492890 545
1492900 543
1492910 542
1492920 542
1492930 541
1492940 541
1492950 541
1492960 540
1492970 540
1492980 540
1492990 539
1493000 539
1493010 539
1493020 539
1493030 538
1493040 538
1493050 537
1493060 536
1493070 536
1493080 535
1493090 535
1493100 535
1493110 534
1493120 534
1493130 534
1493140 534
1493150 534
1493160 534
1493170 533
1493180 533
1493190 533
1493200 533
1493210 532
1493220 532
1493230 532
1493240 532
1493250 532
1493260 532
1493270 533
1493280 533
1493290 533
1493300 532
1493310 532
1493320 532
1493330 532
1493340 532
1493350 532
1493360 531
1493370 531
1493380 531
1493390 530
1493400 530
1493410 529
1493420 531
1493430 531
1493440 536
1493450 541
1493460 541
1493470 543
1493480 544
1493490 544
1493500 545
1493510 546
1493520 546
1493530 547
1493540 547
1493550 547
1493560 548
1493570 549
1493580 549
1493590 549
1493600 550
1493610 550
1493620 550
1493630 550
1493640 550
1493650 550
1493660 550
1493670 550
1493680 549
1493690 547
1493700 547
1493710 546
1493720 548
1493730 548
1493740 548
1493750 548
1493760 548
1493770 549
1493780 549
1493790 549
1493800 550
1493810 551
1493820 551
1493830 550
1493840 549
1493850 549
1493860 550
1493870 553
1493880 553
1493890 558
1493900 559
1493910 559
1493920 561
1493930 562
1493940 562
1493950 563
1493960 563
1493970 563
1493980 563
1493990 562
1494000 562
1494010 562
1494020 562
1494030 562
1494040 562
1494050 561
1494060 561
1494070 561
1494080 561
1494090 561
1494100 561
1494110 561
1494120 561
1494130 561
1494140 561
1494150 562
1494160 562
1494170 562
1494180 562
1494190 562
1494200 562
1494210 562
1494220 562
1494230 562
1494240 562
1494250 562
1494260 562
1494270 561
1494280 561
1494290 561
1494300 561
1494310 561
1494320 561
1494330 561
1494340 561
1494350 561
1494360 560
1494370 560
1494380 560
1494390 559
1494400 559
1494410 559
1494420 559
1494430 559
1494440 558
1494450 557
1494460 557
1494470 557
1494480 556
1494490 556
1494500 556
1494510 556
1494520 556
1494530 557
1494540 557
1494550 557
1494560 557
1494570 557
1494580 557
1494590 557
1494600 557
1494610 557
1494620 556
1494630 556
1494640 556
1494650 556
1494660 557
1494670 557
1494680 557
1494690 558
1494700 558
1494710 558
1494720 559
1494730 559
1494740 559
1494750 560
1494760 560
1494770 560
1494780 560
1494790 560
1494800 561
1494810 561
1494820 561
1494830 562
1494840 562
1494850 562
1494860 563
1494870 564
1494880 564
1494890 565
1494900 566
1494910 566
1494920 568
1494930 569
1494940 569
1494950 571
1494960 573
1494970 573
1494980 574
1494990 576
1495000 576
1495010 577
1495020 579
1495030 579
1495040 580
1495050 581
1495060 581
1495070 582
1495080 583
1495090 583
1495100 584
1495110 586
1495120 586
1495130 587
1495140 588
1495150 588
1495160 590
1495170 592
1495180 592
1495190 593
1495200 594
1495210 594
1495220 595
1495230 596
1495240 596
1495250 598
1495260 599
1495270 599
1495280 601
1495290 602
1495300 602
1495310 603
1495320 605
1495330 605
1495340 606
1495350 606
1495360 606
1495370 607
1495380 609
1495390 609
1495400 613
1495410 619
1495420 619
1495430 624
1495440 625
1495450 625
1495460 623
1495470 619
1495480 619
1495490 617
1495500 615
1495510 615
1495520 613
1495530 611
1495540 611
1495550 610
1495560 609
1495570 609
1495580 608
1495590 606
1495600 606
1495610 604
1495620 603
1495630 603
1495640 602
1495650 601
1495660 601
1495670 600
1495680 598
1495690 598
1495700 597
1495710 596
1495720 596
1495730 595
1495740 594
1495750 594
1495760 593
1495770 592
1495780 591
1495790 591
1495800 591
1495810 590
1495820 590
1495830 589
1495840 588
1495850 588
1495860 587
1495870 586
1495880 586
1495890 585
1495900 584
1495910 584
1495920 583
1495930 582
1495940 582
1495950 581
1495960 580
1495970 580
1495980 580
1495990 579
1496000 579
1496010 579
1496020 577
1496030 577
1496040 577
1496050 577
1496060 577
1496070 577
1496080 578
1496090 578
1496100 580
1496110 583
1496120 583
1496130 585
1496140 586
1496150 586
1496160 586
1496170 587
1496180 587
1496190 588
1496200 589
1496210 589
1496220 590
1496230 591
1496240 591
1496250 592
1496260 592
1496270 592
1496280 593
1496290 593
1496300 593
1496310 593
1496320 593
1496330 593
1496340 593
1496350 593
1496360 593
1496370 592
1496380 591
1496390 591
1496400 591
1496410 591
1496420 591
1496430 590
1496440 590
1496450 590
1496460 590
1496470 590
1496480 590
1496490 589
1496500 589
1496510 589
1496520 588
1496530 588
1496540 588
1496550 588
1496560 588
1496570 588
1496580 588
1496590 588
1496600 588
1496610 589
1496620 588
1496630 588
1496640 588
1496650 588
1496660 588
1496670 587
1496680 587
1496690 587
1496700 587
1496710 586
1496720 586
1496730 586
1496740 586
1496750 586
1496760 586
1496770 585
1496780 585
1496790 585
1496800 585
1496810 585
1496820 586
1496830 587
1496840 587
1496850 589
1496860 590
1496870 590
1496880 592
1496890 593
1496900 593
1496910 595
1496920 597
1496930 597
1496940 599
1496950 601
1496960 601
1496970 603
1496980 604
1496990 604
1497000 605
1497010 606
1497020 606
1497030 609
1497040 610
1497050 610
1497060 611
1497070 614
1497080 614
1497090 617
1497100 622
1497110 622
1497120 628
1497130 630
1497140 630
1497150 630
1497160 630
1497170 630
1497180 628
1497190 621
1497200 621
1497210 621
1497220 624
1497230 624
1497240 624
1497250 625
1497260 625
1497270 626
1497280 626
1497290 626
1497300 625
1497310 624
1497320 624
1497330 623
1497340 622
1497350 622
1497360 621
1497370 619
1497380 619
1497390 617
1497400 615
1497410 615
1497420 613
1497430 612
1497440 612
1497450 611
1497460 610
1497470 610
1497480 608
1497490 607
1497500 607
1497510 607
1497520 607
1497530 607
1497540 607
1497550 605
1497560 604
1497570 604
1497580 603
1497590 602
1497600 602
1497610 601
1497620 601
1497630 601
1497640 600
1497650 600
1497660 600
1497670 599
1497680 598
1497690 598
1497700 597
1497710 597
1497720 597
1497730 597
1497740 597
1497750 597
1497760 598
1497770 598
1497780 598
1497790 598
1497800 599
1497810 599
1497820 599
1497830 600
1497840 600
1497850 600
1497860 600
1497870 600
1497880 600
1497890 600
1497900 600
1497910 600
1497920 599
1497930 599
1497940 599
1497950 599
1497960 599
1497970 598
1497980 597
1497990 597
1498000 596
1498010 596
1498020 596
1498030 595
1498040 595
1498050 595
1498060 595
1498070 594
1498080 594
1498090 593
1498100 592
1498110 592
1498120 591
1498130 590
1498140 590
1498150 589
1498160 588
1498170 588
1498180 587
1498190 586
1498200 586
1498210 586
1498220 585
1498230 585
1498240 583
1498250 582
1498260 582
1498270 582
1498280 581
1498290 581
1498300 580
1498310 579
1498320 579
1498330 578
1498340 577
1498350 577
1498360 576
1498370 574
1498380 574
1498390 573
1498400 572
1498410 572
1498420 572
1498430 572
1498440 572
1498450 572
1498460 572
1498470 572
1498480 572
1498490 572
1498500 572
1498510 572
1498520 572
1498530 572
1498540 571
1498550 571
1498560 571
1498570 570
1498580 570
1498590 570
1498600 569
1498610 568
1498620 568
1498630 568
1498640 567
1498650 567
1498660 566
1498670 566
1498680 566
1498690 565
1498700 564
1498710 564
1498720 563
1498730 562
1498740 562
1498750 562
1498760 561
1498770 561
1498780 561
1498790 560
1498800 560
1498810 559
1498820 558
1498830 558
1498840 557
1498850 556
1498860 556
1498870 555
1498880 555
1498890 555
1498900 555
1498910 554
1498920 554
1498930 554
1498940 554
1498950 554
1498960 553
1498970 553
1498980 553
1498990 553
1499000 552
1499010 552
1499020 552
1499030 552
1499040 552
1499050 551
1499060 551
1499070 551
1499080 550
1499090 550
1499100 550
1499110 549
1499120 548
1499130 548
1499140 546
1499150 545
1499160 545
1499170 544
1499180 543
1499190 543
1499200 543
1499210 543
1499220 543
1499230 543
1499240 543
1499250 544
1499260 544
1499270 544
1499280 545
1499290 545
1499300 547
1499310 548
1499320 548
1499330 550
1499340 551
1499350 551
1499360 553
1499370 554
1499380 554
1499390 555
1499400 555
1499410 555
1499420 554
1499430 553
1499440 553
1499450 552
1499460 552
1499470 552
1499480 553
1499490 554
1499500 554
1499510 555
1499520 555
1499530 555
1499540 555
1499550 553
1499560 553
1499570 552
1499580 551
1499590 551
1499600 552
1499610 552
1499620 552
1499630 554
1499640 555
1499650 555
1499660 557
1499670 559
1499680 559
1499690 560
1499700 562
1499710 562
1499720 564
1499730 565
1499740 565
1499750 567
1499760 568
1499770 568
1499780 569
1499790 569
1499800 569
1499810 569
1499820 569
1499830 569
1499840 568
1499850 567
1499860 567
1499870 566
1499880 565
1499890 565
1499900 564
1499910 563
1499920 563
1499930 562
1499940 560
1499950 560
1499960 559
1499970 557
1499980 557
1499990 556
