1480000 558
1480010 558
1480020 558
1480030 558
1480040 558
1480050 558
1480060 558
1480070 558
1480080 558
1480090 558
1480100 558
1480110 558
1480120 558
1480130 558
1480140 557
1480150 556
1480160 556
1480170 555
1480180 553
1480190 553
1480200 551
1480210 549
1480220 549
1480230 547
1480240 545
1480250 545
1480260 544
1480270 542
1480280 542
1480290 540
1480300 537
1480310 537
1480320 535
1480330 533
1480340 533
1480350 531
1480360 529
1480370 529
1480380 528
1480390 526
1480400 526
1480410 525
1480420 524
1480430 524
1480440 523
1480450 522
1480460 522
1480470 521
1480480 520
1480490 520
1480500 519
1480510 517
1480520 517
1480530 515
1480540 514
1480550 514
1480560 513
1480570 512
1480580 512
1480590 512
1480600 512
1480610 512
1480620 512
1480630 512
1480640 512
1480650 511
1480660 510
1480670 510
1480680 509
1480690 509
1480700 509
1480710 509
1480720 510
1480730 510
1480740 512
1480750 515
1480760 515
1480770 519
1480780 523
1480790 523
1480800 525
1480810 527
1480820 527
1480830 529
1480840 529
1480850 529
1480860 530
1480870 529
1480880 529
1480890 528
1480900 527
1480910 527
1480920 526
1480930 525
1480940 525
1480950 524
1480960 523
1480970 523
1480980 523
1480990 524
1481000 524
1481010 524
1481020 524
1481030 524
1481040 524
1481050 524
1481060 524
1481070 523
1481080 522
1481090 522
1481100 522
1481110 522
1481120 522
1481130 521
1481140 520
1481150 520
1481160 519
1481170 518
1481180 518
1481190 517
1481200 515
1481210 515
1481220 513
1481230 512
1481240 512
1481250 512
1481260 512
1481270 512
1481280 512
1481290 512
1481300 512
1481310 513
1481320 513
1481330 513
1481340 513
1481350 513
1481360 513
1481370 513
1481380 514
1481390 514
1481400 514
1481410 514
1481420 514
1481430 514
1481440 515
1481450 515
1481460 515
1481470 516
1481480 516
1481490 517
1481500 517
1481510 517
1481520 518
1481530 518
1481540 518
1481550 519
1481560 519
1481570 519
1481580 520
1481590 521
1481600 521
1481610 522
1481620 524
1481630 524
1481640 525
1481650 527
1481660 527
1481670 529
1481680 531
1481690 534
1481700 534
1481710 538
1481720 542
1481730 542
1481740 545
1481750 549
1481760 549
1481770 552
1481780 554
1481790 554
1481800 557
1481810 560
1481820 560
1481830 562
1481840 564
1481850 564
1481860 565
1481870 565
1481880 565
1481890 564
1481900 564
1481910 564
1481920 563
1481930 563
1481940 563
1481950 563
1481960 563
1481970 563
1481980 564
1481990 564
1482000 564
1482010 564
1482020 565
1482030 565
1482040 566
1482050 566
1482060 566
1482070 567
1482080 568
1482090 568
1482100 569
1482110 570
1482120 570
1482130 571
1482140 572
1482150 572
1482160 572
1482170 572
1482180 572
1482190 572
1482200 573
1482210 573
1482220 574
1482230 575
1482240 575
1482250 576
1482260 577
1482270 577
1482280 577
1482290 577
1482300 577
1482310 578
1482320 577
1482330 577
1482340 576
1482350 574
1482360 574
1482370 573
1482380 571
1482390 571
1482400 570
1482410 569
1482420 569
1482430 569
1482440 568
1482450 568
1482460 566
1482470 563
1482480 563
1482490 562
1482500 562
1482510 562
1482520 563
1482530 564
1482540 564
1482550 565
1482560 567
1482570 567
1482580 567
1482590 567
1482600 567
1482610 567
1482620 567
1482630 567
1482640 568
1482650 570
1482660 570
1482670 571
1482680 572
1482690 572
1482700 573
1482710 574
1482720 574
1482730 575
1482740 577
1482750 577
1482760 579
1482770 581
1482780 581
1482790 584
1482800 587
1482810 587
1482820 590
1482830 593
1482840 593
1482850 596
1482860 598
1482870 598
1482880 599
1482890 600
1482900 600
1482910 601
1482920 601
1482930 601
1482940 602
1482950 602
1482960 602
1482970 602
1482980 601
1482990 601
1483000 600
1483010 599
1483020 599
1483030 599
1483040 599
1483050 599
1483060 600
1483070 601
1483080 601
1483090 602
1483100 604
1483110 604
1483120 606
1483130 608
1483140 608
1483150 610
1483160 613
1483170 613
1483180 615
1483190 616
1483200 616
1483210 618
1483220 619
1483230 619
1483240 620
1483250 620
1483260 620
1483270 620
1483280 621
1483290 621
1483300 620
1483310 620
1483320 620
1483330 618
1483340 615
1483350 615
1483360 610
1483370 605
1483380 605
1483390 600
1483400 597
1483410 597
1483420 593
1483430 591
1483440 591
1483450 587
1483460 584
1483470 584
1483480 582
1483490 581
1483500 581
1483510 579
1483520 578
1483530 578
1483540 575
1483550 573
1483560 573
1483570 571
1483580 569
1483590 569
1483600 569
1483610 568
1483620 568
1483630 568
1483640 567
1483650 567
1483660 567
1483670 567
1483680 567
1483690 567
1483700 567
1483710 567
1483720 567
1483730 567
1483740 566
1483750 566
1483760 566
1483770 566
1483780 566
1483790 565
1483800 565
1483810 565
1483820 565
1483830 565
1483840 565
1483850 564
1483860 562
1483870 562
1483880 560
1483890 557
1483900 557
1483910 553
1483920 549
1483930 549
1483940 545
1483950 543
1483960 543
1483970 542
1483980 541
1483990 541
1484000 541
1484010 540
1484020 540
1484030 539
1484040 538
1484050 538
1484060 537
1484070 536
1484080 536
1484090 535
1484100 534
1484110 534
1484120 532
1484130 532
1484140 532
1484150 531
1484160 531
1484170 531
1484180 531
1484190 530
1484200 530
1484210 529
1484220 530
1484230 530
1484240 532
1484250 534
1484260 534
1484270 535
1484280 537
1484290 537
1484300 538
1484310 537
1484320 537
1484330 537
1484340 537
1484350 537
1484360 536
1484370 535
1484380 535
1484390 534
1484400 533
1484410 533
1484420 532
1484430 531
1484440 531
1484450 529
1484460 526
1484470 526
1484480 523
1484490 522
1484500 522
1484510 521
1484520 519
1484530 519
1484540 518
1484550 516
1484560 516
1484570 512
1484580 510
1484590 510
1484600 509
1484610 509
1484620 509
1484630 509
1484640 509
1484650 509
1484660 509
1484670 509
1484680 509
1484690 509
1484700 509
1484710 509
1484720 509
1484730 509
1484740 509
1484750 509
1484760 509
1484770 509
1484780 509
1484790 509
1484800 509
1484810 508
1484820 507
1484830 507
1484840 507
1484850 508
1484860 508
1484870 508
1484880 507
1484890 507
1484900 507
1484910 506
1484920 506
1484930 506
1484940 506
1484950 506
1484960 506
1484970 506
1484980 506
1484990 506
1485000 506
1485010 506
1485020 507
1485030 507
1485040 507
1485050 507
1485060 508
1485070 508
1485080 509
1485090 510
1485100 510
1485110 511
1485120 512
1485130 512
1485140 512
1485150 513
1485160 513
1485170 514
1485180 514
1485190 514
1485200 515
1485210 515
1485220 515
1485230 516
1485240 517
1485250 517
1485260 517
1485270 518
1485280 518
1485290 519
1485300 519
1485310 519
1485320 520
1485330 521
1485340 521
1485350 521
1485360 522
1485370 522
1485380 523
1485390 524
1485400 524
1485410 524
1485420 524
1485430 524
1485440 524
1485450 524
1485460 524
1485470 524
1485480 524
1485490 524
1485500 524
1485510 524
1485520 524
1485530 523
1485540 522
1485550 522
1485560 521
1485570 520
1485580 520
1485590 519
1485600 518
1485610 518
1485620 518
1485630 517
1485640 517
1485650 516
1485660 515
1485670 515
1485680 515
1485690 514
1485700 514
1485710 514
1485720 514
1485730 514
1485740 513
1485750 512
1485760 511
1485770 511
1485780 510
1485790 510
1485800 510
1485810 509
1485820 509
1485830 509
1485840 508
1485850 507
1485860 507
1485870 507
1485880 507
1485890 507
1485900 506
1485910 506
1485920 506
1485930 507
1485940 511
1485950 511
1485960 514
1485970 516
1485980 516
1485990 518
1486000 522
1486010 522
1486020 526
1486030 527
1486040 527
1486050 527
1486060 527
1486070 527
1486080 526
1486090 525
1486100 525
1486110 524
1486120 523
1486130 523
1486140 523
1486150 525
1486160 525
1486170 529
1486180 533
1486190 533
1486200 535
1486210 538
1486220 538
1486230 543
1486240 547
1486250 547
1486260 548
1486270 547
1486280 547
1486290 547
1486300 548
1486310 548
1486320 549
1486330 550
1486340 550
1486350 550
1486360 550
1486370 550
1486380 551
1486390 552
1486400 552
1486410 554
1486420 557
1486430 557
1486440 560
1486450 564
1486460 564
1486470 569
1486480 573
1486490 573
1486500 571
1486510 567
1486520 567
1486530 565
1486540 562
1486550 562
1486560 559
1486570 555
1486580 555
1486590 553
1486600 552
1486610 552
1486620 551
1486630 551
1486640 551
1486650 550
1486660 548
1486670 548
1486680 549
1486690 550
1486700 550
1486710 550
1486720 550
1486730 550
1486740 550
1486750 549
1486760 549
1486770 547
1486780 549
1486790 549
1486800 551
1486810 554
1486820 554
1486830 557
1486840 560
1486850 560
1486860 563
1486870 566
1486880 566
1486890 568
1486900 569
1486910 569
1486920 570
1486930 571
1486940 571
1486950 572
1486960 573
1486970 573
1486980 575
1486990 577
1487000 577
1487010 578
1487020 579
1487030 579
1487040 580
1487050 582
1487060 582
1487070 583
1487080 585
1487090 585
1487100 587
1487110 590
1487120 590
1487130 594
1487140 597
1487150 597
1487160 600
1487170 601
1487180 601
1487190 602
1487200 601
1487210 601
1487220 600
1487230 597
1487240 597
1487250 593
1487260 589
1487270 589
1487280 587
1487290 585
1487300 585
1487310 584
1487320 582
1487330 582
1487340 581
1487350 580
1487360 580
1487370 579
1487380 578
1487390 578
1487400 577
1487410 576
1487420 576
1487430 575
1487440 575
1487450 575
1487460 575
1487470 574
1487480 574
1487490 574
1487500 573
1487510 573
1487520 574
1487530 574
1487540 574
1487550 575
1487560 576
1487570 576
1487580 576
1487590 576
1487600 576
1487610 575
1487620 573
1487630 573
1487640 572
1487650 570
1487660 570
1487670 568
1487680 566
1487690 566
1487700 563
1487710 559
1487720 559
1487730 555
1487740 551
1487750 551
1487760 547
1487770 544
1487780 544
1487790 542
1487800 542
1487810 542
1487820 542
1487830 543
1487840 545
1487850 545
1487860 546
1487870 546
1487880 546
1487890 546
1487900 546
1487910 546
1487920 546
1487930 547
1487940 547
1487950 547
1487960 547
1487970 547
1487980 547
1487990 547
1488000 547
1488010 547
1488020 547
1488030 547
1488040 546
1488050 547
1488060 547
1488070 547
1488080 547
1488090 547
1488100 548
1488110 549
1488120 549
1488130 552
1488140 555
1488150 555
1488160 558
1488170 560
1488180 560
1488190 563
1488200 565
1488210 565
1488220 567
1488230 569
1488240 569
1488250 571
1488260 574
1488270 574
1488280 577
1488290 579
1488300 579
1488310 581
1488320 583
1488330 583
1488340 583
1488350 583
1488360 583
1488370 584
1488380 584
1488390 584
1488400 584
1488410 584
1488420 584
1488430 584
1488440 584
1488450 584
1488460 584
1488470 582
1488480 582
1488490 581
1488500 580
1488510 580
1488520 579
1488530 577
1488540 577
1488550 574
1488560 571
1488570 571
1488580 567
1488590 565
1488600 565
1488610 563
1488620 560
1488630 560
1488640 557
1488650 557
1488660 557
1488670 558
1488680 560
1488690 560
1488700 562
1488710 564
1488720 564
1488730 566
1488740 567
1488750 567
1488760 568
1488770 569
1488780 569
1488790 570
1488800 572
1488810 572
1488820 573
1488830 575
1488840 575
1488850 577
1488860 578
1488870 578
1488880 580
1488890 581
1488900 581
1488910 582
1488920 583
1488930 583
1488940 584
1488950 586
1488960 586
1488970 589
1488980 593
1488990 593
1489000 596
1489010 599
1489020 599
1489030 600
1489040 600
1489050 600
1489060 600
1489070 600
1489080 600
1489090 600
1489100 599
1489110 599
1489120 597
1489130 593
1489140 593
1489150 590
1489160 587
1489170 587
1489180 585
1489190 583
1489200 583
1489210 582
1489220 580
1489230 580
1489240 578
1489250 576
1489260 576
1489270 573
1489280 569
1489290 569
1489300 571
1489310 572
1489320 572
1489330 574
1489340 575
1489350 575
1489360 575
1489370 574
1489380 574
1489390 572
1489400 570
1489410 570
1489420 569
1489430 567
1489440 567
1489450 566
1489460 565
1489470 565
1489480 564
1489490 563
1489500 563
1489510 562
1489520 561
1489530 561
1489540 560
1489550 559
1489560 559
1489570 559
1489580 558
1489590 558
1489600 558
1489610 558
1489620 558
1489630 557
1489640 557
1489650 557
1489660 559
1489670 561
1489680 561
1489690 564
1489700 566
1489710 566
1489720 568
1489730 570
1489740 570
1489750 573
1489760 575
1489770 575
1489780 577
1489790 578
1489800 578
1489810 580
1489820 581
1489830 583
1489840 583
1489850 584
1489860 586
1489870 586
1489880 588
1489890 592
1489900 592
1489910 596
1489920 600
1489930 600
1489940 600
1489950 598
1489960 598
1489970 596
1489980 595
1489990 595
1490000 594
1490010 594
1490020 594
1490030 594
1490040 595
1490050 595
1490060 596
1490070 598
1490080 598
1490090 600
1490100 601
1490110 601
1490120 602
1490130 602
1490140 602
1490150 602
1490160 601
1490170 601
1490180 600
1490190 599
1490200 599
1490210 599
1490220 598
1490230 598
1490240 597
1490250 595
1490260 595
1490270 592
1490280 590
1490290 590
1490300 589
1490310 587
1490320 587
1490330 586
1490340 586
1490350 586
1490360 585
1490370 584
1490380 584
1490390 584
1490400 584
1490410 584
1490420 584
1490430 584
1490440 584
1490450 585
1490460 585
1490470 585
1490480 586
1490490 586
1490500 586
1490510 587
1490520 588
1490530 588
1490540 588
1490550 589
1490560 589
1490570 590
1490580 591
1490590 591
1490600 592
1490610 592
1490620 592
1490630 592
1490640 592
1490650 592
1490660 591
1490670 590
1490680 590
1490690 589
1490700 588
1490710 588
1490720 588
1490730 588
1490740 588
1490750 587
1490760 587
1490770 587
1490780 587
1490790 586
1490800 586
1490810 586
1490820 585
1490830 585
1490840 584
1490850 583
1490860 583
1490870 582
1490880 580
1490890 580
1490900 578
1490910 576
1490920 576
1490930 576
1490940 577
1490950 577
1490960 579
1490970 579
1490980 579
1490990 579
1491000 579
1491010 579
1491020 577
1491030 576
1491040 576
1491050 575
1491060 574
1491070 574
1491080 572
1491090 571
1491100 571
1491110 571
1491120 571
1491130 571
1491140 571
1491150 571
1491160 571
1491170 571
1491180 571
1491190 571
1491200 570
1491210 569
1491220 569
1491230 569
1491240 568
1491250 568
1491260 568
1491270 567
1491280 567
1491290 567
1491300 568
1491310 568
1491320 568
1491330 569
1491340 569
1491350 568
1491360 567
1491370 567
1491380 565
1491390 564
1491400 564
1491410 562
1491420 560
1491430 560
1491440 558
1491450 557
1491460 557
1491470 556
1491480 555
1491490 555
1491500 554
1491510 554
1491520 554
1491530 553
1491540 552
1491550 552
1491560 551
1491570 550
1491580 550
1491590 549
1491600 548
1491610 548
1491620 547
1491630 546
1491640 546
1491650 545
1491660 544
1491670 544
1491680 543
1491690 542
1491700 542
1491710 541
1491720 541
1491730 541
1491740 540
1491750 539
1491760 539
1491770 538
1491780 537
1491790 537
1491800 536
1491810 535
1491820 535
1491830 534
1491840 533
1491850 533
1491860 531
1491870 530
1491880 530
1491890 530
1491900 530
1491910 529
1491920 529
1491930 528
1491940 528
1491950 528
1491960 527
1491970 527
1491980 527
1491990 527
1492000 527
1492010 527
1492020 527
1492030 527
1492040 527
1492050 528
1492060 529
1492070 529
1492080 530
1492090 531
1492100 531
1492110 532
1492120 532
1492130 532
1492140 533
1492150 534
1492160 534
1492170 533
1492180 531
1492190 531
1492200 530
1492210 529
1492220 529
1492230 529
1492240 531
1492250 531
1492260 535
1492270 537
1492280 537
1492290 537
1492300 537
1492310 537
1492320 537
1492330 536
1492340 536
1492350 536
1492360 536
1492370 536
1492380 536
1492390 536
1492400 536
1492410 536
1492420 536
1492430 536
1492440 536
1492450 536
1492460 536
1492470 536
1492480 535
1492490 535
1492500 534
1492510 534
1492520 534
1492530 534
1492540 533
1492550 533
1492560 533
1492570 533
1492580 533
1492590 532
1492600 531
1492610 531
1492620 531
1492630 530
1492640 530
1492650 529
1492660 528
1492670 528
1492680 528
1492690 527
1492700 527
1492710 526
1492720 525
1492730 525
1492740 524
1492750 524
1492760 524
1492770 523
1492780 521
1492790 521
1492800 521
1492810 520
1492820 520
1492830 518
1492840 518
1492850 518
1492860 516
1492870 515
1492880 515
1492890 514
1492900 513
1492910 513
1492920 512
1492930 512
1492940 512
1492950 512
1492960 511
1492970 511
1492980 510
1492990 509
1493000 509
1493010 509
1493020 509
1493030 509
1493040 508
1493050 508
1493060 508
1493070 508
1493080 508
1493090 508
1493100 507
1493110 507
1493120 507
1493130 507
1493140 506
1493150 506
1493160 506
1493170 505
1493180 505
1493190 505
1493200 505
1493210 505
1493220 504
1493230 504
1493240 504
1493250 504
1493260 504
1493270 504
1493280 504
1493290 504
1493300 504
1493310 504
1493320 504
1493330 504
1493340 504
1493350 504
1493360 504
1493370 503
1493380 503
1493390 503
1493400 503
1493410 503
1493420 503
1493430 503
1493440 503
1493450 503
1493460 503
1493470 502
1493480 502
1493490 502
1493500 502
1493510 502
1493520 502
1493530 502
1493540 502
1493550 502
1493560 502
1493570 502
1493580 501
1493590 501
1493600 501
1493610 501
1493620 501
1493630 501
1493640 501
1493650 501
1493660 501
1493670 501
1493680 500
1493690 500
1493700 500
1493710 500
1493720 500
1493730 500
1493740 500
1493750 500
1493760 500
1493770 499
1493780 499
1493790 499
1493800 499
1493810 499
1493820 499
1493830 499
1493840 499
1493850 499
1493860 499
1493870 499
1493880 498
1493890 498
1493900 498
1493910 498
1493920 498
1493930 499
1493940 499
1493950 499
1493960 499
1493970 499
1493980 499
1493990 499
1494000 499
1494010 498
1494020 498
1494030 498
1494040 497
1494050 497
1494060 497
1494070 497
1494080 497
1494090 497
1494100 497
1494110 497
1494120 497
1494130 496
1494140 497
1494150 497
1494160 497
1494170 497
1494180 497
1494190 497
1494200 497
1494210 497
1494220 497
1494230 497
1494240 497
1494250 497
1494260 497
1494270 497
1494280 497
1494290 497
1494300 497
1494310 497
1494320 497
1494330 497
1494340 498
1494350 498
1494360 498
1494370 497
1494380 498
1494390 498
1494400 498
1494410 497
1494420 497
1494430 497
1494440 498
1494450 498
1494460 498
1494470 498
1494480 498
1494490 499
1494500 499
1494510 499
1494520 499
1494530 499
1494540 499
1494550 500
1494560 500
1494570 500
1494580 500
1494590 500
1494600 500
1494610 500
1494620 500
1494630 500
1494640 500
1494650 500
1494660 500
1494670 501
1494680 501
1494690 501
1494700 501
1494710 502
1494720 502
1494730 502
1494740 503
1494750 503
1494760 503
1494770 504
1494780 504
1494790 504
1494800 503
1494810 503
1494820 503
1494830 503
1494840 503
1494850 503
1494860 503
1494870 503
1494880 504
1494890 504
1494900 504
1494910 505
1494920 505
1494930 505
1494940 506
1494950 507
1494960 507
1494970 507
1494980 508
1494990 508
1495000 510
1495010 511
1495020 511
1495030 512
1495040 513
1495050 513
1495060 514
1495070 515
1495080 515
1495090 516
1495100 517
1495110 517
1495120 518
1495130 519
1495140 519
1495150 519
1495160 520
1495170 520
1495180 521
1495190 522
1495200 522
1495210 523
1495220 524
1495230 524
1495240 525
1495250 527
1495260 527
1495270 528
1495280 530
1495290 530
1495300 532
1495310 533
1495320 533
1495330 535
1495340 536
1495350 536
1495360 538
1495370 539
1495380 539
1495390 541
1495400 542
1495410 542
1495420 543
1495430 544
1495440 544
1495450 543
1495460 541
1495470 541
1495480 538
1495490 535
1495500 535
1495510 533
1495520 531
1495530 531
1495540 530
1495550 530
1495560 530
1495570 530
1495580 530
1495590 530
1495600 531
1495610 532
1495620 532
1495630 532
1495640 533
1495650 533
1495660 534
1495670 535
1495680 535
1495690 536
1495700 537
1495710 537
1495720 538
1495730 540
1495740 540
1495750 542
1495760 543
1495770 543
1495780 545
1495790 546
1495800 546
1495810 547
1495820 549
1495830 549
1495840 550
1495850 551
1495860 551
1495870 553
1495880 554
1495890 554
1495900 556
1495910 556
1495920 557
1495930 557
1495940 556
1495950 553
1495960 553
1495970 550
1495980 545
1495990 545
1496000 541
1496010 539
1496020 539
1496030 537
1496040 536
1496050 536
1496060 535
1496070 534
1496080 534
1496090 533
1496100 533
1496110 533
1496120 533
1496130 534
1496140 534
1496150 535
1496160 535
1496170 535
1496180 536
1496190 536
1496200 536
1496210 536
1496220 536
1496230 536
1496240 535
1496250 534
1496260 534
1496270 534
1496280 533
1496290 533
1496300 532
1496310 532
1496320 532
1496330 531
1496340 530
1496350 530
1496360 529
1496370 529
1496380 529
1496390 528
1496400 528
1496410 528
1496420 527
1496430 526
1496440 526
1496450 526
1496460 525
1496470 525
1496480 525
1496490 524
1496500 524
1496510 523
1496520 522
1496530 522
1496540 522
1496550 521
1496560 521
1496570 520
1496580 520
1496590 520
1496600 519
1496610 519
1496620 519
1496630 518
1496640 517
1496650 517
1496660 516
1496670 515
1496680 515
1496690 513
1496700 513
1496710 513
1496720 513
1496730 513
1496740 513
1496750 513
1496760 513
1496770 513
1496780 513
1496790 514
1496800 514
1496810 514
1496820 514
1496830 514
1496840 514
1496850 514
1496860 514
1496870 515
1496880 515
1496890 515
1496900 517
1496910 518
1496920 518
1496930 519
1496940 520
1496950 520
1496960 520
1496970 521
1496980 521
1496990 521
1497000 522
1497010 522
1497020 522
1497030 523
1497040 523
1497050 523
1497060 523
1497070 523
1497080 523
1497090 524
1497100 524
1497110 526
1497120 526
1497130 526
1497140 527
1497150 527
1497160 527
1497170 528
1497180 528
1497190 528
1497200 527
1497210 528
1497220 528
1497230 529
1497240 530
1497250 530
1497260 531
1497270 532
1497280 532
1497290 532
1497300 533
1497310 533
1497320 534
1497330 535
1497340 535
1497350 537
1497360 538
1497370 538
1497380 540
1497390 541
1497400 541
1497410 543
1497420 545
1497430 545
1497440 547
1497450 550
1497460 550
1497470 552
1497480 555
1497490 555
1497500 558
1497510 560
1497520 560
1497530 562
1497540 564
1497550 564
1497560 565
1497570 566
1497580 566
1497590 566
1497600 567
1497610 567
1497620 567
1497630 566
1497640 566
1497650 566
1497660 566
1497670 566
1497680 566
1497690 565
1497700 565
1497710 565
1497720 565
1497730 565
1497740 564
1497750 563
1497760 563
1497770 563
1497780 562
1497790 562
1497800 562
1497810 561
1497820 561
1497830 560
1497840 560
1497850 560
1497860 559
1497870 558
1497880 558
1497890 558
1497900 557
1497910 557
1497920 556
1497930 555
1497940 555
1497950 554
1497960 554
1497970 553
1497980 553
1497990 553
1498000 552
1498010 552
1498020 551
1498030 550
1498040 550
1498050 549
1498060 548
1498070 548
1498080 547
1498090 546
1498100 546
1498110 545
1498120 545
1498130 545
1498140 544
1498150 544
1498160 544
1498170 543
1498180 543
1498190 543
1498200 543
1498210 542
1498220 542
1498230 542
1498240 542
1498250 542
1498260 541
1498270 541
1498280 541
1498290 541
1498300 540
1498310 540
1498320 540
1498330 539
1498340 539
1498350 539
1498360 539
1498370 539
1498380 539
1498390 538
1498400 538
1498410 538
1498420 538
1498430 538
1498440 538
1498450 538
1498460 538
1498470 538
1498480 537
1498490 537
1498500 537
1498510 536
1498520 536
1498530 536
1498540 533
1498550 533
1498560 527
1498570 525
1498580 525
1498590 525
1498600 525
1498610 525
1498620 525
1498630 525
1498640 525
1498650 526
1498660 526
1498670 526
1498680 526
1498690 525
1498700 525
1498710 525
1498720 525
1498730 525
1498740 525
1498750 526
1498760 526
1498770 526
1498780 525
1498790 525
1498800 524
1498810 524
1498820 524
1498830 523
1498840 523
1498850 523
1498860 522
1498870 522
1498880 522
1498890 521
1498900 521
1498910 521
1498920 521
1498930 520
1498940 520
1498950 519
1498960 519
1498970 519
1498980 518
1498990 516
1499000 516
1499010 516
1499020 516
1499030 516
1499040 515
1499050 515
1499060 515
1499070 515
1499080 515
1499090 515
1499100 515
1499110 515
1499120 515
1499130 515
1499140 514
1499150 514
1499160 514
1499170 514
1499180 514
1499190 514
1499200 514
1499210 514
1499220 514
1499230 514
1499240 514
1499250 514
1499260 513
1499270 513
1499280 514
1499290 514
1499300 514
1499310 514
1499320 514
1499330 514
1499340 514
1499350 515
1499360 515
1499370 515
1499380 515
1499390 515
1499400 514
1499410 514
1499420 514
1499430 514
1499440 514
1499450 514
1499460 514
1499470 513
1499480 513
1499490 513
1499500 513
1499510 513
1499520 512
1499530 512
1499540 512
1499550 512
1499560 511
1499570 511
1499580 511
1499590 511
1499600 511
1499610 511
1499620 509
1499630 509
1499640 507
1499650 505
1499660 505
1499670 504
1499680 503
1499690 503
1499700 503
1499710 503
1499720 503
1499730 502
1499740 504
1499750 504
1499760 507
1499770 510
1499780 510
1499790 511
1499800 511
1499810 511
1499820 512
1499830 512
1499840 512
1499850 512
1499860 511
1499870 511
1499880 511
1499890 510
1499900 510
1499910 509
1499920 509
1499930 509
1499940 508
1499950 508
1499960 508
1499970 508
1499980 507
1499990 507
