1480000 497
1480010 497
1480020 498
1480030 500
1480040 500
1480050 501
1480060 502
1480070 502
1480080 504
1480090 506
1480100 506
1480110 509
1480120 511
1480130 511
1480140 512
1480150 513
1480160 513
1480170 513
1480180 514
1480190 514
1480200 515
1480210 516
1480220 516
1480230 518
1480240 520
1480250 520
1480260 522
1480270 524
1480280 524
1480290 527
1480300 529
1480310 529
1480320 531
1480330 533
1480340 533
1480350 533
1480360 533
1480370 533
1480380 533
1480390 535
1480400 535
1480410 537
1480420 539
1480430 539
1480440 541
1480450 543
1480460 543
1480470 544
1480480 547
1480490 547
1480500 549
1480510 553
1480520 553
1480530 556
1480540 559
1480550 559
1480560 562
1480570 564
1480580 564
1480590 565
1480600 566
1480610 566
1480620 567
1480630 568
1480640 568
1480650 568
1480660 567
1480670 567
1480680 565
1480690 563
1480700 563
1480710 561
1480720 558
1480730 558
1480740 554
1480750 551
1480760 551
1480770 548
1480780 545
1480790 545
1480800 542
1480810 539
1480820 539
1480830 537
1480840 537
1480850 537
1480860 537
1480870 539
1480880 539
1480890 541
1480900 544
1480910 544
1480920 548
1480930 552
1480940 552
1480950 555
1480960 558
1480970 558
1480980 558
1480990 556
1481000 556
1481010 552
1481020 548
1481030 548
1481040 544
1481050 540
1481060 540
1481070 536
1481080 533
1481090 533
1481100 532
1481110 532
1481120 532
1481130 533
1481140 532
1481150 532
1481160 533
1481170 533
1481180 533
1481190 533
1481200 533
1481210 533
1481220 531
1481230 529
1481240 529
1481250 528
1481260 528
1481270 528
1481280 528
1481290 527
1481300 527
1481310 528
1481320 529
1481330 529
1481340 530
1481350 531
1481360 531
1481370 532
1481380 532
1481390 532
1481400 533
1481410 534
1481420 534
1481430 535
1481440 536
1481450 536
1481460 537
1481470 538
1481480 539
1481490 539
1481500 540
1481510 541
1481520 541
1481530 542
1481540 543
1481550 543
1481560 544
1481570 545
1481580 545
1481590 546
1481600 546
1481610 546
1481620 547
1481630 547
1481640 547
1481650 548
1481660 549
1481670 549
1481680 549
1481690 549
1481700 549
1481710 551
1481720 552
1481730 552
1481740 553
1481750 554
1481760 554
1481770 555
1481780 557
1481790 557
1481800 559
1481810 561
1481820 561
1481830 562
1481840 564
1481850 564
1481860 565
1481870 566
1481880 566
1481890 566
1481900 567
1481910 567
1481920 568
1481930 570
1481940 570
1481950 571
1481960 573
1481970 573
1481980 574
1481990 576
1482000 576
1482010 579
1482020 582
1482030 582
1482040 584
1482050 588
1482060 588
1482070 591
1482080 595
1482090 595
1482100 597
1482110 599
1482120 599
1482130 600
1482140 599
1482150 599
1482160 597
1482170 594
1482180 594
1482190 591
1482200 587
1482210 587
1482220 585
1482230 582
1482240 582
1482250 578
1482260 575
1482270 575
1482280 573
1482290 571
1482300 571
1482310 569
1482320 567
1482330 567
1482340 565
1482350 563
1482360 563
1482370 561
1482380 558
1482390 558
1482400 554
1482410 552
1482420 552
1482430 554
1482440 556
1482450 556
1482460 558
1482470 559
1482480 559
1482490 560
1482500 560
1482510 560
1482520 561
1482530 562
1482540 562
1482550 563
1482560 565
1482570 565
1482580 566
1482590 567
1482600 567
1482610 567
1482620 568
1482630 568
1482640 567
1482650 567
1482660 567
1482670 565
1482680 563
1482690 563
1482700 560
1482710 556
1482720 556
1482730 552
1482740 549
1482750 549
1482760 547
1482770 545
1482780 545
1482790 545
1482800 545
1482810 545
1482820 548
1482830 552
1482840 552
1482850 556
1482860 561
1482870 561
1482880 566
1482890 570
1482900 570
1482910 573
1482920 576
1482930 576
1482940 580
1482950 582
1482960 582
1482970 584
1482980 586
1482990 586
1483000 587
1483010 588
1483020 588
1483030 589
1483040 588
1483050 588
1483060 588
1483070 587
1483080 587
1483090 585
1483100 583
1483110 583
1483120 581
1483130 579
1483140 579
1483150 578
1483160 576
1483170 576
1483180 574
1483190 573
1483200 573
1483210 571
1483220 569
1483230 569
1483240 568
1483250 566
1483260 566
1483270 565
1483280 563
1483290 563
1483300 562
1483310 560
1483320 560
1483330 558
1483340 555
1483350 555
1483360 553
1483370 550
1483380 550
1483390 548
1483400 547
1483410 547
1483420 546
1483430 545
1483440 545
1483450 544
1483460 543
1483470 543
1483480 542
1483490 541
1483500 541
1483510 540
1483520 539
1483530 539
1483540 537
1483550 536
1483560 536
1483570 535
1483580 534
1483590 534
1483600 532
1483610 530
1483620 530
1483630 529
1483640 527
1483650 526
1483660 526
1483670 525
1483680 525
1483690 525
1483700 526
1483710 527
1483720 527
1483730 530
1483740 532
1483750 532
1483760 533
1483770 535
1483780 535
1483790 537
1483800 540
1483810 540
1483820 544
1483830 548
1483840 548
1483850 552
1483860 556
1483870 556
1483880 560
1483890 563
1483900 563
1483910 567
1483920 571
1483930 571
1483940 574
1483950 577
1483960 577
1483970 578
1483980 579
1483990 579
1484000 580
1484010 580
1484020 580
1484030 581
1484040 582
1484050 582
1484060 582
1484070 581
1484080 581
1484090 581
1484100 580
1484110 580
1484120 580
1484130 580
1484140 580
1484150 580
1484160 579
1484170 579
1484180 577
1484190 576
1484200 576
1484210 576
1484220 575
1484230 575
1484240 575
1484250 575
1484260 575
1484270 575
1484280 574
1484290 574
1484300 574
1484310 574
1484320 574
1484330 571
1484340 569
1484350 569
1484360 567
1484370 566
1484380 566
1484390 565
1484400 565
1484410 565
1484420 564
1484430 563
1484440 563
1484450 562
1484460 560
1484470 560
1484480 559
1484490 558
1484500 558
1484510 557
1484520 556
1484530 556
1484540 555
1484550 554
1484560 554
1484570 552
1484580 550
1484590 550
1484600 548
1484610 546
1484620 546
1484630 544
1484640 542
1484650 542
1484660 540
1484670 538
1484680 538
1484690 536
1484700 534
1484710 534
1484720 533
1484730 531
1484740 531
1484750 530
1484760 529
1484770 529
1484780 528
1484790 527
1484800 527
1484810 527
1484820 526
1484830 526
1484840 526
1484850 525
1484860 525
1484870 524
1484880 524
1484890 524
1484900 523
1484910 522
1484920 522
1484930 522
1484940 522
1484950 522
1484960 521
1484970 521
1484980 521
1484990 522
1485000 522
1485010 522
1485020 522
1485030 522
1485040 522
1485050 522
1485060 522
1485070 522
1485080 522
1485090 521
1485100 521
1485110 521
1485120 521
1485130 521
1485140 520
1485150 519
1485160 519
1485170 518
1485180 517
1485190 517
1485200 516
1485210 516
1485220 516
1485230 514
1485240 513
1485250 513
1485260 508
1485270 503
1485280 503
1485290 501
1485300 500
1485310 500
1485320 497
1485330 496
1485340 496
1485350 495
1485360 495
1485370 495
1485380 494
1485390 494
1485400 494
1485410 492
1485420 492
1485430 492
1485440 491
1485450 491
1485460 491
1485470 491
1485480 491
1485490 491
1485500 491
1485510 492
1485520 492
1485530 491
1485540 491
1485550 491
1485560 491
1485570 490
1485580 490
1485590 491
1485600 492
1485610 492
1485620 492
1485630 492
1485640 492
1485650 492
1485660 493
1485670 493
1485680 493
1485690 494
1485700 494
1485710 494
1485720 494
1485730 494
1485740 494
1485750 494
1485760 494
1485770 494
1485780 494
1485790 494
1485800 495
1485810 497
1485820 498
1485830 498
1485840 499
1485850 499
1485860 499
1485870 499
1485880 499
1485890 499
1485900 500
1485910 499
1485920 499
1485930 499
1485940 499
1485950 499
1485960 499
1485970 499
1485980 499
1485990 500
1486000 500
1486010 500
1486020 500
1486030 500
1486040 500
1486050 500
1486060 500
1486070 500
1486080 500
1486090 500
1486100 500
1486110 500
1486120 501
1486130 501
1486140 501
1486150 501
1486160 501
1486170 501
1486180 501
1486190 501
1486200 502
1486210 502
1486220 502
1486230 503
1486240 503
1486250 503
1486260 503
1486270 504
1486280 504
1486290 504
1486300 504
1486310 504
1486320 505
1486330 506
1486340 506
1486350 506
1486360 507
1486370 507
1486380 508
1486390 509
1486400 509
1486410 510
1486420 511
1486430 511
1486440 511
1486450 512
1486460 512
1486470 513
1486480 513
1486490 513
1486500 514
1486510 514
1486520 514
1486530 514
1486540 514
1486550 514
1486560 514
1486570 514
1486580 514
1486590 513
1486600 513
1486610 513
1486620 513
1486630 514
1486640 514
1486650 514
1486660 514
1486670 514
1486680 515
1486690 515
1486700 515
1486710 516
1486720 516
1486730 516
1486740 517
1486750 518
1486760 518
1486770 518
1486780 519
1486790 519
1486800 520
1486810 520
1486820 520
1486830 520
1486840 520
1486850 520
1486860 520
1486870 520
1486880 520
1486890 520
1486900 520
1486910 520
1486920 520
1486930 520
1486940 520
1486950 519
1486960 519
1486970 519
1486980 518
1486990 517
1487000 517
1487010 516
1487020 514
1487030 514
1487040 512
1487050 510
1487060 510
1487070 510
1487080 510
1487090 510
1487100 510
1487110 510
1487120 510
1487130 511
1487140 511
1487150 511
1487160 512
1487170 513
1487180 513
1487190 513
1487200 514
1487210 514
1487220 515
1487230 515
1487240 515
1487250 516
1487260 516
1487270 516
1487280 517
1487290 518
1487300 518
1487310 520
1487320 521
1487330 521
1487340 522
1487350 524
1487360 524
1487370 526
1487380 528
1487390 528
1487400 529
1487410 530
1487420 530
1487430 532
1487440 533
1487450 533
1487460 535
1487470 536
1487480 536
1487490 537
1487500 538
1487510 538
1487520 539
1487530 540
1487540 540
1487550 541
1487560 542
1487570 542
1487580 543
1487590 543
1487600 543
1487610 544
1487620 544
1487630 544
1487640 543
1487650 543
1487660 543
1487670 543
1487680 542
1487690 542
1487700 542
1487710 541
1487720 541
1487730 541
1487740 540
1487750 540
1487760 540
1487770 540
1487780 540
1487790 540
1487800 539
1487810 539
1487820 538
1487830 537
1487840 537
1487850 535
1487860 534
1487870 534
1487880 533
1487890 532
1487900 532
1487910 531
1487920 530
1487930 530
1487940 529
1487950 528
1487960 528
1487970 527
1487980 526
1487990 526
1488000 525
1488010 524
1488020 523
1488030 523
1488040 522
1488050 521
1488060 521
1488070 520
1488080 519
1488090 519
1488100 518
1488110 517
1488120 517
1488130 515
1488140 514
1488150 514
1488160 513
1488170 513
1488180 513
1488190 513
1488200 512
1488210 512
1488220 511
1488230 510
1488240 510
1488250 510
1488260 511
1488270 511
1488280 511
1488290 511
1488300 511
1488310 512
1488320 513
1488330 513
1488340 514
1488350 515
1488360 515
1488370 515
1488380 516
1488390 516
1488400 517
1488410 518
1488420 518
1488430 518
1488440 519
1488450 519
1488460 520
1488470 521
1488480 521
1488490 521
1488500 522
1488510 522
1488520 522
1488530 522
1488540 522
1488550 523
1488560 523
1488570 523
1488580 522
1488590 522
1488600 522
1488610 522
1488620 522
1488630 522
1488640 522
1488650 521
1488660 521
1488670 521
1488680 521
1488690 521
1488700 520
1488710 520
1488720 520
1488730 519
1488740 519
1488750 519
1488760 518
1488770 518
1488780 518
1488790 517
1488800 517
1488810 517
1488820 517
1488830 516
1488840 516
1488850 516
1488860 515
1488870 515
1488880 515
1488890 515
1488900 515
1488910 515
1488920 515
1488930 515
1488940 515
1488950 516
1488960 516
1488970 516
1488980 517
1488990 517
1489000 517
1489010 518
1489020 518
1489030 518
1489040 518
1489050 518
1489060 519
1489070 520
1489080 520
1489090 520
1489100 520
1489110 520
1489120 521
1489130 521
1489140 521
1489150 522
1489160 522
1489170 522
1489180 523
1489190 523
1489200 523
1489210 524
1489220 525
1489230 525
1489240 526
1489250 526
1489260 526
1489270 527
1489280 528
1489290 528
1489300 529
1489310 530
1489320 530
1489330 530
1489340 531
1489350 531
1489360 532
1489370 533
1489380 533
1489390 534
1489400 535
1489410 535
1489420 536
1489430 536
1489440 536
1489450 537
1489460 538
1489470 538
1489480 539
1489490 540
1489500 540
1489510 541
1489520 542
1489530 542
1489540 543
1489550 544
1489560 544
1489570 546
1489580 547
1489590 547
1489600 548
1489610 549
1489620 549
1489630 550
1489640 551
1489650 551
1489660 552
1489670 554
1489680 554
1489690 555
1489700 556
1489710 556
1489720 556
1489730 553
1489740 553
1489750 550
1489760 549
1489770 549
1489780 548
1489790 546
1489800 546
1489810 544
1489820 541
1489830 541
1489840 539
1489850 537
1489860 537
1489870 537
1489880 536
1489890 536
1489900 535
1489910 533
1489920 533
1489930 531
1489940 529
1489950 529
1489960 527
1489970 524
1489980 524
1489990 521
1490000 518
1490010 518
1490020 515
1490030 515
1490040 515
1490050 519
1490060 522
1490070 522
1490080 521
1490090 518
1490100 518
1490110 515
1490120 517
1490130 517
1490140 521
1490150 525
1490160 525
1490170 527
1490180 528
1490190 529
1490200 529
1490210 530
1490220 530
1490230 530
1490240 530
1490250 530
1490260 530
1490270 529
1490280 528
1490290 528
1490300 528
1490310 527
1490320 527
1490330 527
1490340 527
1490350 527
1490360 529
1490370 530
1490380 530
1490390 531
1490400 532
1490410 532
1490420 533
1490430 534
1490440 534
1490450 535
1490460 536
1490470 536
1490480 536
1490490 536
1490500 536
1490510 536
1490520 535
1490530 535
1490540 534
1490550 533
1490560 533
1490570 533
1490580 532
1490590 532
1490600 530
1490610 529
1490620 529
1490630 528
1490640 527
1490650 527
1490660 527
1490670 526
1490680 526
1490690 526
1490700 526
1490710 526
1490720 526
1490730 526
1490740 526
1490750 527
1490760 527
1490770 527
1490780 527
1490790 527
1490800 527
1490810 526
1490820 525
1490830 525
1490840 524
1490850 524
1490860 524
1490870 523
1490880 522
1490890 522
1490900 521
1490910 520
1490920 520
1490930 519
1490940 519
1490950 519
1490960 518
1490970 518
1490980 518
1490990 517
1491000 516
1491010 516
1491020 515
1491030 515
1491040 515
1491050 514
1491060 513
1491070 513
1491080 513
1491090 512
1491100 512
1491110 512
1491120 511
1491130 511
1491140 509
1491150 508
1491160 508
1491170 508
1491180 507
1491190 507
1491200 505
1491210 505
1491220 505
1491230 508
1491240 513
1491250 513
1491260 516
1491270 517
1491280 517
1491290 518
1491300 519
1491310 519
1491320 520
1491330 522
1491340 522
1491350 523
1491360 523
1491370 523
1491380 523
1491390 522
1491400 522
1491410 520
1491420 517
1491430 517
1491440 515
1491450 514
1491460 514
1491470 512
1491480 510
1491490 510
1491500 510
1491510 512
1491520 512
1491530 514
1491540 515
1491550 515
1491560 516
1491570 517
1491580 517
1491590 518
1491600 519
1491610 519
1491620 520
1491630 521
1491640 521
1491650 523
1491660 524
1491670 524
1491680 525
1491690 526
1491700 526
1491710 527
1491720 528
1491730 528
1491740 528
1491750 529
1491760 529
1491770 529
1491780 529
1491790 529
1491800 529
1491810 529
1491820 529
1491830 528
1491840 528
1491850 528
1491860 527
1491870 527
1491880 527
1491890 527
1491900 526
1491910 526
1491920 526
1491930 526
1491940 526
1491950 525
1491960 524
1491970 524
1491980 523
1491990 522
1492000 522
1492010 521
1492020 521
1492030 521
1492040 520
1492050 520
1492060 520
1492070 520
1492080 520
1492090 520
1492100 519
1492110 518
1492120 518
1492130 517
1492140 516
1492150 516
1492160 516
1492170 515
1492180 515
1492190 515
1492200 514
1492210 514
1492220 514
1492230 513
1492240 513
1492250 512
1492260 512
1492270 512
1492280 512
1492290 512
1492300 512
1492310 511
1492320 512
1492330 512
1492340 512
1492350 512
1492360 513
1492370 513
1492380 514
1492390 514
1492400 514
1492410 516
1492420 516
1492430 516
1492440 516
1492450 516
1492460 516
1492470 517
1492480 517
1492490 517
1492500 517
1492510 516
1492520 516
1492530 516
1492540 516
1492550 516
1492560 515
1492570 515
1492580 515
1492590 515
1492600 516
1492610 516
1492620 519
1492630 521
1492640 521
1492650 521
1492660 521
1492670 521
1492680 521
1492690 520
1492700 520
1492710 520
1492720 519
1492730 519
1492740 519
1492750 518
1492760 518
1492770 518
1492780 517
1492790 517
1492800 517
1492810 516
1492820 516
1492830 515
1492840 515
1492850 515
1492860 514
1492870 513
1492880 513
1492890 512
1492900 512
1492910 512
1492920 511
1492930 510
1492940 510
1492950 509
1492960 508
1492970 508
1492980 507
1492990 506
1493000 506
1493010 504
1493020 502
1493030 502
1493040 500
1493050 499
1493060 499
1493070 498
1493080 497
1493090 497
1493100 496
1493110 496
1493120 496
1493130 495
1493140 495
1493150 495
1493160 494
1493170 494
1493180 494
1493190 493
1493200 493
1493210 493
1493220 493
1493230 493
1493240 493
1493250 492
1493260 492
1493270 492
1493280 492
1493290 492
1493300 492
1493310 492
1493320 492
1493330 492
1493340 492
1493350 492
1493360 492
1493370 492
1493380 492
1493390 492
1493400 492
1493410 492
1493420 492
1493430 492
1493440 492
1493450 492
1493460 492
1493470 492
1493480 492
1493490 492
1493500 492
1493510 492
1493520 492
1493530 492
1493540 492
1493550 492
1493560 492
1493570 492
1493580 492
1493590 492
1493600 492
1493610 492
1493620 492
1493630 492
1493640 492
1493650 492
1493660 492
1493670 491
1493680 491
1493690 491
1493700 491
1493710 490
1493720 490
1493730 490
1493740 489
1493750 489
1493760 489
1493770 489
1493780 489
1493790 489
1493800 489
1493810 489
1493820 488
1493830 487
1493840 487
1493850 487
1493860 487
1493870 487
1493880 489
1493890 489
1493900 489
1493910 489
1493920 489
1493930 489
1493940 489
1493950 489
1493960 489
1493970 489
1493980 488
1493990 488
1494000 488
1494010 489
1494020 489
1494030 489
1494040 489
1494050 489
1494060 489
1494070 489
1494080 489
1494090 489
1494100 489
1494110 489
1494120 489
1494130 489
1494140 489
1494150 489
1494160 489
1494170 489
1494180 489
1494190 490
1494200 490
1494210 490
1494220 490
1494230 490
1494240 490
1494250 490
1494260 490
1494270 489
1494280 490
1494290 490
1494300 490
1494310 490
1494320 490
1494330 490
1494340 490
1494350 490
1494360 490
1494370 490
1494380 490
1494390 490
1494400 491
1494410 491
1494420 491
1494430 491
1494440 491
1494450 492
1494460 492
1494470 492
1494480 492
1494490 493
1494500 493
1494510 493
1494520 493
1494530 493
1494540 493
1494550 493
1494560 494
1494570 494
1494580 494
1494590 494
1494600 494
1494610 494
1494620 494
1494630 494
1494640 496
1494650 496
1494660 496
1494670 497
1494680 498
1494690 498
1494700 500
1494710 501
1494720 501
1494730 501
1494740 502
1494750 502
1494760 503
1494770 504
1494780 504
1494790 505
1494800 505
1494810 505
1494820 506
1494830 506
1494840 506
1494850 507
1494860 507
1494870 507
1494880 508
1494890 509
1494900 509
1494910 509
1494920 510
1494930 510
1494940 511
1494950 511
1494960 511
1494970 512
1494980 514
1494990 514
1495000 515
1495010 515
1495020 515
1495030 516
1495040 516
1495050 516
1495060 515
1495070 514
1495080 514
1495090 512
1495100 511
1495110 511
1495120 510
1495130 510
1495140 510
1495150 510
1495160 510
1495170 510
1495180 510
1495190 510
1495200 510
1495210 510
1495220 511
1495230 511
1495240 511
1495250 511
1495260 511
1495270 511
1495280 511
1495290 511
1495300 511
1495310 510
1495320 510
1495330 509
1495340 508
1495350 508
1495360 508
1495370 507
1495380 507
1495390 506
1495400 505
1495410 505
1495420 505
1495430 505
1495440 505
1495450 505
1495460 505
1495470 505
1495480 505
1495490 505
1495500 505
1495510 505
1495520 506
1495530 506
1495540 506
1495550 506
1495560 506
1495570 506
1495580 507
1495590 507
1495600 507
1495610 507
1495620 507
1495630 507
1495640 508
1495650 508
1495660 508
1495670 509
1495680 509
1495690 510
1495700 510
1495710 510
1495720 510
1495730 511
1495740 511
1495750 511
1495760 511
1495770 511
1495780 512
1495790 512
1495800 512
1495810 513
1495820 513
1495830 513
1495840 514
1495850 514
1495860 514
1495870 514
1495880 515
1495890 515
1495900 515
1495910 515
1495920 515
1495930 516
1495940 516
1495950 516
1495960 517
1495970 517
1495980 517
1495990 517
1496000 518
1496010 518
1496020 518
1496030 518
1496040 518
1496050 519
1496060 519
1496070 519
1496080 520
1496090 520
1496100 520
1496110 521
1496120 521
1496130 521
1496140 522
1496150 522
1496160 522
1496170 523
1496180 523
1496190 523
1496200 524
1496210 525
1496220 525
1496230 525
1496240 526
1496250 526
1496260 527
1496270 527
1496280 527
1496290 528
1496300 528
1496310 528
1496320 529
1496330 529
1496340 529
1496350 530
1496360 530
1496370 530
1496380 531
1496390 531
1496400 531
1496410 532
1496420 533
1496430 533
1496440 534
1496450 535
1496460 535
1496470 536
1496480 537
1496490 537
1496500 538
1496510 539
1496520 539
1496530 540
1496540 540
1496550 540
1496560 541
1496570 541
1496580 541
1496590 542
1496600 542
1496610 542
1496620 542
1496630 542
1496640 542
1496650 541
1496660 541
1496670 541
1496680 541
1496690 540
1496700 540
1496710 540
1496720 540
1496730 539
1496740 539
1496750 539
1496760 538
1496770 538
1496780 538
1496790 538
1496800 538
1496810 537
1496820 537
1496830 537
1496840 537
1496850 536
1496860 536
1496870 536
1496880 536
1496890 536
1496900 536
1496910 537
1496920 537
1496930 538
1496940 539
1496950 539
1496960 540
1496970 541
1496980 541
1496990 541
1497000 542
1497010 542
1497020 543
1497030 544
1497040 544
1497050 545
1497060 546
1497070 546
1497080 547
1497090 548
1497100 548
1497110 549
1497120 551
1497130 551
1497140 552
1497150 553
1497160 553
1497170 555
1497180 557
1497190 557
1497200 559
1497210 561
1497220 561
1497230 563
1497240 564
1497250 564
1497260 565
1497270 566
1497280 566
1497290 566
1497300 566
1497310 566
1497320 566
1497330 565
1497340 565
1497350 565
1497360 564
1497370 564
1497380 564
1497390 563
1497400 563
1497410 562
1497420 562
1497430 562
1497440 561
1497450 561
1497460 561
1497470 560
1497480 559
1497490 559
1497500 559
1497510 558
1497520 558
1497530 557
1497540 557
1497550 557
1497560 556
1497570 555
1497580 555
1497590 555
1497600 554
1497610 554
1497620 553
1497630 553
1497640 553
1497650 552
1497660 551
1497670 551
1497680 550
1497690 549
1497700 549
1497710 549
1497720 548
1497730 548
1497740 547
1497750 547
1497760 547
1497770 546
1497780 545
1497790 545
1497800 545
1497810 544
1497820 544
1497830 543
1497840 542
1497850 542
1497860 542
1497870 541
1497880 541
1497890 540
1497900 540
1497910 540
1497920 539
1497930 538
1497940 538
1497950 538
1497960 537
1497970 537
1497980 537
1497990 536
1498000 536
1498010 535
1498020 535
1498030 535
1498040 535
1498050 534
1498060 534
1498070 534
1498080 534
1498090 534
1498100 534
1498110 534
1498120 534
1498130 534
1498140 534
1498150 534
1498160 534
1498170 533
1498180 533
1498190 532
1498200 532
1498210 532
1498220 532
1498230 532
1498240 532
1498250 532
1498260 532
1498270 532
1498280 531
1498290 531
1498300 531
1498310 531
1498320 531
1498330 531
1498340 531
1498350 531
1498360 531
1498370 531
1498380 532
1498390 532
1498400 532
1498410 532
1498420 532
1498430 532
1498440 532
1498450 532
1498460 532
1498470 533
1498480 533
1498490 533
1498500 533
1498510 533
1498520 533
1498530 533
1498540 533
1498550 533
1498560 534
1498570 534
1498580 534
1498590 534
1498600 534
1498610 534
1498620 534
1498630 534
1498640 534
1498650 534
1498660 534
1498670 534
1498680 534
1498690 534
1498700 533
1498710 533
1498720 533
1498730 533
1498740 534
1498750 534
1498760 534
1498770 534
1498780 534
1498790 534
1498800 534
1498810 534
1498820 534
1498830 534
1498840 534
1498850 534
1498860 534
1498870 534
1498880 534
1498890 534
1498900 534
1498910 534
1498920 534
1498930 534
1498940 534
1498950 534
1498960 533
1498970 533
1498980 533
1498990 533
1499000 533
1499010 533
1499020 532
1499030 532
1499040 531
1499050 530
1499060 530
1499070 529
1499080 527
1499090 527
1499100 526
1499110 525
1499120 525
1499130 524
1499140 523
1499150 523
1499160 522
1499170 522
1499180 522
1499190 521
1499200 521
1499210 521
1499220 520
1499230 519
1499240 519
1499250 519
1499260 518
1499270 518
1499280 517
1499290 516
1499300 516
1499310 515
1499320 514
1499330 514
1499340 514
1499350 513
1499360 513
1499370 513
1499380 513
1499390 513
1499400 513
1499410 512
1499420 512
1499430 512
1499440 511
1499450 511
1499460 511
1499470 511
1499480 511
1499490 510
1499500 510
1499510 510
1499520 510
1499530 509
1499540 509
1499550 509
1499560 509
1499570 509
1499580 508
1499590 508
1499600 508
1499610 508
1499620 508
1499630 508
1499640 508
1499650 507
1499660 507
1499670 507
1499680 507
1499690 507
1499700 506
1499710 506
1499720 506
1499730 505
1499740 505
1499750 505
1499760 504
1499770 504
1499780 504
1499790 504
1499800 503
1499810 503
1499820 503
1499830 503
1499840 503
1499850 502
1499860 502
1499870 502
1499880 502
1499890 502
1499900 502
1499910 501
1499920 501
1499930 501
1499940 500
1499950 500
1499960 500
1499970 499
1499980 498
1499990 498
