1480000 398
1480010 398
1480020 398
1480030 398
1480040 398
1480050 398
1480060 398
1480070 398
1480080 398
1480090 399
1480100 399
1480110 399
1480120 399
1480130 399
1480140 399
1480150 399
1480160 399
1480170 399
1480180 399
1480190 399
1480200 399
1480210 399
1480220 399
1480230 399
1480240 399
1480250 399
1480260 399
1480270 399
1480280 399
1480290 399
1480300 399
1480310 399
1480320 399
1480330 399
1480340 400
1480350 400
1480360 400
1480370 400
1480380 400
1480390 400
1480400 400
1480410 400
1480420 400
1480430 400
1480440 400
1480450 400
1480460 400
1480470 400
1480480 400
1480490 400
1480500 400
1480510 401
1480520 401
1480530 401
1480540 402
1480550 404
1480560 404
1480570 406
1480580 408
1480590 408
1480600 409
1480610 409
1480620 409
1480630 410
1480640 410
1480650 410
1480660 410
1480670 411
1480680 411
1480690 411
1480700 412
1480710 412
1480720 412
1480730 412
1480740 412
1480750 413
1480760 413
1480770 413
1480780 414
1480790 414
1480800 414
1480810 415
1480820 415
1480830 415
1480840 416
1480850 417
1480860 417
1480870 418
1480880 420
1480890 420
1480900 421
1480910 423
1480920 423
1480930 426
1480940 428
1480950 428
1480960 429
1480970 429
1480980 429
1480990 429
1481000 429
1481010 429
1481020 428
1481030 427
1481040 427
1481050 427
1481060 426
1481070 426
1481080 426
1481090 425
1481100 425
1481110 425
1481120 424
1481130 424
1481140 424
1481150 423
1481160 423
1481170 422
1481180 421
1481190 421
1481200 421
1481210 421
1481220 421
1481230 421
1481240 420
1481250 420
1481260 419
1481270 419
1481280 419
1481290 419
1481300 419
1481310 419
1481320 419
1481330 419
1481340 419
1481350 419
1481360 419
1481370 419
1481380 418
1481390 418
1481400 418
1481410 418
1481420 418
1481430 418
1481440 418
1481450 418
1481460 418
1481470 418
1481480 418
1481490 418
1481500 418
1481510 418
1481520 418
1481530 418
1481540 418
1481550 418
1481560 418
1481570 417
1481580 417
1481590 417
1481600 416
1481610 416
1481620 415
1481630 413
1481640 413
1481650 412
1481660 412
1481670 412
1481680 413
1481690 415
1481700 415
1481710 416
1481720 417
1481730 417
1481740 417
1481750 418
1481760 418
1481770 418
1481780 418
1481790 418
1481800 419
1481810 419
1481820 419
1481830 419
1481840 419
1481850 419
1481860 420
1481870 420
1481880 420
1481890 420
1481900 420
1481910 420
1481920 420
1481930 420
1481940 420
1481950 420
1481960 420
1481970 420
1481980 420
1481990 420
1482000 420
1482010 420
1482020 420
1482030 420
1482040 420
1482050 420
1482060 420
1482070 419
1482080 419
1482090 419
1482100 419
1482110 419
1482120 419
1482130 419
1482140 419
1482150 419
1482160 419
1482170 418
1482180 418
1482190 418
1482200 417
1482210 417
1482220 416
1482230 415
1482240 415
1482250 414
1482260 413
1482270 413
1482280 412
1482290 411
1482300 411
1482310 411
1482320 411
1482330 411
1482340 410
1482350 410
1482360 410
1482370 410
1482380 410
1482390 410
1482400 410
1482410 409
1482420 409
1482430 409
1482440 408
1482450 408
1482460 408
1482470 408
1482480 408
1482490 408
1482500 409
1482510 409
1482520 408
1482530 408
1482540 408
1482550 408
1482560 407
1482570 407
1482580 407
1482590 407
1482600 408
1482610 408
1482620 408
1482630 408
1482640 408
1482650 408
1482660 408
1482670 408
1482680 408
1482690 408
1482700 408
1482710 409
1482720 409
1482730 409
1482740 409
1482750 409
1482760 409
1482770 408
1482780 408
1482790 408
1482800 408
1482810 408
1482820 408
1482830 408
1482840 408
1482850 408
1482860 408
1482870 408
1482880 408
1482890 408
1482900 408
1482910 408
1482920 408
1482930 408
1482940 408
1482950 408
1482960 409
1482970 409
1482980 409
1482990 409
1483000 409
1483010 409
1483020 409
1483030 409
1483040 409
1483050 409
1483060 409
1483070 410
1483080 410
1483090 410
1483100 410
1483110 410
1483120 410
1483130 410
1483140 410
1483150 410
1483160 410
1483170 410
1483180 410
1483190 410
1483200 410
1483210 410
1483220 410
1483230 410
1483240 410
1483250 410
1483260 410
1483270 410
1483280 410
1483290 410
1483300 410
1483310 410
1483320 410
1483330 410
1483340 409
1483350 409
1483360 409
1483370 409
1483380 409
1483390 409
1483400 409
1483410 409
1483420 409
1483430 409
1483440 409
1483450 409
1483460 409
1483470 410
1483480 410
1483490 410
1483500 409
1483510 409
1483520 409
1483530 409
1483540 409
1483550 409
1483560 409
1483570 409
1483580 410
1483590 410
1483600 410
1483610 410
1483620 410
1483630 410
1483640 410
1483650 410
1483660 410
1483670 410
1483680 410
1483690 410
1483700 410
1483710 410
1483720 410
1483730 410
1483740 410
1483750 410
1483760 410
1483770 410
1483780 410
1483790 410
1483800 410
1483810 410
1483820 410
1483830 410
1483840 410
1483850 410
1483860 411
1483870 411
1483880 411
1483890 411
1483900 411
1483910 411
1483920 411
1483930 411
1483940 412
1483950 412
1483960 412
1483970 412
1483980 411
1483990 411
1484000 411
1484010 411
1484020 411
1484030 411
1484040 411
1484050 411
1484060 411
1484070 411
1484080 411
1484090 411
1484100 412
1484110 412
1484120 412
1484130 413
1484140 413
1484150 413
1484160 413
1484170 413
1484180 413
1484190 413
1484200 413
1484210 413
1484220 413
1484230 413
1484240 413
1484250 413
1484260 413
1484270 413
1484280 413
1484290 413
1484300 413
1484310 413
1484320 413
1484330 413
1484340 413
1484350 413
1484360 413
1484370 414
1484380 414
1484390 414
1484400 414
1484410 414
1484420 414
1484430 415
1484440 415
1484450 415
1484460 415
1484470 415
1484480 415
1484490 414
1484500 414
1484510 414
1484520 413
1484530 413
1484540 413
1484550 413
1484560 413
1484570 414
1484580 414
1484590 414
1484600 414
1484610 414
1484620 414
1484630 414
1484640 414
1484650 414
1484660 414
1484670 414
1484680 414
1484690 414
1484700 414
1484710 414
1484720 414
1484730 414
1484740 414
1484750 414
1484760 414
1484770 414
1484780 414
1484790 415
1484800 415
1484810 414
1484820 414
1484830 414
1484840 414
1484850 415
1484860 415
1484870 415
1484880 415
1484890 415
1484900 415
1484910 415
1484920 415
1484930 415
1484940 415
1484950 415
1484960 415
1484970 415
1484980 415
1484990 415
1485000 415
1485010 415
1485020 415
1485030 415
1485040 415
1485050 415
1485060 415
1485070 415
1485080 415
1485090 415
1485100 415
1485110 415
1485120 415
1485130 415
1485140 415
1485150 415
1485160 415
1485170 415
1485180 415
1485190 415
1485200 415
1485210 415
1485220 415
1485230 415
1485240 415
1485250 415
1485260 416
1485270 416
1485280 416
1485290 416
1485300 416
1485310 416
1485320 416
1485330 416
1485340 416
1485350 416
1485360 416
1485370 416
1485380 416
1485390 416
1485400 416
1485410 417
1485420 417
1485430 417
1485440 417
1485450 417
1485460 417
1485470 417
1485480 417
1485490 417
1485500 417
1485510 417
1485520 417
1485530 417
1485540 417
1485550 417
1485560 417
1485570 417
1485580 417
1485590 417
1485600 417
1485610 417
1485620 417
1485630 417
1485640 417
1485650 418
1485660 418
1485670 418
1485680 418
1485690 418
1485700 418
1485710 418
1485720 418
1485730 418
1485740 418
1485750 418
1485760 418
1485770 418
1485780 418
1485790 418
1485800 418
1485810 418
1485820 418
1485830 418
1485840 418
1485850 418
1485860 418
1485870 418
1485880 418
1485890 419
1485900 419
1485910 419
1485920 419
1485930 419
1485940 419
1485950 420
1485960 421
1485970 421
1485980 422
1485990 424
1486000 424
1486010 425
1486020 426
1486030 426
1486040 428
1486050 429
1486060 429
1486070 429
1486080 430
1486090 430
1486100 431
1486110 432
1486120 432
1486130 434
1486140 435
1486150 435
1486160 436
1486170 436
1486180 436
1486190 437
1486200 438
1486210 438
1486220 439
1486230 440
1486240 440
1486250 441
1486260 442
1486270 442
1486280 442
1486290 443
1486300 443
1486310 444
1486320 445
1486330 445
1486340 446
1486350 448
1486360 448
1486370 449
1486380 450
1486390 450
1486400 451
1486410 452
1486420 452
1486430 453
1486440 454
1486450 454
1486460 456
1486470 457
1486480 457
1486490 458
1486500 459
1486510 459
1486520 460
1486530 461
1486540 461
1486550 462
1486560 462
1486570 462
1486580 461
1486590 460
1486600 460
1486610 460
1486620 461
1486630 461
1486640 463
1486650 465
1486660 465
1486670 467
1486680 467
1486690 467
1486700 467
1486710 467
1486720 467
1486730 467
1486740 467
1486750 467
1486760 467
1486770 467
1486780 467
1486790 467
1486800 466
1486810 466
1486820 467
1486830 467
1486840 467
1486850 467
1486860 467
1486870 467
1486880 467
1486890 467
1486900 467
1486910 467
1486920 468
1486930 468
1486940 468
1486950 469
1486960 469
1486970 470
1486980 471
1486990 471
1487000 472
1487010 473
1487020 473
1487030 473
1487040 474
1487050 475
1487060 475
1487070 477
1487080 478
1487090 478
1487100 480
1487110 481
1487120 481
1487130 483
1487140 484
1487150 484
1487160 485
1487170 486
1487180 486
1487190 486
1487200 487
1487210 487
1487220 487
1487230 488
1487240 488
1487250 488
1487260 488
1487270 488
1487280 488
1487290 488
1487300 488
1487310 489
1487320 489
1487330 489
1487340 490
1487350 490
1487360 490
1487370 490
1487380 490
1487390 490
1487400 490
1487410 490
1487420 490
1487430 490
1487440 490
1487450 490
1487460 489
1487470 489
1487480 489
1487490 489
1487500 489
1487510 489
1487520 489
1487530 488
1487540 488
1487550 488
1487560 488
1487570 488
1487580 487
1487590 486
1487600 486
1487610 485
1487620 484
1487630 484
1487640 482
1487650 480
1487660 480
1487670 478
1487680 476
1487690 476
1487700 474
1487710 471
1487720 471
1487730 470
1487740 468
1487750 468
1487760 467
1487770 465
1487780 465
1487790 464
1487800 463
1487810 463
1487820 462
1487830 461
1487840 461
1487850 461
1487860 461
1487870 461
1487880 460
1487890 460
1487900 460
1487910 459
1487920 459
1487930 459
1487940 458
1487950 457
1487960 457
1487970 456
1487980 455
1487990 455
1488000 454
1488010 453
1488020 453
1488030 451
1488040 447
1488050 447
1488060 445
1488070 446
1488080 446
1488090 446
1488100 446
1488110 446
1488120 446
1488130 448
1488140 448
1488150 450
1488160 453
1488170 453
1488180 455
1488190 457
1488200 457
1488210 458
1488220 459
1488230 459
1488240 460
1488250 461
1488260 461
1488270 462
1488280 463
1488290 463
1488300 464
1488310 465
1488320 465
1488330 466
1488340 468
1488350 468
1488360 469
1488370 470
1488380 470
1488390 471
1488400 472
1488410 472
1488420 473
1488430 475
1488440 475
1488450 476
1488460 477
1488470 477
1488480 478
1488490 479
1488500 479
1488510 478
1488520 478
1488530 478
1488540 478
1488550 483
1488560 483
1488570 490
1488580 495
1488590 495
1488600 497
1488610 498
1488620 498
1488630 499
1488640 500
1488650 500
1488660 501
1488670 501
1488680 501
1488690 502
1488700 502
1488710 502
1488720 502
1488730 503
1488740 503
1488750 503
1488760 503
1488770 503
1488780 503
1488790 503
1488800 503
1488810 503
1488820 504
1488830 504
1488840 504
1488850 503
1488860 503
1488870 503
1488880 503
1488890 503
1488900 503
1488910 502
1488920 502
1488930 502
1488940 501
1488950 501
1488960 501
1488970 501
1488980 501
1488990 501
1489000 500
1489010 500
1489020 500
1489030 500
1489040 500
1489050 499
1489060 499
1489070 499
1489080 498
1489090 498
1489100 498
1489110 497
1489120 497
1489130 497
1489140 496
1489150 496
1489160 496
1489170 496
1489180 495
1489190 495
1489200 495
1489210 495
1489220 495
1489230 496
1489240 496
1489250 496
1489260 496
1489270 496
1489280 496
1489290 497
1489300 497
1489310 497
1489320 497
1489330 497
1489340 497
1489350 497
1489360 497
1489370 497
1489380 497
1489390 497
1489400 497
1489410 497
1489420 497
1489430 497
1489440 497
1489450 497
1489460 497
1489470 497
1489480 497
1489490 497
1489500 497
1489510 497
1489520 497
1489530 497
1489540 497
1489550 497
1489560 497
1489570 497
1489580 497
1489590 497
1489600 496
1489610 496
1489620 496
1489630 495
1489640 495
1489650 495
1489660 494
1489670 494
1489680 494
1489690 493
1489700 493
1489710 493
1489720 492
1489730 492
1489740 491
1489750 490
1489760 490
1489770 489
1489780 488
1489790 488
1489800 487
1489810 486
1489820 486
1489830 485
1489840 484
1489850 484
1489860 483
1489870 482
1489880 482
1489890 480
1489900 478
1489910 478
1489920 476
1489930 473
1489940 473
1489950 471
1489960 470
1489970 470
1489980 469
1489990 469
1490000 469
1490010 468
1490020 467
1490030 467
1490040 465
1490050 464
1490060 464
1490070 465
1490080 467
1490090 467
1490100 468
1490110 469
1490120 469
1490130 471
1490140 472
1490150 472
1490160 473
1490170 474
1490180 474
1490190 476
1490200 477
1490210 477
1490220 478
1490230 479
1490240 479
1490250 480
1490260 480
1490270 480
1490280 480
1490290 480
1490300 480
1490310 480
1490320 480
1490330 480
1490340 480
1490350 479
1490360 479
1490370 479
1490380 478
1490390 478
1490400 477
1490410 476
1490420 476
1490430 475
1490440 474
1490450 474
1490460 473
1490470 472
1490480 472
1490490 471
1490500 470
1490510 470
1490520 469
1490530 469
1490540 469
1490550 468
1490560 467
1490570 467
1490580 466
1490590 466
1490600 466
1490610 465
1490620 464
1490630 464
1490640 463
1490650 461
1490660 461
1490670 461
1490680 461
1490690 461
1490700 463
1490710 464
1490720 464
1490730 465
1490740 466
1490750 466
1490760 466
1490770 466
1490780 466
1490790 466
1490800 466
1490810 466
1490820 466
1490830 466
1490840 466
1490850 465
1490860 464
1490870 464
1490880 465
1490890 465
1490900 465
1490910 466
1490920 467
1490930 467
1490940 467
1490950 468
1490960 468
1490970 468
1490980 468
1490990 468
1491000 468
1491010 469
1491020 469
1491030 469
1491040 469
1491050 469
1491060 469
1491070 469
1491080 469
1491090 470
1491100 470
1491110 470
1491120 470
1491130 470
1491140 470
1491150 470
1491160 469
1491170 469
1491180 469
1491190 469
1491200 469
1491210 469
1491220 469
1491230 469
1491240 469
1491250 469
1491260 469
1491270 469
1491280 468
1491290 468
1491300 468
1491310 468
1491320 468
1491330 468
1491340 467
1491350 467
1491360 467
1491370 467
1491380 467
1491390 466
1491400 466
1491410 466
1491420 465
1491430 464
1491440 464
1491450 464
1491460 463
1491470 462
1491480 462
1491490 460
1491500 460
1491510 460
1491520 459
1491530 458
1491540 458
1491550 457
1491560 457
1491570 457
1491580 456
1491590 455
1491600 455
1491610 454
1491620 453
1491630 453
1491640 452
1491650 451
1491660 451
1491670 450
1491680 449
1491690 449
1491700 449
1491710 448
1491720 448
1491730 448
1491740 449
1491750 449
1491760 450
1491770 452
1491780 452
1491790 454
1491800 456
1491810 456
1491820 458
1491830 458
1491840 458
1491850 459
1491860 459
1491870 459
1491880 459
1491890 459
1491900 459
1491910 459
1491920 458
1491930 458
1491940 458
1491950 458
1491960 458
1491970 458
1491980 458
1491990 458
1492000 457
1492010 457
1492020 457
1492030 457
1492040 457
1492050 457
1492060 456
1492070 456
1492080 456
1492090 455
1492100 455
1492110 455
1492120 454
1492130 454
1492140 454
1492150 453
1492160 453
1492170 453
1492180 452
1492190 452
1492200 452
1492210 451
1492220 450
1492230 450
1492240 450
1492250 449
1492260 449
1492270 448
1492280 446
1492290 446
1492300 446
1492310 445
1492320 445
1492330 444
1492340 443
1492350 443
1492360 442
1492370 442
1492380 442
1492390 441
1492400 441
1492410 441
1492420 440
1492430 440
1492440 440
1492450 440
1492460 439
1492470 439
1492480 439
1492490 438
1492500 438
1492510 438
1492520 437
1492530 437
1492540 437
1492550 436
1492560 436
1492570 436
1492580 436
1492590 436
1492600 435
1492610 435
1492620 435
1492630 435
1492640 435
1492650 435
1492660 435
1492670 435
1492680 435
1492690 436
1492700 438
1492710 438
1492720 440
1492730 442
1492740 442
1492750 444
1492760 445
1492770 445
1492780 445
1492790 446
1492800 446
1492810 446
1492820 447
1492830 447
1492840 447
1492850 447
1492860 447
1492870 448
1492880 447
1492890 447
1492900 447
1492910 447
1492920 447
1492930 447
1492940 447
1492950 447
1492960 448
1492970 447
1492980 447
1492990 447
1493000 448
1493010 448
1493020 449
1493030 449
1493040 449
1493050 449
1493060 450
1493070 450
1493080 451
1493090 451
1493100 451
1493110 452
1493120 453
1493130 453
1493140 454
1493150 455
1493160 455
1493170 456
1493180 457
1493190 457
1493200 458
1493210 459
1493220 459
1493230 460
1493240 461
1493250 461
1493260 462
1493270 463
1493280 463
1493290 464
1493300 465
1493310 465
1493320 466
1493330 467
1493340 467
1493350 469
1493360 470
1493370 470
1493380 471
1493390 472
1493400 472
1493410 473
1493420 475
1493430 475
1493440 476
1493450 476
1493460 476
1493470 476
1493480 477
1493490 477
1493500 477
1493510 477
1493520 477
1493530 478
1493540 480
1493550 480
1493560 479
1493570 481
1493580 481
1493590 481
1493600 482
1493610 482
1493620 482
1493630 481
1493640 481
1493650 480
1493660 479
1493670 479
1493680 478
1493690 476
1493700 476
1493710 474
1493720 471
1493730 471
1493740 469
1493750 468
1493760 468
1493770 467
1493780 466
1493790 466
1493800 465
1493810 464
1493820 464
1493830 464
1493840 463
1493850 463
1493860 463
1493870 462
1493880 462
1493890 462
1493900 462
1493910 462
1493920 461
1493930 461
1493940 461
1493950 461
1493960 461
1493970 461
1493980 461
1493990 461
1494000 461
1494010 461
1494020 461
1494030 461
1494040 462
1494050 462
1494060 462
1494070 462
1494080 462
1494090 462
1494100 462
1494110 462
1494120 462
1494130 462
1494140 462
1494150 462
1494160 462
1494170 463
1494180 463
1494190 463
1494200 463
1494210 463
1494220 463
1494230 463
1494240 463
1494250 463
1494260 463
1494270 463
1494280 462
1494290 461
1494300 461
1494310 461
1494320 459
1494330 459
1494340 457
1494350 455
1494360 455
1494370 453
1494380 450
1494390 450
1494400 448
1494410 446
1494420 446
1494430 445
1494440 444
1494450 444
1494460 445
1494470 446
1494480 446
1494490 446
1494500 447
1494510 447
1494520 448
1494530 450
1494540 450
1494550 451
1494560 453
1494570 453
1494580 454
1494590 456
1494600 456
1494610 457
1494620 459
1494630 459
1494640 459
1494650 459
1494660 459
1494670 457
1494680 453
1494690 453
1494700 451
1494710 449
1494720 449
1494730 448
1494740 449
1494750 449
1494760 449
1494770 451
1494780 451
1494790 452
1494800 454
1494810 454
1494820 455
1494830 456
1494840 456
1494850 458
1494860 459
1494870 459
1494880 459
1494890 459
1494900 459
1494910 460
1494920 459
1494930 459
1494940 459
1494950 458
1494960 458
1494970 458
1494980 457
1494990 457
1495000 456
1495010 456
1495020 456
1495030 455
1495040 455
1495050 455
1495060 454
1495070 454
1495080 454
1495090 453
1495100 452
1495110 452
1495120 452
1495130 451
1495140 451
1495150 451
1495160 451
1495170 451
1495180 450
1495190 450
1495200 450
1495210 449
1495220 449
1495230 449
1495240 448
1495250 448
1495260 448
1495270 447
1495280 446
1495290 446
1495300 446
1495310 445
1495320 445
1495330 444
1495340 444
1495350 444
1495360 443
1495370 442
1495380 442
1495390 442
1495400 441
1495410 441
1495420 441
1495430 441
1495440 441
1495450 440
1495460 440
1495470 440
1495480 440
1495490 440
1495500 440
1495510 439
1495520 439
1495530 439
1495540 439
1495550 438
1495560 438
1495570 438
1495580 438
1495590 438
1495600 437
1495610 437
1495620 437
1495630 436
1495640 436
1495650 436
1495660 436
1495670 436
1495680 436
1495690 435
1495700 435
1495710 435
1495720 434
1495730 434
1495740 434
1495750 434
1495760 434
1495770 434
1495780 434
1495790 434
1495800 434
1495810 433
1495820 433
1495830 433
1495840 432
1495850 432
1495860 432
1495870 431
1495880 431
1495890 431
1495900 431
1495910 431
1495920 431
1495930 431
1495940 432
1495950 432
1495960 432
1495970 432
1495980 432
1495990 432
1496000 432
1496010 433
1496020 433
1496030 433
1496040 434
1496050 434
1496060 435
1496070 437
1496080 437
1496090 438
1496100 439
1496110 439
1496120 439
1496130 440
1496140 440
1496150 441
1496160 441
1496170 441
1496180 442
1496190 442
1496200 442
1496210 442
1496220 442
1496230 442
1496240 441
1496250 437
1496260 437
1496270 437
1496280 438
1496290 438
1496300 439
1496310 440
1496320 440
1496330 441
1496340 442
1496350 442
1496360 443
1496370 444
1496380 444
1496390 445
1496400 445
1496410 445
1496420 445
1496430 444
1496440 444
1496450 443
1496460 441
1496470 441
1496480 438
1496490 436
1496500 436
1496510 434
1496520 433
1496530 433
1496540 432
1496550 432
1496560 432
1496570 431
1496580 431
1496590 431
1496600 432
1496610 433
1496620 433
1496630 434
1496640 434
1496650 434
1496660 435
1496670 436
1496680 436
1496690 437
1496700 438
1496710 438
1496720 438
1496730 439
1496740 439
1496750 439
1496760 440
1496770 440
1496780 441
1496790 441
1496800 441
1496810 442
1496820 442
1496830 442
1496840 443
1496850 444
1496860 444
1496870 444
1496880 445
1496890 445
1496900 445
1496910 445
1496920 445
1496930 446
1496940 446
1496950 446
1496960 446
1496970 447
1496980 447
1496990 447
1497000 448
1497010 448
1497020 448
1497030 449
1497040 449
1497050 449
1497060 450
1497070 450
1497080 452
1497090 453
1497100 453
1497110 454
1497120 455
1497130 455
1497140 456
1497150 457
1497160 457
1497170 458
1497180 459
1497190 459
1497200 460
1497210 461
1497220 461
1497230 461
1497240 460
1497250 460
1497260 459
1497270 458
1497280 458
1497290 457
1497300 456
1497310 456
1497320 456
1497330 456
1497340 456
1497350 456
1497360 457
1497370 457
1497380 458
1497390 459
1497400 459
1497410 460
1497420 461
1497430 461
1497440 462
1497450 462
1497460 462
1497470 463
1497480 464
1497490 464
1497500 465
1497510 466
1497520 466
1497530 467
1497540 467
1497550 467
1497560 468
1497570 469
1497580 469
1497590 469
1497600 469
1497610 469
1497620 469
1497630 469
1497640 469
1497650 469
1497660 469
1497670 469
1497680 469
1497690 469
1497700 469
1497710 468
1497720 468
1497730 468
1497740 467
1497750 467
1497760 467
1497770 466
1497780 466
1497790 466
1497800 465
1497810 465
1497820 465
1497830 464
1497840 464
1497850 464
1497860 463
1497870 463
1497880 463
1497890 463
1497900 462
1497910 462
1497920 462
1497930 462
1497940 462
1497950 461
1497960 461
1497970 461
1497980 461
1497990 460
1498000 460
1498010 460
1498020 459
1498030 459
1498040 459
1498050 458
1498060 458
1498070 458
1498080 458
1498090 458
1498100 457
1498110 457
1498120 457
1498130 456
1498140 456
1498150 456
1498160 455
1498170 455
1498180 455
1498190 454
1498200 454
1498210 454
1498220 453
1498230 453
1498240 453
1498250 452
1498260 452
1498270 452
1498280 451
1498290 450
1498300 450
1498310 449
1498320 448
1498330 448
1498340 446
1498350 445
1498360 445
1498370 444
1498380 443
1498390 443
1498400 442
1498410 440
1498420 440
1498430 438
1498440 437
1498450 437
1498460 436
1498470 435
1498480 435
1498490 434
1498500 434
1498510 434
1498520 434
1498530 434
1498540 434
1498550 433
1498560 433
1498570 433
1498580 433
1498590 433
1498600 433
1498610 433
1498620 433
1498630 433
1498640 432
1498650 432
1498660 432
1498670 432
1498680 433
1498690 433
1498700 433
1498710 434
1498720 434
1498730 435
1498740 435
1498750 435
1498760 436
1498770 438
1498780 438
1498790 439
1498800 441
1498810 441
1498820 443
1498830 446
1498840 446
1498850 448
1498860 449
1498870 449
1498880 451
1498890 452
1498900 452
1498910 453
1498920 453
1498930 453
1498940 454
1498950 454
1498960 454
1498970 454
1498980 454
1498990 454
1499000 453
1499010 453
1499020 453
1499030 453
1499040 452
1499050 452
1499060 452
1499070 451
1499080 451
1499090 450
1499100 450
1499110 450
1499120 450
1499130 449
1499140 449
1499150 448
1499160 447
1499170 447
1499180 446
1499190 445
1499200 445
1499210 444
1499220 443
1499230 443
1499240 443
1499250 442
1499260 442
1499270 441
1499280 441
1499290 441
1499300 440
1499310 440
1499320 440
1499330 439
1499340 438
1499350 438
1499360 438
1499370 437
1499380 437
1499390 437
1499400 436
1499410 436
1499420 435
1499430 435
1499440 435
1499450 434
1499460 433
1499470 433
1499480 432
1499490 432
1499500 432
1499510 431
1499520 430
1499530 430
1499540 430
1499550 430
1499560 430
1499570 428
1499580 428
1499590 428
1499600 428
1499610 430
1499620 430
1499630 431
1499640 431
1499650 431
1499660 432
1499670 432
1499680 432
1499690 432
1499700 432
1499710 432
1499720 432
1499730 432
1499740 432
1499750 432
1499760 432
1499770 432
1499780 432
1499790 432
1499800 432
1499810 432
1499820 432
1499830 432
1499840 432
1499850 433
1499860 433
1499870 432
1499880 432
1499890 432
1499900 433
1499910 433
1499920 433
1499930 433
1499940 433
1499950 433
1499960 433
1499970 433
1499980 433
1499990 433
