1480000 394
1480010 394
1480020 394
1480030 394
1480040 394
1480050 394
1480060 394
1480070 394
1480080 394
1480090 394
1480100 394
1480110 394
1480120 394
1480130 394
1480140 394
1480150 395
1480160 395
1480170 395
1480180 395
1480190 395
1480200 395
1480210 395
1480220 395
1480230 395
1480240 395
1480250 394
1480260 394
1480270 394
1480280 395
1480290 395
1480300 395
1480310 395
1480320 395
1480330 395
1480340 396
1480350 396
1480360 396
1480370 396
1480380 396
1480390 396
1480400 396
1480410 396
1480420 396
1480430 396
1480440 396
1480450 396
1480460 396
1480470 396
1480480 396
1480490 396
1480500 396
1480510 397
1480520 397
1480530 397
1480540 397
1480550 397
1480560 397
1480570 397
1480580 397
1480590 397
1480600 397
1480610 397
1480620 397
1480630 397
1480640 397
1480650 397
1480660 398
1480670 398
1480680 398
1480690 397
1480700 397
1480710 397
1480720 398
1480730 398
1480740 398
1480750 398
1480760 398
1480770 398
1480780 398
1480790 398
1480800 398
1480810 398
1480820 398
1480830 398
1480840 398
1480850 398
1480860 398
1480870 399
1480880 399
1480890 399
1480900 399
1480910 399
1480920 399
1480930 399
1480940 399
1480950 399
1480960 399
1480970 400
1480980 400
1480990 400
1481000 400
1481010 400
1481020 400
1481030 400
1481040 400
1481050 400
1481060 400
1481070 400
1481080 400
1481090 401
1481100 401
1481110 401
1481120 401
1481130 401
1481140 402
1481150 402
1481160 402
1481170 402
1481180 403
1481190 403
1481200 403
1481210 403
1481220 403
1481230 404
1481240 404
1481250 404
1481260 404
1481270 404
1481280 404
1481290 405
1481300 405
1481310 405
1481320 405
1481330 405
1481340 405
1481350 406
1481360 406
1481370 406
1481380 406
1481390 406
1481400 406
1481410 407
1481420 407
1481430 407
1481440 408
1481450 408
1481460 408
1481470 408
1481480 409
1481490 409
1481500 409
1481510 409
1481520 409
1481530 409
1481540 410
1481550 410
1481560 410
1481570 410
1481580 410
1481590 410
1481600 411
1481610 411
1481620 411
1481630 411
1481640 411
1481650 411
1481660 412
1481670 412
1481680 412
1481690 412
1481700 412
1481710 413
1481720 413
1481730 413
1481740 413
1481750 413
1481760 413
1481770 414
1481780 414
1481790 414
1481800 414
1481810 414
1481820 414
1481830 414
1481840 414
1481850 414
1481860 413
1481870 413
1481880 413
1481890 413
1481900 413
1481910 413
1481920 413
1481930 413
1481940 413
1481950 413
1481960 413
1481970 413
1481980 414
1481990 414
1482000 415
1482010 415
1482020 416
1482030 417
1482040 417
1482050 418
1482060 419
1482070 419
1482080 421
1482090 422
1482100 422
1482110 423
1482120 425
1482130 425
1482140 426
1482150 427
1482160 427
1482170 428
1482180 429
1482190 429
1482200 430
1482210 431
1482220 431
1482230 433
1482240 434
1482250 434
1482260 435
1482270 437
1482280 437
1482290 438
1482300 439
1482310 439
1482320 440
1482330 440
1482340 440
1482350 441
1482360 441
1482370 441
1482380 442
1482390 443
1482400 443
1482410 443
1482420 443
1482430 443
1482440 444
1482450 444
1482460 444
1482470 445
1482480 445
1482490 445
1482500 445
1482510 446
1482520 446
1482530 446
1482540 446
1482550 446
1482560 446
1482570 446
1482580 446
1482590 446
1482600 446
1482610 446
1482620 445
1482630 445
1482640 445
1482650 444
1482660 444
1482670 444
1482680 444
1482690 443
1482700 443
1482710 443
1482720 443
1482730 443
1482740 443
1482750 442
1482760 442
1482770 442
1482780 442
1482790 442
1482800 441
1482810 441
1482820 441
1482830 442
1482840 442
1482850 442
1482860 442
1482870 442
1482880 442
1482890 442
1482900 442
1482910 442
1482920 442
1482930 442
1482940 442
1482950 442
1482960 442
1482970 442
1482980 441
1482990 441
1483000 441
1483010 441
1483020 440
1483030 440
1483040 440
1483050 439
1483060 439
1483070 438
1483080 438
1483090 438
1483100 437
1483110 436
1483120 436
1483130 435
1483140 435
1483150 435
1483160 435
1483170 435
1483180 435
1483190 435
1483200 437
1483210 437
1483220 438
1483230 439
1483240 439
1483250 439
1483260 440
1483270 440
1483280 440
1483290 440
1483300 440
1483310 441
1483320 441
1483330 441
1483340 441
1483350 442
1483360 442
1483370 442
1483380 442
1483390 442
1483400 443
1483410 443
1483420 443
1483430 443
1483440 443
1483450 443
1483460 444
1483470 444
1483480 444
1483490 444
1483500 445
1483510 445
1483520 445
1483530 445
1483540 445
1483550 445
1483560 446
1483570 446
1483580 446
1483590 446
1483600 446
1483610 447
1483620 447
1483630 447
1483640 447
1483650 448
1483660 448
1483670 448
1483680 448
1483690 448
1483700 448
1483710 448
1483720 448
1483730 448
1483740 448
1483750 448
1483760 448
1483770 448
1483780 448
1483790 448
1483800 448
1483810 448
1483820 448
1483830 448
1483840 448
1483850 447
1483860 447
1483870 447
1483880 447
1483890 447
1483900 447
1483910 447
1483920 446
1483930 446
1483940 446
1483950 446
1483960 446
1483970 445
1483980 445
1483990 445
1484000 444
1484010 444
1484020 444
1484030 444
1484040 443
1484050 443
1484060 442
1484070 442
1484080 442
1484090 442
1484100 442
1484110 442
1484120 442
1484130 441
1484140 441
1484150 441
1484160 440
1484170 440
1484180 440
1484190 440
1484200 440
1484210 439
1484220 439
1484230 439
1484240 439
1484250 439
1484260 439
1484270 439
1484280 440
1484290 440
1484300 440
1484310 441
1484320 441
1484330 441
1484340 442
1484350 442
1484360 443
1484370 443
1484380 443
1484390 444
1484400 444
1484410 444
1484420 445
1484430 445
1484440 445
1484450 446
1484460 446
1484470 446
1484480 447
1484490 448
1484500 448
1484510 448
1484520 448
1484530 448
1484540 449
1484550 449
1484560 449
1484570 450
1484580 450
1484590 450
1484600 451
1484610 452
1484620 452
1484630 452
1484640 453
1484650 453
1484660 453
1484670 454
1484680 454
1484690 454
1484700 455
1484710 455
1484720 455
1484730 456
1484740 456
1484750 456
1484760 457
1484770 457
1484780 457
1484790 458
1484800 458
1484810 458
1484820 459
1484830 459
1484840 459
1484850 459
1484860 459
1484870 460
1484880 460
1484890 460
1484900 461
1484910 461
1484920 461
1484930 462
1484940 462
1484950 462
1484960 463
1484970 464
1484980 464
1484990 464
1485000 465
1485010 465
1485020 466
1485030 467
1485040 467
1485050 468
1485060 469
1485070 469
1485080 469
1485090 470
1485100 470
1485110 471
1485120 471
1485130 471
1485140 472
1485150 472
1485160 472
1485170 473
1485180 473
1485190 473
1485200 474
1485210 474
1485220 474
1485230 474
1485240 475
1485250 475
1485260 475
1485270 475
1485280 475
1485290 476
1485300 476
1485310 476
1485320 476
1485330 476
1485340 476
1485350 476
1485360 476
1485370 476
1485380 476
1485390 476
1485400 476
1485410 476
1485420 476
1485430 476
1485440 476
1485450 475
1485460 475
1485470 475
1485480 474
1485490 474
1485500 473
1485510 472
1485520 472
1485530 472
1485540 472
1485550 472
1485560 471
1485570 471
1485580 471
1485590 472
1485600 473
1485610 473
1485620 473
1485630 473
1485640 473
1485650 474
1485660 474
1485670 474
1485680 474
1485690 474
1485700 474
1485710 474
1485720 474
1485730 474
1485740 474
1485750 474
1485760 474
1485770 474
1485780 474
1485790 474
1485800 474
1485810 474
1485820 474
1485830 474
1485840 473
1485850 473
1485860 473
1485870 473
1485880 473
1485890 473
1485900 473
1485910 473
1485920 473
1485930 473
1485940 473
1485950 472
1485960 472
1485970 472
1485980 472
1485990 472
1486000 472
1486010 472
1486020 472
1486030 472
1486040 471
1486050 471
1486060 471
1486070 471
1486080 470
1486090 470
1486100 469
1486110 466
1486120 466
1486130 462
1486140 458
1486150 458
1486160 455
1486170 452
1486180 452
1486190 450
1486200 448
1486210 448
1486220 447
1486230 446
1486240 446
1486250 446
1486260 445
1486270 445
1486280 444
1486290 443
1486300 443
1486310 442
1486320 441
1486330 441
1486340 440
1486350 439
1486360 439
1486370 438
1486380 437
1486390 437
1486400 436
1486410 435
1486420 435
1486430 435
1486440 434
1486450 434
1486460 433
1486470 432
1486480 432
1486490 431
1486500 431
1486510 431
1486520 430
1486530 429
1486540 429
1486550 428
1486560 428
1486570 428
1486580 427
1486590 426
1486600 426
1486610 426
1486620 425
1486630 425
1486640 424
1486650 424
1486660 424
1486670 423
1486680 422
1486690 422
1486700 422
1486710 421
1486720 421
1486730 421
1486740 420
1486750 420
1486760 419
1486770 419
1486780 419
1486790 418
1486800 418
1486810 418
1486820 417
1486830 417
1486840 417
1486850 416
1486860 416
1486870 416
1486880 415
1486890 414
1486900 414
1486910 413
1486920 412
1486930 412
1486940 412
1486950 411
1486960 411
1486970 410
1486980 410
1486990 410
1487000 410
1487010 409
1487020 409
1487030 410
1487040 410
1487050 410
1487060 409
1487070 409
1487080 409
1487090 410
1487100 413
1487110 413
1487120 417
1487130 418
1487140 418
1487150 420
1487160 425
1487170 425
1487180 427
1487190 428
1487200 428
1487210 429
1487220 430
1487230 430
1487240 430
1487250 430
1487260 430
1487270 430
1487280 431
1487290 431
1487300 431
1487310 431
1487320 431
1487330 430
1487340 430
1487350 430
1487360 430
1487370 430
1487380 430
1487390 430
1487400 429
1487410 429
1487420 429
1487430 429
1487440 429
1487450 428
1487460 428
1487470 428
1487480 428
1487490 427
1487500 427
1487510 427
1487520 427
1487530 427
1487540 426
1487550 426
1487560 426
1487570 426
1487580 425
1487590 425
1487600 425
1487610 425
1487620 425
1487630 424
1487640 424
1487650 424
1487660 423
1487670 423
1487680 423
1487690 422
1487700 422
1487710 422
1487720 422
1487730 421
1487740 421
1487750 421
1487760 421
1487770 421
1487780 421
1487790 421
1487800 421
1487810 421
1487820 421
1487830 420
1487840 420
1487850 420
1487860 420
1487870 420
1487880 419
1487890 419
1487900 419
1487910 418
1487920 418
1487930 418
1487940 418
1487950 417
1487960 417
1487970 417
1487980 416
1487990 416
1488000 416
1488010 415
1488020 415
1488030 415
1488040 414
1488050 414
1488060 414
1488070 413
1488080 413
1488090 413
1488100 413
1488110 413
1488120 412
1488130 413
1488140 413
1488150 413
1488160 414
1488170 414
1488180 415
1488190 415
1488200 415
1488210 416
1488220 416
1488230 416
1488240 416
1488250 417
1488260 417
1488270 417
1488280 417
1488290 417
1488300 416
1488310 416
1488320 416
1488330 416
1488340 416
1488350 416
1488360 416
1488370 416
1488380 416
1488390 416
1488400 416
1488410 416
1488420 416
1488430 415
1488440 415
1488450 415
1488460 415
1488470 415
1488480 415
1488490 415
1488500 415
1488510 414
1488520 414
1488530 414
1488540 413
1488550 413
1488560 413
1488570 412
1488580 413
1488590 413
1488600 413
1488610 412
1488620 412
1488630 411
1488640 412
1488650 412
1488660 414
1488670 415
1488680 415
1488690 415
1488700 416
1488710 416
1488720 416
1488730 417
1488740 417
1488750 416
1488760 417
1488770 417
1488780 416
1488790 417
1488800 417
1488810 417
1488820 417
1488830 417
1488840 417
1488850 417
1488860 417
1488870 417
1488880 417
1488890 417
1488900 417
1488910 417
1488920 417
1488930 417
1488940 417
1488950 417
1488960 417
1488970 417
1488980 417
1488990 417
1489000 417
1489010 417
1489020 417
1489030 417
1489040 417
1489050 417
1489060 416
1489070 416
1489080 416
1489090 416
1489100 416
1489110 416
1489120 416
1489130 416
1489140 415
1489150 415
1489160 415
1489170 414
1489180 412
1489190 412
1489200 411
1489210 409
1489220 409
1489230 409
1489240 408
1489250 408
1489260 407
1489270 407
1489280 407
1489290 407
1489300 407
1489310 407
1489320 408
1489330 408
1489340 408
1489350 409
1489360 409
1489370 409
1489380 410
1489390 410
1489400 410
1489410 411
1489420 411
1489430 411
1489440 412
1489450 412
1489460 412
1489470 412
1489480 412
1489490 412
1489500 413
1489510 413
1489520 413
1489530 414
1489540 415
1489550 415
1489560 416
1489570 417
1489580 417
1489590 417
1489600 418
1489610 418
1489620 418
1489630 419
1489640 419
1489650 419
1489660 420
1489670 420
1489680 420
1489690 421
1489700 421
1489710 421
1489720 422
1489730 422
1489740 422
1489750 423
1489760 423
1489770 423
1489780 424
1489790 424
1489800 424
1489810 425
1489820 425
1489830 425
1489840 425
1489850 425
1489860 425
1489870 426
1489880 426
1489890 426
1489900 426
1489910 426
1489920 426
1489930 426
1489940 426
1489950 427
1489960 427
1489970 427
1489980 428
1489990 428
1490000 428
1490010 428
1490020 429
1490030 429
1490040 429
1490050 429
1490060 429
1490070 429
1490080 429
1490090 429
1490100 429
1490110 429
1490120 429
1490130 430
1490140 430
1490150 430
1490160 430
1490170 430
1490180 430
1490190 431
1490200 431
1490210 431
1490220 431
1490230 430
1490240 430
1490250 429
1490260 429
1490270 429
1490280 430
1490290 430
1490300 430
1490310 430
1490320 430
1490330 430
1490340 430
1490350 430
1490360 430
1490370 429
1490380 429
1490390 429
1490400 429
1490410 429
1490420 429
1490430 428
1490440 428
1490450 428
1490460 427
1490470 426
1490480 426
1490490 426
1490500 425
1490510 425
1490520 426
1490530 426
1490540 426
1490550 427
1490560 427
1490570 427
1490580 428
1490590 429
1490600 429
1490610 429
1490620 430
1490630 430
1490640 430
1490650 431
1490660 431
1490670 431
1490680 432
1490690 432
1490700 432
1490710 432
1490720 432
1490730 432
1490740 432
1490750 432
1490760 432
1490770 432
1490780 432
1490790 432
1490800 432
1490810 432
1490820 432
1490830 432
1490840 432
1490850 431
1490860 431
1490870 431
1490880 431
1490890 430
1490900 430
1490910 430
1490920 430
1490930 430
1490940 430
1490950 429
1490960 429
1490970 429
1490980 429
1490990 429
1491000 429
1491010 428
1491020 428
1491030 428
1491040 427
1491050 427
1491060 426
1491070 427
1491080 427
1491090 427
1491100 428
1491110 428
1491120 429
1491130 431
1491140 431
1491150 432
1491160 433
1491170 433
1491180 434
1491190 435
1491200 435
1491210 436
1491220 437
1491230 437
1491240 438
1491250 439
1491260 439
1491270 439
1491280 440
1491290 440
1491300 440
1491310 440
1491320 440
1491330 440
1491340 440
1491350 440
1491360 441
1491370 441
1491380 441
1491390 440
1491400 440
1491410 440
1491420 440
1491430 440
1491440 440
1491450 439
1491460 438
1491470 438
1491480 436
1491490 434
1491500 434
1491510 432
1491520 430
1491530 430
1491540 429
1491550 429
1491560 429
1491570 429
1491580 430
1491590 430
1491600 430
1491610 431
1491620 431
1491630 432
1491640 432
1491650 432
1491660 433
1491670 433
1491680 433
1491690 433
1491700 434
1491710 434
1491720 434
1491730 435
1491740 435
1491750 436
1491760 436
1491770 436
1491780 437
1491790 438
1491800 438
1491810 438
1491820 439
1491830 439
1491840 439
1491850 440
1491860 440
1491870 440
1491880 441
1491890 441
1491900 441
1491910 442
1491920 442
1491930 442
1491940 442
1491950 442
1491960 443
1491970 443
1491980 443
1491990 444
1492000 445
1492010 445
1492020 446
1492030 447
1492040 447
1492050 448
1492060 449
1492070 449
1492080 449
1492090 450
1492100 450
1492110 451
1492120 452
1492130 452
1492140 453
1492150 454
1492160 454
1492170 456
1492180 457
1492190 457
1492200 458
1492210 459
1492220 459
1492230 460
1492240 462
1492250 462
1492260 462
1492270 464
1492280 464
1492290 465
1492300 466
1492310 466
1492320 467
1492330 467
1492340 467
1492350 468
1492360 469
1492370 469
1492380 470
1492390 470
1492400 470
1492410 471
1492420 471
1492430 471
1492440 472
1492450 473
1492460 473
1492470 474
1492480 474
1492490 474
1492500 475
1492510 475
1492520 475
1492530 476
1492540 476
1492550 476
1492560 477
1492570 477
1492580 477
1492590 478
1492600 478
1492610 478
1492620 478
1492630 479
1492640 479
1492650 479
1492660 478
1492670 478
1492680 478
1492690 477
1492700 477
1492710 476
1492720 475
1492730 475
1492740 473
1492750 472
1492760 472
1492770 472
1492780 471
1492790 471
1492800 471
1492810 471
1492820 471
1492830 472
1492840 472
1492850 472
1492860 472
1492870 472
1492880 472
1492890 472
1492900 473
1492910 473
1492920 473
1492930 473
1492940 473
1492950 473
1492960 473
1492970 473
1492980 474
1492990 474
1493000 474
1493010 474
1493020 475
1493030 475
1493040 475
1493050 476
1493060 476
1493070 476
1493080 477
1493090 477
1493100 477
1493110 478
1493120 478
1493130 479
1493140 480
1493150 480
1493160 481
1493170 482
1493180 482
1493190 482
1493200 482
1493210 482
1493220 482
1493230 481
1493240 481
1493250 481
1493260 480
1493270 480
1493280 479
1493290 479
1493300 479
1493310 478
1493320 477
1493330 477
1493340 476
1493350 476
1493360 475
1493370 475
1493380 474
1493390 474
1493400 474
1493410 473
1493420 472
1493430 472
1493440 471
1493450 470
1493460 470
1493470 469
1493480 469
1493490 469
1493500 468
1493510 467
1493520 467
1493530 466
1493540 466
1493550 466
1493560 465
1493570 464
1493580 464
1493590 464
1493600 463
1493610 463
1493620 462
1493630 462
1493640 462
1493650 461
1493660 460
1493670 460
1493680 460
1493690 459
1493700 459
1493710 459
1493720 458
1493730 458
1493740 457
1493750 457
1493760 457
1493770 456
1493780 456
1493790 456
1493800 455
1493810 454
1493820 454
1493830 453
1493840 453
1493850 453
1493860 452
1493870 451
1493880 451
1493890 451
1493900 450
1493910 450
1493920 450
1493930 449
1493940 449
1493950 448
1493960 448
1493970 448
1493980 447
1493990 447
1494000 447
1494010 446
1494020 446
1494030 446
1494040 445
1494050 444
1494060 444
1494070 443
1494080 442
1494090 442
1494100 442
1494110 441
1494120 441
1494130 440
1494140 439
1494150 439
1494160 438
1494170 438
1494180 438
1494190 437
1494200 437
1494210 437
1494220 436
1494230 436
1494240 436
1494250 435
1494260 434
1494270 434
1494280 434
1494290 434
1494300 434
1494310 433
1494320 433
1494330 433
1494340 433
1494350 432
1494360 432
1494370 432
1494380 431
1494390 431
1494400 430
1494410 429
1494420 429
1494430 429
1494440 428
1494450 428
1494460 427
1494470 427
1494480 427
1494490 427
1494500 427
1494510 427
1494520 427
1494530 427
1494540 427
1494550 426
1494560 426
1494570 426
1494580 426
1494590 426
1494600 426
1494610 425
1494620 425
1494630 425
1494640 425
1494650 425
1494660 425
1494670 424
1494680 424
1494690 424
1494700 423
1494710 423
1494720 423
1494730 422
1494740 421
1494750 421
1494760 421
1494770 421
1494780 421
1494790 421
1494800 420
1494810 420
1494820 420
1494830 420
1494840 420
1494850 420
1494860 420
1494870 420
1494880 419
1494890 419
1494900 419
1494910 419
1494920 419
1494930 419
1494940 419
1494950 419
1494960 419
1494970 419
1494980 419
1494990 419
1495000 418
1495010 418
1495020 418
1495030 418
1495040 418
1495050 418
1495060 417
1495070 417
1495080 417
1495090 416
1495100 416
1495110 416
1495120 415
1495130 415
1495140 415
1495150 414
1495160 414
1495170 414
1495180 413
1495190 413
1495200 413
1495210 412
1495220 412
1495230 412
1495240 412
1495250 412
1495260 412
1495270 412
1495280 413
1495290 413
1495300 413
1495310 413
1495320 413
1495330 413
1495340 413
1495350 413
1495360 413
1495370 413
1495380 413
1495390 413
1495400 414
1495410 414
1495420 414
1495430 414
1495440 414
1495450 414
1495460 415
1495470 415
1495480 415
1495490 415
1495500 415
1495510 415
1495520 415
1495530 415
1495540 416
1495550 416
1495560 416
1495570 416
1495580 416
1495590 416
1495600 416
1495610 416
1495620 416
1495630 417
1495640 416
1495650 416
1495660 416
1495670 415
1495680 415
1495690 415
1495700 415
1495710 415
1495720 415
1495730 415
1495740 415
1495750 415
1495760 415
1495770 415
1495780 415
1495790 415
1495800 415
1495810 415
1495820 415
1495830 415
1495840 415
1495850 415
1495860 415
1495870 416
1495880 416
1495890 416
1495900 416
1495910 416
1495920 416
1495930 415
1495940 416
1495950 416
1495960 416
1495970 416
1495980 416
1495990 416
1496000 416
1496010 416
1496020 416
1496030 417
1496040 417
1496050 417
1496060 417
1496070 417
1496080 417
1496090 417
1496100 417
1496110 417
1496120 418
1496130 418
1496140 418
1496150 419
1496160 419
1496170 420
1496180 420
1496190 420
1496200 421
1496210 421
1496220 421
1496230 423
1496240 424
1496250 424
1496260 424
1496270 425
1496280 425
1496290 427
1496300 430
1496310 430
1496320 432
1496330 433
1496340 433
1496350 434
1496360 435
1496370 435
1496380 436
1496390 438
1496400 438
1496410 439
1496420 440
1496430 440
1496440 441
1496450 442
1496460 442
1496470 442
1496480 443
1496490 443
1496500 444
1496510 444
1496520 444
1496530 445
1496540 446
1496550 446
1496560 446
1496570 447
1496580 447
1496590 448
1496600 448
1496610 448
1496620 449
1496630 450
1496640 450
1496650 450
1496660 450
1496670 450
1496680 451
1496690 451
1496700 451
1496710 451
1496720 452
1496730 452
1496740 452
1496750 452
1496760 452
1496770 452
1496780 452
1496790 452
1496800 451
1496810 451
1496820 451
1496830 450
1496840 450
1496850 450
1496860 449
1496870 449
1496880 449
1496890 448
1496900 447
1496910 447
1496920 446
1496930 446
1496940 446
1496950 445
1496960 444
1496970 444
1496980 444
1496990 443
1497000 443
1497010 442
1497020 442
1497030 442
1497040 441
1497050 440
1497060 440
1497070 440
1497080 439
1497090 439
1497100 438
1497110 438
1497120 438
1497130 437
1497140 437
1497150 437
1497160 436
1497170 435
1497180 435
1497190 435
1497200 434
1497210 434
1497220 433
1497230 433
1497240 433
1497250 433
1497260 433
1497270 433
1497280 433
1497290 434
1497300 434
1497310 434
1497320 435
1497330 435
1497340 436
1497350 436
1497360 436
1497370 437
1497380 438
1497390 438
1497400 439
1497410 439
1497420 439
1497430 440
1497440 440
1497450 440
1497460 441
1497470 441
1497480 441
1497490 441
1497500 442
1497510 442
1497520 442
1497530 443
1497540 443
1497550 443
1497560 444
1497570 444
1497580 444
1497590 444
1497600 444
1497610 445
1497620 445
1497630 445
1497640 445
1497650 445
1497660 445
1497670 445
1497680 446
1497690 446
1497700 445
1497710 445
1497720 445
1497730 445
1497740 445
1497750 445
1497760 445
1497770 445
1497780 445
1497790 444
1497800 444
1497810 444
1497820 444
1497830 443
1497840 443
1497850 442
1497860 442
1497870 442
1497880 441
1497890 440
1497900 440
1497910 440
1497920 439
1497930 439
1497940 438
1497950 437
1497960 437
1497970 436
1497980 436
1497990 436
1498000 435
1498010 434
1498020 434
1498030 433
1498040 433
1498050 433
1498060 432
1498070 432
1498080 432
1498090 430
1498100 429
1498110 429
1498120 428
1498130 427
1498140 427
1498150 426
1498160 426
1498170 426
1498180 425
1498190 425
1498200 425
1498210 424
1498220 424
1498230 424
1498240 423
1498250 423
1498260 423
1498270 423
1498280 422
1498290 422
1498300 422
1498310 421
1498320 421
1498330 421
1498340 421
1498350 421
1498360 420
1498370 420
1498380 420
1498390 420
1498400 419
1498410 419
1498420 420
1498430 423
1498440 423
1498450 425
1498460 426
1498470 426
1498480 427
1498490 428
1498500 428
1498510 429
1498520 430
1498530 430
1498540 431
1498550 432
1498560 432
1498570 433
1498580 435
1498590 435
1498600 436
1498610 437
1498620 437
1498630 438
1498640 439
1498650 439
1498660 439
1498670 440
1498680 440
1498690 441
1498700 442
1498710 442
1498720 443
1498730 444
1498740 444
1498750 445
1498760 445
1498770 445
1498780 446
1498790 447
1498800 447
1498810 447
1498820 448
1498830 448
1498840 449
1498850 449
1498860 449
1498870 450
1498880 450
1498890 450
1498900 450
1498910 451
1498920 451
1498930 451
1498940 451
1498950 451
1498960 451
1498970 451
1498980 451
1498990 450
1499000 449
1499010 449
1499020 448
1499030 448
1499040 448
1499050 448
1499060 448
1499070 448
1499080 447
1499090 446
1499100 446
1499110 446
1499120 445
1499130 445
1499140 444
1499150 442
1499160 441
1499170 441
1499180 440
1499190 438
1499200 438
1499210 437
1499220 435
1499230 435
1499240 433
1499250 431
1499260 431
1499270 430
1499280 428
1499290 428
1499300 427
1499310 426
1499320 426
1499330 425
1499340 424
1499350 424
1499360 423
1499370 423
1499380 423
1499390 422
1499400 421
1499410 421
1499420 420
1499430 418
1499440 418
1499450 418
1499460 418
1499470 418
1499480 418
1499490 417
1499500 417
1499510 415
1499520 414
1499530 414
1499540 414
1499550 415
1499560 415
1499570 415
1499580 415
1499590 415
1499600 414
1499610 415
1499620 415
1499630 414
1499640 415
1499650 415
1499660 415
1499670 415
1499680 415
1499690 415
1499700 414
1499710 414
1499720 414
1499730 415
1499740 415
1499750 415
1499760 415
1499770 415
1499780 415
1499790 415
1499800 415
1499810 415
1499820 415
1499830 415
1499840 415
1499850 414
1499860 414
1499870 414
1499880 414
1499890 414
1499900 414
1499910 415
1499920 415
1499930 416
1499940 416
1499950 416
1499960 416
1499970 416
1499980 416
1499990 415
