1480000 394
1480010 394
1480020 394
1480030 394
1480040 394
1480050 394
1480060 394
1480070 394
1480080 394
1480090 394
1480100 394
1480110 394
1480120 394
1480130 394
1480140 394
1480150 394
1480160 394
1480170 394
1480180 395
1480190 395
1480200 395
1480210 395
1480220 395
1480230 395
1480240 395
1480250 395
1480260 395
1480270 395
1480280 395
1480290 395
1480300 395
1480310 395
1480320 395
1480330 395
1480340 395
1480350 395
1480360 396
1480370 396
1480380 396
1480390 396
1480400 396
1480410 396
1480420 396
1480430 396
1480440 396
1480450 396
1480460 396
1480470 396
1480480 396
1480490 396
1480500 396
1480510 397
1480520 397
1480530 397
1480540 397
1480550 397
1480560 397
1480570 397
1480580 398
1480590 398
1480600 398
1480610 398
1480620 398
1480630 398
1480640 398
1480650 398
1480660 398
1480670 398
1480680 398
1480690 398
1480700 399
1480710 399
1480720 399
1480730 399
1480740 399
1480750 399
1480760 399
1480770 399
1480780 399
1480790 399
1480800 399
1480810 399
1480820 399
1480830 399
1480840 400
1480850 400
1480860 400
1480870 400
1480880 400
1480890 400
1480900 400
1480910 401
1480920 401
1480930 401
1480940 401
1480950 401
1480960 402
1480970 402
1480980 402
1480990 402
1481000 403
1481010 403
1481020 403
1481030 404
1481040 404
1481050 404
1481060 404
1481070 404
1481080 404
1481090 405
1481100 405
1481110 405
1481120 406
1481130 406
1481140 406
1481150 406
1481160 406
1481170 406
1481180 407
1481190 407
1481200 407
1481210 407
1481220 407
1481230 407
1481240 407
1481250 407
1481260 408
1481270 408
1481280 408
1481290 408
1481300 408
1481310 408
1481320 408
1481330 408
1481340 408
1481350 408
1481360 409
1481370 409
1481380 409
1481390 409
1481400 409
1481410 409
1481420 410
1481430 410
1481440 410
1481450 410
1481460 410
1481470 410
1481480 410
1481490 410
1481500 411
1481510 411
1481520 411
1481530 411
1481540 411
1481550 411
1481560 411
1481570 412
1481580 412
1481590 412
1481600 412
1481610 412
1481620 412
1481630 413
1481640 413
1481650 413
1481660 413
1481670 413
1481680 414
1481690 414
1481700 414
1481710 414
1481720 415
1481730 415
1481740 415
1481750 415
1481760 415
1481770 415
1481780 416
1481790 416
1481800 416
1481810 416
1481820 416
1481830 416
1481840 417
1481850 417
1481860 417
1481870 417
1481880 417
1481890 416
1481900 416
1481910 416
1481920 415
1481930 415
1481940 415
1481950 414
1481960 414
1481970 414
1481980 414
1481990 414
1482000 414
1482010 414
1482020 415
1482030 415
1482040 415
1482050 416
1482060 417
1482070 417
1482080 418
1482090 419
1482100 419
1482110 421
1482120 422
1482130 422
1482140 424
1482150 425
1482160 425
1482170 426
1482180 428
1482190 428
1482200 429
1482210 431
1482220 431
1482230 432
1482240 434
1482250 434
1482260 435
1482270 437
1482280 437
1482290 438
1482300 440
1482310 440
1482320 440
1482330 441
1482340 441
1482350 442
1482360 442
1482370 442
1482380 443
1482390 443
1482400 443
1482410 444
1482420 444
1482430 444
1482440 445
1482450 445
1482460 445
1482470 445
1482480 446
1482490 446
1482500 446
1482510 446
1482520 446
1482530 446
1482540 446
1482550 446
1482560 446
1482570 446
1482580 446
1482590 445
1482600 445
1482610 445
1482620 444
1482630 444
1482640 444
1482650 443
1482660 442
1482670 442
1482680 442
1482690 441
1482700 441
1482710 441
1482720 441
1482730 441
1482740 440
1482750 440
1482760 440
1482770 440
1482780 440
1482790 440
1482800 440
1482810 440
1482820 440
1482830 440
1482840 440
1482850 440
1482860 440
1482870 440
1482880 440
1482890 440
1482900 440
1482910 440
1482920 440
1482930 440
1482940 440
1482950 440
1482960 440
1482970 440
1482980 440
1482990 439
1483000 439
1483010 439
1483020 439
1483030 439
1483040 438
1483050 438
1483060 438
1483070 437
1483080 436
1483090 436
1483100 435
1483110 435
1483120 435
1483130 434
1483140 434
1483150 434
1483160 434
1483170 434
1483180 434
1483190 435
1483200 435
1483210 435
1483220 436
1483230 437
1483240 437
1483250 437
1483260 438
1483270 438
1483280 438
1483290 438
1483300 438
1483310 439
1483320 439
1483330 439
1483340 439
1483350 440
1483360 440
1483370 440
1483380 440
1483390 440
1483400 441
1483410 441
1483420 441
1483430 441
1483440 442
1483450 442
1483460 442
1483470 443
1483480 443
1483490 443
1483500 444
1483510 444
1483520 444
1483530 444
1483540 444
1483550 445
1483560 445
1483570 445
1483580 446
1483590 446
1483600 446
1483610 447
1483620 447
1483630 447
1483640 447
1483650 447
1483660 447
1483670 447
1483680 447
1483690 447
1483700 447
1483710 447
1483720 447
1483730 448
1483740 447
1483750 447
1483760 447
1483770 447
1483780 447
1483790 447
1483800 447
1483810 447
1483820 447
1483830 447
1483840 447
1483850 446
1483860 446
1483870 446
1483880 446
1483890 445
1483900 445
1483910 445
1483920 445
1483930 445
1483940 444
1483950 444
1483960 444
1483970 444
1483980 444
1483990 444
1484000 443
1484010 443
1484020 443
1484030 442
1484040 442
1484050 442
1484060 441
1484070 441
1484080 441
1484090 440
1484100 440
1484110 440
1484120 439
1484130 439
1484140 439
1484150 438
1484160 438
1484170 438
1484180 438
1484190 438
1484200 438
1484210 438
1484220 439
1484230 439
1484240 440
1484250 441
1484260 441
1484270 442
1484280 442
1484290 442
1484300 443
1484310 443
1484320 443
1484330 444
1484340 444
1484350 444
1484360 445
1484370 445
1484380 445
1484390 446
1484400 446
1484410 446
1484420 447
1484430 447
1484440 447
1484450 448
1484460 448
1484470 448
1484480 449
1484490 449
1484500 449
1484510 450
1484520 450
1484530 450
1484540 451
1484550 451
1484560 451
1484570 452
1484580 452
1484590 452
1484600 453
1484610 453
1484620 453
1484630 454
1484640 455
1484650 455
1484660 455
1484670 455
1484680 455
1484690 456
1484700 457
1484710 457
1484720 457
1484730 458
1484740 458
1484750 458
1484760 459
1484770 459
1484780 459
1484790 460
1484800 460
1484810 461
1484820 461
1484830 461
1484840 462
1484850 463
1484860 463
1484870 463
1484880 464
1484890 464
1484900 465
1484910 465
1484920 465
1484930 466
1484940 466
1484950 466
1484960 467
1484970 468
1484980 468
1484990 468
1485000 469
1485010 469
1485020 469
1485030 470
1485040 470
1485050 470
1485060 471
1485070 471
1485080 471
1485090 472
1485100 472
1485110 472
1485120 472
1485130 472
1485140 473
1485150 473
1485160 473
1485170 474
1485180 474
1485190 474
1485200 474
1485210 475
1485220 475
1485230 475
1485240 475
1485250 475
1485260 475
1485270 475
1485280 475
1485290 476
1485300 476
1485310 476
1485320 476
1485330 476
1485340 476
1485350 476
1485360 476
1485370 476
1485380 476
1485390 476
1485400 476
1485410 476
1485420 476
1485430 476
1485440 475
1485450 475
1485460 475
1485470 474
1485480 474
1485490 474
1485500 473
1485510 472
1485520 472
1485530 470
1485540 467
1485550 467
1485560 463
1485570 463
1485580 463
1485590 466
1485600 468
1485610 468
1485620 470
1485630 471
1485640 471
1485650 472
1485660 472
1485670 472
1485680 472
1485690 472
1485700 472
1485710 473
1485720 473
1485730 473
1485740 473
1485750 473
1485760 473
1485770 473
1485780 473
1485790 473
1485800 472
1485810 472
1485820 472
1485830 472
1485840 472
1485850 472
1485860 472
1485870 472
1485880 472
1485890 472
1485900 471
1485910 471
1485920 471
1485930 471
1485940 471
1485950 471
1485960 471
1485970 471
1485980 470
1485990 470
1486000 470
1486010 470
1486020 469
1486030 469
1486040 467
1486050 463
1486060 463
1486070 461
1486080 460
1486090 460
1486100 458
1486110 456
1486120 456
1486130 454
1486140 453
1486150 453
1486160 451
1486170 450
1486180 450
1486190 448
1486200 447
1486210 447
1486220 447
1486230 446
1486240 446
1486250 445
1486260 444
1486270 444
1486280 443
1486290 442
1486300 442
1486310 441
1486320 440
1486330 440
1486340 439
1486350 438
1486360 438
1486370 437
1486380 436
1486390 436
1486400 435
1486410 434
1486420 434
1486430 434
1486440 433
1486450 433
1486460 432
1486470 431
1486480 431
1486490 430
1486500 430
1486510 430
1486520 429
1486530 428
1486540 428
1486550 427
1486560 427
1486570 427
1486580 426
1486590 425
1486600 425
1486610 425
1486620 424
1486630 424
1486640 424
1486650 423
1486660 423
1486670 422
1486680 421
1486690 421
1486700 421
1486710 420
1486720 420
1486730 419
1486740 419
1486750 419
1486760 418
1486770 418
1486780 418
1486790 417
1486800 417
1486810 417
1486820 416
1486830 416
1486840 416
1486850 415
1486860 414
1486870 414
1486880 414
1486890 413
1486900 413
1486910 412
1486920 411
1486930 411
1486940 410
1486950 410
1486960 410
1486970 409
1486980 408
1486990 408
1487000 408
1487010 408
1487020 408
1487030 409
1487040 411
1487050 411
1487060 414
1487070 416
1487080 416
1487090 418
1487100 420
1487110 420
1487120 421
1487130 423
1487140 423
1487150 424
1487160 425
1487170 425
1487180 426
1487190 426
1487200 426
1487210 427
1487220 427
1487230 427
1487240 428
1487250 428
1487260 428
1487270 428
1487280 428
1487290 428
1487300 428
1487310 428
1487320 428
1487330 427
1487340 427
1487350 427
1487360 427
1487370 426
1487380 426
1487390 426
1487400 426
1487410 426
1487420 426
1487430 425
1487440 425
1487450 425
1487460 425
1487470 425
1487480 425
1487490 424
1487500 424
1487510 424
1487520 424
1487530 424
1487540 423
1487550 423
1487560 423
1487570 422
1487580 422
1487590 422
1487600 422
1487610 421
1487620 421
1487630 421
1487640 420
1487650 420
1487660 420
1487670 419
1487680 419
1487690 419
1487700 419
1487710 419
1487720 418
1487730 418
1487740 418
1487750 418
1487760 419
1487770 419
1487780 419
1487790 419
1487800 419
1487810 419
1487820 419
1487830 419
1487840 419
1487850 419
1487860 419
1487870 419
1487880 419
1487890 419
1487900 419
1487910 419
1487920 418
1487930 418
1487940 418
1487950 418
1487960 418
1487970 418
1487980 417
1487990 417
1488000 417
1488010 416
1488020 416
1488030 416
1488040 415
1488050 415
1488060 415
1488070 414
1488080 414
1488090 413
1488100 413
1488110 413
1488120 412
1488130 412
1488140 412
1488150 412
1488160 413
1488170 413
1488180 414
1488190 414
1488200 414
1488210 415
1488220 415
1488230 415
1488240 415
1488250 415
1488260 415
1488270 415
1488280 415
1488290 415
1488300 415
1488310 414
1488320 414
1488330 414
1488340 414
1488350 414
1488360 413
1488370 413
1488380 413
1488390 413
1488400 413
1488410 413
1488420 413
1488430 412
1488440 412
1488450 412
1488460 412
1488470 412
1488480 413
1488490 413
1488500 413
1488510 413
1488520 414
1488530 414
1488540 413
1488550 412
1488560 412
1488570 411
1488580 411
1488590 411
1488600 411
1488610 411
1488620 411
1488630 411
1488640 411
1488650 411
1488660 412
1488670 412
1488680 412
1488690 413
1488700 413
1488710 413
1488720 413
1488730 414
1488740 414
1488750 414
1488760 414
1488770 414
1488780 414
1488790 414
1488800 414
1488810 414
1488820 414
1488830 414
1488840 414
1488850 415
1488860 415
1488870 415
1488880 415
1488890 415
1488900 415
1488910 415
1488920 415
1488930 415
1488940 415
1488950 415
1488960 415
1488970 415
1488980 415
1488990 415
1489000 415
1489010 415
1489020 415
1489030 414
1489040 414
1489050 414
1489060 414
1489070 414
1489080 413
1489090 411
1489100 411
1489110 409
1489120 407
1489130 407
1489140 407
1489150 407
1489160 407
1489170 407
1489180 407
1489190 407
1489200 408
1489210 408
1489220 408
1489230 407
1489240 407
1489250 407
1489260 407
1489270 406
1489280 406
1489290 406
1489300 408
1489310 408
1489320 409
1489330 409
1489340 409
1489350 410
1489360 410
1489370 410
1489380 411
1489390 411
1489400 411
1489410 412
1489420 412
1489430 412
1489440 413
1489450 414
1489460 414
1489470 414
1489480 415
1489490 415
1489500 415
1489510 416
1489520 416
1489530 416
1489540 417
1489550 417
1489560 417
1489570 418
1489580 418
1489590 418
1489600 419
1489610 419
1489620 419
1489630 420
1489640 420
1489650 420
1489660 421
1489670 421
1489680 422
1489690 422
1489700 422
1489710 422
1489720 422
1489730 422
1489740 423
1489750 423
1489760 423
1489770 423
1489780 424
1489790 424
1489800 425
1489810 426
1489820 426
1489830 427
1489840 427
1489850 427
1489860 428
1489870 429
1489880 429
1489890 430
1489900 430
1489910 430
1489920 431
1489930 432
1489940 432
1489950 432
1489960 433
1489970 433
1489980 433
1489990 434
1490000 434
1490010 434
1490020 434
1490030 434
1490040 434
1490050 434
1490060 434
1490070 434
1490080 434
1490090 434
1490100 434
1490110 435
1490120 435
1490130 435
1490140 435
1490150 435
1490160 435
1490170 435
1490180 435
1490190 435
1490200 435
1490210 435
1490220 434
1490230 434
1490240 434
1490250 434
1490260 434
1490270 434
1490280 434
1490290 434
1490300 434
1490310 434
1490320 433
1490330 433
1490340 433
1490350 433
1490360 433
1490370 432
1490380 432
1490390 432
1490400 432
1490410 431
1490420 431
1490430 431
1490440 430
1490450 430
1490460 429
1490470 428
1490480 428
1490490 427
1490500 427
1490510 427
1490520 428
1490530 429
1490540 429
1490550 430
1490560 431
1490570 431
1490580 432
1490590 432
1490600 432
1490610 433
1490620 433
1490630 433
1490640 434
1490650 434
1490660 434
1490670 434
1490680 435
1490690 435
1490700 435
1490710 435
1490720 435
1490730 435
1490740 435
1490750 435
1490760 435
1490770 435
1490780 435
1490790 435
1490800 435
1490810 435
1490820 435
1490830 435
1490840 435
1490850 434
1490860 434
1490870 434
1490880 434
1490890 434
1490900 434
1490910 433
1490920 433
1490930 433
1490940 432
1490950 432
1490960 432
1490970 432
1490980 431
1490990 431
1491000 431
1491010 431
1491020 431
1491030 430
1491040 430
1491050 430
1491060 429
1491070 427
1491080 427
1491090 427
1491100 428
1491110 428
1491120 429
1491130 430
1491140 430
1491150 431
1491160 432
1491170 432
1491180 433
1491190 434
1491200 434
1491210 435
1491220 436
1491230 436
1491240 438
1491250 439
1491260 439
1491270 439
1491280 440
1491290 440
1491300 441
1491310 442
1491320 442
1491330 442
1491340 442
1491350 442
1491360 443
1491370 443
1491380 443
1491390 442
1491400 442
1491410 442
1491420 442
1491430 441
1491440 441
1491450 440
1491460 438
1491470 438
1491480 436
1491490 433
1491500 433
1491510 431
1491520 431
1491530 431
1491540 431
1491550 431
1491560 431
1491570 431
1491580 432
1491590 432
1491600 432
1491610 433
1491620 433
1491630 434
1491640 434
1491650 434
1491660 435
1491670 435
1491680 435
1491690 436
1491700 436
1491710 436
1491720 437
1491730 438
1491740 438
1491750 439
1491760 439
1491770 439
1491780 440
1491790 441
1491800 441
1491810 442
1491820 443
1491830 443
1491840 443
1491850 444
1491860 444
1491870 445
1491880 445
1491890 445
1491900 446
1491910 446
1491920 446
1491930 447
1491940 448
1491950 448
1491960 448
1491970 449
1491980 449
1491990 449
1492000 450
1492010 450
1492020 450
1492030 451
1492040 451
1492050 452
1492060 452
1492070 452
1492080 453
1492090 454
1492100 454
1492110 455
1492120 456
1492130 456
1492140 457
1492150 458
1492160 458
1492170 458
1492180 459
1492190 459
1492200 460
1492210 461
1492220 461
1492230 462
1492240 463
1492250 463
1492260 465
1492270 466
1492280 466
1492290 467
1492300 468
1492310 468
1492320 469
1492330 470
1492340 470
1492350 471
1492360 472
1492370 472
1492380 473
1492390 474
1492400 474
1492410 474
1492420 475
1492430 475
1492440 476
1492450 476
1492460 476
1492470 477
1492480 477
1492490 477
1492500 478
1492510 479
1492520 479
1492530 479
1492540 480
1492550 480
1492560 480
1492570 481
1492580 481
1492590 481
1492600 481
1492610 481
1492620 480
1492630 479
1492640 479
1492650 477
1492660 476
1492670 476
1492680 474
1492690 472
1492700 472
1492710 470
1492720 469
1492730 469
1492740 469
1492750 469
1492760 469
1492770 469
1492780 470
1492790 470
1492800 471
1492810 472
1492820 472
1492830 472
1492840 473
1492850 473
1492860 473
1492870 474
1492880 474
1492890 474
1492900 474
1492910 474
1492920 475
1492930 476
1492940 476
1492950 476
1492960 477
1492970 477
1492980 478
1492990 478
1493000 478
1493010 479
1493020 479
1493030 479
1493040 480
1493050 481
1493060 481
1493070 481
1493080 482
1493090 482
1493100 483
1493110 483
1493120 483
1493130 483
1493140 483
1493150 483
1493160 483
1493170 483
1493180 483
1493190 482
1493200 481
1493210 481
1493220 481
1493230 480
1493240 480
1493250 479
1493260 478
1493270 478
1493280 478
1493290 477
1493300 477
1493310 476
1493320 475
1493330 475
1493340 474
1493350 473
1493360 473
1493370 472
1493380 471
1493390 471
1493400 470
1493410 469
1493420 468
1493430 468
1493440 467
1493450 467
1493460 467
1493470 466
1493480 465
1493490 465
1493500 465
1493510 464
1493520 464
1493530 464
1493540 463
1493550 463
1493560 463
1493570 462
1493580 462
1493590 461
1493600 460
1493610 460
1493620 460
1493630 460
1493640 460
1493650 460
1493660 460
1493670 460
1493680 460
1493690 460
1493700 460
1493710 459
1493720 459
1493730 459
1493740 459
1493750 459
1493760 459
1493770 458
1493780 458
1493790 458
1493800 458
1493810 457
1493820 457
1493830 457
1493840 456
1493850 456
1493860 455
1493870 455
1493880 455
1493890 454
1493900 453
1493910 453
1493920 452
1493930 451
1493940 451
1493950 451
1493960 450
1493970 450
1493980 449
1493990 448
1494000 448
1494010 448
1494020 447
1494030 447
1494040 446
1494050 445
1494060 445
1494070 445
1494080 444
1494090 444
1494100 443
1494110 441
1494120 441
1494130 441
1494140 440
1494150 440
1494160 439
1494170 439
1494180 439
1494190 438
1494200 437
1494210 437
1494220 437
1494230 436
1494240 436
1494250 436
1494260 435
1494270 435
1494280 434
1494290 434
1494300 434
1494310 433
1494320 433
1494330 433
1494340 432
1494350 432
1494360 432
1494370 432
1494380 432
1494390 432
1494400 432
1494410 432
1494420 432
1494430 432
1494440 432
1494450 432
1494460 431
1494470 431
1494480 431
1494490 431
1494500 430
1494510 430
1494520 430
1494530 430
1494540 430
1494550 429
1494560 428
1494570 428
1494580 428
1494590 427
1494600 427
1494610 427
1494620 426
1494630 426
1494640 426
1494650 426
1494660 426
1494670 425
1494680 425
1494690 425
1494700 425
1494710 425
1494720 425
1494730 425
1494740 424
1494750 424
1494760 424
1494770 424
1494780 424
1494790 424
1494800 424
1494810 424
1494820 424
1494830 424
1494840 424
1494850 424
1494860 424
1494870 424
1494880 424
1494890 424
1494900 424
1494910 424
1494920 423
1494930 423
1494940 422
1494950 421
1494960 421
1494970 420
1494980 420
1494990 420
1495000 419
1495010 418
1495020 418
1495030 418
1495040 417
1495050 417
1495060 417
1495070 416
1495080 416
1495090 416
1495100 416
1495110 416
1495120 416
1495130 416
1495140 416
1495150 415
1495160 415
1495170 415
1495180 414
1495190 414
1495200 414
1495210 413
1495220 412
1495230 412
1495240 412
1495250 411
1495260 411
1495270 412
1495280 412
1495290 412
1495300 412
1495310 412
1495320 412
1495330 412
1495340 413
1495350 413
1495360 414
1495370 414
1495380 414
1495390 415
1495400 415
1495410 415
1495420 416
1495430 416
1495440 416
1495450 416
1495460 417
1495470 417
1495480 417
1495490 417
1495500 417
1495510 418
1495520 418
1495530 418
1495540 418
1495550 418
1495560 418
1495570 418
1495580 418
1495590 418
1495600 419
1495610 419
1495620 419
1495630 419
1495640 419
1495650 419
1495660 419
1495670 419
1495680 419
1495690 419
1495700 419
1495710 419
1495720 420
1495730 420
1495740 420
1495750 420
1495760 420
1495770 420
1495780 420
1495790 421
1495800 421
1495810 421
1495820 421
1495830 421
1495840 421
1495850 421
1495860 421
1495870 421
1495880 421
1495890 421
1495900 421
1495910 421
1495920 421
1495930 421
1495940 421
1495950 421
1495960 421
1495970 421
1495980 421
1495990 421
1496000 420
1496010 420
1496020 421
1496030 420
1496040 420
1496050 420
1496060 420
1496070 420
1496080 420
1496090 420
1496100 420
1496110 420
1496120 420
1496130 420
1496140 419
1496150 419
1496160 419
1496170 419
1496180 419
1496190 419
1496200 419
1496210 420
1496220 420
1496230 420
1496240 421
1496250 421
1496260 422
1496270 423
1496280 423
1496290 424
1496300 425
1496310 425
1496320 427
1496330 428
1496340 428
1496350 429
1496360 431
1496370 431
1496380 431
1496390 433
1496400 433
1496410 434
1496420 435
1496430 435
1496440 436
1496450 436
1496460 436
1496470 437
1496480 438
1496490 438
1496500 439
1496510 439
1496520 439
1496530 440
1496540 441
1496550 441
1496560 442
1496570 443
1496580 443
1496590 444
1496600 445
1496610 445
1496620 446
1496630 447
1496640 447
1496650 447
1496660 448
1496670 448
1496680 448
1496690 449
1496700 449
1496710 449
1496720 450
1496730 450
1496740 450
1496750 450
1496760 450
1496770 450
1496780 451
1496790 451
1496800 450
1496810 450
1496820 450
1496830 450
1496840 449
1496850 449
1496860 449
1496870 448
1496880 448
1496890 447
1496900 447
1496910 447
1496920 446
1496930 446
1496940 446
1496950 445
1496960 444
1496970 444
1496980 443
1496990 442
1497000 442
1497010 441
1497020 441
1497030 441
1497040 440
1497050 440
1497060 440
1497070 439
1497080 439
1497090 439
1497100 438
1497110 438
1497120 438
1497130 437
1497140 436
1497150 436
1497160 436
1497170 435
1497180 435
1497190 435
1497200 434
1497210 434
1497220 434
1497230 433
1497240 433
1497250 433
1497260 432
1497270 432
1497280 432
1497290 433
1497300 433
1497310 433
1497320 434
1497330 434
1497340 434
1497350 435
1497360 435
1497370 436
1497380 436
1497390 436
1497400 437
1497410 437
1497420 437
1497430 438
1497440 438
1497450 438
1497460 439
1497470 439
1497480 439
1497490 440
1497500 440
1497510 440
1497520 440
1497530 441
1497540 441
1497550 441
1497560 441
1497570 441
1497580 442
1497590 442
1497600 442
1497610 442
1497620 443
1497630 443
1497640 443
1497650 443
1497660 443
1497670 443
1497680 443
1497690 443
1497700 443
1497710 443
1497720 443
1497730 443
1497740 443
1497750 443
1497760 443
1497770 442
1497780 442
1497790 442
1497800 442
1497810 442
1497820 442
1497830 441
1497840 441
1497850 441
1497860 441
1497870 441
1497880 440
1497890 440
1497900 440
1497910 440
1497920 439
1497930 439
1497940 439
1497950 438
1497960 438
1497970 438
1497980 437
1497990 437
1498000 437
1498010 436
1498020 436
1498030 435
1498040 435
1498050 435
1498060 434
1498070 433
1498080 433
1498090 432
1498100 431
1498110 431
1498120 430
1498130 429
1498140 429
1498150 428
1498160 427
1498170 427
1498180 426
1498190 426
1498200 426
1498210 425
1498220 424
1498230 424
1498240 424
1498250 423
1498260 423
1498270 423
1498280 422
1498290 422
1498300 422
1498310 422
1498320 422
1498330 421
1498340 421
1498350 421
1498360 420
1498370 419
1498380 419
1498390 419
1498400 419
1498410 419
1498420 421
1498430 423
1498440 423
1498450 424
1498460 426
1498470 426
1498480 428
1498490 429
1498500 429
1498510 430
1498520 432
1498530 432
1498540 433
1498550 434
1498560 434
1498570 435
1498580 435
1498590 435
1498600 436
1498610 437
1498620 437
1498630 438
1498640 439
1498650 439
1498660 440
1498670 441
1498680 441
1498690 441
1498700 442
1498710 442
1498720 442
1498730 443
1498740 443
1498750 444
1498760 444
1498770 444
1498780 445
1498790 445
1498800 445
1498810 446
1498820 446
1498830 446
1498840 447
1498850 447
1498860 447
1498870 448
1498880 448
1498890 448
1498900 448
1498910 448
1498920 448
1498930 448
1498940 448
1498950 448
1498960 447
1498970 446
1498980 446
1498990 445
1499000 444
1499010 444
1499020 443
1499030 441
1499040 441
1499050 440
1499060 440
1499070 440
1499080 439
1499090 438
1499100 438
1499110 437
1499120 436
1499130 436
1499140 435
1499150 433
1499160 433
1499170 432
1499180 431
1499190 431
1499200 430
1499210 428
1499220 428
1499230 427
1499240 425
1499250 425
1499260 424
1499270 423
1499280 422
1499290 422
1499300 421
1499310 421
1499320 421
1499330 420
1499340 419
1499350 419
1499360 418
1499370 418
1499380 418
1499390 418
1499400 417
1499410 417
1499420 417
1499430 417
1499440 417
1499450 417
1499460 417
1499470 417
1499480 415
1499490 414
1499500 414
1499510 414
1499520 414
1499530 414
1499540 415
1499550 414
1499560 414
1499570 412
1499580 412
1499590 412
1499600 413
1499610 414
1499620 414
1499630 414
1499640 414
1499650 414
1499660 414
1499670 414
1499680 414
1499690 413
1499700 413
1499710 413
1499720 413
1499730 412
1499740 412
1499750 412
1499760 413
1499770 413
1499780 413
1499790 414
1499800 414
1499810 414
1499820 414
1499830 414
1499840 414
1499850 415
1499860 415
1499870 415
1499880 414
1499890 414
1499900 414
1499910 414
1499920 414
1499930 413
1499940 411
1499950 411
1499960 411
1499970 413
1499980 413
1499990 414
