1480000 394
1480010 394
1480020 394
1480030 394
1480040 394
1480050 394
1480060 394
1480070 394
1480080 394
1480090 394
1480100 394
1480110 394
1480120 394
1480130 394
1480140 394
1480150 394
1480160 394
1480170 394
1480180 395
1480190 395
1480200 395
1480210 395
1480220 395
1480230 395
1480240 395
1480250 395
1480260 395
1480270 395
1480280 395
1480290 395
1480300 395
1480310 395
1480320 395
1480330 395
1480340 395
1480350 395
1480360 395
1480370 396
1480380 396
1480390 396
1480400 396
1480410 396
1480420 396
1480430 396
1480440 396
1480450 396
1480460 396
1480470 396
1480480 396
1480490 396
1480500 396
1480510 397
1480520 397
1480530 397
1480540 397
1480550 397
1480560 397
1480570 397
1480580 398
1480590 398
1480600 398
1480610 398
1480620 398
1480630 398
1480640 398
1480650 398
1480660 398
1480670 399
1480680 399
1480690 399
1480700 399
1480710 399
1480720 399
1480730 399
1480740 399
1480750 399
1480760 399
1480770 399
1480780 399
1480790 399
1480800 399
1480810 400
1480820 400
1480830 400
1480840 400
1480850 400
1480860 400
1480870 401
1480880 401
1480890 401
1480900 401
1480910 401
1480920 401
1480930 402
1480940 402
1480950 402
1480960 402
1480970 403
1480980 403
1480990 403
1481000 404
1481010 404
1481020 404
1481030 404
1481040 404
1481050 405
1481060 405
1481070 405
1481080 405
1481090 406
1481100 406
1481110 406
1481120 406
1481130 406
1481140 406
1481150 407
1481160 407
1481170 407
1481180 407
1481190 407
1481200 407
1481210 407
1481220 407
1481230 407
1481240 408
1481250 408
1481260 408
1481270 408
1481280 408
1481290 408
1481300 409
1481310 409
1481320 409
1481330 409
1481340 409
1481350 409
1481360 409
1481370 409
1481380 409
1481390 409
1481400 409
1481410 410
1481420 410
1481430 410
1481440 410
1481450 410
1481460 410
1481470 411
1481480 411
1481490 411
1481500 411
1481510 411
1481520 411
1481530 411
1481540 412
1481550 412
1481560 412
1481570 412
1481580 412
1481590 412
1481600 412
1481610 412
1481620 413
1481630 413
1481640 413
1481650 413
1481660 414
1481670 414
1481680 414
1481690 414
1481700 414
1481710 415
1481720 415
1481730 415
1481740 415
1481750 415
1481760 415
1481770 416
1481780 416
1481790 416
1481800 416
1481810 417
1481820 417
1481830 417
1481840 417
1481850 417
1481860 417
1481870 417
1481880 417
1481890 417
1481900 417
1481910 417
1481920 416
1481930 415
1481940 415
1481950 415
1481960 415
1481970 414
1481980 414
1481990 414
1482000 415
1482010 415
1482020 415
1482030 415
1482040 415
1482050 416
1482060 417
1482070 417
1482080 418
1482090 419
1482100 419
1482110 420
1482120 422
1482130 422
1482140 423
1482150 425
1482160 425
1482170 426
1482180 428
1482190 428
1482200 429
1482210 431
1482220 431
1482230 432
1482240 434
1482250 434
1482260 436
1482270 437
1482280 437
1482290 438
1482300 440
1482310 440
1482320 440
1482330 441
1482340 441
1482350 442
1482360 442
1482370 442
1482380 443
1482390 443
1482400 443
1482410 444
1482420 444
1482430 444
1482440 445
1482450 445
1482460 445
1482470 446
1482480 446
1482490 446
1482500 446
1482510 446
1482520 446
1482530 446
1482540 446
1482550 446
1482560 446
1482570 445
1482580 445
1482590 445
1482600 445
1482610 445
1482620 444
1482630 444
1482640 444
1482650 443
1482660 442
1482670 442
1482680 442
1482690 441
1482700 441
1482710 441
1482720 441
1482730 441
1482740 440
1482750 440
1482760 440
1482770 440
1482780 439
1482790 439
1482800 439
1482810 439
1482820 439
1482830 439
1482840 439
1482850 439
1482860 439
1482870 440
1482880 440
1482890 440
1482900 440
1482910 440
1482920 440
1482930 440
1482940 440
1482950 440
1482960 439
1482970 439
1482980 439
1482990 439
1483000 439
1483010 438
1483020 438
1483030 438
1483040 438
1483050 437
1483060 437
1483070 436
1483080 436
1483090 436
1483100 435
1483110 434
1483120 434
1483130 434
1483140 434
1483150 434
1483160 434
1483170 434
1483180 434
1483190 435
1483200 435
1483210 435
1483220 435
1483230 436
1483240 436
1483250 437
1483260 437
1483270 437
1483280 437
1483290 438
1483300 438
1483310 438
1483320 439
1483330 439
1483340 439
1483350 439
1483360 439
1483370 440
1483380 440
1483390 440
1483400 441
1483410 441
1483420 441
1483430 442
1483440 442
1483450 442
1483460 442
1483470 443
1483480 443
1483490 443
1483500 444
1483510 444
1483520 444
1483530 445
1483540 445
1483550 445
1483560 445
1483570 445
1483580 446
1483590 446
1483600 446
1483610 447
1483620 447
1483630 447
1483640 447
1483650 447
1483660 447
1483670 447
1483680 447
1483690 447
1483700 447
1483710 447
1483720 447
1483730 447
1483740 447
1483750 447
1483760 447
1483770 447
1483780 447
1483790 447
1483800 447
1483810 447
1483820 447
1483830 446
1483840 446
1483850 446
1483860 446
1483870 446
1483880 445
1483890 445
1483900 445
1483910 445
1483920 445
1483930 445
1483940 444
1483950 444
1483960 444
1483970 444
1483980 443
1483990 443
1484000 443
1484010 442
1484020 442
1484030 442
1484040 441
1484050 441
1484060 441
1484070 440
1484080 440
1484090 440
1484100 439
1484110 439
1484120 439
1484130 438
1484140 438
1484150 438
1484160 437
1484170 437
1484180 437
1484190 438
1484200 438
1484210 438
1484220 440
1484230 440
1484240 441
1484250 442
1484260 442
1484270 442
1484280 443
1484290 443
1484300 443
1484310 444
1484320 444
1484330 444
1484340 445
1484350 445
1484360 445
1484370 446
1484380 446
1484390 446
1484400 446
1484410 446
1484420 447
1484430 448
1484440 448
1484450 448
1484460 448
1484470 448
1484480 449
1484490 450
1484500 450
1484510 450
1484520 451
1484530 451
1484540 451
1484550 452
1484560 452
1484570 452
1484580 453
1484590 453
1484600 453
1484610 454
1484620 454
1484630 454
1484640 455
1484650 455
1484660 455
1484670 456
1484680 456
1484690 456
1484700 457
1484710 457
1484720 457
1484730 458
1484740 458
1484750 459
1484760 459
1484770 459
1484780 460
1484790 461
1484800 461
1484810 461
1484820 462
1484830 462
1484840 463
1484850 463
1484860 463
1484870 464
1484880 465
1484890 465
1484900 465
1484910 466
1484920 466
1484930 467
1484940 467
1484950 467
1484960 468
1484970 468
1484980 468
1484990 469
1485000 469
1485010 469
1485020 470
1485030 470
1485040 470
1485050 471
1485060 471
1485070 471
1485080 471
1485090 472
1485100 472
1485110 472
1485120 473
1485130 473
1485140 473
1485150 473
1485160 473
1485170 474
1485180 474
1485190 474
1485200 474
1485210 475
1485220 475
1485230 475
1485240 475
1485250 475
1485260 475
1485270 476
1485280 476
1485290 476
1485300 476
1485310 476
1485320 476
1485330 476
1485340 476
1485350 476
1485360 476
1485370 476
1485380 476
1485390 476
1485400 476
1485410 476
1485420 475
1485430 475
1485440 475
1485450 475
1485460 475
1485470 474
1485480 474
1485490 474
1485500 473
1485510 472
1485520 472
1485530 470
1485540 465
1485550 465
1485560 462
1485570 462
1485580 462
1485590 464
1485600 466
1485610 466
1485620 468
1485630 470
1485640 470
1485650 471
1485660 472
1485670 472
1485680 472
1485690 472
1485700 472
1485710 472
1485720 472
1485730 472
1485740 472
1485750 472
1485760 472
1485770 472
1485780 472
1485790 472
1485800 472
1485810 472
1485820 472
1485830 472
1485840 472
1485850 472
1485860 472
1485870 471
1485880 471
1485890 471
1485900 471
1485910 471
1485920 471
1485930 471
1485940 471
1485950 470
1485960 470
1485970 470
1485980 470
1485990 469
1486000 469
1486010 469
1486020 468
1486030 468
1486040 464
1486050 459
1486060 459
1486070 456
1486080 457
1486090 457
1486100 456
1486110 454
1486120 454
1486130 453
1486140 452
1486150 452
1486160 451
1486170 449
1486180 449
1486190 448
1486200 447
1486210 447
1486220 446
1486230 446
1486240 446
1486250 445
1486260 444
1486270 444
1486280 443
1486290 442
1486300 442
1486310 441
1486320 440
1486330 440
1486340 439
1486350 438
1486360 438
1486370 437
1486380 436
1486390 436
1486400 435
1486410 434
1486420 434
1486430 433
1486440 432
1486450 432
1486460 432
1486470 431
1486480 431
1486490 430
1486500 429
1486510 429
1486520 429
1486530 428
1486540 428
1486550 427
1486560 427
1486570 427
1486580 426
1486590 425
1486600 425
1486610 425
1486620 424
1486630 424
1486640 423
1486650 423
1486660 423
1486670 422
1486680 421
1486690 421
1486700 421
1486710 420
1486720 420
1486730 419
1486740 419
1486750 419
1486760 418
1486770 418
1486780 418
1486790 417
1486800 416
1486810 416
1486820 416
1486830 415
1486840 415
1486850 415
1486860 414
1486870 414
1486880 414
1486890 413
1486900 413
1486910 412
1486920 411
1486930 411
1486940 410
1486950 409
1486960 409
1486970 409
1486980 408
1486990 408
1487000 408
1487010 408
1487020 408
1487030 409
1487040 412
1487050 412
1487060 415
1487070 417
1487080 417
1487090 419
1487100 420
1487110 420
1487120 421
1487130 423
1487140 423
1487150 424
1487160 424
1487170 424
1487180 425
1487190 426
1487200 426
1487210 427
1487220 427
1487230 427
1487240 427
1487250 427
1487260 427
1487270 427
1487280 427
1487290 427
1487300 427
1487310 427
1487320 427
1487330 427
1487340 426
1487350 426
1487360 426
1487370 426
1487380 426
1487390 426
1487400 425
1487410 425
1487420 425
1487430 425
1487440 425
1487450 425
1487460 424
1487470 424
1487480 424
1487490 424
1487500 424
1487510 423
1487520 423
1487530 423
1487540 422
1487550 422
1487560 422
1487570 422
1487580 421
1487590 421
1487600 421
1487610 420
1487620 420
1487630 420
1487640 420
1487650 420
1487660 419
1487670 419
1487680 419
1487690 418
1487700 418
1487710 418
1487720 418
1487730 418
1487740 418
1487750 418
1487760 418
1487770 418
1487780 418
1487790 419
1487800 419
1487810 419
1487820 419
1487830 419
1487840 419
1487850 419
1487860 419
1487870 419
1487880 419
1487890 419
1487900 419
1487910 418
1487920 418
1487930 418
1487940 418
1487950 418
1487960 418
1487970 418
1487980 417
1487990 417
1488000 417
1488010 416
1488020 416
1488030 416
1488040 415
1488050 415
1488060 415
1488070 414
1488080 414
1488090 413
1488100 412
1488110 412
1488120 412
1488130 412
1488140 412
1488150 412
1488160 412
1488170 412
1488180 413
1488190 414
1488200 414
1488210 414
1488220 415
1488230 415
1488240 415
1488250 415
1488260 415
1488270 415
1488280 414
1488290 414
1488300 414
1488310 414
1488320 414
1488330 413
1488340 413
1488350 413
1488360 413
1488370 412
1488380 412
1488390 412
1488400 412
1488410 412
1488420 412
1488430 412
1488440 412
1488450 412
1488460 413
1488470 413
1488480 413
1488490 413
1488500 413
1488510 413
1488520 411
1488530 411
1488540 410
1488550 410
1488560 410
1488570 410
1488580 410
1488590 410
1488600 410
1488610 410
1488620 410
1488630 410
1488640 411
1488650 411
1488660 411
1488670 412
1488680 412
1488690 412
1488700 412
1488710 412
1488720 413
1488730 413
1488740 413
1488750 413
1488760 413
1488770 413
1488780 414
1488790 414
1488800 414
1488810 414
1488820 414
1488830 414
1488840 414
1488850 414
1488860 414
1488870 414
1488880 414
1488890 414
1488900 414
1488910 414
1488920 414
1488930 414
1488940 414
1488950 414
1488960 414
1488970 414
1488980 414
1488990 414
1489000 414
1489010 414
1489020 414
1489030 414
1489040 414
1489050 413
1489060 413
1489070 413
1489080 411
1489090 409
1489100 409
1489110 407
1489120 407
1489130 407
1489140 407
1489150 406
1489160 406
1489170 407
1489180 407
1489190 407
1489200 407
1489210 407
1489220 407
1489230 407
1489240 407
1489250 407
1489260 406
1489270 406
1489280 406
1489290 407
1489300 409
1489310 409
1489320 409
1489330 410
1489340 410
1489350 410
1489360 411
1489370 411
1489380 411
1489390 412
1489400 412
1489410 412
1489420 413
1489430 413
1489440 413
1489450 414
1489460 414
1489470 415
1489480 415
1489490 415
1489500 416
1489510 416
1489520 416
1489530 416
1489540 417
1489550 417
1489560 417
1489570 418
1489580 418
1489590 418
1489600 419
1489610 419
1489620 420
1489630 421
1489640 421
1489650 421
1489660 422
1489670 422
1489680 422
1489690 422
1489700 422
1489710 422
1489720 423
1489730 423
1489740 423
1489750 423
1489760 423
1489770 423
1489780 424
1489790 424
1489800 425
1489810 426
1489820 426
1489830 427
1489840 427
1489850 427
1489860 428
1489870 429
1489880 429
1489890 430
1489900 431
1489910 431
1489920 431
1489930 432
1489940 432
1489950 433
1489960 433
1489970 433
1489980 434
1489990 434
1490000 434
1490010 434
1490020 435
1490030 435
1490040 435
1490050 435
1490060 435
1490070 435
1490080 435
1490090 435
1490100 435
1490110 435
1490120 435
1490130 435
1490140 436
1490150 436
1490160 436
1490170 435
1490180 435
1490190 435
1490200 435
1490210 435
1490220 435
1490230 435
1490240 435
1490250 435
1490260 434
1490270 434
1490280 434
1490290 434
1490300 434
1490310 434
1490320 434
1490330 434
1490340 434
1490350 434
1490360 434
1490370 433
1490380 433
1490390 433
1490400 432
1490410 432
1490420 432
1490430 431
1490440 430
1490450 430
1490460 429
1490470 428
1490480 428
1490490 427
1490500 427
1490510 427
1490520 428
1490530 429
1490540 429
1490550 431
1490560 432
1490570 432
1490580 432
1490590 433
1490600 433
1490610 434
1490620 434
1490630 434
1490640 434
1490650 435
1490660 435
1490670 435
1490680 436
1490690 436
1490700 436
1490710 436
1490720 436
1490730 436
1490740 436
1490750 436
1490760 436
1490770 436
1490780 436
1490790 436
1490800 436
1490810 436
1490820 436
1490830 435
1490840 435
1490850 435
1490860 435
1490870 435
1490880 435
1490890 434
1490900 434
1490910 434
1490920 433
1490930 433
1490940 433
1490950 433
1490960 433
1490970 432
1490980 432
1490990 432
1491000 432
1491010 432
1491020 432
1491030 431
1491040 430
1491050 430
1491060 429
1491070 428
1491080 428
1491090 428
1491100 428
1491110 428
1491120 429
1491130 430
1491140 430
1491150 431
1491160 432
1491170 432
1491180 433
1491190 434
1491200 434
1491210 435
1491220 436
1491230 436
1491240 437
1491250 438
1491260 438
1491270 439
1491280 440
1491290 440
1491300 441
1491310 442
1491320 442
1491330 442
1491340 443
1491350 443
1491360 443
1491370 443
1491380 443
1491390 443
1491400 442
1491410 442
1491420 442
1491430 441
1491440 441
1491450 440
1491460 438
1491470 438
1491480 436
1491490 432
1491500 432
1491510 431
1491520 431
1491530 431
1491540 431
1491550 431
1491560 431
1491570 432
1491580 432
1491590 432
1491600 433
1491610 433
1491620 433
1491630 434
1491640 434
1491650 434
1491660 435
1491670 436
1491680 436
1491690 436
1491700 437
1491710 437
1491720 437
1491730 438
1491740 438
1491750 439
1491760 440
1491770 440
1491780 441
1491790 442
1491800 442
1491810 442
1491820 443
1491830 443
1491840 444
1491850 445
1491860 445
1491870 445
1491880 446
1491890 446
1491900 447
1491910 447
1491920 447
1491930 448
1491940 448
1491950 448
1491960 449
1491970 450
1491980 450
1491990 450
1492000 451
1492010 451
1492020 452
1492030 452
1492040 452
1492050 453
1492060 454
1492070 454
1492080 454
1492090 455
1492100 455
1492110 456
1492120 457
1492130 457
1492140 458
1492150 459
1492160 459
1492170 460
1492180 460
1492190 460
1492200 461
1492210 462
1492220 462
1492230 462
1492240 463
1492250 463
1492260 465
1492270 466
1492280 466
1492290 467
1492300 468
1492310 468
1492320 470
1492330 471
1492340 471
1492350 472
1492360 473
1492370 473
1492380 473
1492390 474
1492400 474
1492410 475
1492420 476
1492430 476
1492440 476
1492450 477
1492460 477
1492470 478
1492480 478
1492490 478
1492500 479
1492510 479
1492520 479
1492530 480
1492540 480
1492550 480
1492560 481
1492570 481
1492580 481
1492590 481
1492600 481
1492610 481
1492620 480
1492630 478
1492640 478
1492650 476
1492660 474
1492670 474
1492680 472
1492690 471
1492700 471
1492710 469
1492720 469
1492730 469
1492740 469
1492750 469
1492760 469
1492770 469
1492780 469
1492790 469
1492800 470
1492810 472
1492820 472
1492830 473
1492840 473
1492850 473
1492860 474
1492870 475
1492880 475
1492890 475
1492900 476
1492910 476
1492920 476
1492930 477
1492940 477
1492950 478
1492960 478
1492970 478
1492980 479
1492990 479
1493000 479
1493010 480
1493020 481
1493030 481
1493040 481
1493050 482
1493060 482
1493070 483
1493080 483
1493090 483
1493100 483
1493110 484
1493120 484
1493130 484
1493140 484
1493150 484
1493160 483
1493170 483
1493180 483
1493190 482
1493200 481
1493210 481
1493220 480
1493230 479
1493240 479
1493250 479
1493260 478
1493270 478
1493280 478
1493290 477
1493300 477
1493310 476
1493320 475
1493330 475
1493340 474
1493350 473
1493360 473
1493370 472
1493380 471
1493390 471
1493400 471
1493410 470
1493420 470
1493430 469
1493440 468
1493450 467
1493460 467
1493470 466
1493480 465
1493490 465
1493500 465
1493510 464
1493520 464
1493530 463
1493540 463
1493550 463
1493560 462
1493570 461
1493580 461
1493590 461
1493600 460
1493610 460
1493620 459
1493630 459
1493640 459
1493650 458
1493660 458
1493670 458
1493680 458
1493690 459
1493700 459
1493710 459
1493720 459
1493730 459
1493740 459
1493750 458
1493760 458
1493770 458
1493780 458
1493790 458
1493800 458
1493810 457
1493820 457
1493830 457
1493840 456
1493850 456
1493860 456
1493870 455
1493880 455
1493890 454
1493900 453
1493910 453
1493920 452
1493930 452
1493940 452
1493950 451
1493960 450
1493970 450
1493980 449
1493990 449
1494000 449
1494010 448
1494020 447
1494030 447
1494040 446
1494050 445
1494060 445
1494070 445
1494080 444
1494090 444
1494100 443
1494110 442
1494120 442
1494130 441
1494140 440
1494150 440
1494160 439
1494170 439
1494180 439
1494190 439
1494200 438
1494210 438
1494220 437
1494230 437
1494240 437
1494250 436
1494260 435
1494270 435
1494280 434
1494290 434
1494300 434
1494310 434
1494320 433
1494330 433
1494340 433
1494350 433
1494360 433
1494370 433
1494380 433
1494390 433
1494400 433
1494410 433
1494420 433
1494430 433
1494440 432
1494450 432
1494460 432
1494470 432
1494480 432
1494490 431
1494500 431
1494510 431
1494520 430
1494530 430
1494540 430
1494550 429
1494560 429
1494570 429
1494580 428
1494590 428
1494600 428
1494610 427
1494620 427
1494630 427
1494640 427
1494650 426
1494660 426
1494670 426
1494680 426
1494690 426
1494700 426
1494710 426
1494720 426
1494730 426
1494740 425
1494750 425
1494760 425
1494770 425
1494780 425
1494790 425
1494800 425
1494810 425
1494820 425
1494830 425
1494840 425
1494850 425
1494860 425
1494870 425
1494880 425
1494890 425
1494900 425
1494910 425
1494920 425
1494930 425
1494940 424
1494950 422
1494960 422
1494970 421
1494980 420
1494990 420
1495000 420
1495010 419
1495020 419
1495030 418
1495040 417
1495050 417
1495060 417
1495070 416
1495080 416
1495090 416
1495100 416
1495110 416
1495120 416
1495130 416
1495140 416
1495150 416
1495160 415
1495170 415
1495180 414
1495190 414
1495200 414
1495210 413
1495220 412
1495230 412
1495240 412
1495250 411
1495260 411
1495270 412
1495280 412
1495290 412
1495300 412
1495310 412
1495320 412
1495330 412
1495340 413
1495350 413
1495360 414
1495370 414
1495380 414
1495390 415
1495400 416
1495410 416
1495420 416
1495430 417
1495440 417
1495450 417
1495460 417
1495470 417
1495480 417
1495490 418
1495500 418
1495510 418
1495520 418
1495530 418
1495540 418
1495550 418
1495560 418
1495570 418
1495580 419
1495590 419
1495600 419
1495610 419
1495620 419
1495630 419
1495640 419
1495650 419
1495660 420
1495670 420
1495680 420
1495690 420
1495700 420
1495710 420
1495720 421
1495730 421
1495740 421
1495750 421
1495760 422
1495770 422
1495780 422
1495790 422
1495800 422
1495810 422
1495820 422
1495830 422
1495840 422
1495850 421
1495860 421
1495870 421
1495880 421
1495890 421
1495900 421
1495910 421
1495920 421
1495930 422
1495940 422
1495950 422
1495960 421
1495970 421
1495980 421
1495990 421
1496000 421
1496010 421
1496020 421
1496030 421
1496040 421
1496050 421
1496060 421
1496070 421
1496080 421
1496090 421
1496100 421
1496110 421
1496120 420
1496130 420
1496140 420
1496150 420
1496160 420
1496170 419
1496180 419
1496190 419
1496200 419
1496210 420
1496220 420
1496230 420
1496240 421
1496250 421
1496260 422
1496270 423
1496280 423
1496290 424
1496300 424
1496310 424
1496320 425
1496330 426
1496340 426
1496350 427
1496360 428
1496370 428
1496380 428
1496390 429
1496400 429
1496410 430
1496420 430
1496430 430
1496440 431
1496450 431
1496460 431
1496470 433
1496480 434
1496490 434
1496500 435
1496510 436
1496520 436
1496530 437
1496540 438
1496550 438
1496560 439
1496570 440
1496580 440
1496590 441
1496600 442
1496610 442
1496620 443
1496630 444
1496640 444
1496650 445
1496660 445
1496670 445
1496680 446
1496690 447
1496700 447
1496710 448
1496720 449
1496730 449
1496740 449
1496750 450
1496760 450
1496770 450
1496780 450
1496790 450
1496800 450
1496810 450
1496820 450
1496830 450
1496840 449
1496850 449
1496860 449
1496870 448
1496880 448
1496890 447
1496900 447
1496910 447
1496920 446
1496930 445
1496940 445
1496950 445
1496960 444
1496970 444
1496980 443
1496990 442
1497000 442
1497010 442
1497020 441
1497030 441
1497040 440
1497050 439
1497060 439
1497070 439
1497080 439
1497090 439
1497100 438
1497110 438
1497120 438
1497130 437
1497140 437
1497150 437
1497160 436
1497170 435
1497180 435
1497190 435
1497200 434
1497210 434
1497220 434
1497230 433
1497240 433
1497250 433
1497260 432
1497270 432
1497280 431
1497290 432
1497300 432
1497310 432
1497320 433
1497330 433
1497340 433
1497350 434
1497360 434
1497370 435
1497380 436
1497390 436
1497400 436
1497410 436
1497420 436
1497430 437
1497440 437
1497450 437
1497460 438
1497470 438
1497480 438
1497490 439
1497500 439
1497510 439
1497520 439
1497530 439
1497540 439
1497550 440
1497560 440
1497570 440
1497580 440
1497590 441
1497600 441
1497610 441
1497620 441
1497630 441
1497640 441
1497650 441
1497660 441
1497670 442
1497680 442
1497690 442
1497700 442
1497710 442
1497720 442
1497730 442
1497740 441
1497750 441
1497760 441
1497770 441
1497780 441
1497790 441
1497800 441
1497810 441
1497820 441
1497830 440
1497840 440
1497850 440
1497860 440
1497870 440
1497880 440
1497890 439
1497900 439
1497910 439
1497920 439
1497930 439
1497940 438
1497950 438
1497960 438
1497970 438
1497980 437
1497990 437
1498000 437
1498010 436
1498020 436
1498030 436
1498040 435
1498050 435
1498060 434
1498070 433
1498080 433
1498090 432
1498100 432
1498110 432
1498120 431
1498130 430
1498140 430
1498150 429
1498160 428
1498170 428
1498180 427
1498190 426
1498200 426
1498210 426
1498220 425
1498230 425
1498240 425
1498250 424
1498260 424
1498270 424
1498280 423
1498290 423
1498300 422
1498310 421
1498320 421
1498330 421
1498340 420
1498350 420
1498360 420
1498370 420
1498380 420
1498390 420
1498400 420
1498410 420
1498420 420
1498430 422
1498440 422
1498450 423
1498460 425
1498470 425
1498480 427
1498490 428
1498500 428
1498510 430
1498520 431
1498530 431
1498540 432
1498550 433
1498560 433
1498570 434
1498580 435
1498590 435
1498600 436
1498610 437
1498620 437
1498630 438
1498640 438
1498650 438
1498660 439
1498670 440
1498680 440
1498690 440
1498700 441
1498710 441
1498720 441
1498730 442
1498740 442
1498750 442
1498760 443
1498770 443
1498780 443
1498790 444
1498800 444
1498810 444
1498820 445
1498830 445
1498840 445
1498850 446
1498860 446
1498870 446
1498880 446
1498890 446
1498900 446
1498910 446
1498920 446
1498930 446
1498940 445
1498950 445
1498960 444
1498970 443
1498980 443
1498990 442
1499000 441
1499010 441
1499020 439
1499030 438
1499040 438
1499050 436
1499060 435
1499070 435
1499080 434
1499090 433
1499100 433
1499110 432
1499120 431
1499130 431
1499140 430
1499150 428
1499160 428
1499170 427
1499180 426
1499190 426
1499200 425
1499210 424
1499220 424
1499230 423
1499240 422
1499250 422
1499260 421
1499270 420
1499280 420
1499290 420
1499300 419
1499310 419
1499320 418
1499330 417
1499340 417
1499350 417
1499360 417
1499370 417
1499380 417
1499390 417
1499400 417
1499410 417
1499420 416
1499430 416
1499440 416
1499450 416
1499460 415
1499470 415
1499480 414
1499490 414
1499500 414
1499510 415
1499520 415
1499530 415
1499540 414
1499550 413
1499560 413
1499570 412
1499580 412
1499590 412
1499600 413
1499610 414
1499620 414
1499630 414
1499640 414
1499650 414
1499660 414
1499670 413
1499680 413
1499690 412
1499700 411
1499710 411
1499720 411
1499730 411
1499740 411
1499750 412
1499760 413
1499770 413
1499780 413
1499790 414
1499800 414
1499810 414
1499820 414
1499830 414
1499840 414
1499850 414
1499860 414
1499870 414
1499880 415
1499890 415
1499900 414
1499910 413
1499920 413
1499930 411
1499940 410
1499950 410
1499960 411
1499970 414
1499980 414
1499990 414
