1480000 406
1480010 406
1480020 406
1480030 406
1480040 407
1480050 407
1480060 407
1480070 407
1480080 407
1480090 407
1480100 408
1480110 409
1480120 409
1480130 410
1480140 410
1480150 410
1480160 410
1480170 411
1480180 411
1480190 411
1480200 411
1480210 411
1480220 411
1480230 411
1480240 411
1480250 412
1480260 413
1480270 413
1480280 414
1480290 414
1480300 414
1480310 414
1480320 414
1480330 414
1480340 414
1480350 414
1480360 414
1480370 414
1480380 414
1480390 414
1480400 414
1480410 414
1480420 414
1480430 414
1480440 415
1480450 415
1480460 416
1480470 417
1480480 417
1480490 417
1480500 417
1480510 417
1480520 417
1480530 417
1480540 417
1480550 417
1480560 417
1480570 417
1480580 417
1480590 417
1480600 417
1480610 417
1480620 416
1480630 416
1480640 416
1480650 416
1480660 416
1480670 415
1480680 415
1480690 415
1480700 415
1480710 414
1480720 414
1480730 414
1480740 413
1480750 413
1480760 413
1480770 412
1480780 412
1480790 412
1480800 411
1480810 411
1480820 410
1480830 409
1480840 409
1480850 409
1480860 408
1480870 408
1480880 407
1480890 406
1480900 406
1480910 405
1480920 404
1480930 404
1480940 402
1480950 401
1480960 401
1480970 400
1480980 398
1480990 398
1481000 397
1481010 397
1481020 397
1481030 396
1481040 396
1481050 396
1481060 395
1481070 395
1481080 395
1481090 394
1481100 393
1481110 393
1481120 392
1481130 391
1481140 391
1481150 391
1481160 390
1481170 390
1481180 389
1481190 388
1481200 388
1481210 388
1481220 387
1481230 387
1481240 386
1481250 386
1481260 386
1481270 385
1481280 384
1481290 384
1481300 384
1481310 383
1481320 383
1481330 383
1481340 382
1481350 382
1481360 382
1481370 381
1481380 381
1481390 381
1481400 380
1481410 380
1481420 380
1481430 379
1481440 379
1481450 379
1481460 378
1481470 378
1481480 378
1481490 378
1481500 378
1481510 377
1481520 377
1481530 377
1481540 377
1481550 376
1481560 376
1481570 376
1481580 376
1481590 376
1481600 376
1481610 377
1481620 377
1481630 377
1481640 377
1481650 377
1481660 379
1481670 380
1481680 380
1481690 383
1481700 383
1481710 383
1481720 385
1481730 390
1481740 390
1481750 394
1481760 395
1481770 395
1481780 395
1481790 395
1481800 395
1481810 395
1481820 395
1481830 395
1481840 395
1481850 395
1481860 395
1481870 395
1481880 394
1481890 394
1481900 394
1481910 394
1481920 394
1481930 393
1481940 393
1481950 393
1481960 392
1481970 392
1481980 392
1481990 391
1482000 391
1482010 391
1482020 391
1482030 391
1482040 391
1482050 390
1482060 389
1482070 389
1482080 389
1482090 388
1482100 388
1482110 388
1482120 388
1482130 388
1482140 387
1482150 387
1482160 387
1482170 386
1482180 386
1482190 386
1482200 386
1482210 385
1482220 385
1482230 385
1482240 384
1482250 384
1482260 384
1482270 384
1482280 384
1482290 384
1482300 383
1482310 383
1482320 383
1482330 383
1482340 383
1482350 382
1482360 382
1482370 382
1482380 381
1482390 381
1482400 381
1482410 381
1482420 380
1482430 380
1482440 380
1482450 380
1482460 380
1482470 379
1482480 379
1482490 379
1482500 379
1482510 378
1482520 378
1482530 378
1482540 378
1482550 378
1482560 377
1482570 377
1482580 377
1482590 377
1482600 376
1482610 376
1482620 376
1482630 376
1482640 376
1482650 375
1482660 375
1482670 375
1482680 375
1482690 375
1482700 375
1482710 375
1482720 376
1482730 376
1482740 376
1482750 376
1482760 376
1482770 376
1482780 376
1482790 376
1482800 376
1482810 376
1482820 376
1482830 376
1482840 375
1482850 375
1482860 374
1482870 374
1482880 374
1482890 374
1482900 374
1482910 374
1482920 375
1482930 375
1482940 375
1482950 376
1482960 376
1482970 376
1482980 377
1482990 377
1483000 377
1483010 377
1483020 377
1483030 377
1483040 378
1483050 378
1483060 378
1483070 378
1483080 378
1483090 378
1483100 379
1483110 379
1483120 379
1483130 379
1483140 379
1483150 379
1483160 379
1483170 379
1483180 379
1483190 380
1483200 380
1483210 380
1483220 380
1483230 380
1483240 380
1483250 380
1483260 380
1483270 380
1483280 380
1483290 380
1483300 380
1483310 380
1483320 380
1483330 380
1483340 380
1483350 380
1483360 380
1483370 380
1483380 380
1483390 380
1483400 380
1483410 380
1483420 380
1483430 380
1483440 380
1483450 380
1483460 380
1483470 380
1483480 380
1483490 380
1483500 380
1483510 380
1483520 379
1483530 379
1483540 379
1483550 379
1483560 379
1483570 379
1483580 379
1483590 378
1483600 378
1483610 378
1483620 378
1483630 378
1483640 377
1483650 377
1483660 377
1483670 376
1483680 376
1483690 376
1483700 376
1483710 375
1483720 375
1483730 375
1483740 374
1483750 374
1483760 374
1483770 374
1483780 374
1483790 373
1483800 372
1483810 372
1483820 372
1483830 372
1483840 372
1483850 371
1483860 371
1483870 371
1483880 369
1483890 370
1483900 370
1483910 370
1483920 370
1483930 370
1483940 370
1483950 370
1483960 370
1483970 370
1483980 370
1483990 370
1484000 370
1484010 370
1484020 370
1484030 370
1484040 370
1484050 370
1484060 370
1484070 371
1484080 371
1484090 371
1484100 371
1484110 371
1484120 372
1484130 372
1484140 372
1484150 373
1484160 373
1484170 373
1484180 374
1484190 374
1484200 374
1484210 375
1484220 376
1484230 376
1484240 376
1484250 376
1484260 376
1484270 377
1484280 377
1484290 377
1484300 378
1484310 379
1484320 379
1484330 379
1484340 379
1484350 379
1484360 379
1484370 380
1484380 380
1484390 380
1484400 381
1484410 381
1484420 381
1484430 381
1484440 381
1484450 382
1484460 382
1484470 382
1484480 383
1484490 383
1484500 383
1484510 383
1484520 384
1484530 384
1484540 384
1484550 385
1484560 385
1484570 386
1484580 386
1484590 386
1484600 387
1484610 387
1484620 387
1484630 388
1484640 388
1484650 388
1484660 389
1484670 390
1484680 390
1484690 391
1484700 391
1484710 391
1484720 392
1484730 393
1484740 393
1484750 394
1484760 395
1484770 395
1484780 396
1484790 397
1484800 397
1484810 398
1484820 399
1484830 399
1484840 400
1484850 401
1484860 401
1484870 402
1484880 403
1484890 403
1484900 404
1484910 405
1484920 405
1484930 407
1484940 408
1484950 408
1484960 409
1484970 409
1484980 409
1484990 409
1485000 410
1485010 410
1485020 410
1485030 411
1485040 411
1485050 411
1485060 411
1485070 411
1485080 412
1485090 412
1485100 412
1485110 412
1485120 412
1485130 412
1485140 412
1485150 412
1485160 412
1485170 412
1485180 413
1485190 413
1485200 413
1485210 413
1485220 413
1485230 414
1485240 414
1485250 414
1485260 414
1485270 414
1485280 414
1485290 414
1485300 414
1485310 414
1485320 413
1485330 413
1485340 413
1485350 413
1485360 412
1485370 412
1485380 411
1485390 411
1485400 411
1485410 410
1485420 410
1485430 410
1485440 409
1485450 408
1485460 408
1485470 407
1485480 407
1485490 407
1485500 406
1485510 405
1485520 405
1485530 405
1485540 405
1485550 405
1485560 406
1485570 406
1485580 406
1485590 407
1485600 408
1485610 408
1485620 409
1485630 410
1485640 410
1485650 410
1485660 411
1485670 411
1485680 411
1485690 411
1485700 411
1485710 410
1485720 410
1485730 410
1485740 410
1485750 410
1485760 410
1485770 409
1485780 409
1485790 409
1485800 408
1485810 408
1485820 408
1485830 407
1485840 406
1485850 406
1485860 406
1485870 405
1485880 405
1485890 404
1485900 403
1485910 403
1485920 402
1485930 401
1485940 401
1485950 400
1485960 400
1485970 400
1485980 399
1485990 398
1486000 398
1486010 397
1486020 396
1486030 396
1486040 396
1486050 395
1486060 395
1486070 394
1486080 393
1486090 393
1486100 392
1486110 391
1486120 391
1486130 390
1486140 389
1486150 389
1486160 390
1486170 391
1486180 391
1486190 392
1486200 394
1486210 394
1486220 395
1486230 396
1486240 396
1486250 397
1486260 398
1486270 398
1486280 398
1486290 399
1486300 399
1486310 400
1486320 400
1486330 400
1486340 401
1486350 402
1486360 402
1486370 403
1486380 403
1486390 403
1486400 404
1486410 404
1486420 404
1486430 405
1486440 405
1486450 405
1486460 406
1486470 407
1486480 407
1486490 407
1486500 407
1486510 407
1486520 408
1486530 408
1486540 408
1486550 408
1486560 408
1486570 408
1486580 409
1486590 409
1486600 409
1486610 409
1486620 409
1486630 409
1486640 408
1486650 408
1486660 408
1486670 408
1486680 408
1486690 408
1486700 408
1486710 408
1486720 408
1486730 409
1486740 409
1486750 409
1486760 409
1486770 410
1486780 410
1486790 410
1486800 410
1486810 410
1486820 410
1486830 410
1486840 410
1486850 409
1486860 409
1486870 409
1486880 409
1486890 408
1486900 408
1486910 408
1486920 407
1486930 407
1486940 407
1486950 406
1486960 406
1486970 406
1486980 405
1486990 405
1487000 405
1487010 404
1487020 404
1487030 403
1487040 403
1487050 403
1487060 402
1487070 401
1487080 401
1487090 400
1487100 399
1487110 399
1487120 399
1487130 398
1487140 398
1487150 397
1487160 396
1487170 396
1487180 396
1487190 395
1487200 395
1487210 394
1487220 394
1487230 394
1487240 393
1487250 393
1487260 393
1487270 392
1487280 392
1487290 392
1487300 392
1487310 393
1487320 393
1487330 394
1487340 396
1487350 396
1487360 398
1487370 399
1487380 399
1487390 400
1487400 401
1487410 401
1487420 401
1487430 401
1487440 401
1487450 401
1487460 402
1487470 402
1487480 401
1487490 401
1487500 401
1487510 401
1487520 401
1487530 401
1487540 401
1487550 400
1487560 400
1487570 400
1487580 400
1487590 400
1487600 399
1487610 399
1487620 399
1487630 399
1487640 398
1487650 398
1487660 398
1487670 397
1487680 397
1487690 397
1487700 396
1487710 396
1487720 396
1487730 395
1487740 395
1487750 395
1487760 394
1487770 394
1487780 394
1487790 393
1487800 393
1487810 393
1487820 392
1487830 392
1487840 391
1487850 391
1487860 391
1487870 390
1487880 390
1487890 390
1487900 389
1487910 388
1487920 388
1487930 387
1487940 386
1487950 386
1487960 384
1487970 384
1487980 384
1487990 385
1488000 385
1488010 385
1488020 385
1488030 386
1488040 386
1488050 386
1488060 386
1488070 386
1488080 386
1488090 386
1488100 386
1488110 387
1488120 387
1488130 387
1488140 388
1488150 389
1488160 389
1488170 389
1488180 390
1488190 390
1488200 390
1488210 391
1488220 391
1488230 391
1488240 391
1488250 391
1488260 391
1488270 392
1488280 392
1488290 392
1488300 392
1488310 392
1488320 393
1488330 393
1488340 393
1488350 393
1488360 394
1488370 394
1488380 394
1488390 394
1488400 394
1488410 395
1488420 395
1488430 395
1488440 396
1488450 396
1488460 396
1488470 397
1488480 397
1488490 397
1488500 398
1488510 398
1488520 398
1488530 398
1488540 399
1488550 399
1488560 399
1488570 399
1488580 399
1488590 399
1488600 400
1488610 400
1488620 400
1488630 400
1488640 400
1488650 400
1488660 401
1488670 401
1488680 401
1488690 402
1488700 402
1488710 402
1488720 402
1488730 402
1488740 402
1488750 403
1488760 403
1488770 403
1488780 403
1488790 403
1488800 403
1488810 404
1488820 404
1488830 404
1488840 404
1488850 404
1488860 404
1488870 404
1488880 404
1488890 404
1488900 404
1488910 404
1488920 405
1488930 406
1488940 406
1488950 406
1488960 407
1488970 407
1488980 407
1488990 408
1489000 408
1489010 408
1489020 408
1489030 408
1489040 409
1489050 409
1489060 409
1489070 409
1489080 410
1489090 410
1489100 410
1489110 411
1489120 411
1489130 411
1489140 411
1489150 411
1489160 412
1489170 412
1489180 412
1489190 413
1489200 413
1489210 413
1489220 413
1489230 414
1489240 414
1489250 414
1489260 414
1489270 414
1489280 415
1489290 415
1489300 415
1489310 415
1489320 416
1489330 416
1489340 416
1489350 417
1489360 417
1489370 418
1489380 418
1489390 418
1489400 419
1489410 420
1489420 420
1489430 420
1489440 421
1489450 421
1489460 422
1489470 423
1489480 423
1489490 423
1489500 424
1489510 424
1489520 425
1489530 426
1489540 426
1489550 426
1489560 427
1489570 427
1489580 428
1489590 429
1489600 429
1489610 429
1489620 430
1489630 430
1489640 431
1489650 431
1489660 431
1489670 432
1489680 432
1489690 432
1489700 433
1489710 433
1489720 433
1489730 434
1489740 434
1489750 434
1489760 434
1489770 434
1489780 434
1489790 433
1489800 432
1489810 432
1489820 431
1489830 430
1489840 430
1489850 429
1489860 427
1489870 427
1489880 426
1489890 425
1489900 425
1489910 424
1489920 423
1489930 423
1489940 422
1489950 421
1489960 421
1489970 421
1489980 420
1489990 420
1490000 419
1490010 417
1490020 417
1490030 417
1490040 416
1490050 416
1490060 416
1490070 417
1490080 417
1490090 417
1490100 417
1490110 417
1490120 418
1490130 418
1490140 418
1490150 418
1490160 418
1490170 418
1490180 418
1490190 418
1490200 418
1490210 418
1490220 419
1490230 419
1490240 419
1490250 420
1490260 420
1490270 421
1490280 421
1490290 421
1490300 422
1490310 422
1490320 422
1490330 423
1490340 427
1490350 427
1490360 429
1490370 431
1490380 431
1490390 433
1490400 434
1490410 434
1490420 436
1490430 437
1490440 437
1490450 438
1490460 440
1490470 440
1490480 442
1490490 443
1490500 443
1490510 445
1490520 447
1490530 447
1490540 448
1490550 450
1490560 450
1490570 451
1490580 452
1490590 452
1490600 453
1490610 455
1490620 455
1490630 457
1490640 459
1490650 459
1490660 460
1490670 462
1490680 462
1490690 466
1490700 469
1490710 469
1490720 471
1490730 472
1490740 472
1490750 474
1490760 475
1490770 475
1490780 476
1490790 478
1490800 478
1490810 479
1490820 481
1490830 481
1490840 483
1490850 484
1490860 484
1490870 485
1490880 485
1490890 485
1490900 486
1490910 486
1490920 486
1490930 486
1490940 486
1490950 486
1490960 486
1490970 486
1490980 486
1490990 487
1491000 487
1491010 487
1491020 488
1491030 490
1491040 490
1491050 490
1491060 491
1491070 491
1491080 491
1491090 491
1491100 491
1491110 492
1491120 491
1491130 491
1491140 490
1491150 490
1491160 490
1491170 489
1491180 489
1491190 489
1491200 488
1491210 488
1491220 488
1491230 487
1491240 487
1491250 487
1491260 486
1491270 485
1491280 485
1491290 484
1491300 484
1491310 484
1491320 483
1491330 482
1491340 482
1491350 481
1491360 480
1491370 480
1491380 479
1491390 478
1491400 478
1491410 477
1491420 476
1491430 476
1491440 475
1491450 474
1491460 474
1491470 473
1491480 471
1491490 471
1491500 470
1491510 468
1491520 468
1491530 466
1491540 465
1491550 465
1491560 464
1491570 463
1491580 463
1491590 462
1491600 460
1491610 460
1491620 458
1491630 456
1491640 456
1491650 455
1491660 454
1491670 454
1491680 454
1491690 453
1491700 453
1491710 452
1491720 452
1491730 452
1491740 451
1491750 451
1491760 451
1491770 450
1491780 449
1491790 449
1491800 448
1491810 448
1491820 448
1491830 448
1491840 449
1491850 449
1491860 451
1491870 453
1491880 453
1491890 455
1491900 455
1491910 455
1491920 456
1491930 457
1491940 457
1491950 459
1491960 461
1491970 461
1491980 462
1491990 462
1492000 462
1492010 462
1492020 462
1492030 462
1492040 461
1492050 460
1492060 460
1492070 460
1492080 459
1492090 459
1492100 460
1492110 460
1492120 460
1492130 461
1492140 462
1492150 462
1492160 463
1492170 463
1492180 463
1492190 463
1492200 464
1492210 464
1492220 464
1492230 464
1492240 464
1492250 464
1492260 464
1492270 464
1492280 463
1492290 462
1492300 462
1492310 462
1492320 461
1492330 461
1492340 460
1492350 460
1492360 460
1492370 459
1492380 458
1492390 458
1492400 457
1492410 456
1492420 456
1492430 455
1492440 454
1492450 454
1492460 453
1492470 452
1492480 452
1492490 451
1492500 450
1492510 450
1492520 448
1492530 447
1492540 447
1492550 446
1492560 445
1492570 445
1492580 444
1492590 442
1492600 442
1492610 441
1492620 440
1492630 440
1492640 439
1492650 438
1492660 438
1492670 437
1492680 436
1492690 436
1492700 435
1492710 434
1492720 434
1492730 432
1492740 431
1492750 431
1492760 430
1492770 428
1492780 428
1492790 427
1492800 425
1492810 425
1492820 424
1492830 423
1492840 423
1492850 421
1492860 420
1492870 420
1492880 419
1492890 418
1492900 418
1492910 417
1492920 416
1492930 416
1492940 415
1492950 415
1492960 415
1492970 414
1492980 414
1492990 414
1493000 413
1493010 413
1493020 413
1493030 413
1493040 413
1493050 413
1493060 413
1493070 412
1493080 412
1493090 412
1493100 412
1493110 412
1493120 411
1493130 411
1493140 411
1493150 410
1493160 410
1493170 410
1493180 410
1493190 409
1493200 409
1493210 409
1493220 409
1493230 409
1493240 408
1493250 408
1493260 408
1493270 408
1493280 407
1493290 407
1493300 407
1493310 406
1493320 406
1493330 406
1493340 406
1493350 406
1493360 405
1493370 405
1493380 405
1493390 405
1493400 404
1493410 404
1493420 404
1493430 404
1493440 404
1493450 403
1493460 403
1493470 403
1493480 402
1493490 402
1493500 402
1493510 402
1493520 401
1493530 401
1493540 401
1493550 401
1493560 401
1493570 401
1493580 401
1493590 401
1493600 400
1493610 400
1493620 400
1493630 400
1493640 400
1493650 400
1493660 400
1493670 400
1493680 400
1493690 400
1493700 400
1493710 400
1493720 400
1493730 401
1493740 401
1493750 401
1493760 401
1493770 401
1493780 401
1493790 402
1493800 402
1493810 402
1493820 402
1493830 402
1493840 402
1493850 402
1493860 402
1493870 402
1493880 403
1493890 403
1493900 403
1493910 404
1493920 404
1493930 405
1493940 406
1493950 406
1493960 407
1493970 408
1493980 408
1493990 409
1494000 409
1494010 409
1494020 410
1494030 411
1494040 411
1494050 412
1494060 412
1494070 412
1494080 413
1494090 414
1494100 414
1494110 414
1494120 415
1494130 415
1494140 415
1494150 416
1494160 416
1494170 417
1494180 417
1494190 417
1494200 418
1494210 419
1494220 419
1494230 419
1494240 420
1494250 420
1494260 421
1494270 421
1494280 421
1494290 422
1494300 422
1494310 422
1494320 423
1494330 423
1494340 423
1494350 424
1494360 424
1494370 424
1494380 425
1494390 425
1494400 425
1494410 425
1494420 425
1494430 425
1494440 425
1494450 425
1494460 425
1494470 425
1494480 425
1494490 425
1494500 425
1494510 426
1494520 426
1494530 426
1494540 427
1494550 427
1494560 428
1494570 428
1494580 428
1494590 429
1494600 429
1494610 429
1494620 429
1494630 429
1494640 429
1494650 429
1494660 428
1494670 428
1494680 428
1494690 427
1494700 427
1494710 427
1494720 427
1494730 427
1494740 426
1494750 426
1494760 426
1494770 425
1494780 425
1494790 425
1494800 425
1494810 424
1494820 424
1494830 424
1494840 424
1494850 424
1494860 424
1494870 424
1494880 424
1494890 424
1494900 424
1494910 424
1494920 424
1494930 424
1494940 424
1494950 424
1494960 425
1494970 425
1494980 425
1494990 426
1495000 426
1495010 426
1495020 427
1495030 427
1495040 427
1495050 428
1495060 428
1495070 428
1495080 428
1495090 428
1495100 429
1495110 429
1495120 429
1495130 430
1495140 430
1495150 430
1495160 431
1495170 432
1495180 432
1495190 432
1495200 433
1495210 433
1495220 433
1495230 434
1495240 434
1495250 435
1495260 435
1495270 435
1495280 436
1495290 437
1495300 437
1495310 437
1495320 438
1495330 438
1495340 439
1495350 439
1495360 439
1495370 440
1495380 440
1495390 440
1495400 440
1495410 439
1495420 439
1495430 439
1495440 438
1495450 438
1495460 438
1495470 437
1495480 437
1495490 436
1495500 435
1495510 435
1495520 434
1495530 433
1495540 433
1495550 432
1495560 431
1495570 431
1495580 430
1495590 429
1495600 429
1495610 427
1495620 426
1495630 426
1495640 424
1495650 423
1495660 423
1495670 422
1495680 421
1495690 421
1495700 421
1495710 422
1495720 422
1495730 422
1495740 423
1495750 423
1495760 424
1495770 425
1495780 425
1495790 426
1495800 427
1495810 427
1495820 429
1495830 430
1495840 430
1495850 431
1495860 432
1495870 432
1495880 433
1495890 434
1495900 434
1495910 435
1495920 436
1495930 436
1495940 437
1495950 437
1495960 437
1495970 438
1495980 438
1495990 438
1496000 438
1496010 438
1496020 438
1496030 437
1496040 437
1496050 437
1496060 436
1496070 435
1496080 435
1496090 435
1496100 434
1496110 434
1496120 432
1496130 431
1496140 431
1496150 430
1496160 429
1496170 429
1496180 428
1496190 427
1496200 427
1496210 426
1496220 425
1496230 425
1496240 425
1496250 424
1496260 424
1496270 423
1496280 423
1496290 423
1496300 423
1496310 422
1496320 422
1496330 422
1496340 422
1496350 422
1496360 422
1496370 422
1496380 422
1496390 422
1496400 422
1496410 422
1496420 421
1496430 421
1496440 421
1496450 421
1496460 421
1496470 421
1496480 421
1496490 421
1496500 421
1496510 421
1496520 420
1496530 420
1496540 420
1496550 419
1496560 419
1496570 419
1496580 418
1496590 418
1496600 417
1496610 416
1496620 416
1496630 415
1496640 414
1496650 414
1496660 414
1496670 413
1496680 413
1496690 411
1496700 410
1496710 410
1496720 409
1496730 408
1496740 408
1496750 407
1496760 405
1496770 405
1496780 404
1496790 403
1496800 403
1496810 402
1496820 400
1496830 400
1496840 399
1496850 398
1496860 398
1496870 397
1496880 396
1496890 396
1496900 395
1496910 393
1496920 393
1496930 393
1496940 392
1496950 392
1496960 392
1496970 392
1496980 392
1496990 392
1497000 392
1497010 392
1497020 392
1497030 393
1497040 393
1497050 393
1497060 393
1497070 393
1497080 393
1497090 393
1497100 393
1497110 392
1497120 392
1497130 392
1497140 393
1497150 393
1497160 393
1497170 393
1497180 393
1497190 393
1497200 393
1497210 393
1497220 393
1497230 393
1497240 394
1497250 394
1497260 392
1497270 392
1497280 392
1497290 393
1497300 392
1497310 392
1497320 392
1497330 391
1497340 391
1497350 391
1497360 391
1497370 391
1497380 391
1497390 391
1497400 391
1497410 391
1497420 391
1497430 391
1497440 391
1497450 391
1497460 391
1497470 391
1497480 391
1497490 391
1497500 391
1497510 391
1497520 391
1497530 391
1497540 390
1497550 390
1497560 390
1497570 390
1497580 390
1497590 390
1497600 390
1497610 390
1497620 390
1497630 390
1497640 390
1497650 390
1497660 390
1497670 390
1497680 390
1497690 389
1497700 389
1497710 389
1497720 389
1497730 389
1497740 389
1497750 389
1497760 389
1497770 389
1497780 389
1497790 389
1497800 388
1497810 385
1497820 385
1497830 388
1497840 390
1497850 390
1497860 389
1497870 390
1497880 390
1497890 390
1497900 389
1497910 389
1497920 389
1497930 389
1497940 389
1497950 389
1497960 389
1497970 389
1497980 389
1497990 389
1498000 389
1498010 390
1498020 390
1498030 390
1498040 391
1498050 391
1498060 391
1498070 392
1498080 392
1498090 392
1498100 392
1498110 392
1498120 392
1498130 392
1498140 392
1498150 392
1498160 393
1498170 393
1498180 393
1498190 394
1498200 394
1498210 394
1498220 394
1498230 395
1498240 395
1498250 396
1498260 397
1498270 397
1498280 398
1498290 399
1498300 399
1498310 400
1498320 400
1498330 400
1498340 400
1498350 400
1498360 400
1498370 400
1498380 401
1498390 401
1498400 401
1498410 401
1498420 401
1498430 401
1498440 402
1498450 402
1498460 402
1498470 402
1498480 402
1498490 402
1498500 403
1498510 403
1498520 403
1498530 403
1498540 403
1498550 403
1498560 404
1498570 404
1498580 404
1498590 404
1498600 404
1498610 405
1498620 405
1498630 405
1498640 406
1498650 406
1498660 406
1498670 406
1498680 407
1498690 407
1498700 407
1498710 408
1498720 408
1498730 408
1498740 409
1498750 409
1498760 409
1498770 410
1498780 410
1498790 410
1498800 411
1498810 411
1498820 411
1498830 412
1498840 412
1498850 412
1498860 412
1498870 413
1498880 413
1498890 413
1498900 413
1498910 413
1498920 414
1498930 414
1498940 414
1498950 414
1498960 415
1498970 415
1498980 415
1498990 416
1499000 416
1499010 416
1499020 417
1499030 417
1499040 417
1499050 418
1499060 418
1499070 418
1499080 419
1499090 419
1499100 420
1499110 420
1499120 420
1499130 421
1499140 421
1499150 421
1499160 422
1499170 423
1499180 423
1499190 423
1499200 424
1499210 423
1499220 424
1499230 425
1499240 425
1499250 426
1499260 426
1499270 426
1499280 426
1499290 427
1499300 427
1499310 428
1499320 428
1499330 428
1499340 429
1499350 430
1499360 430
1499370 431
1499380 431
1499390 431
1499400 432
1499410 433
1499420 433
1499430 434
1499440 434
1499450 434
1499460 435
1499470 436
1499480 436
1499490 437
1499500 437
1499510 437
1499520 438
1499530 439
1499540 439
1499550 440
1499560 441
1499570 441
1499580 441
1499590 442
1499600 442
1499610 443
1499620 443
1499630 443
1499640 444
1499650 445
1499660 445
1499670 446
1499680 447
1499690 447
1499700 447
1499710 447
1499720 447
1499730 448
1499740 449
1499750 449
1499760 449
1499770 450
1499780 450
1499790 450
1499800 451
1499810 451
1499820 451
1499830 452
1499840 452
1499850 452
1499860 453
1499870 453
1499880 453
1499890 454
1499900 454
1499910 454
1499920 455
1499930 455
1499940 455
1499950 455
1499960 455
1499970 455
1499980 456
1499990 456
