1480000 366
1480010 366
1480020 366
1480030 366
1480040 366
1480050 366
1480060 366
1480070 366
1480080 366
1480090 366
1480100 366
1480110 366
1480120 366
1480130 366
1480140 367
1480150 367
1480160 367
1480170 367
1480180 367
1480190 367
1480200 367
1480210 367
1480220 367
1480230 367
1480240 367
1480250 367
1480260 367
1480270 367
1480280 367
1480290 368
1480300 368
1480310 368
1480320 368
1480330 368
1480340 368
1480350 368
1480360 368
1480370 368
1480380 368
1480390 368
1480400 368
1480410 368
1480420 368
1480430 368
1480440 368
1480450 368
1480460 368
1480470 368
1480480 368
1480490 368
1480500 368
1480510 368
1480520 369
1480530 369
1480540 369
1480550 369
1480560 369
1480570 369
1480580 369
1480590 369
1480600 369
1480610 369
1480620 369
1480630 369
1480640 369
1480650 369
1480660 369
1480670 369
1480680 369
1480690 369
1480700 369
1480710 369
1480720 369
1480730 369
1480740 369
1480750 369
1480760 369
1480770 369
1480780 369
1480790 370
1480800 370
1480810 370
1480820 370
1480830 370
1480840 370
1480850 370
1480860 370
1480870 370
1480880 370
1480890 370
1480900 370
1480910 370
1480920 370
1480930 370
1480940 370
1480950 370
1480960 370
1480970 370
1480980 370
1480990 370
1481000 370
1481010 370
1481020 370
1481030 370
1481040 370
1481050 370
1481060 370
1481070 370
1481080 370
1481090 370
1481100 370
1481110 370
1481120 370
1481130 370
1481140 370
1481150 370
1481160 370
1481170 370
1481180 369
1481190 369
1481200 369
1481210 369
1481220 369
1481230 369
1481240 369
1481250 369
1481260 369
1481270 369
1481280 369
1481290 369
1481300 369
1481310 369
1481320 369
1481330 369
1481340 369
1481350 369
1481360 369
1481370 369
1481380 369
1481390 369
1481400 369
1481410 369
1481420 369
1481430 369
1481440 369
1481450 369
1481460 369
1481470 369
1481480 369
1481490 369
1481500 369
1481510 369
1481520 368
1481530 368
1481540 368
1481550 368
1481560 368
1481570 368
1481580 368
1481590 368
1481600 368
1481610 368
1481620 368
1481630 368
1481640 368
1481650 368
1481660 368
1481670 368
1481680 368
1481690 368
1481700 368
1481710 368
1481720 369
1481730 369
1481740 369
1481750 369
1481760 368
1481770 368
1481780 368
1481790 368
1481800 368
1481810 368
1481820 368
1481830 368
1481840 368
1481850 368
1481860 368
1481870 369
1481880 369
1481890 369
1481900 369
1481910 369
1481920 369
1481930 369
1481940 369
1481950 369
1481960 369
1481970 369
1481980 369
1481990 369
1482000 369
1482010 369
1482020 369
1482030 369
1482040 369
1482050 369
1482060 369
1482070 369
1482080 369
1482090 370
1482100 370
1482110 370
1482120 370
1482130 370
1482140 370
1482150 370
1482160 370
1482170 370
1482180 370
1482190 370
1482200 370
1482210 370
1482220 370
1482230 370
1482240 370
1482250 370
1482260 370
1482270 370
1482280 370
1482290 370
1482300 370
1482310 370
1482320 370
1482330 370
1482340 370
1482350 370
1482360 370
1482370 370
1482380 370
1482390 370
1482400 370
1482410 370
1482420 370
1482430 370
1482440 370
1482450 370
1482460 370
1482470 371
1482480 370
1482490 370
1482500 370
1482510 370
1482520 370
1482530 370
1482540 370
1482550 370
1482560 370
1482570 370
1482580 370
1482590 370
1482600 370
1482610 370
1482620 370
1482630 369
1482640 369
1482650 369
1482660 369
1482670 369
1482680 369
1482690 369
1482700 369
1482710 368
1482720 368
1482730 368
1482740 368
1482750 368
1482760 368
1482770 368
1482780 368
1482790 368
1482800 368
1482810 368
1482820 368
1482830 368
1482840 368
1482850 368
1482860 368
1482870 368
1482880 368
1482890 368
1482900 368
1482910 368
1482920 369
1482930 369
1482940 369
1482950 370
1482960 370
1482970 370
1482980 370
1482990 370
1483000 370
1483010 371
1483020 371
1483030 371
1483040 372
1483050 372
1483060 372
1483070 373
1483080 373
1483090 373
1483100 373
1483110 374
1483120 374
1483130 374
1483140 374
1483150 374
1483160 375
1483170 375
1483180 375
1483190 375
1483200 375
1483210 375
1483220 375
1483230 376
1483240 376
1483250 376
1483260 376
1483270 376
1483280 376
1483290 376
1483300 376
1483310 376
1483320 376
1483330 376
1483340 376
1483350 376
1483360 376
1483370 376
1483380 376
1483390 376
1483400 376
1483410 376
1483420 376
1483430 376
1483440 376
1483450 376
1483460 375
1483470 375
1483480 375
1483490 375
1483500 374
1483510 374
1483520 374
1483530 374
1483540 374
1483550 374
1483560 373
1483570 373
1483580 373
1483590 373
1483600 373
1483610 373
1483620 372
1483630 372
1483640 372
1483650 372
1483660 372
1483670 371
1483680 371
1483690 371
1483700 370
1483710 370
1483720 370
1483730 370
1483740 369
1483750 369
1483760 369
1483770 369
1483780 369
1483790 368
1483800 368
1483810 368
1483820 368
1483830 368
1483840 368
1483850 368
1483860 367
1483870 367
1483880 367
1483890 367
1483900 367
1483910 367
1483920 367
1483930 367
1483940 367
1483950 367
1483960 367
1483970 367
1483980 367
1483990 367
1484000 367
1484010 367
1484020 367
1484030 367
1484040 367
1484050 367
1484060 367
1484070 367
1484080 367
1484090 367
1484100 367
1484110 367
1484120 367
1484130 367
1484140 367
1484150 367
1484160 367
1484170 367
1484180 367
1484190 367
1484200 367
1484210 367
1484220 367
1484230 367
1484240 367
1484250 367
1484260 367
1484270 367
1484280 367
1484290 367
1484300 367
1484310 367
1484320 367
1484330 367
1484340 367
1484350 367
1484360 367
1484370 367
1484380 367
1484390 367
1484400 367
1484410 367
1484420 367
1484430 366
1484440 366
1484450 366
1484460 366
1484470 366
1484480 366
1484490 366
1484500 366
1484510 366
1484520 365
1484530 365
1484540 365
1484550 365
1484560 365
1484570 364
1484580 364
1484590 364
1484600 364
1484610 364
1484620 364
1484630 364
1484640 364
1484650 364
1484660 364
1484670 365
1484680 365
1484690 365
1484700 365
1484710 365
1484720 365
1484730 364
1484740 364
1484750 365
1484760 366
1484770 366
1484780 370
1484790 373
1484800 373
1484810 375
1484820 377
1484830 377
1484840 379
1484850 382
1484860 382
1484870 385
1484880 387
1484890 387
1484900 388
1484910 389
1484920 389
1484930 391
1484940 392
1484950 392
1484960 394
1484970 395
1484980 395
1484990 396
1485000 397
1485010 397
1485020 398
1485030 399
1485040 399
1485050 400
1485060 400
1485070 400
1485080 401
1485090 401
1485100 401
1485110 401
1485120 402
1485130 402
1485140 402
1485150 402
1485160 402
1485170 402
1485180 402
1485190 402
1485200 402
1485210 402
1485220 402
1485230 402
1485240 401
1485250 401
1485260 401
1485270 400
1485280 400
1485290 400
1485300 399
1485310 399
1485320 399
1485330 399
1485340 399
1485350 398
1485360 398
1485370 398
1485380 397
1485390 396
1485400 396
1485410 396
1485420 395
1485430 395
1485440 395
1485450 394
1485460 394
1485470 394
1485480 393
1485490 393
1485500 393
1485510 392
1485520 392
1485530 391
1485540 391
1485550 391
1485560 390
1485570 389
1485580 389
1485590 389
1485600 388
1485610 388
1485620 387
1485630 387
1485640 387
1485650 386
1485660 385
1485670 385
1485680 385
1485690 384
1485700 384
1485710 384
1485720 383
1485730 383
1485740 383
1485750 382
1485760 382
1485770 382
1485780 381
1485790 381
1485800 381
1485810 380
1485820 380
1485830 380
1485840 379
1485850 379
1485860 379
1485870 378
1485880 378
1485890 378
1485900 378
1485910 378
1485920 378
1485930 378
1485940 378
1485950 378
1485960 378
1485970 378
1485980 378
1485990 378
1486000 378
1486010 378
1486020 378
1486030 378
1486040 378
1486050 378
1486060 378
1486070 378
1486080 378
1486090 378
1486100 377
1486110 377
1486120 377
1486130 377
1486140 377
1486150 377
1486160 376
1486170 376
1486180 376
1486190 376
1486200 376
1486210 376
1486220 376
1486230 375
1486240 375
1486250 375
1486260 375
1486270 375
1486280 374
1486290 374
1486300 374
1486310 374
1486320 374
1486330 374
1486340 373
1486350 373
1486360 373
1486370 373
1486380 373
1486390 373
1486400 373
1486410 373
1486420 373
1486430 373
1486440 373
1486450 373
1486460 372
1486470 372
1486480 372
1486490 372
1486500 372
1486510 372
1486520 373
1486530 373
1486540 373
1486550 373
1486560 373
1486570 373
1486580 373
1486590 373
1486600 373
1486610 373
1486620 373
1486630 373
1486640 373
1486650 373
1486660 373
1486670 373
1486680 373
1486690 373
1486700 373
1486710 374
1486720 374
1486730 374
1486740 374
1486750 374
1486760 374
1486770 374
1486780 374
1486790 374
1486800 374
1486810 374
1486820 374
1486830 374
1486840 374
1486850 374
1486860 375
1486870 375
1486880 375
1486890 375
1486900 375
1486910 375
1486920 375
1486930 375
1486940 375
1486950 375
1486960 375
1486970 375
1486980 375
1486990 375
1487000 375
1487010 375
1487020 375
1487030 375
1487040 375
1487050 375
1487060 375
1487070 376
1487080 376
1487090 376
1487100 376
1487110 376
1487120 376
1487130 376
1487140 376
1487150 375
1487160 376
1487170 376
1487180 377
1487190 378
1487200 378
1487210 378
1487220 379
1487230 379
1487240 379
1487250 380
1487260 380
1487270 380
1487280 381
1487290 381
1487300 381
1487310 381
1487320 381
1487330 382
1487340 382
1487350 382
1487360 383
1487370 383
1487380 383
1487390 384
1487400 384
1487410 384
1487420 385
1487430 386
1487440 386
1487450 386
1487460 387
1487470 387
1487480 388
1487490 388
1487500 388
1487510 389
1487520 390
1487530 390
1487540 390
1487550 391
1487560 391
1487570 392
1487580 392
1487590 392
1487600 393
1487610 394
1487620 394
1487630 394
1487640 395
1487650 395
1487660 395
1487670 395
1487680 395
1487690 396
1487700 396
1487710 396
1487720 396
1487730 397
1487740 397
1487750 397
1487760 397
1487770 397
1487780 397
1487790 398
1487800 398
1487810 398
1487820 398
1487830 398
1487840 398
1487850 398
1487860 398
1487870 398
1487880 398
1487890 398
1487900 397
1487910 397
1487920 397
1487930 397
1487940 397
1487950 397
1487960 396
1487970 396
1487980 396
1487990 396
1488000 395
1488010 395
1488020 395
1488030 395
1488040 395
1488050 395
1488060 395
1488070 395
1488080 396
1488090 396
1488100 396
1488110 397
1488120 398
1488130 398
1488140 398
1488150 399
1488160 399
1488170 400
1488180 401
1488190 401
1488200 401
1488210 402
1488220 402
1488230 402
1488240 402
1488250 402
1488260 403
1488270 403
1488280 403
1488290 403
1488300 403
1488310 403
1488320 403
1488330 402
1488340 402
1488350 401
1488360 400
1488370 400
1488380 399
1488390 397
1488400 397
1488410 396
1488420 395
1488430 395
1488440 395
1488450 394
1488460 394
1488470 394
1488480 393
1488490 393
1488500 393
1488510 393
1488520 393
1488530 394
1488540 394
1488550 394
1488560 395
1488570 395
1488580 395
1488590 396
1488600 397
1488610 397
1488620 398
1488630 400
1488640 400
1488650 401
1488660 402
1488670 402
1488680 403
1488690 405
1488700 405
1488710 406
1488720 407
1488730 407
1488740 408
1488750 408
1488760 408
1488770 409
1488780 409
1488790 409
1488800 410
1488810 410
1488820 410
1488830 410
1488840 410
1488850 410
1488860 410
1488870 410
1488880 410
1488890 410
1488900 409
1488910 409
1488920 409
1488930 408
1488940 408
1488950 407
1488960 407
1488970 407
1488980 405
1488990 404
1489000 404
1489010 403
1489020 402
1489030 402
1489040 400
1489050 399
1489060 399
1489070 398
1489080 396
1489090 396
1489100 394
1489110 392
1489120 392
1489130 390
1489140 389
1489150 389
1489160 388
1489170 387
1489180 387
1489190 388
1489200 388
1489210 388
1489220 388
1489230 389
1489240 389
1489250 389
1489260 390
1489270 390
1489280 390
1489290 391
1489300 391
1489310 391
1489320 391
1489330 391
1489340 391
1489350 392
1489360 392
1489370 392
1489380 393
1489390 393
1489400 393
1489410 393
1489420 393
1489430 394
1489440 394
1489450 394
1489460 395
1489470 396
1489480 396
1489490 396
1489500 397
1489510 397
1489520 397
1489530 398
1489540 398
1489550 399
1489560 399
1489570 399
1489580 400
1489590 401
1489600 401
1489610 402
1489620 402
1489630 402
1489640 403
1489650 404
1489660 404
1489670 405
1489680 406
1489690 406
1489700 406
1489710 407
1489720 407
1489730 408
1489740 409
1489750 409
1489760 410
1489770 410
1489780 410
1489790 411
1489800 412
1489810 412
1489820 413
1489830 414
1489840 414
1489850 414
1489860 415
1489870 415
1489880 416
1489890 416
1489900 416
1489910 417
1489920 417
1489930 417
1489940 417
1489950 417
1489960 417
1489970 417
1489980 417
1489990 417
1490000 417
1490010 417
1490020 417
1490030 417
1490040 417
1490050 417
1490060 418
1490070 418
1490080 418
1490090 419
1490100 419
1490110 419
1490120 419
1490130 419
1490140 419
1490150 419
1490160 419
1490170 419
1490180 419
1490190 419
1490200 419
1490210 420
1490220 420
1490230 420
1490240 419
1490250 419
1490260 419
1490270 418
1490280 418
1490290 418
1490300 417
1490310 416
1490320 416
1490330 415
1490340 414
1490350 414
1490360 414
1490370 413
1490380 413
1490390 412
1490400 411
1490410 411
1490420 410
1490430 410
1490440 410
1490450 409
1490460 409
1490470 409
1490480 409
1490490 409
1490500 409
1490510 410
1490520 411
1490530 411
1490540 412
1490550 413
1490560 413
1490570 414
1490580 414
1490590 414
1490600 414
1490610 415
1490620 415
1490630 415
1490640 416
1490650 416
1490660 416
1490670 417
1490680 417
1490690 418
1490700 419
1490710 419
1490720 420
1490730 421
1490740 421
1490750 422
1490760 422
1490770 422
1490780 423
1490790 424
1490800 424
1490810 424
1490820 425
1490830 425
1490840 426
1490850 427
1490860 427
1490870 428
1490880 428
1490890 428
1490900 429
1490910 430
1490920 430
1490930 431
1490940 431
1490950 431
1490960 432
1490970 433
1490980 433
1490990 433
1491000 434
1491010 434
1491020 435
1491030 436
1491040 436
1491050 436
1491060 437
1491070 437
1491080 438
1491090 438
1491100 438
1491110 439
1491120 439
1491130 439
1491140 440
1491150 441
1491160 441
1491170 442
1491180 442
1491190 442
1491200 443
1491210 443
1491220 443
1491230 444
1491240 444
1491250 444
1491260 445
1491270 445
1491280 445
1491290 446
1491300 446
1491310 446
1491320 447
1491330 447
1491340 447
1491350 447
1491360 447
1491370 447
1491380 448
1491390 450
1491400 450
1491410 451
1491420 453
1491430 453
1491440 454
1491450 455
1491460 455
1491470 457
1491480 458
1491490 458
1491500 459
1491510 461
1491520 461
1491530 462
1491540 464
1491550 464
1491560 465
1491570 467
1491580 467
1491590 468
1491600 469
1491610 469
1491620 470
1491630 471
1491640 471
1491650 472
1491660 472
1491670 472
1491680 472
1491690 472
1491700 472
1491710 471
1491720 471
1491730 471
1491740 471
1491750 471
1491760 471
1491770 470
1491780 470
1491790 470
1491800 469
1491810 468
1491820 468
1491830 468
1491840 467
1491850 467
1491860 466
1491870 466
1491880 466
1491890 465
1491900 464
1491910 464
1491920 463
1491930 463
1491940 463
1491950 462
1491960 461
1491970 461
1491980 460
1491990 459
1492000 459
1492010 458
1492020 457
1492030 457
1492040 456
1492050 455
1492060 455
1492070 455
1492080 454
1492090 454
1492100 454
1492110 453
1492120 453
1492130 453
1492140 452
1492150 452
1492160 452
1492170 451
1492180 451
1492190 450
1492200 450
1492210 450
1492220 449
1492230 448
1492240 448
1492250 447
1492260 446
1492270 446
1492280 445
1492290 444
1492300 444
1492310 444
1492320 443
1492330 443
1492340 442
1492350 441
1492360 441
1492370 440
1492380 440
1492390 440
1492400 439
1492410 438
1492420 438
1492430 437
1492440 436
1492450 436
1492460 435
1492470 434
1492480 434
1492490 433
1492500 432
1492510 432
1492520 432
1492530 431
1492540 431
1492550 431
1492560 430
1492570 430
1492580 430
1492590 429
1492600 429
1492610 429
1492620 429
1492630 429
1492640 430
1492650 430
1492660 430
1492670 431
1492680 432
1492690 432
1492700 432
1492710 433
1492720 433
1492730 433
1492740 434
1492750 434
1492760 434
1492770 435
1492780 435
1492790 435
1492800 435
1492810 435
1492820 435
1492830 435
1492840 435
1492850 434
1492860 434
1492870 434
1492880 434
1492890 433
1492900 433
1492910 433
1492920 432
1492930 432
1492940 431
1492950 431
1492960 431
1492970 430
1492980 429
1492990 429
1493000 428
1493010 426
1493020 426
1493030 425
1493040 424
1493050 424
1493060 424
1493070 423
1493080 423
1493090 422
1493100 422
1493110 422
1493120 422
1493130 423
1493140 423
1493150 423
1493160 423
1493170 423
1493180 424
1493190 424
1493200 424
1493210 424
1493220 425
1493230 425
1493240 425
1493250 425
1493260 425
1493270 425
1493280 425
1493290 425
1493300 425
1493310 425
1493320 425
1493330 425
1493340 425
1493350 425
1493360 425
1493370 425
1493380 425
1493390 424
1493400 424
1493410 424
1493420 423
1493430 423
1493440 423
1493450 422
1493460 421
1493470 421
1493480 421
1493490 420
1493500 420
1493510 419
1493520 419
1493530 419
1493540 418
1493550 417
1493560 417
1493570 416
1493580 415
1493590 415
1493600 415
1493610 414
1493620 414
1493630 413
1493640 412
1493650 412
1493660 411
1493670 410
1493680 410
1493690 409
1493700 409
1493710 409
1493720 408
1493730 407
1493740 407
1493750 406
1493760 405
1493770 405
1493780 405
1493790 404
1493800 404
1493810 404
1493820 404
1493830 404
1493840 403
1493850 402
1493860 402
1493870 402
1493880 401
1493890 401
1493900 400
1493910 400
1493920 400
1493930 399
1493940 399
1493950 399
1493960 398
1493970 398
1493980 398
1493990 397
1494000 396
1494010 396
1494020 396
1494030 395
1494040 395
1494050 395
1494060 394
1494070 394
1494080 393
1494090 393
1494100 393
1494110 393
1494120 392
1494130 392
1494140 392
1494150 392
1494160 392
1494170 392
1494180 392
1494190 392
1494200 392
1494210 394
1494220 394
1494230 395
1494240 396
1494250 396
1494260 397
1494270 398
1494280 398
1494290 398
1494300 399
1494310 399
1494320 400
1494330 400
1494340 400
1494350 401
1494360 401
1494370 401
1494380 401
1494390 402
1494400 402
1494410 402
1494420 402
1494430 402
1494440 403
1494450 403
1494460 403
1494470 404
1494480 404
1494490 404
1494500 405
1494510 405
1494520 405
1494530 406
1494540 406
1494550 406
1494560 406
1494570 405
1494580 405
1494590 406
1494600 406
1494610 406
1494620 406
1494630 406
1494640 406
1494650 406
1494660 406
1494670 406
1494680 405
1494690 406
1494700 406
1494710 406
1494720 406
1494730 406
1494740 406
1494750 406
1494760 406
1494770 406
1494780 407
1494790 407
1494800 407
1494810 407
1494820 407
1494830 407
1494840 407
1494850 407
1494860 407
1494870 407
1494880 407
1494890 406
1494900 406
1494910 406
1494920 406
1494930 406
1494940 406
1494950 406
1494960 406
1494970 406
1494980 406
1494990 406
1495000 406
1495010 406
1495020 406
1495030 406
1495040 406
1495050 406
1495060 406
1495070 405
1495080 405
1495090 405
1495100 405
1495110 405
1495120 405
1495130 405
1495140 405
1495150 405
1495160 405
1495170 405
1495180 405
1495190 405
1495200 405
1495210 405
1495220 404
1495230 404
1495240 404
1495250 403
1495260 403
1495270 403
1495280 403
1495290 402
1495300 402
1495310 402
1495320 401
1495330 401
1495340 400
1495350 400
1495360 400
1495370 399
1495380 400
1495390 400
1495400 400
1495410 400
1495420 400
1495430 401
1495440 402
1495450 402
1495460 403
1495470 404
1495480 404
1495490 405
1495500 406
1495510 406
1495520 407
1495530 408
1495540 408
1495550 409
1495560 410
1495570 410
1495580 411
1495590 411
1495600 411
1495610 412
1495620 413
1495630 413
1495640 414
1495650 415
1495660 415
1495670 415
1495680 415
1495690 415
1495700 416
1495710 416
1495720 416
1495730 416
1495740 417
1495750 417
1495760 417
1495770 417
1495780 417
1495790 417
1495800 417
1495810 417
1495820 417
1495830 417
1495840 417
1495850 416
1495860 416
1495870 416
1495880 416
1495890 417
1495900 417
1495910 417
1495920 418
1495930 418
1495940 418
1495950 419
1495960 419
1495970 419
1495980 419
1495990 419
1496000 419
1496010 419
1496020 419
1496030 419
1496040 419
1496050 419
1496060 419
1496070 419
1496080 419
1496090 418
1496100 418
1496110 418
1496120 418
1496130 418
1496140 418
1496150 417
1496160 417
1496170 417
1496180 416
1496190 416
1496200 416
1496210 415
1496220 414
1496230 414
1496240 412
1496250 411
1496260 411
1496270 410
1496280 410
1496290 410
1496300 409
1496310 408
1496320 408
1496330 408
1496340 407
1496350 407
1496360 407
1496370 405
1496380 405
1496390 404
1496400 404
1496410 404
1496420 404
1496430 405
1496440 405
1496450 406
1496460 406
1496470 406
1496480 406
1496490 406
1496500 406
1496510 406
1496520 405
1496530 405
1496540 405
1496550 404
1496560 404
1496570 404
1496580 403
1496590 403
1496600 402
1496610 401
1496620 401
1496630 400
1496640 399
1496650 399
1496660 398
1496670 398
1496680 398
1496690 397
1496700 396
1496710 396
1496720 395
1496730 395
1496740 395
1496750 394
1496760 394
1496770 394
1496780 393
1496790 393
1496800 393
1496810 392
1496820 392
1496830 392
1496840 391
1496850 391
1496860 391
1496870 390
1496880 390
1496890 390
1496900 389
1496910 389
1496920 389
1496930 389
1496940 389
1496950 389
1496960 388
1496970 388
1496980 388
1496990 387
1497000 387
1497010 387
1497020 387
1497030 387
1497040 387
1497050 387
1497060 386
1497070 386
1497080 387
1497090 387
1497100 387
1497110 387
1497120 387
1497130 387
1497140 386
1497150 386
1497160 386
1497170 386
1497180 386
1497190 386
1497200 386
1497210 387
1497220 387
1497230 387
1497240 386
1497250 386
1497260 386
1497270 386
1497280 386
1497290 386
1497300 386
1497310 386
1497320 386
1497330 386
1497340 386
1497350 386
1497360 386
1497370 386
1497380 386
1497390 386
1497400 386
1497410 386
1497420 386
1497430 386
1497440 386
1497450 386
1497460 386
1497470 386
1497480 386
1497490 386
1497500 386
1497510 386
1497520 386
1497530 386
1497540 386
1497550 386
1497560 386
1497570 386
1497580 386
1497590 386
1497600 386
1497610 386
1497620 385
1497630 383
1497640 383
1497650 384
1497660 385
1497670 385
1497680 385
1497690 385
1497700 385
1497710 385
1497720 385
1497730 385
1497740 385
1497750 385
1497760 385
1497770 386
1497780 386
1497790 386
1497800 386
1497810 386
1497820 386
1497830 386
1497840 386
1497850 386
1497860 386
1497870 387
1497880 387
1497890 388
1497900 390
1497910 390
1497920 391
1497930 391
1497940 391
1497950 391
1497960 391
1497970 391
1497980 392
1497990 392
1498000 392
1498010 392
1498020 393
1498030 393
1498040 393
1498050 393
1498060 393
1498070 393
1498080 394
1498090 394
1498100 394
1498110 394
1498120 394
1498130 395
1498140 395
1498150 395
1498160 395
1498170 396
1498180 396
1498190 396
1498200 397
1498210 397
1498220 397
1498230 397
1498240 397
1498250 398
1498260 398
1498270 398
1498280 398
1498290 399
1498300 399
1498310 400
1498320 400
1498330 400
1498340 400
1498350 401
1498360 401
1498370 401
1498380 402
1498390 402
1498400 402
1498410 402
1498420 402
1498430 403
1498440 403
1498450 403
1498460 403
1498470 404
1498480 404
1498490 404
1498500 405
1498510 405
1498520 405
1498530 405
1498540 405
1498550 405
1498560 406
1498570 406
1498580 406
1498590 407
1498600 407
1498610 407
1498620 408
1498630 408
1498640 408
1498650 408
1498660 408
1498670 409
1498680 409
1498690 409
1498700 409
1498710 410
1498720 410
1498730 411
1498740 411
1498750 411
1498760 412
1498770 412
1498780 412
1498790 413
1498800 413
1498810 413
1498820 414
1498830 415
1498840 415
1498850 415
1498860 416
1498870 416
1498880 417
1498890 417
1498900 417
1498910 418
1498920 419
1498930 419
1498940 419
1498950 420
1498960 420
1498970 421
1498980 421
1498990 421
1499000 422
1499010 423
1499020 423
1499030 424
1499040 424
1499050 424
1499060 425
1499070 426
1499080 426
1499090 427
1499100 428
1499110 428
1499120 429
1499130 429
1499140 429
1499150 430
1499160 431
1499170 431
1499180 432
1499190 432
1499200 432
1499210 433
1499220 434
1499230 434
1499240 435
1499250 435
1499260 435
1499270 436
1499280 437
1499290 437
1499300 437
1499310 438
1499320 438
1499330 439
1499340 440
1499350 440
1499360 441
1499370 442
1499380 442
1499390 443
1499400 444
1499410 444
1499420 445
1499430 446
1499440 446
1499450 446
1499460 447
1499470 447
1499480 448
1499490 449
1499500 449
1499510 449
1499520 450
1499530 450
1499540 451
1499550 452
1499560 452
1499570 453
1499580 454
1499590 454
1499600 454
1499610 455
1499620 455
1499630 456
1499640 457
1499650 457
1499660 457
1499670 458
1499680 458
1499690 458
1499700 459
1499710 459
1499720 459
1499730 460
1499740 460
1499750 460
1499760 460
1499770 460
1499780 461
1499790 461
1499800 461
1499810 462
1499820 462
1499830 462
1499840 463
1499850 463
1499860 463
1499870 463
1499880 464
1499890 464
1499900 464
1499910 464
1499920 464
1499930 464
1499940 464
1499950 464
1499960 465
1499970 464
1499980 464
1499990 464
