1480000 319
1480010 319
1480020 319
1480030 319
1480040 319
1480050 319
1480060 319
1480070 319
1480080 319
1480090 318
1480100 318
1480110 319
1480120 319
1480130 319
1480140 319
1480150 319
1480160 319
1480170 318
1480180 318
1480190 318
1480200 318
1480210 318
1480220 318
1480230 318
1480240 319
1480250 319
1480260 319
1480270 319
1480280 319
1480290 319
1480300 319
1480310 319
1480320 319
1480330 319
1480340 319
1480350 319
1480360 319
1480370 319
1480380 319
1480390 319
1480400 319
1480410 319
1480420 319
1480430 319
1480440 319
1480450 319
1480460 319
1480470 319
1480480 319
1480490 319
1480500 319
1480510 319
1480520 319
1480530 319
1480540 319
1480550 319
1480560 319
1480570 319
1480580 319
1480590 319
1480600 319
1480610 319
1480620 319
1480630 319
1480640 319
1480650 319
1480660 319
1480670 319
1480680 319
1480690 319
1480700 319
1480710 319
1480720 320
1480730 320
1480740 319
1480750 319
1480760 319
1480770 319
1480780 319
1480790 319
1480800 319
1480810 319
1480820 319
1480830 319
1480840 319
1480850 319
1480860 319
1480870 319
1480880 319
1480890 319
1480900 319
1480910 319
1480920 320
1480930 319
1480940 319
1480950 319
1480960 319
1480970 319
1480980 319
1480990 319
1481000 319
1481010 319
1481020 320
1481030 320
1481040 321
1481050 322
1481060 322
1481070 324
1481080 326
1481090 326
1481100 327
1481110 327
1481120 327
1481130 326
1481140 326
1481150 326
1481160 326
1481170 326
1481180 326
1481190 326
1481200 326
1481210 326
1481220 326
1481230 326
1481240 326
1481250 326
1481260 326
1481270 326
1481280 326
1481290 326
1481300 326
1481310 326
1481320 326
1481330 326
1481340 326
1481350 326
1481360 326
1481370 326
1481380 326
1481390 326
1481400 326
1481410 326
1481420 326
1481430 326
1481440 326
1481450 326
1481460 326
1481470 325
1481480 325
1481490 325
1481500 325
1481510 325
1481520 326
1481530 326
1481540 326
1481550 326
1481560 326
1481570 326
1481580 325
1481590 325
1481600 325
1481610 326
1481620 326
1481630 326
1481640 326
1481650 326
1481660 326
1481670 326
1481680 326
1481690 326
1481700 326
1481710 326
1481720 326
1481730 326
1481740 326
1481750 326
1481760 326
1481770 326
1481780 326
1481790 326
1481800 326
1481810 326
1481820 326
1481830 326
1481840 326
1481850 326
1481860 326
1481870 326
1481880 326
1481890 326
1481900 326
1481910 326
1481920 326
1481930 326
1481940 326
1481950 326
1481960 326
1481970 326
1481980 326
1481990 326
1482000 326
1482010 326
1482020 326
1482030 326
1482040 326
1482050 326
1482060 326
1482070 326
1482080 326
1482090 326
1482100 326
1482110 326
1482120 326
1482130 326
1482140 326
1482150 326
1482160 326
1482170 326
1482180 326
1482190 326
1482200 326
1482210 326
1482220 326
1482230 326
1482240 326
1482250 326
1482260 326
1482270 326
1482280 326
1482290 326
1482300 326
1482310 326
1482320 326
1482330 326
1482340 326
1482350 326
1482360 326
1482370 326
1482380 326
1482390 326
1482400 326
1482410 326
1482420 326
1482430 326
1482440 326
1482450 326
1482460 326
1482470 326
1482480 326
1482490 326
1482500 326
1482510 326
1482520 326
1482530 326
1482540 326
1482550 326
1482560 326
1482570 326
1482580 326
1482590 326
1482600 327
1482610 327
1482620 327
1482630 327
1482640 327
1482650 325
1482660 325
1482670 325
1482680 325
1482690 325
1482700 325
1482710 325
1482720 326
1482730 326
1482740 326
1482750 326
1482760 326
1482770 326
1482780 326
1482790 326
1482800 326
1482810 326
1482820 326
1482830 326
1482840 327
1482850 327
1482860 330
1482870 333
1482880 333
1482890 338
1482900 342
1482910 342
1482920 347
1482930 352
1482940 352
1482950 356
1482960 357
1482970 357
1482980 357
1482990 357
1483000 357
1483010 356
1483020 356
1483030 356
1483040 356
1483050 355
1483060 355
1483070 355
1483080 355
1483090 355
1483100 355
1483110 355
1483120 355
1483130 355
1483140 355
1483150 355
1483160 354
1483170 354
1483180 354
1483190 352
1483200 350
1483210 350
1483220 348
1483230 348
1483240 348
1483250 349
1483260 352
1483270 352
1483280 354
1483290 356
1483300 356
1483310 356
1483320 356
1483330 356
1483340 356
1483350 356
1483360 356
1483370 356
1483380 356
1483390 356
1483400 357
1483410 357
1483420 357
1483430 357
1483440 357
1483450 357
1483460 357
1483470 357
1483480 357
1483490 357
1483500 357
1483510 357
1483520 356
1483530 356
1483540 356
1483550 356
1483560 355
1483570 355
1483580 354
1483590 354
1483600 354
1483610 353
1483620 352
1483630 352
1483640 350
1483650 347
1483660 347
1483670 343
1483680 340
1483690 340
1483700 340
1483710 339
1483720 339
1483730 338
1483740 335
1483750 335
1483760 336
1483770 340
1483780 340
1483790 342
1483800 343
1483810 343
1483820 345
1483830 346
1483840 346
1483850 348
1483860 349
1483870 349
1483880 351
1483890 351
1483900 351
1483910 352
1483920 353
1483930 353
1483940 353
1483950 353
1483960 353
1483970 353
1483980 353
1483990 353
1484000 353
1484010 354
1484020 354
1484030 354
1484040 354
1484050 354
1484060 354
1484070 354
1484080 354
1484090 355
1484100 355
1484110 355
1484120 355
1484130 355
1484140 355
1484150 355
1484160 355
1484170 355
1484180 355
1484190 355
1484200 355
1484210 355
1484220 355
1484230 355
1484240 355
1484250 355
1484260 355
1484270 355
1484280 355
1484290 355
1484300 355
1484310 354
1484320 354
1484330 354
1484340 354
1484350 354
1484360 354
1484370 354
1484380 354
1484390 354
1484400 354
1484410 354
1484420 354
1484430 355
1484440 355
1484450 355
1484460 355
1484470 355
1484480 355
1484490 355
1484500 355
1484510 355
1484520 355
1484530 355
1484540 355
1484550 355
1484560 355
1484570 354
1484580 355
1484590 355
1484600 354
1484610 354
1484620 354
1484630 354
1484640 354
1484650 354
1484660 354
1484670 354
1484680 354
1484690 354
1484700 354
1484710 354
1484720 354
1484730 354
1484740 354
1484750 354
1484760 354
1484770 354
1484780 354
1484790 354
1484800 354
1484810 354
1484820 354
1484830 354
1484840 354
1484850 354
1484860 354
1484870 354
1484880 353
1484890 353
1484900 350
1484910 344
1484920 344
1484930 341
1484940 340
1484950 340
1484960 339
1484970 337
1484980 337
1484990 336
1485000 335
1485010 335
1485020 335
1485030 335
1485040 335
1485050 334
1485060 333
1485070 333
1485080 332
1485090 332
1485100 332
1485110 333
1485120 333
1485130 333
1485140 333
1485150 333
1485160 333
1485170 333
1485180 333
1485190 333
1485200 332
1485210 332
1485220 332
1485230 332
1485240 332
1485250 332
1485260 332
1485270 332
1485280 332
1485290 333
1485300 333
1485310 333
1485320 333
1485330 333
1485340 333
1485350 334
1485360 335
1485370 335
1485380 337
1485390 338
1485400 338
1485410 340
1485420 342
1485430 342
1485440 344
1485450 345
1485460 345
1485470 346
1485480 346
1485490 346
1485500 347
1485510 347
1485520 347
1485530 348
1485540 348
1485550 348
1485560 349
1485570 350
1485580 350
1485590 350
1485600 351
1485610 351
1485620 351
1485630 351
1485640 351
1485650 352
1485660 352
1485670 352
1485680 352
1485690 352
1485700 352
1485710 353
1485720 353
1485730 353
1485740 353
1485750 353
1485760 353
1485770 353
1485780 353
1485790 353
1485800 353
1485810 353
1485820 353
1485830 353
1485840 353
1485850 353
1485860 353
1485870 353
1485880 353
1485890 353
1485900 352
1485910 352
1485920 352
1485930 352
1485940 352
1485950 352
1485960 352
1485970 352
1485980 352
1485990 352
1486000 352
1486010 352
1486020 352
1486030 352
1486040 352
1486050 352
1486060 352
1486070 352
1486080 352
1486090 352
1486100 352
1486110 352
1486120 352
1486130 352
1486140 352
1486150 352
1486160 352
1486170 352
1486180 352
1486190 352
1486200 352
1486210 352
1486220 352
1486230 352
1486240 352
1486250 352
1486260 352
1486270 352
1486280 352
1486290 352
1486300 352
1486310 352
1486320 352
1486330 352
1486340 352
1486350 352
1486360 352
1486370 352
1486380 352
1486390 352
1486400 352
1486410 353
1486420 353
1486430 353
1486440 353
1486450 353
1486460 353
1486470 352
1486480 352
1486490 352
1486500 352
1486510 352
1486520 352
1486530 352
1486540 352
1486550 352
1486560 352
1486570 352
1486580 352
1486590 352
1486600 352
1486610 352
1486620 352
1486630 352
1486640 352
1486650 352
1486660 352
1486670 351
1486680 351
1486690 351
1486700 351
1486710 351
1486720 351
1486730 351
1486740 351
1486750 351
1486760 350
1486770 350
1486780 350
1486790 350
1486800 350
1486810 350
1486820 350
1486830 350
1486840 350
1486850 350
1486860 349
1486870 349
1486880 349
1486890 349
1486900 349
1486910 349
1486920 349
1486930 349
1486940 348
1486950 348
1486960 348
1486970 348
1486980 348
1486990 348
1487000 348
1487010 348
1487020 348
1487030 348
1487040 348
1487050 348
1487060 348
1487070 348
1487080 348
1487090 349
1487100 349
1487110 349
1487120 349
1487130 349
1487140 349
1487150 350
1487160 349
1487170 349
1487180 350
1487190 350
1487200 350
1487210 351
1487220 351
1487230 351
1487240 351
1487250 351
1487260 351
1487270 351
1487280 352
1487290 352
1487300 352
1487310 352
1487320 352
1487330 352
1487340 352
1487350 352
1487360 352
1487370 353
1487380 353
1487390 353
1487400 353
1487410 353
1487420 353
1487430 353
1487440 353
1487450 354
1487460 354
1487470 354
1487480 354
1487490 354
1487500 354
1487510 354
1487520 354
1487530 354
1487540 354
1487550 354
1487560 354
1487570 354
1487580 354
1487590 354
1487600 355
1487610 355
1487620 355
1487630 355
1487640 355
1487650 355
1487660 355
1487670 355
1487680 355
1487690 355
1487700 355
1487710 355
1487720 355
1487730 355
1487740 356
1487750 356
1487760 356
1487770 356
1487780 356
1487790 356
1487800 356
1487810 356
1487820 356
1487830 356
1487840 356
1487850 356
1487860 356
1487870 356
1487880 356
1487890 356
1487900 356
1487910 356
1487920 357
1487930 357
1487940 357
1487950 357
1487960 357
1487970 357
1487980 357
1487990 358
1488000 358
1488010 358
1488020 358
1488030 358
1488040 358
1488050 358
1488060 358
1488070 358
1488080 359
1488090 359
1488100 359
1488110 359
1488120 359
1488130 359
1488140 359
1488150 359
1488160 360
1488170 360
1488180 360
1488190 360
1488200 360
1488210 360
1488220 360
1488230 360
1488240 360
1488250 360
1488260 361
1488270 361
1488280 361
1488290 361
1488300 361
1488310 361
1488320 361
1488330 361
1488340 361
1488350 361
1488360 361
1488370 362
1488380 362
1488390 362
1488400 362
1488410 362
1488420 362
1488430 362
1488440 363
1488450 363
1488460 363
1488470 363
1488480 363
1488490 364
1488500 364
1488510 364
1488520 365
1488530 365
1488540 365
1488550 366
1488560 366
1488570 366
1488580 367
1488590 367
1488600 367
1488610 368
1488620 369
1488630 369
1488640 370
1488650 371
1488660 371
1488670 372
1488680 373
1488690 373
1488700 374
1488710 375
1488720 375
1488730 376
1488740 377
1488750 377
1488760 378
1488770 379
1488780 379
1488790 380
1488800 381
1488810 381
1488820 382
1488830 383
1488840 383
1488850 384
1488860 385
1488870 385
1488880 386
1488890 387
1488900 387
1488910 388
1488920 388
1488930 388
1488940 389
1488950 390
1488960 390
1488970 391
1488980 391
1488990 391
1489000 392
1489010 393
1489020 393
1489030 393
1489040 394
1489050 394
1489060 394
1489070 394
1489080 394
1489090 395
1489100 395
1489110 395
1489120 395
1489130 395
1489140 395
1489150 395
1489160 395
1489170 395
1489180 395
1489190 395
1489200 395
1489210 394
1489220 394
1489230 394
1489240 394
1489250 393
1489260 393
1489270 393
1489280 393
1489290 393
1489300 392
1489310 392
1489320 392
1489330 391
1489340 391
1489350 391
1489360 390
1489370 389
1489380 389
1489390 389
1489400 388
1489410 388
1489420 388
1489430 387
1489440 387
1489450 386
1489460 386
1489470 386
1489480 385
1489490 385
1489500 385
1489510 384
1489520 383
1489530 383
1489540 383
1489550 382
1489560 382
1489570 381
1489580 380
1489590 380
1489600 380
1489610 379
1489620 379
1489630 378
1489640 377
1489650 377
1489660 376
1489670 375
1489680 375
1489690 375
1489700 374
1489710 374
1489720 374
1489730 373
1489740 373
1489750 373
1489760 373
1489770 373
1489780 373
1489790 373
1489800 373
1489810 373
1489820 372
1489830 372
1489840 372
1489850 372
1489860 372
1489870 372
1489880 372
1489890 372
1489900 372
1489910 371
1489920 371
1489930 371
1489940 371
1489950 371
1489960 371
1489970 371
1489980 371
1489990 371
1490000 371
1490010 371
1490020 370
1490030 370
1490040 370
1490050 370
1490060 370
1490070 370
1490080 370
1490090 369
1490100 369
1490110 369
1490120 369
1490130 369
1490140 369
1490150 369
1490160 369
1490170 369
1490180 369
1490190 369
1490200 369
1490210 368
1490220 368
1490230 368
1490240 368
1490250 368
1490260 368
1490270 368
1490280 368
1490290 368
1490300 368
1490310 368
1490320 368
1490330 367
1490340 367
1490350 367
1490360 367
1490370 367
1490380 367
1490390 367
1490400 367
1490410 367
1490420 367
1490430 367
1490440 366
1490450 366
1490460 366
1490470 366
1490480 366
1490490 366
1490500 366
1490510 366
1490520 366
1490530 366
1490540 366
1490550 366
1490560 366
1490570 365
1490580 365
1490590 365
1490600 365
1490610 365
1490620 365
1490630 365
1490640 365
1490650 366
1490660 366
1490670 366
1490680 365
1490690 366
1490700 366
1490710 366
1490720 366
1490730 366
1490740 366
1490750 365
1490760 365
1490770 366
1490780 366
1490790 366
1490800 366
1490810 366
1490820 366
1490830 366
1490840 366
1490850 366
1490860 366
1490870 365
1490880 365
1490890 365
1490900 365
1490910 365
1490920 365
1490930 365
1490940 365
1490950 365
1490960 365
1490970 365
1490980 365
1490990 365
1491000 365
1491010 365
1491020 365
1491030 365
1491040 365
1491050 364
1491060 364
1491070 364
1491080 364
1491090 364
1491100 364
1491110 364
1491120 364
1491130 364
1491140 364
1491150 364
1491160 364
1491170 364
1491180 364
1491190 364
1491200 364
1491210 364
1491220 364
1491230 364
1491240 364
1491250 364
1491260 364
1491270 364
1491280 364
1491290 364
1491300 364
1491310 364
1491320 364
1491330 364
1491340 363
1491350 363
1491360 363
1491370 363
1491380 363
1491390 363
1491400 363
1491410 363
1491420 363
1491430 363
1491440 363
1491450 363
1491460 363
1491470 363
1491480 363
1491490 363
1491500 363
1491510 363
1491520 363
1491530 363
1491540 363
1491550 363
1491560 363
1491570 363
1491580 363
1491590 363
1491600 363
1491610 363
1491620 363
1491630 363
1491640 363
1491650 363
1491660 363
1491670 363
1491680 363
1491690 363
1491700 363
1491710 363
1491720 363
1491730 363
1491740 363
1491750 363
1491760 363
1491770 363
1491780 363
1491790 363
1491800 363
1491810 363
1491820 363
1491830 363
1491840 363
1491850 363
1491860 363
1491870 363
1491880 363
1491890 363
1491900 363
1491910 363
1491920 363
1491930 363
1491940 363
1491950 363
1491960 363
1491970 363
1491980 363
1491990 363
1492000 363
1492010 363
1492020 363
1492030 363
1492040 363
1492050 363
1492060 363
1492070 363
1492080 363
1492090 363
1492100 363
1492110 363
1492120 363
1492130 363
1492140 363
1492150 363
1492160 363
1492170 363
1492180 363
1492190 363
1492200 363
1492210 363
1492220 363
1492230 363
1492240 363
1492250 363
1492260 363
1492270 363
1492280 363
1492290 363
1492300 363
1492310 363
1492320 363
1492330 363
1492340 363
1492350 363
1492360 363
1492370 363
1492380 363
1492390 363
1492400 363
1492410 363
1492420 363
1492430 363
1492440 363
1492450 363
1492460 363
1492470 363
1492480 363
1492490 363
1492500 363
1492510 363
1492520 363
1492530 363
1492540 363
1492550 363
1492560 363
1492570 363
1492580 363
1492590 363
1492600 363
1492610 363
1492620 363
1492630 363
1492640 363
1492650 363
1492660 363
1492670 363
1492680 363
1492690 362
1492700 362
1492710 362
1492720 363
1492730 362
1492740 362
1492750 362
1492760 363
1492770 363
1492780 363
1492790 362
1492800 362
1492810 362
1492820 362
1492830 362
1492840 362
1492850 362
1492860 362
1492870 362
1492880 362
1492890 362
1492900 363
1492910 363
1492920 363
1492930 362
1492940 362
1492950 362
1492960 362
1492970 362
1492980 362
1492990 362
1493000 362
1493010 362
1493020 362
1493030 362
1493040 362
1493050 362
1493060 362
1493070 362
1493080 362
1493090 362
1493100 362
1493110 362
1493120 362
1493130 362
1493140 362
1493150 362
1493160 362
1493170 362
1493180 362
1493190 362
1493200 363
1493210 363
1493220 363
1493230 363
1493240 363
1493250 363
1493260 363
1493270 363
1493280 363
1493290 363
1493300 363
1493310 363
1493320 363
1493330 363
1493340 363
1493350 363
1493360 363
1493370 363
1493380 363
1493390 363
1493400 363
1493410 363
1493420 364
1493430 364
1493440 363
1493450 363
1493460 363
1493470 363
1493480 363
1493490 363
1493500 363
1493510 363
1493520 363
1493530 363
1493540 363
1493550 363
1493560 363
1493570 363
1493580 363
1493590 363
1493600 363
1493610 363
1493620 363
1493630 363
1493640 363
1493650 363
1493660 363
1493670 363
1493680 363
1493690 363
1493700 363
1493710 363
1493720 363
1493730 363
1493740 363
1493750 363
1493760 363
1493770 363
1493780 363
1493790 363
1493800 363
1493810 363
1493820 363
1493830 363
1493840 363
1493850 363
1493860 363
1493870 363
1493880 363
1493890 363
1493900 363
1493910 364
1493920 364
1493930 364
1493940 363
1493950 363
1493960 363
1493970 363
1493980 363
1493990 363
1494000 363
1494010 363
1494020 363
1494030 362
1494040 362
1494050 362
1494060 362
1494070 362
1494080 362
1494090 362
1494100 362
1494110 362
1494120 364
1494130 365
1494140 365
1494150 365
1494160 365
1494170 365
1494180 364
1494190 361
1494200 361
1494210 360
1494220 360
1494230 360
1494240 360
1494250 360
1494260 360
1494270 360
1494280 360
1494290 360
1494300 360
1494310 360
1494320 360
1494330 360
1494340 360
1494350 360
1494360 360
1494370 359
1494380 359
1494390 359
1494400 359
1494410 359
1494420 359
1494430 359
1494440 359
1494450 359
1494460 359
1494470 359
1494480 359
1494490 359
1494500 359
1494510 360
1494520 360
1494530 360
1494540 359
1494550 359
1494560 359
1494570 359
1494580 358
1494590 358
1494600 358
1494610 357
1494620 357
1494630 356
1494640 355
1494650 355
1494660 355
1494670 355
1494680 355
1494690 355
1494700 355
1494710 355
1494720 354
1494730 354
1494740 354
1494750 354
1494760 354
1494770 354
1494780 354
1494790 354
1494800 354
1494810 354
1494820 353
1494830 353
1494840 353
1494850 353
1494860 353
1494870 353
1494880 353
1494890 353
1494900 353
1494910 353
1494920 353
1494930 353
1494940 353
1494950 353
1494960 353
1494970 353
1494980 353
1494990 353
1495000 352
1495010 352
1495020 350
1495030 351
1495040 351
1495050 353
1495060 352
1495070 352
1495080 353
1495090 353
1495100 353
1495110 353
1495120 353
1495130 353
1495140 354
1495150 354
1495160 354
1495170 354
1495180 355
1495190 355
1495200 356
1495210 356
1495220 356
1495230 357
1495240 357
1495250 357
1495260 357
1495270 358
1495280 358
1495290 358
1495300 358
1495310 358
1495320 358
1495330 358
1495340 358
1495350 358
1495360 358
1495370 358
1495380 358
1495390 359
1495400 359
1495410 359
1495420 359
1495430 359
1495440 359
1495450 359
1495460 359
1495470 359
1495480 359
1495490 359
1495500 359
1495510 359
1495520 359
1495530 359
1495540 359
1495550 359
1495560 359
1495570 359
1495580 359
1495590 359
1495600 359
1495610 359
1495620 359
1495630 359
1495640 359
1495650 359
1495660 359
1495670 359
1495680 359
1495690 359
1495700 359
1495710 359
1495720 358
1495730 358
1495740 358
1495750 359
1495760 359
1495770 359
1495780 359
1495790 359
1495800 359
1495810 359
1495820 359
1495830 359
1495840 359
1495850 359
1495860 358
1495870 355
1495880 355
1495890 354
1495900 354
1495910 354
1495920 354
1495930 353
1495940 353
1495950 352
1495960 352
1495970 352
1495980 352
1495990 353
1496000 353
1496010 353
1496020 353
1496030 353
1496040 352
1496050 354
1496060 354
1496070 355
1496080 356
1496090 356
1496100 356
1496110 357
1496120 357
1496130 357
1496140 357
1496150 357
1496160 358
1496170 358
1496180 358
1496190 359
1496200 359
1496210 359
1496220 360
1496230 360
1496240 360
1496250 361
1496260 362
1496270 362
1496280 362
1496290 362
1496300 362
1496310 363
1496320 363
1496330 363
1496340 362
1496350 363
1496360 363
1496370 363
1496380 363
1496390 363
1496400 363
1496410 363
1496420 363
1496430 363
1496440 362
1496450 362
1496460 361
1496470 360
1496480 360
1496490 358
1496500 357
1496510 357
1496520 356
1496530 357
1496540 357
1496550 357
1496560 358
1496570 358
1496580 359
1496590 361
1496600 361
1496610 362
1496620 363
1496630 363
1496640 365
1496650 366
1496660 366
1496670 367
1496680 369
1496690 369
1496700 371
1496710 373
1496720 373
1496730 374
1496740 375
1496750 375
1496760 376
1496770 377
1496780 377
1496790 378
1496800 379
1496810 379
1496820 379
1496830 379
1496840 379
1496850 380
1496860 381
1496870 381
1496880 381
1496890 382
1496900 382
1496910 383
1496920 384
1496930 384
1496940 385
1496950 385
1496960 385
1496970 386
1496980 387
1496990 387
1497000 387
1497010 388
1497020 388
1497030 388
1497040 389
1497050 389
1497060 389
1497070 389
1497080 389
1497090 389
1497100 388
1497110 388
1497120 388
1497130 388
1497140 388
1497150 389
1497160 389
1497170 389
1497180 389
1497190 388
1497200 388
1497210 386
1497220 384
1497230 384
1497240 382
1497250 382
1497260 382
1497270 381
1497280 380
1497290 380
1497300 379
1497310 378
1497320 378
1497330 376
1497340 375
1497350 375
1497360 375
1497370 376
1497380 376
1497390 376
1497400 376
1497410 376
1497420 376
1497430 376
1497440 376
1497450 376
1497460 377
1497470 377
1497480 377
1497490 377
1497500 377
1497510 376
1497520 376
1497530 376
1497540 376
1497550 376
1497560 376
1497570 377
1497580 377
1497590 377
1497600 377
1497610 377
1497620 377
1497630 376
1497640 376
1497650 376
1497660 376
1497670 375
1497680 375
1497690 374
1497700 374
1497710 374
1497720 374
1497730 374
1497740 374
1497750 374
1497760 374
1497770 374
1497780 374
1497790 374
1497800 374
1497810 374
1497820 373
1497830 373
1497840 373
1497850 373
1497860 373
1497870 374
1497880 375
1497890 375
1497900 375
1497910 376
1497920 376
1497930 376
1497940 376
1497950 376
1497960 376
1497970 377
1497980 377
1497990 377
1498000 378
1498010 378
1498020 378
1498030 379
1498040 379
1498050 379
1498060 380
1498070 380
1498080 380
1498090 380
1498100 380
1498110 380
1498120 380
1498130 380
1498140 380
1498150 380
1498160 380
1498170 380
1498180 380
1498190 380
1498200 380
1498210 380
1498220 380
1498230 380
1498240 380
1498250 380
1498260 380
1498270 380
1498280 380
1498290 379
1498300 379
1498310 379
1498320 379
1498330 379
1498340 379
1498350 379
1498360 380
1498370 380
1498380 380
1498390 381
1498400 381
1498410 382
1498420 383
1498430 383
1498440 383
1498450 384
1498460 384
1498470 384
1498480 385
1498490 385
1498500 386
1498510 387
1498520 387
1498530 390
1498540 391
1498550 391
1498560 391
1498570 392
1498580 392
1498590 393
1498600 394
1498610 394
1498620 395
1498630 395
1498640 395
1498650 396
1498660 397
1498670 397
1498680 398
1498690 399
1498700 399
1498710 400
1498720 401
1498730 401
1498740 402
1498750 403
1498760 403
1498770 404
1498780 405
1498790 405
1498800 406
1498810 406
1498820 406
1498830 407
1498840 408
1498850 408
1498860 409
1498870 410
1498880 410
1498890 410
1498900 411
1498910 411
1498920 412
1498930 412
1498940 412
1498950 413
1498960 414
1498970 414
1498980 414
1498990 415
1499000 415
1499010 415
1499020 416
1499030 416
1499040 417
1499050 418
1499060 418
1499070 418
1499080 418
1499090 418
1499100 419
1499110 419
1499120 419
1499130 419
1499140 420
1499150 420
1499160 420
1499170 420
1499180 420
1499190 421
1499200 421
1499210 421
1499220 421
1499230 421
1499240 421
1499250 421
1499260 421
1499270 421
1499280 422
1499290 422
1499300 422
1499310 422
1499320 422
1499330 422
1499340 422
1499350 422
1499360 422
1499370 422
1499380 422
1499390 422
1499400 421
1499410 421
1499420 421
1499430 421
1499440 421
1499450 421
1499460 421
1499470 421
1499480 421
1499490 421
1499500 421
1499510 421
1499520 421
1499530 420
1499540 420
1499550 420
1499560 419
1499570 419
1499580 419
1499590 418
1499600 418
1499610 417
1499620 417
1499630 417
1499640 416
1499650 415
1499660 415
1499670 414
1499680 411
1499690 411
1499700 408
1499710 404
1499720 404
1499730 402
1499740 404
1499750 404
1499760 404
1499770 403
1499780 403
1499790 402
1499800 402
1499810 398
1499820 398
1499830 398
1499840 401
1499850 403
1499860 403
1499870 403
1499880 401
1499890 401
1499900 400
1499910 403
1499920 403
1499930 408
1499940 410
1499950 410
1499960 413
1499970 415
1499980 415
1499990 417
