1485020 317
1485030 317
1485040 317
1485050 317
1485060 317
1485070 317
1485080 317
1485090 317
1485100 317
1485110 317
1485120 317
1485130 317
1485140 316
1485150 316
1485160 316
1485170 316
1485180 316
1485190 316
1485200 316
1485210 315
1485220 315
1485230 315
1485240 315
1485250 315
1485260 315
1485270 315
1485280 315
1485290 315
1485300 315
1485310 315
1485320 315
1485330 315
1485340 315
1485350 315
1485360 315
1485370 315
1485380 315
1485390 315
1485400 315
1485410 315
1485420 315
1485430 315
1485440 315
1485450 316
1485460 316
1485470 315
1485480 316
1485490 316
1485500 316
1485510 315
1485520 315
1485530 315
1485540 315
1485550 315
1485560 315
1485570 315
1485580 315
1485590 315
1485600 315
1485610 315
1485620 315
1485630 315
1485640 315
1485650 315
1485660 313
1485670 313
1485680 313
1485690 313
1485700 313
1485710 315
1485720 315
1485730 315
1485740 315
1485750 316
1485760 316
1485770 316
1485780 316
1485790 316
1485800 316
1485810 316
1485820 316
1485830 316
1485840 316
1485850 316
1485860 316
1485870 316
1485880 316
1485890 316
1485900 316
1485910 316
1485920 316
1485930 316
1485940 316
1485950 316
1485960 316
1485970 316
1485980 316
1485990 316
1486000 316
1486010 316
1486020 315
1486030 315
1486040 315
1486050 315
1486060 315
1486070 316
1486080 316
1486090 316
1486100 316
1486110 316
1486120 316
1486130 315
1486140 316
1486150 316
1486160 315
1486170 316
1486180 316
1486190 316
1486200 316
1486210 316
1486220 315
1486230 315
1486240 315
1486250 315
1486260 315
1486270 315
1486280 315
1486290 315
1486300 315
1486310 315
1486320 315
1486330 315
1486340 315
1486350 315
1486360 315
1486370 315
1486380 315
1486390 315
1486400 315
1486410 315
1486420 315
1486430 315
1486440 315
1486450 315
1486460 315
1486470 315
1486480 315
1486490 316
1486500 316
1486510 318
1486520 320
1486530 320
1486540 318
1486550 316
1486560 316
1486570 315
1486580 315
1486590 315
1486600 315
1486610 316
1486620 316
1486630 316
1486640 316
1486650 316
1486660 316
1486670 316
1486680 316
1486690 316
1486700 316
1486710 316
1486720 316
1486730 316
1486740 316
1486750 315
1486760 315
1486770 315
1486780 315
1486790 315
1486800 315
1486810 315
1486820 315
1486830 315
1486840 315
1486850 315
1486860 315
1486870 315
1486880 315
1486890 315
1486900 315
1486910 315
1486920 315
1486930 315
1486940 315
1486950 315
1486960 315
1486970 315
1486980 315
1486990 315
1487000 315
1487010 315
1487020 315
1487030 315
1487040 315
1487050 315
1487060 315
1487070 315
1487080 315
1487090 316
1487100 316
1487110 316
1487120 316
1487130 316
1487140 316
1487150 316
1487160 316
1487170 316
1487180 316
1487190 316
1487200 316
1487210 315
1487220 315
1487230 315
1487240 315
1487250 315
1487260 315
1487270 315
1487280 315
1487290 315
1487300 316
1487310 316
1487320 315
1487330 315
1487340 315
1487350 315
1487360 315
1487370 315
1487380 315
1487390 315
1487400 315
1487410 315
1487420 315
1487430 315
1487440 315
1487450 315
1487460 315
1487470 315
1487480 315
1487490 315
1487500 315
1487510 315
1487520 315
1487530 315
1487540 315
1487550 315
1487560 315
1487570 315
1487580 315
1487590 315
1487600 315
1487610 315
1487620 315
1487630 315
1487640 315
1487650 315
1487660 315
1487670 315
1487680 315
1487690 315
1487700 315
1487710 315
1487720 315
1487730 315
1487740 315
1487750 315
1487760 315
1487770 315
1487780 315
1487790 315
1487800 315
1487810 315
1487820 315
1487830 315
1487840 315
1487850 315
1487860 315
1487870 315
1487880 315
1487890 315
1487900 316
1487910 316
1487920 319
1487930 326
1487940 326
1487950 332
1487960 339
1487970 339
1487980 346
1487990 349
1488000 349
1488010 349
1488020 349
1488030 349
1488040 349
1488050 349
1488060 349
1488070 349
1488080 348
1488090 348
1488100 348
1488110 348
1488120 348
1488130 348
1488140 348
1488150 348
1488160 347
1488170 347
1488180 347
1488190 347
1488200 347
1488210 347
1488220 347
1488230 347
1488240 347
1488250 347
1488260 347
1488270 347
1488280 347
1488290 347
1488300 347
1488310 347
1488320 347
1488330 347
1488340 347
1488350 347
1488360 347
1488370 347
1488380 347
1488390 347
1488400 347
1488410 347
1488420 347
1488430 347
1488440 347
1488450 347
1488460 347
1488470 347
1488480 347
1488490 347
1488500 347
1488510 347
1488520 347
1488530 347
1488540 347
1488550 347
1488560 346
1488570 346
1488580 346
1488590 345
1488600 345
1488610 341
1488620 336
1488630 336
1488640 330
1488650 330
1488660 330
1488670 337
1488680 343
1488690 343
1488700 345
1488710 346
1488720 346
1488730 347
1488740 347
1488750 347
1488760 348
1488770 348
1488780 348
1488790 348
1488800 348
1488810 348
1488820 348
1488830 348
1488840 348
1488850 349
1488860 349
1488870 349
1488880 349
1488890 349
1488900 349
1488910 349
1488920 349
1488930 349
1488940 349
1488950 349
1488960 349
1488970 349
1488980 349
1488990 349
1489000 349
1489010 349
1489020 349
1489030 349
1489040 350
1489050 350
1489060 349
1489070 350
1489080 350
1489090 350
1489100 350
1489110 350
1489120 350
1489130 350
1489140 350
1489150 349
1489160 349
1489170 349
1489180 349
1489190 349
1489200 349
1489210 349
1489220 349
1489230 349
1489240 349
1489250 349
1489260 349
1489270 349
1489280 349
1489290 349
1489300 349
1489310 349
1489320 349
1489330 349
1489340 349
1489350 349
1489360 349
1489370 349
1489380 349
1489390 349
1489400 350
1489410 350
1489420 350
1489430 349
1489440 349
1489450 349
1489460 349
1489470 349
1489480 349
1489490 349
1489500 349
1489510 349
1489520 349
1489530 349
1489540 349
1489550 349
1489560 349
1489570 349
1489580 349
1489590 349
1489600 349
1489610 349
1489620 349
1489630 349
1489640 349
1489650 349
1489660 349
1489670 349
1489680 349
1489690 349
1489700 349
1489710 349
1489720 349
1489730 349
1489740 349
1489750 349
1489760 349
1489770 349
1489780 349
1489790 349
1489800 349
1489810 348
1489820 348
1489830 348
1489840 348
1489850 348
1489860 348
1489870 348
1489880 348
1489890 348
1489900 348
1489910 349
1489920 349
1489930 349
1489940 349
1489950 349
1489960 349
1489970 349
1489980 349
1489990 349
1490000 349
1490010 349
1490020 349
1490030 349
1490040 349
1490050 349
1490060 349
1490070 349
1490080 349
1490090 349
1490100 348
1490110 348
1490120 348
1490130 348
1490140 348
1490150 348
1490160 348
1490170 348
1490180 348
1490190 348
1490200 348
1490210 348
1490220 348
1490230 348
1490240 348
1490250 348
1490260 349
1490270 349
1490280 349
1490290 349
1490300 349
1490310 349
1490320 349
1490330 349
1490340 349
1490350 349
1490360 349
1490370 349
1490380 349
1490390 349
1490400 348
1490410 348
1490420 348
1490430 347
1490440 347
1490450 347
1490460 347
1490470 346
1490480 346
1490490 346
1490500 346
1490510 346
1490520 346
1490530 346
1490540 346
1490550 345
1490560 345
1490570 345
1490580 345
1490590 345
1490600 345
1490610 345
1490620 345
1490630 345
1490640 345
1490650 345
1490660 345
1490670 345
1490680 345
1490690 345
1490700 345
1490710 345
1490720 345
1490730 345
1490740 345
1490750 345
1490760 345
1490770 345
1490780 345
1490790 345
1490800 345
1490810 345
1490820 345
1490830 345
1490840 345
1490850 345
1490860 345
1490870 345
1490880 345
1490890 345
1490900 345
1490910 345
1490920 345
1490930 345
1490940 345
1490950 345
1490960 345
1490970 345
1490980 345
1490990 345
1491000 345
1491010 345
1491020 345
1491030 345
1491040 345
1491050 345
1491060 345
1491070 345
1491080 345
1491090 345
1491100 345
1491110 345
1491120 345
1491130 345
1491140 345
1491150 345
1491160 344
1491170 344
1491180 344
1491190 344
1491200 344
1491210 344
1491220 344
1491230 344
1491240 344
1491250 344
1491260 344
1491270 344
1491280 344
1491290 344
1491300 344
1491310 344
1491320 344
1491330 344
1491340 344
1491350 344
1491360 343
1491370 343
1491380 343
1491390 343
1491400 343
1491410 343
1491420 343
1491430 343
1491440 343
1491450 343
1491460 343
1491470 343
1491480 343
1491490 343
1491500 343
1491510 343
1491520 343
1491530 343
1491540 343
1491550 342
1491560 342
1491570 342
1491580 342
1491590 342
1491600 342
1491610 342
1491620 342
1491630 342
1491640 342
1491650 342
1491660 342
1491670 342
1491680 342
1491690 342
1491700 342
1491710 342
1491720 342
1491730 342
1491740 342
1491750 342
1491760 342
1491770 342
1491780 342
1491790 342
1491800 342
1491810 342
1491820 342
1491830 342
1491840 342
1491850 342
1491860 342
1491870 342
1491880 342
1491890 342
1491900 343
1491910 342
1491920 342
1491930 342
1491940 342
1491950 342
1491960 342
1491970 340
1491980 340
1491990 336
1492000 335
1492010 335
1492020 336
1492030 336
1492040 336
1492050 336
1492060 336
1492070 336
1492080 336
1492090 335
1492100 335
1492110 334
1492120 334
1492130 334
1492140 334
1492150 333
1492160 333
1492170 333
1492180 336
1492190 336
1492200 339
1492210 338
1492220 338
1492230 338
1492240 338
1492250 338
1492260 337
1492270 336
1492280 336
1492290 336
1492300 336
1492310 336
1492320 336
1492330 336
1492340 336
1492350 336
1492360 336
1492370 336
1492380 336
1492390 336
1492400 336
1492410 336
1492420 336
1492430 336
1492440 336
1492450 336
1492460 336
1492470 336
1492480 336
1492490 336
1492500 335
1492510 334
1492520 334
1492530 332
1492540 330
1492550 330
1492560 327
1492570 328
1492580 328
1492590 330
1492600 329
1492610 329
1492620 328
1492630 327
1492640 327
1492650 327
1492660 327
1492670 327
1492680 330
1492690 334
1492700 334
1492710 335
1492720 334
1492730 334
1492740 334
1492750 335
1492760 335
1492770 335
1492780 336
1492790 336
1492800 337
1492810 339
1492820 339
1492830 342
1492840 345
1492850 345
1492860 349
1492870 351
1492880 351
1492890 354
1492900 357
1492910 357
1492920 361
1492930 363
1492940 363
1492950 366
1492960 368
1492970 368
1492980 370
1492990 373
1493000 373
1493010 377
1493020 382
1493030 382
1493040 387
1493050 391
1493060 391
1493070 395
1493080 397
1493090 397
1493100 398
1493110 400
1493120 400
1493130 401
1493140 402
1493150 402
1493160 403
1493170 404
1493180 404
1493190 405
1493200 405
1493210 405
1493220 404
1493230 404
1493240 404
1493250 406
1493260 407
1493270 407
1493280 409
1493290 410
1493300 410
1493310 411
1493320 412
1493330 412
1493340 413
1493350 413
1493360 413
1493370 414
1493380 414
1493390 414
1493400 414
1493410 414
1493420 414
1493430 414
1493440 414
1493450 414
1493460 415
1493470 415
1493480 415
1493490 415
1493500 415
1493510 415
1493520 415
1493530 414
1493540 414
1493550 414
1493560 414
1493570 414
1493580 414
1493590 413
1493600 413
1493610 413
1493620 412
1493630 412
1493640 412
1493650 412
1493660 412
1493670 412
1493680 412
1493690 411
1493700 411
1493710 411
1493720 410
1493730 409
1493740 409
1493750 408
1493760 408
1493770 408
1493780 407
1493790 406
1493800 406
1493810 405
1493820 404
1493830 404
1493840 403
1493850 402
1493860 402
1493870 401
1493880 400
1493890 400
1493900 399
1493910 398
1493920 398
1493930 397
1493940 395
1493950 395
1493960 394
1493970 392
1493980 392
1493990 391
1494000 389
1494010 389
1494020 388
1494030 387
1494040 387
1494050 385
1494060 384
1494070 384
1494080 383
1494090 381
1494100 381
1494110 380
1494120 379
1494130 379
1494140 378
1494150 374
1494160 374
1494170 374
1494180 375
1494190 375
1494200 376
1494210 377
1494220 377
1494230 377
1494240 378
1494250 378
1494260 378
1494270 378
1494280 378
1494290 378
1494300 378
1494310 378
1494320 378
1494330 378
1494340 378
1494350 378
1494360 378
1494370 378
1494380 378
1494390 377
1494400 377
1494410 375
1494420 377
1494430 377
1494440 377
1494450 377
1494460 377
1494470 376
1494480 375
1494490 375
1494500 374
1494510 375
1494520 375
1494530 375
1494540 374
1494550 374
1494560 374
1494570 373
1494580 373
1494590 372
1494600 372
1494610 372
1494620 372
1494630 372
1494640 372
1494650 371
1494660 369
1494670 369
1494680 368
1494690 367
1494700 367
1494710 365
1494720 364
1494730 364
1494740 365
1494750 366
1494760 366
1494770 366
1494780 364
1494790 364
1494800 363
1494810 362
1494820 362
1494830 362
1494840 362
1494850 362
1494860 362
1494870 364
1494880 364
1494890 367
1494900 368
1494910 368
1494920 370
1494930 371
1494940 371
1494950 372
1494960 373
1494970 373
1494980 375
1494990 375
1495000 375
1495010 376
1495020 377
1495030 377
1495040 379
1495050 379
1495060 379
1495070 380
1495080 380
1495090 380
1495100 381
1495110 382
1495120 382
1495130 382
1495140 383
1495150 383
1495160 384
1495170 384
1495180 384
1495190 384
1495200 385
1495210 385
1495220 386
1495230 386
1495240 386
1495250 387
1495260 387
1495270 387
1495280 388
1495290 388
1495300 388
1495310 389
1495320 389
1495330 389
1495340 390
1495350 390
1495360 390
1495370 391
1495380 392
1495390 392
1495400 392
1495410 392
1495420 392
1495430 392
1495440 392
1495450 392
1495460 393
1495470 393
1495480 393
1495490 393
1495500 393
1495510 393
1495520 394
1495530 394
1495540 394
1495550 394
1495560 395
1495570 395
1495580 395
1495590 395
1495600 395
1495610 395
1495620 395
1495630 395
1495640 395
1495650 396
1495660 396
1495670 395
1495680 395
1495690 395
1495700 395
1495710 396
1495720 396
1495730 396
1495740 396
1495750 396
1495760 396
1495770 396
1495780 396
1495790 396
1495800 396
1495810 396
1495820 396
1495830 396
1495840 396
1495850 396
1495860 396
1495870 396
1495880 396
1495890 396
1495900 396
1495910 396
1495920 396
1495930 396
1495940 397
1495950 397
1495960 397
1495970 396
1495980 396
1495990 396
1496000 396
1496010 396
1496020 396
1496030 396
1496040 396
1496050 396
1496060 396
1496070 396
1496080 396
1496090 396
1496100 396
1496110 396
1496120 396
1496130 396
1496140 396
1496150 395
1496160 395
1496170 395
1496180 395
1496190 395
1496200 395
1496210 395
1496220 395
1496230 395
1496240 395
1496250 395
1496260 395
1496270 395
1496280 395
1496290 395
1496300 395
1496310 395
1496320 395
1496330 395
1496340 396
1496350 396
1496360 396
1496370 397
1496380 397
1496390 397
1496400 398
1496410 398
1496420 398
1496430 399
1496440 399
1496450 400
1496460 400
1496470 400
1496480 401
1496490 401
1496500 401
1496510 402
1496520 403
1496530 403
1496540 404
1496550 405
1496560 405
1496570 405
1496580 406
1496590 406
1496600 406
1496610 407
1496620 407
1496630 407
1496640 408
1496650 408
1496660 408
1496670 409
1496680 409
1496690 409
1496700 410
1496710 410
1496720 410
1496730 410
1496740 410
1496750 411
1496760 411
1496770 411
1496780 411
1496790 411
1496800 411
1496810 411
1496820 411
1496830 411
1496840 411
1496850 411
1496860 411
1496870 411
1496880 411
1496890 411
1496900 411
1496910 410
1496920 410
1496930 410
1496940 409
1496950 409
1496960 409
1496970 408
1496980 408
1496990 408
1497000 407
1497010 407
1497020 407
1497030 406
1497040 406
1497050 406
1497060 405
1497070 405
1497080 405
1497090 404
1497100 404
1497110 403
1497120 402
1497130 402
1497140 401
1497150 400
1497160 400
1497170 399
1497180 399
1497190 399
1497200 398
1497210 396
1497220 396
1497230 395
1497240 393
1497250 393
1497260 391
1497270 389
1497280 389
1497290 387
1497300 387
1497310 386
1497320 384
1497330 384
1497340 382
1497350 381
1497360 381
1497370 380
1497380 379
1497390 379
1497400 377
1497410 376
1497420 376
1497430 375
1497440 375
1497450 375
1497460 374
1497470 374
1497480 374
1497490 374
1497500 373
1497510 373
1497520 372
1497530 371
1497540 371
1497550 370
1497560 369
1497570 369
1497580 369
1497590 370
1497600 370
1497610 373
1497620 374
1497630 374
1497640 376
1497650 378
1497660 378
1497670 379
1497680 380
1497690 380
1497700 382
1497710 383
1497720 383
1497730 384
1497740 385
1497750 385
1497760 385
1497770 385
1497780 385
1497790 385
1497800 386
1497810 386
1497820 386
1497830 386
1497840 386
1497850 386
1497860 386
1497870 386
1497880 386
1497890 385
1497900 385
1497910 385
1497920 385
1497930 385
1497940 385
1497950 385
1497960 385
1497970 384
1497980 384
1497990 384
1498000 383
1498010 383
1498020 383
1498030 382
1498040 383
1498050 383
1498060 383
1498070 383
1498080 383
1498090 382
1498100 382
1498110 382
1498120 382
1498130 381
1498140 381
1498150 381
1498160 380
1498170 380
1498180 379
1498190 379
1498200 379
1498210 378
1498220 377
1498230 377
1498240 376
1498250 375
1498260 375
1498270 375
1498280 375
1498290 375
1498300 376
1498310 376
1498320 376
1498330 375
1498340 374
1498350 374
1498360 372
1498370 372
1498380 372
1498390 372
1498400 372
1498410 372
1498420 371
1498430 370
1498440 370
1498450 369
1498460 369
1498470 369
1498480 369
1498490 369
1498500 369
1498510 369
1498520 369
1498530 369
1498540 369
1498550 371
1498560 371
1498570 374
1498580 376
1498590 376
1498600 377
1498610 377
1498620 377
1498630 378
1498640 379
1498650 379
1498660 380
1498670 381
1498680 381
1498690 382
1498700 383
1498710 383
1498720 384
1498730 384
1498740 384
1498750 385
1498760 386
1498770 386
1498780 387
1498790 388
1498800 388
1498810 389
1498820 390
1498830 390
1498840 390
1498850 391
1498860 391
1498870 391
1498880 392
1498890 392
1498900 392
1498910 393
1498920 393
1498930 393
1498940 394
1498950 394
1498960 394
1498970 395
1498980 395
1498990 395
1499000 396
1499010 396
1499020 396
1499030 396
1499040 396
1499050 396
1499060 397
1499070 397
1499080 397
1499090 397
1499100 397
1499110 397
1499120 397
1499130 397
1499140 397
1499150 397
1499160 397
1499170 396
1499180 396
1499190 396
1499200 396
1499210 395
1499220 395
1499230 395
1499240 394
1499250 394
1499260 394
1499270 393
1499280 393
1499290 393
1499300 392
1499310 392
1499320 392
1499330 391
1499340 391
1499350 390
1499360 390
1499370 390
1499380 389
1499390 389
1499400 389
1499410 388
1499420 386
1499430 386
1499440 385
1499450 384
1499460 384
1499470 381
1499480 380
1499490 380
1499500 379
1499510 379
1499520 379
1499530 378
1499540 378
1499550 378
1499560 378
1499570 378
1499580 378
1499590 379
1499600 381
1499610 381
1499620 382
1499630 382
1499640 382
1499650 385
1499660 388
1499670 388
1499680 388
1499690 389
1499700 389
1499710 389
1499720 389
1499730 389
1499740 389
1499750 389
1499760 389
1499770 389
1499780 389
1499790 389
1499800 390
1499810 390
1499820 390
1499830 390
1499840 390
1499850 390
1499860 390
1499870 390
1499880 390
1499890 390
1499900 389
1499910 389
1499920 389
1499930 388
1499940 388
1499950 388
1499960 388
1499970 388
1499980 387
1499990 387
