1486340 319
1486350 319
1486360 319
1486370 319
1486380 319
1486390 319
1486400 319
1486410 319
1486420 319
1486430 319
1486440 319
1486450 319
1486460 319
1486470 319
1486480 319
1486490 319
1486500 319
1486510 319
1486520 319
1486530 319
1486540 319
1486550 319
1486560 319
1486570 319
1486580 319
1486590 319
1486600 319
1486610 319
1486620 319
1486630 319
1486640 319
1486650 319
1486660 319
1486670 318
1486680 318
1486690 318
1486700 318
1486710 318
1486720 318
1486730 318
1486740 318
1486750 318
1486760 318
1486770 318
1486780 318
1486790 318
1486800 318
1486810 318
1486820 317
1486830 317
1486840 317
1486850 318
1486860 318
1486870 318
1486880 318
1486890 318
1486900 318
1486910 318
1486920 318
1486930 317
1486940 317
1486950 317
1486960 317
1486970 317
1486980 317
1486990 317
1487000 317
1487010 317
1487020 316
1487030 316
1487040 316
1487050 316
1487060 316
1487070 316
1487080 316
1487090 317
1487100 317
1487110 317
1487120 317
1487130 317
1487140 316
1487150 316
1487160 316
1487170 316
1487180 316
1487190 316
1487200 316
1487210 316
1487220 316
1487230 316
1487240 315
1487250 315
1487260 315
1487270 315
1487280 315
1487290 314
1487300 314
1487310 314
1487320 312
1487330 312
1487340 312
1487350 312
1487360 312
1487370 312
1487380 312
1487390 312
1487400 312
1487410 312
1487420 312
1487430 312
1487440 312
1487450 312
1487460 312
1487470 312
1487480 312
1487490 312
1487500 312
1487510 312
1487520 312
1487530 312
1487540 312
1487550 312
1487560 312
1487570 312
1487580 312
1487590 312
1487600 312
1487610 312
1487620 313
1487630 314
1487640 314
1487650 314
1487660 314
1487670 314
1487680 314
1487690 314
1487700 314
1487710 314
1487720 314
1487730 314
1487740 314
1487750 314
1487760 314
1487770 314
1487780 314
1487790 314
1487800 314
1487810 314
1487820 314
1487830 314
1487840 314
1487850 314
1487860 314
1487870 313
1487880 313
1487890 312
1487900 313
1487910 313
1487920 313
1487930 313
1487940 313
1487950 314
1487960 314
1487970 314
1487980 315
1487990 314
1488000 314
1488010 314
1488020 314
1488030 314
1488040 314
1488050 316
1488060 316
1488070 318
1488080 319
1488090 319
1488100 318
1488110 316
1488120 316
1488130 315
1488140 315
1488150 315
1488160 315
1488170 315
1488180 315
1488190 315
1488200 315
1488210 315
1488220 315
1488230 315
1488240 315
1488250 315
1488260 315
1488270 315
1488280 316
1488290 316
1488300 316
1488310 316
1488320 316
1488330 316
1488340 315
1488350 315
1488360 315
1488370 315
1488380 315
1488390 315
1488400 315
1488410 315
1488420 315
1488430 315
1488440 315
1488450 315
1488460 315
1488470 315
1488480 315
1488490 315
1488500 315
1488510 315
1488520 315
1488530 315
1488540 315
1488550 315
1488560 315
1488570 315
1488580 315
1488590 315
1488600 315
1488610 315
1488620 315
1488630 315
1488640 315
1488650 315
1488660 315
1488670 315
1488680 315
1488690 315
1488700 315
1488710 315
1488720 315
1488730 315
1488740 315
1488750 315
1488760 315
1488770 315
1488780 315
1488790 315
1488800 315
1488810 315
1488820 315
1488830 315
1488840 315
1488850 315
1488860 315
1488870 315
1488880 315
1488890 315
1488900 315
1488910 315
1488920 315
1488930 315
1488940 315
1488950 315
1488960 315
1488970 315
1488980 315
1488990 315
1489000 315
1489010 315
1489020 315
1489030 315
1489040 315
1489050 315
1489060 315
1489070 315
1489080 315
1489090 315
1489100 315
1489110 315
1489120 315
1489130 315
1489140 315
1489150 315
1489160 315
1489170 315
1489180 315
1489190 315
1489200 315
1489210 315
1489220 315
1489230 315
1489240 315
1489250 315
1489260 315
1489270 315
1489280 315
1489290 315
1489300 315
1489310 315
1489320 315
1489330 315
1489340 315
1489350 315
1489360 315
1489370 315
1489380 315
1489390 315
1489400 315
1489410 315
1489420 315
1489430 315
1489440 315
1489450 315
1489460 315
1489470 315
1489480 315
1489490 315
1489500 315
1489510 315
1489520 315
1489530 315
1489540 315
1489550 315
1489560 315
1489570 316
1489580 316
1489590 319
1489600 325
1489610 325
1489620 332
1489630 337
1489640 337
1489650 342
1489660 345
1489670 345
1489680 345
1489690 345
1489700 345
1489710 345
1489720 345
1489730 345
1489740 345
1489750 345
1489760 345
1489770 345
1489780 345
1489790 345
1489800 345
1489810 345
1489820 345
1489830 344
1489840 344
1489850 344
1489860 344
1489870 344
1489880 344
1489890 344
1489900 343
1489910 343
1489920 343
1489930 344
1489940 344
1489950 343
1489960 343
1489970 343
1489980 343
1489990 343
1490000 343
1490010 344
1490020 344
1490030 344
1490040 344
1490050 344
1490060 344
1490070 343
1490080 343
1490090 343
1490100 343
1490110 343
1490120 343
1490130 343
1490140 343
1490150 343
1490160 343
1490170 343
1490180 343
1490190 343
1490200 342
1490210 342
1490220 342
1490230 342
1490240 342
1490250 342
1490260 342
1490270 342
1490280 342
1490290 341
1490300 341
1490310 341
1490320 341
1490330 341
1490340 341
1490350 341
1490360 341
1490370 340
1490380 340
1490390 340
1490400 340
1490410 340
1490420 340
1490430 340
1490440 340
1490450 340
1490460 339
1490470 339
1490480 339
1490490 339
1490500 339
1490510 339
1490520 339
1490530 339
1490540 339
1490550 339
1490560 339
1490570 339
1490580 340
1490590 339
1490600 339
1490610 339
1490620 339
1490630 339
1490640 339
1490650 339
1490660 339
1490670 338
1490680 338
1490690 338
1490700 339
1490710 339
1490720 339
1490730 339
1490740 338
1490750 338
1490760 338
1490770 339
1490780 339
1490790 339
1490800 339
1490810 339
1490820 339
1490830 339
1490840 339
1490850 339
1490860 339
1490870 339
1490880 339
1490890 339
1490900 339
1490910 339
1490920 339
1490930 339
1490940 339
1490950 339
1490960 339
1490970 338
1490980 338
1490990 338
1491000 338
1491010 338
1491020 338
1491030 339
1491040 339
1491050 339
1491060 339
1491070 339
1491080 339
1491090 339
1491100 339
1491110 339
1491120 339
1491130 339
1491140 339
1491150 339
1491160 338
1491170 338
1491180 339
1491190 338
1491200 338
1491210 338
1491220 338
1491230 338
1491240 338
1491250 338
1491260 338
1491270 338
1491280 338
1491290 338
1491300 338
1491310 338
1491320 338
1491330 338
1491340 338
1491350 338
1491360 338
1491370 338
1491380 338
1491390 338
1491400 338
1491410 338
1491420 338
1491430 338
1491440 338
1491450 338
1491460 338
1491470 338
1491480 338
1491490 338
1491500 338
1491510 338
1491520 338
1491530 338
1491540 338
1491550 338
1491560 338
1491570 338
1491580 338
1491590 338
1491600 338
1491610 337
1491620 337
1491630 337
1491640 337
1491650 337
1491660 337
1491670 337
1491680 337
1491690 337
1491700 337
1491710 337
1491720 337
1491730 337
1491740 337
1491750 337
1491760 337
1491770 337
1491780 337
1491790 338
1491800 338
1491810 338
1491820 338
1491830 338
1491840 337
1491850 337
1491860 337
1491870 337
1491880 336
1491890 336
1491900 336
1491910 336
1491920 336
1491930 336
1491940 336
1491950 336
1491960 337
1491970 337
1491980 337
1491990 337
1492000 337
1492010 337
1492020 337
1492030 336
1492040 336
1492050 336
1492060 336
1492070 336
1492080 336
1492090 336
1492100 336
1492110 336
1492120 336
1492130 336
1492140 334
1492150 326
1492160 326
1492170 320
1492180 317
1492190 317
1492200 317
1492210 319
1492220 319
1492230 319
1492240 319
1492250 319
1492260 319
1492270 320
1492280 320
1492290 323
1492300 325
1492310 325
1492320 325
1492330 326
1492340 326
1492350 327
1492360 327
1492370 327
1492380 327
1492390 327
1492400 327
1492410 327
1492420 325
1492430 325
1492440 322
1492450 319
1492460 319
1492470 318
1492480 318
1492490 317
1492500 317
1492510 317
1492520 317
1492530 317
1492540 317
1492550 317
1492560 320
1492570 320
1492580 325
1492590 328
1492600 328
1492610 329
1492620 330
1492630 330
1492640 331
1492650 332
1492660 332
1492670 333
1492680 335
1492690 335
1492700 336
1492710 336
1492720 336
1492730 336
1492740 336
1492750 336
1492760 336
1492770 336
1492780 336
1492790 336
1492800 337
1492810 337
1492820 337
1492830 337
1492840 337
1492850 338
1492860 338
1492870 338
1492880 338
1492890 339
1492900 339
1492910 339
1492920 340
1492930 340
1492940 340
1492950 340
1492960 340
1492970 341
1492980 341
1492990 341
1493000 342
1493010 342
1493020 342
1493030 342
1493040 342
1493050 342
1493060 340
1493070 337
1493080 337
1493090 337
1493100 337
1493110 337
1493120 338
1493130 341
1493140 341
1493150 343
1493160 344
1493170 344
1493180 344
1493190 345
1493200 345
1493210 345
1493220 345
1493230 345
1493240 345
1493250 345
1493260 345
1493270 346
1493280 346
1493290 346
1493300 346
1493310 347
1493320 347
1493330 347
1493340 347
1493350 347
1493360 348
1493370 348
1493380 348
1493390 349
1493400 349
1493410 349
1493420 350
1493430 350
1493440 350
1493450 351
1493460 351
1493470 351
1493480 352
1493490 352
1493500 352
1493510 353
1493520 354
1493530 354
1493540 354
1493550 355
1493560 355
1493570 355
1493580 356
1493590 356
1493600 357
1493610 358
1493620 358
1493630 358
1493640 359
1493650 359
1493660 360
1493670 361
1493680 361
1493690 362
1493700 362
1493710 362
1493720 363
1493730 363
1493740 363
1493750 363
1493760 364
1493770 364
1493780 365
1493790 366
1493800 366
1493810 366
1493820 367
1493830 367
1493840 368
1493850 368
1493860 368
1493870 369
1493880 369
1493890 369
1493900 370
1493910 370
1493920 370
1493930 370
1493940 371
1493950 371
1493960 371
1493970 372
1493980 372
1493990 372
1494000 372
1494010 372
1494020 372
1494030 373
1494040 373
1494050 373
1494060 373
1494070 373
1494080 373
1494090 373
1494100 373
1494110 372
1494120 372
1494130 372
1494140 372
1494150 371
1494160 371
1494170 370
1494180 370
1494190 370
1494200 369
1494210 368
1494220 368
1494230 368
1494240 367
1494250 367
1494260 366
1494270 365
1494280 365
1494290 364
1494300 363
1494310 363
1494320 363
1494330 362
1494340 362
1494350 361
1494360 360
1494370 360
1494380 359
1494390 358
1494400 358
1494410 357
1494420 356
1494430 356
1494440 355
1494450 354
1494460 354
1494470 353
1494480 353
1494490 353
1494500 352
1494510 350
1494520 350
1494530 348
1494540 346
1494550 346
1494560 345
1494570 345
1494580 345
1494590 346
1494600 347
1494610 347
1494620 349
1494630 350
1494640 350
1494650 352
1494660 354
1494670 354
1494680 355
1494690 356
1494700 356
1494710 358
1494720 359
1494730 359
1494740 359
1494750 360
1494760 360
1494770 360
1494780 361
1494790 361
1494800 362
1494810 362
1494820 362
1494830 363
1494840 364
1494850 364
1494860 364
1494870 365
1494880 365
1494890 366
1494900 366
1494910 366
1494920 367
1494930 368
1494940 368
1494950 369
1494960 369
1494970 369
1494980 370
1494990 370
1495000 370
1495010 370
1495020 371
1495030 371
1495040 371
1495050 371
1495060 371
1495070 372
1495080 372
1495090 372
1495100 372
1495110 372
1495120 372
1495130 372
1495140 372
1495150 372
1495160 372
1495170 372
1495180 372
1495190 372
1495200 372
1495210 372
1495220 372
1495230 372
1495240 372
1495250 372
1495260 371
1495270 371
1495280 371
1495290 370
1495300 370
1495310 370
1495320 369
1495330 369
1495340 369
1495350 369
1495360 369
1495370 368
1495380 367
1495390 367
1495400 366
1495410 365
1495420 365
1495430 365
1495440 364
1495450 364
1495460 363
1495470 363
1495480 363
1495490 362
1495500 361
1495510 361
1495520 361
1495530 360
1495540 360
1495550 359
1495560 358
1495570 358
1495580 358
1495590 357
1495600 357
1495610 356
1495620 356
1495630 356
1495640 355
1495650 355
1495660 355
1495670 354
1495680 354
1495690 353
1495700 353
1495710 353
1495720 352
1495730 352
1495740 352
1495750 351
1495760 350
1495770 350
1495780 349
1495790 349
1495800 349
1495810 349
1495820 348
1495830 348
1495840 348
1495850 348
1495860 348
1495870 347
1495880 347
1495890 347
1495900 346
1495910 346
1495920 346
1495930 345
1495940 344
1495950 344
1495960 343
1495970 343
1495980 343
1495990 343
1496000 343
1496010 343
1496020 343
1496030 343
1496040 343
1496050 343
1496060 342
1496070 342
1496080 342
1496090 343
1496100 343
1496110 344
1496120 346
1496130 346
1496140 347
1496150 347
1496160 347
1496170 348
1496180 349
1496190 349
1496200 351
1496210 353
1496220 353
1496230 354
1496240 356
1496250 356
1496260 358
1496270 359
1496280 359
1496290 361
1496300 363
1496310 363
1496320 364
1496330 365
1496340 365
1496350 367
1496360 368
1496370 368
1496380 370
1496390 372
1496400 372
1496410 373
1496420 374
1496430 374
1496440 375
1496450 376
1496460 376
1496470 376
1496480 377
1496490 377
1496500 378
1496510 379
1496520 379
1496530 380
1496540 380
1496550 380
1496560 381
1496570 382
1496580 382
1496590 382
1496600 383
1496610 383
1496620 383
1496630 384
1496640 384
1496650 384
1496660 385
1496670 385
1496680 385
1496690 386
1496700 386
1496710 386
1496720 386
1496730 386
1496740 386
1496750 386
1496760 386
1496770 386
1496780 386
1496790 386
1496800 386
1496810 386
1496820 386
1496830 386
1496840 385
1496850 385
1496860 385
1496870 384
1496880 384
1496890 383
1496900 383
1496910 383
1496920 382
1496930 381
1496940 381
1496950 380
1496960 378
1496970 378
1496980 374
1496990 369
1497000 369
1497010 365
1497020 363
1497030 363
1497040 363
1497050 361
1497060 361
1497070 358
1497080 356
1497090 356
1497100 356
1497110 356
1497120 356
1497130 356
1497140 356
1497150 356
1497160 357
1497170 360
1497180 360
1497190 362
1497200 364
1497210 364
1497220 366
1497230 370
1497240 370
1497250 372
1497260 374
1497270 374
1497280 376
1497290 378
1497300 378
1497310 379
1497320 381
1497330 381
1497340 383
1497350 384
1497360 384
1497370 385
1497380 385
1497390 385
1497400 386
1497410 386
1497420 386
1497430 386
1497440 386
1497450 386
1497460 385
1497470 385
1497480 386
1497490 385
1497500 385
1497510 385
1497520 385
1497530 384
1497540 384
1497550 384
1497560 384
1497570 384
1497580 383
1497590 383
1497600 383
1497610 382
1497620 382
1497630 382
1497640 382
1497650 381
1497660 381
1497670 381
1497680 380
1497690 380
1497700 380
1497710 379
1497720 379
1497730 378
1497740 378
1497750 378
1497760 377
1497770 376
1497780 376
1497790 377
1497800 377
1497810 377
1497820 377
1497830 377
1497840 377
1497850 377
1497860 377
1497870 377
1497880 377
1497890 377
1497900 377
1497910 377
1497920 378
1497930 378
1497940 378
1497950 378
1497960 378
1497970 378
1497980 378
1497990 378
1498000 378
1498010 379
1498020 379
1498030 379
1498040 379
1498050 379
1498060 379
1498070 379
1498080 379
1498090 379
1498100 379
1498110 379
1498120 380
1498130 380
1498140 380
1498150 380
1498160 380
1498170 380
1498180 380
1498190 380
1498200 380
1498210 380
1498220 380
1498230 380
1498240 380
1498250 380
1498260 380
1498270 380
1498280 380
1498290 380
1498300 380
1498310 380
1498320 380
1498330 380
1498340 379
1498350 379
1498360 379
1498370 378
1498380 378
1498390 378
1498400 377
1498410 377
1498420 376
1498430 373
1498440 373
1498450 370
1498460 367
1498470 367
1498480 367
1498490 367
1498500 367
1498510 368
1498520 370
1498530 370
1498540 373
1498550 375
1498560 375
1498570 375
1498580 375
1498590 375
1498600 375
1498610 375
1498620 375
1498630 375
1498640 375
1498650 375
1498660 375
1498670 375
1498680 375
1498690 375
1498700 375
1498710 375
1498720 375
1498730 375
1498740 376
1498750 376
1498760 376
1498770 376
1498780 376
1498790 376
1498800 376
1498810 376
1498820 376
1498830 376
1498840 376
1498850 376
1498860 376
1498870 376
1498880 376
1498890 376
1498900 376
1498910 376
1498920 376
1498930 376
1498940 376
1498950 377
1498960 377
1498970 377
1498980 377
1498990 377
1499000 377
1499010 377
1499020 377
1499030 377
1499040 377
1499050 377
1499060 377
1499070 377
1499080 377
1499090 377
1499100 378
1499110 378
1499120 378
1499130 378
1499140 378
1499150 378
1499160 378
1499170 378
1499180 378
1499190 378
1499200 378
1499210 378
1499220 378
1499230 378
1499240 378
1499250 378
1499260 378
1499270 378
1499280 378
1499290 378
1499300 378
1499310 379
1499320 379
1499330 379
1499340 379
1499350 378
1499360 378
1499370 378
1499380 379
1499390 379
1499400 379
1499410 379
1499420 379
1499430 378
1499440 378
1499450 378
1499460 378
1499470 378
1499480 378
1499490 378
1499500 378
1499510 378
1499520 378
1499530 378
1499540 378
1499550 378
1499560 378
1499570 378
1499580 378
1499590 378
1499600 378
1499610 378
1499620 378
1499630 378
1499640 378
1499650 378
1499660 378
1499670 379
1499680 379
1499690 379
1499700 379
1499710 379
1499720 379
1499730 379
1499740 379
1499750 379
1499760 379
1499770 379
1499780 379
1499790 379
1499800 379
1499810 379
1499820 377
1499830 374
1499840 374
1499850 374
1499860 374
1499870 374
1499880 374
1499890 375
1499900 375
1499910 378
1499920 379
1499930 379
1499940 379
1499950 379
1499960 379
1499970 378
1499980 375
1499990 375
