1489240 315
1489250 315
1489260 315
1489270 315
1489280 315
1489290 315
1489300 315
1489310 315
1489320 315
1489330 315
1489340 315
1489350 315
1489360 315
1489370 315
1489380 315
1489390 315
1489400 315
1489410 315
1489420 315
1489430 315
1489440 315
1489450 315
1489460 315
1489470 315
1489480 314
1489490 314
1489500 313
1489510 313
1489520 313
1489530 312
1489540 311
1489550 311
1489560 311
1489570 311
1489580 311
1489590 311
1489600 311
1489610 311
1489620 312
1489630 312
1489640 312
1489650 312
1489660 312
1489670 312
1489680 312
1489690 311
1489700 311
1489710 312
1489720 312
1489730 312
1489740 311
1489750 312
1489760 312
1489770 312
1489780 312
1489790 312
1489800 312
1489810 312
1489820 312
1489830 312
1489840 312
1489850 312
1489860 312
1489870 312
1489880 312
1489890 312
1489900 312
1489910 312
1489920 313
1489930 313
1489940 313
1489950 313
1489960 312
1489970 312
1489980 312
1489990 312
1490000 312
1490010 312
1490020 312
1490030 312
1490040 312
1490050 312
1490060 312
1490070 312
1490080 312
1490090 312
1490100 312
1490110 312
1490120 312
1490130 312
1490140 312
1490150 312
1490160 312
1490170 312
1490180 312
1490190 311
1490200 311
1490210 311
1490220 310
1490230 310
1490240 310
1490250 311
1490260 312
1490270 312
1490280 312
1490290 312
1490300 312
1490310 311
1490320 311
1490330 311
1490340 312
1490350 312
1490360 312
1490370 312
1490380 312
1490390 312
1490400 312
1490410 312
1490420 312
1490430 312
1490440 312
1490450 312
1490460 312
1490470 312
1490480 312
1490490 312
1490500 312
1490510 312
1490520 312
1490530 312
1490540 312
1490550 312
1490560 312
1490570 312
1490580 312
1490590 312
1490600 312
1490610 312
1490620 311
1490630 311
1490640 312
1490650 312
1490660 312
1490670 312
1490680 312
1490690 312
1490700 312
1490710 312
1490720 312
1490730 312
1490740 312
1490750 312
1490760 312
1490770 312
1490780 312
1490790 312
1490800 312
1490810 312
1490820 312
1490830 312
1490840 312
1490850 312
1490860 312
1490870 312
1490880 312
1490890 312
1490900 312
1490910 312
1490920 312
1490930 312
1490940 312
1490950 312
1490960 312
1490970 312
1490980 312
1490990 312
1491000 312
1491010 312
1491020 312
1491030 312
1491040 312
1491050 312
1491060 312
1491070 311
1491080 311
1491090 312
1491100 312
1491110 312
1491120 312
1491130 312
1491140 312
1491150 313
1491160 313
1491170 313
1491180 313
1491190 313
1491200 313
1491210 313
1491220 313
1491230 313
1491240 313
1491250 313
1491260 313
1491270 312
1491280 312
1491290 312
1491300 312
1491310 312
1491320 312
1491330 312
1491340 312
1491350 312
1491360 312
1491370 312
1491380 312
1491390 313
1491400 313
1491410 314
1491420 317
1491430 317
1491440 318
1491450 318
1491460 318
1491470 317
1491480 315
1491490 315
1491500 315
1491510 315
1491520 315
1491530 315
1491540 315
1491550 315
1491560 315
1491570 315
1491580 315
1491590 315
1491600 315
1491610 315
1491620 315
1491630 315
1491640 315
1491650 315
1491660 315
1491670 315
1491680 315
1491690 315
1491700 315
1491710 315
1491720 315
1491730 315
1491740 315
1491750 315
1491760 315
1491770 315
1491780 315
1491790 315
1491800 315
1491810 315
1491820 315
1491830 315
1491840 315
1491850 315
1491860 315
1491870 315
1491880 315
1491890 315
1491900 315
1491910 315
1491920 315
1491930 315
1491940 315
1491950 315
1491960 315
1491970 315
1491980 315
1491990 315
1492000 315
1492010 315
1492020 315
1492030 315
1492040 315
1492050 315
1492060 315
1492070 315
1492080 315
1492090 315
1492100 315
1492110 315
1492120 315
1492130 315
1492140 315
1492150 315
1492160 315
1492170 315
1492180 315
1492190 315
1492200 315
1492210 315
1492220 315
1492230 315
1492240 315
1492250 315
1492260 315
1492270 315
1492280 315
1492290 315
1492300 315
1492310 316
1492320 317
1492330 317
1492340 320
1492350 322
1492360 322
1492370 323
1492380 322
1492390 322
1492400 322
1492410 322
1492420 322
1492430 322
1492440 322
1492450 322
1492460 322
1492470 322
1492480 322
1492490 322
1492500 322
1492510 322
1492520 322
1492530 322
1492540 322
1492550 321
1492560 316
1492570 316
1492580 315
1492590 315
1492600 315
1492610 315
1492620 315
1492630 315
1492640 315
1492650 316
1492660 316
1492670 319
1492680 319
1492690 319
1492700 320
1492710 320
1492720 320
1492730 320
1492740 320
1492750 320
1492760 320
1492770 320
1492780 320
1492790 320
1492800 320
1492810 320
1492820 320
1492830 321
1492840 321
1492850 324
1492860 325
1492870 325
1492880 324
1492890 324
1492900 324
1492910 323
1492920 323
1492930 323
1492940 322
1492950 321
1492960 321
1492970 321
1492980 321
1492990 321
1493000 322
1493010 321
1493020 321
1493030 322
1493040 321
1493050 321
1493060 321
1493070 321
1493080 321
1493090 323
1493100 327
1493110 327
1493120 328
1493130 329
1493140 329
1493150 327
1493160 323
1493170 323
1493180 321
1493190 320
1493200 320
1493210 320
1493220 319
1493230 319
1493240 319
1493250 320
1493260 320
1493270 320
1493280 320
1493290 320
1493300 320
1493310 320
1493320 320
1493330 320
1493340 320
1493350 320
1493360 321
1493370 321
1493380 321
1493390 321
1493400 322
1493410 322
1493420 322
1493430 322
1493440 322
1493450 323
1493460 323
1493470 323
1493480 324
1493490 325
1493500 325
1493510 325
1493520 326
1493530 326
1493540 326
1493550 326
1493560 326
1493570 325
1493580 325
1493590 325
1493600 325
1493610 325
1493620 325
1493630 325
1493640 325
1493650 325
1493660 325
1493670 326
1493680 326
1493690 326
1493700 327
1493710 327
1493720 327
1493730 328
1493740 328
1493750 328
1493760 328
1493770 328
1493780 328
1493790 328
1493800 328
1493810 328
1493820 328
1493830 328
1493840 327
1493850 327
1493860 327
1493870 327
1493880 327
1493890 327
1493900 327
1493910 328
1493920 328
1493930 328
1493940 328
1493950 328
1493960 328
1493970 328
1493980 328
1493990 328
1494000 329
1494010 329
1494020 329
1494030 329
1494040 329
1494050 329
1494060 329
1494070 330
1494080 330
1494090 330
1494100 332
1494110 332
1494120 332
1494130 332
1494140 331
1494150 331
1494160 330
1494170 331
1494180 331
1494190 332
1494200 332
1494210 332
1494220 333
1494230 333
1494240 333
1494250 334
1494260 335
1494270 335
1494280 336
1494290 337
1494300 337
1494310 338
1494320 340
1494330 340
1494340 340
1494350 341
1494360 341
1494370 341
1494380 342
1494390 342
1494400 342
1494410 342
1494420 342
1494430 342
1494440 342
1494450 342
1494460 342
1494470 342
1494480 342
1494490 342
1494500 342
1494510 342
1494520 342
1494530 342
1494540 342
1494550 342
1494560 343
1494570 343
1494580 343
1494590 343
1494600 343
1494610 343
1494620 343
1494630 343
1494640 343
1494650 343
1494660 343
1494670 343
1494680 343
1494690 343
1494700 343
1494710 344
1494720 344
1494730 344
1494740 344
1494750 344
1494760 344
1494770 344
1494780 344
1494790 344
1494800 344
1494810 344
1494820 344
1494830 345
1494840 345
1494850 345
1494860 345
1494870 345
1494880 345
1494890 345
1494900 345
1494910 345
1494920 345
1494930 345
1494940 346
1494950 346
1494960 346
1494970 346
1494980 347
1494990 347
1495000 347
1495010 347
1495020 347
1495030 347
1495040 347
1495050 347
1495060 348
1495070 348
1495080 348
1495090 348
1495100 349
1495110 349
1495120 349
1495130 349
1495140 349
1495150 350
1495160 350
1495170 350
1495180 351
1495190 351
1495200 351
1495210 352
1495220 352
1495230 352
1495240 352
1495250 352
1495260 352
1495270 353
1495280 353
1495290 353
1495300 353
1495310 354
1495320 354
1495330 354
1495340 354
1495350 354
1495360 355
1495370 355
1495380 355
1495390 356
1495400 356
1495410 356
1495420 356
1495430 357
1495440 357
1495450 357
1495460 358
1495470 358
1495480 358
1495490 359
1495500 359
1495510 359
1495520 359
1495530 359
1495540 359
1495550 360
1495560 360
1495570 360
1495580 360
1495590 360
1495600 361
1495610 361
1495620 361
1495630 362
1495640 362
1495650 362
1495660 363
1495670 363
1495680 363
1495690 364
1495700 364
1495710 364
1495720 365
1495730 365
1495740 365
1495750 366
1495760 366
1495770 366
1495780 367
1495790 367
1495800 367
1495810 368
1495820 368
1495830 368
1495840 369
1495850 370
1495860 370
1495870 370
1495880 371
1495890 371
1495900 371
1495910 372
1495920 372
1495930 372
1495940 372
1495950 372
1495960 372
1495970 372
1495980 372
1495990 372
1496000 372
1496010 372
1496020 372
1496030 372
1496040 372
1496050 372
1496060 372
1496070 372
1496080 371
1496090 371
1496100 371
1496110 371
1496120 370
1496130 370
1496140 369
1496150 368
1496160 368
1496170 367
1496180 366
1496190 366
1496200 365
1496210 362
1496220 362
1496230 364
1496240 367
1496250 367
1496260 369
1496270 370
1496280 370
1496290 370
1496300 371
1496310 371
1496320 372
1496330 372
1496340 372
1496350 373
1496360 374
1496370 374
1496380 375
1496390 376
1496400 376
1496410 376
1496420 377
1496430 377
1496440 378
1496450 378
1496460 378
1496470 379
1496480 379
1496490 379
1496500 380
1496510 381
1496520 381
1496530 381
1496540 382
1496550 382
1496560 383
1496570 383
1496580 383
1496590 384
1496600 385
1496610 385
1496620 385
1496630 386
1496640 386
1496650 387
1496660 387
1496670 387
1496680 388
1496690 388
1496700 388
1496710 388
1496720 388
1496730 388
1496740 389
1496750 389
1496760 389
1496770 389
1496780 389
1496790 389
1496800 389
1496810 389
1496820 389
1496830 389
1496840 389
1496850 389
1496860 388
1496870 388
1496880 388
1496890 388
1496900 388
1496910 387
1496920 387
1496930 387
1496940 386
1496950 386
1496960 386
1496970 385
1496980 384
1496990 384
1497000 384
1497010 383
1497020 383
1497030 382
1497040 381
1497050 381
1497060 380
1497070 379
1497080 379
1497090 378
1497100 377
1497110 377
1497120 376
1497130 375
1497140 375
1497150 375
1497160 374
1497170 374
1497180 373
1497190 372
1497200 372
1497210 372
1497220 371
1497230 371
1497240 370
1497250 369
1497260 369
1497270 369
1497280 368
1497290 368
1497300 367
1497310 367
1497320 367
1497330 366
1497340 365
1497350 365
1497360 364
1497370 364
1497380 364
1497390 363
1497400 363
1497410 363
1497420 362
1497430 362
1497440 362
1497450 361
1497460 361
1497470 361
1497480 360
1497490 359
1497500 359
1497510 358
1497520 358
1497530 358
1497540 357
1497550 356
1497560 356
1497570 356
1497580 355
1497590 355
1497600 354
1497610 353
1497620 353
1497630 352
1497640 352
1497650 352
1497660 351
1497670 351
1497680 351
1497690 350
1497700 349
1497710 349
1497720 349
1497730 348
1497740 348
1497750 348
1497760 348
1497770 348
1497780 348
1497790 348
1497800 348
1497810 347
1497820 347
1497830 347
1497840 347
1497850 347
1497860 347
1497870 346
1497880 346
1497890 346
1497900 346
1497910 346
1497920 346
1497930 346
1497940 346
1497950 346
1497960 346
1497970 345
1497980 345
1497990 345
1498000 345
1498010 345
1498020 345
1498030 344
1498040 344
1498050 344
1498060 344
1498070 344
1498080 344
1498090 344
1498100 344
1498110 344
1498120 344
1498130 344
1498140 344
1498150 344
1498160 344
1498170 344
1498180 344
1498190 344
1498200 344
1498210 344
1498220 344
1498230 344
1498240 344
1498250 344
1498260 345
1498270 345
1498280 345
1498290 345
1498300 345
1498310 345
1498320 345
1498330 345
1498340 345
1498350 345
1498360 345
1498370 345
1498380 345
1498390 345
1498400 345
1498410 346
1498420 346
1498430 346
1498440 346
1498450 346
1498460 346
1498470 346
1498480 347
1498490 347
1498500 347
1498510 348
1498520 348
1498530 348
1498540 349
1498550 349
1498560 349
1498570 350
1498580 350
1498590 351
1498600 352
1498610 352
1498620 352
1498630 353
1498640 353
1498650 355
1498660 356
1498670 356
1498680 358
1498690 359
1498700 359
1498710 359
1498720 359
1498730 359
1498740 360
1498750 359
1498760 359
1498770 358
1498780 357
1498790 357
1498800 357
1498810 358
1498820 358
1498830 360
1498840 363
1498850 363
1498860 366
1498870 369
1498880 369
1498890 372
1498900 375
1498910 375
1498920 378
1498930 380
1498940 380
1498950 383
1498960 385
1498970 385
1498980 386
1498990 387
1499000 387
1499010 389
1499020 390
1499030 390
1499040 391
1499050 392
1499060 392
1499070 393
1499080 394
1499090 394
1499100 394
1499110 395
1499120 395
1499130 396
1499140 396
1499150 396
1499160 397
1499170 397
1499180 397
1499190 397
1499200 397
1499210 397
1499220 398
1499230 398
1499240 398
1499250 398
1499260 399
1499270 399
1499280 399
1499290 400
1499300 400
1499310 400
1499320 400
1499330 400
1499340 401
1499350 401
1499360 401
1499370 401
1499380 401
1499390 401
1499400 401
1499410 401
1499420 401
1499430 402
1499440 402
1499450 402
1499460 402
1499470 402
1499480 402
1499490 402
1499500 402
1499510 401
1499520 401
1499530 401
1499540 400
1499550 399
1499560 399
1499570 398
1499580 397
1499590 397
1499600 395
1499610 394
1499620 394
1499630 392
1499640 389
1499650 389
1499660 385
1499670 381
1499680 381
1499690 380
1499700 379
1499710 379
1499720 378
1499730 377
1499740 377
1499750 379
1499760 380
1499770 380
1499780 381
1499790 381
1499800 381
1499810 381
1499820 382
1499830 382
1499840 382
1499850 382
1499860 382
1499870 382
1499880 382
1499890 382
1499900 382
1499910 381
1499920 381
1499930 381
1499940 380
1499950 380
1499960 379
1499970 377
1499980 377
1499990 374
