1492490 309
1492500 309
1492510 309
1492520 309
1492530 309
1492540 309
1492550 309
1492560 309
1492570 309
1492580 309
1492590 309
1492600 310
1492610 310
1492620 310
1492630 309
1492640 309
1492650 309
1492660 309
1492670 309
1492680 309
1492690 309
1492700 309
1492710 309
1492720 309
1492730 309
1492740 309
1492750 309
1492760 309
1492770 309
1492780 309
1492790 309
1492800 309
1492810 310
1492820 310
1492830 310
1492840 310
1492850 310
1492860 310
1492870 310
1492880 310
1492890 310
1492900 309
1492910 309
1492920 309
1492930 309
1492940 309
1492950 309
1492960 309
1492970 308
1492980 308
1492990 308
1493000 308
1493010 308
1493020 308
1493030 308
1493040 308
1493050 308
1493060 308
1493070 308
1493080 308
1493090 308
1493100 308
1493110 308
1493120 308
1493130 308
1493140 308
1493150 308
1493160 308
1493170 308
1493180 308
1493190 308
1493200 308
1493210 308
1493220 308
1493230 309
1493240 309
1493250 309
1493260 309
1493270 309
1493280 309
1493290 309
1493300 308
1493310 308
1493320 306
1493330 306
1493340 306
1493350 306
1493360 306
1493370 306
1493380 306
1493390 307
1493400 307
1493410 307
1493420 307
1493430 307
1493440 307
1493450 308
1493460 308
1493470 307
1493480 308
1493490 308
1493500 308
1493510 308
1493520 308
1493530 308
1493540 308
1493550 308
1493560 308
1493570 308
1493580 308
1493590 308
1493600 308
1493610 309
1493620 309
1493630 309
1493640 309
1493650 309
1493660 309
1493670 309
1493680 309
1493690 309
1493700 309
1493710 309
1493720 309
1493730 309
1493740 309
1493750 309
1493760 309
1493770 310
1493780 310
1493790 313
1493800 317
1493810 317
1493820 316
1493830 315
1493840 315
1493850 315
1493860 315
1493870 315
1493880 315
1493890 315
1493900 315
1493910 315
1493920 315
1493930 315
1493940 315
1493950 315
1493960 315
1493970 315
1493980 315
1493990 315
1494000 315
1494010 315
1494020 315
1494030 315
1494040 315
1494050 315
1494060 315
1494070 315
1494080 315
1494090 315
1494100 315
1494110 315
1494120 315
1494130 315
1494140 315
1494150 315
1494160 315
1494170 315
1494180 315
1494190 315
1494200 315
1494210 315
1494220 315
1494230 315
1494240 315
1494250 315
1494260 315
1494270 315
1494280 315
1494290 315
1494300 315
1494310 315
1494320 315
1494330 315
1494340 315
1494350 315
1494360 317
1494370 323
1494380 323
1494390 332
1494400 340
1494410 340
1494420 340
1494430 340
1494440 340
1494450 340
1494460 340
1494470 340
1494480 340
1494490 340
1494500 340
1494510 340
1494520 340
1494530 340
1494540 339
1494550 339
1494560 339
1494570 339
1494580 339
1494590 339
1494600 339
1494610 339
1494620 339
1494630 339
1494640 339
1494650 339
1494660 339
1494670 339
1494680 339
1494690 339
1494700 338
1494710 338
1494720 338
1494730 338
1494740 338
1494750 338
1494760 338
1494770 338
1494780 338
1494790 339
1494800 339
1494810 339
1494820 339
1494830 339
1494840 339
1494850 339
1494860 339
1494870 339
1494880 339
1494890 339
1494900 339
1494910 339
1494920 339
1494930 338
1494940 338
1494950 338
1494960 338
1494970 338
1494980 338
1494990 338
1495000 338
1495010 338
1495020 338
1495030 338
1495040 338
1495050 338
1495060 338
1495070 338
1495080 338
1495090 338
1495100 338
1495110 338
1495120 338
1495130 338
1495140 338
1495150 337
1495160 337
1495170 337
1495180 337
1495190 337
1495200 337
1495210 336
1495220 336
1495230 336
1495240 335
1495250 335
1495260 335
1495270 335
1495280 335
1495290 334
1495300 334
1495310 334
1495320 334
1495330 333
1495340 333
1495350 333
1495360 332
1495370 332
1495380 331
1495390 331
1495400 331
1495410 330
1495420 330
1495430 330
1495440 329
1495450 329
1495460 329
1495470 329
1495480 329
1495490 329
1495500 329
1495510 330
1495520 330
1495530 330
1495540 331
1495550 331
1495560 331
1495570 331
1495580 331
1495590 331
1495600 331
1495610 332
1495620 332
1495630 332
1495640 333
1495650 332
1495660 332
1495670 332
1495680 332
1495690 332
1495700 331
1495710 330
1495720 330
1495730 330
1495740 330
1495750 330
1495760 330
1495770 330
1495780 330
1495790 330
1495800 330
1495810 330
1495820 329
1495830 328
1495840 328
1495850 328
1495860 327
1495870 327
1495880 327
1495890 326
1495900 326
1495910 326
1495920 327
1495930 327
1495940 327
1495950 327
1495960 327
1495970 327
1495980 327
1495990 327
1496000 328
1496010 328
1496020 328
1496030 329
1496040 329
1496050 329
1496060 330
1496070 330
1496080 330
1496090 331
1496100 331
1496110 331
1496120 331
1496130 332
1496140 332
1496150 332
1496160 333
1496170 333
1496180 333
1496190 334
1496200 334
1496210 334
1496220 334
1496230 334
1496240 334
1496250 334
1496260 334
1496270 335
1496280 335
1496290 335
1496300 335
1496310 335
1496320 335
1496330 335
1496340 335
1496350 335
1496360 335
1496370 335
1496380 335
1496390 335
1496400 335
1496410 335
1496420 335
1496430 335
1496440 335
1496450 335
1496460 335
1496470 335
1496480 335
1496490 335
1496500 335
1496510 335
1496520 335
1496530 335
1496540 335
1496550 334
1496560 334
1496570 334
1496580 334
1496590 334
1496600 333
1496610 333
1496620 333
1496630 333
1496640 333
1496650 333
1496660 333
1496670 333
1496680 333
1496690 333
1496700 334
1496710 334
1496720 334
1496730 335
1496740 335
1496750 335
1496760 336
1496770 336
1496780 336
1496790 336
1496800 336
1496810 336
1496820 336
1496830 336
1496840 336
1496850 337
1496860 337
1496870 337
1496880 337
1496890 337
1496900 336
1496910 336
1496920 336
1496930 336
1496940 336
1496950 336
1496960 336
1496970 336
1496980 336
1496990 336
1497000 336
1497010 336
1497020 336
1497030 336
1497040 336
1497050 336
1497060 336
1497070 336
1497080 336
1497090 336
1497100 336
1497110 336
1497120 336
1497130 336
1497140 336
1497150 336
1497160 336
1497170 336
1497180 336
1497190 336
1497200 336
1497210 336
1497220 336
1497230 336
1497240 336
1497250 336
1497260 336
1497270 336
1497280 336
1497290 336
1497300 336
1497310 336
1497320 336
1497330 336
1497340 336
1497350 336
1497360 336
1497370 336
1497380 336
1497390 336
1497400 336
1497410 336
1497420 336
1497430 336
1497440 336
1497450 336
1497460 336
1497470 336
1497480 336
1497490 336
1497500 336
1497510 336
1497520 336
1497530 336
1497540 336
1497550 336
1497560 336
1497570 336
1497580 337
1497590 337
1497600 337
1497610 337
1497620 337
1497630 337
1497640 337
1497650 337
1497660 337
1497670 337
1497680 338
1497690 338
1497700 338
1497710 338
1497720 338
1497730 338
1497740 338
1497750 338
1497760 338
1497770 339
1497780 339
1497790 339
1497800 339
1497810 339
1497820 339
1497830 339
1497840 339
1497850 339
1497860 340
1497870 340
1497880 340
1497890 340
1497900 340
1497910 340
1497920 341
1497930 341
1497940 341
1497950 341
1497960 341
1497970 341
1497980 341
1497990 341
1498000 342
1498010 342
1498020 342
1498030 342
1498040 342
1498050 342
1498060 342
1498070 343
1498080 343
1498090 343
1498100 343
1498110 343
1498120 343
1498130 344
1498140 344
1498150 344
1498160 345
1498170 345
1498180 345
1498190 346
1498200 346
1498210 346
1498220 347
1498230 347
1498240 347
1498250 348
1498260 348
1498270 349
1498280 349
1498290 349
1498300 350
1498310 350
1498320 350
1498330 351
1498340 352
1498350 352
1498360 352
1498370 353
1498380 353
1498390 354
1498400 354
1498410 354
1498420 355
1498430 356
1498440 356
1498450 356
1498460 357
1498470 357
1498480 358
1498490 358
1498500 358
1498510 359
1498520 359
1498530 359
1498540 360
1498550 360
1498560 360
1498570 361
1498580 361
1498590 361
1498600 362
1498610 362
1498620 362
1498630 363
1498640 363
1498650 363
1498660 364
1498670 364
1498680 364
1498690 364
1498700 364
1498710 364
1498720 365
1498730 365
1498740 365
1498750 365
1498760 366
1498770 366
1498780 366
1498790 366
1498800 366
1498810 367
1498820 367
1498830 367
1498840 367
1498850 367
1498860 367
1498870 367
1498880 367
1498890 367
1498900 367
1498910 367
1498920 367
1498930 367
1498940 367
1498950 367
1498960 367
1498970 367
1498980 367
1498990 367
1499000 367
1499010 367
1499020 368
1499030 368
1499040 368
1499050 368
1499060 369
1499070 369
1499080 369
1499090 369
1499100 369
1499110 370
1499120 371
1499130 371
1499140 372
1499150 373
1499160 373
1499170 373
1499180 373
1499190 373
1499200 374
1499210 374
1499220 374
1499230 375
1499240 376
1499250 376
1499260 377
1499270 377
1499280 377
1499290 379
1499300 380
1499310 380
1499320 381
1499330 382
1499340 382
1499350 383
1499360 384
1499370 384
1499380 385
1499390 385
1499400 385
1499410 386
1499420 386
1499430 386
1499440 387
1499450 387
1499460 387
1499470 387
1499480 387
1499490 387
1499500 387
1499510 387
1499520 387
1499530 386
1499540 386
1499550 386
1499560 385
1499570 385
1499580 385
1499590 384
1499600 384
1499610 383
1499620 382
1499630 382
1499640 381
1499650 380
1499660 380
1499670 379
1499680 378
1499690 378
1499700 377
1499710 375
1499720 375
1499730 374
1499740 373
1499750 373
1499760 371
1499770 370
1499780 370
1499790 369
1499800 367
1499810 367
1499820 365
1499830 363
1499840 363
1499850 361
1499860 358
1499870 358
1499880 356
1499890 354
1499900 354
1499910 351
1499920 349
1499930 349
1499940 347
1499950 345
1499960 345
1499970 343
1499980 342
1499990 342
