1494480 308
1494490 308
1494500 308
1494510 307
1494520 307
1494530 306
1494540 306
1494550 306
1494560 306
1494570 306
1494580 306
1494590 306
1494600 306
1494610 306
1494620 306
1494630 306
1494640 306
1494650 306
1494660 306
1494670 306
1494680 306
1494690 306
1494700 306
1494710 306
1494720 307
1494730 307
1494740 307
1494750 306
1494760 306
1494770 306
1494780 306
1494790 306
1494800 307
1494810 306
1494820 306
1494830 306
1494840 306
1494850 306
1494860 305
1494870 304
1494880 304
1494890 305
1494900 305
1494910 305
1494920 305
1494930 305
1494940 305
1494950 305
1494960 305
1494970 306
1494980 306
1494990 306
1495000 306
1495010 306
1495020 306
1495030 307
1495040 307
1495050 307
1495060 307
1495070 307
1495080 307
1495090 306
1495100 306
1495110 306
1495120 306
1495130 306
1495140 306
1495150 306
1495160 305
1495170 305
1495180 305
1495190 306
1495200 306
1495210 306
1495220 306
1495230 306
1495240 306
1495250 306
1495260 306
1495270 306
1495280 306
1495290 306
1495300 306
1495310 306
1495320 306
1495330 306
1495340 306
1495350 306
1495360 306
1495370 306
1495380 306
1495390 306
1495400 306
1495410 306
1495420 306
1495430 306
1495440 306
1495450 306
1495460 306
1495470 306
1495480 306
1495490 306
1495500 306
1495510 306
1495520 306
1495530 306
1495540 306
1495550 305
1495560 305
1495570 304
1495580 304
1495590 304
1495600 305
1495610 307
1495620 307
1495630 308
1495640 308
1495650 308
1495660 308
1495670 308
1495680 308
1495690 308
1495700 308
1495710 308
1495720 308
1495730 308
1495740 308
1495750 309
1495760 309
1495770 309
1495780 308
1495790 308
1495800 308
1495810 307
1495820 306
1495830 306
1495840 304
1495850 304
1495860 304
1495870 304
1495880 304
1495890 304
1495900 304
1495910 304
1495920 304
1495930 304
1495940 304
1495950 304
1495960 304
1495970 304
1495980 304
1495990 304
1496000 304
1496010 304
1496020 304
1496030 304
1496040 304
1496050 304
1496060 304
1496070 304
1496080 304
1496090 304
1496100 304
1496110 304
1496120 304
1496130 304
1496140 304
1496150 304
1496160 304
1496170 304
1496180 304
1496190 304
1496200 304
1496210 304
1496220 304
1496230 305
1496240 309
1496250 309
1496260 312
1496270 317
1496280 317
1496290 321
1496300 321
1496310 321
1496320 321
1496330 321
1496340 321
1496350 321
1496360 321
1496370 321
1496380 321
1496390 321
1496400 321
1496410 322
1496420 322
1496430 322
1496440 322
1496450 322
1496460 322
1496470 322
1496480 322
1496490 322
1496500 322
1496510 322
1496520 323
1496530 323
1496540 323
1496550 323
1496560 323
1496570 323
1496580 323
1496590 323
1496600 323
1496610 323
1496620 323
1496630 323
1496640 323
1496650 323
1496660 323
1496670 322
1496680 322
1496690 322
1496700 322
1496710 322
1496720 322
1496730 322
1496740 322
1496750 322
1496760 322
1496770 322
1496780 322
1496790 323
1496800 323
1496810 323
1496820 323
1496830 323
1496840 323
1496850 323
1496860 323
1496870 323
1496880 323
1496890 323
1496900 323
1496910 323
1496920 323
1496930 323
1496940 323
1496950 323
1496960 323
1496970 323
1496980 323
1496990 323
1497000 323
1497010 323
1497020 323
1497030 323
1497040 323
1497050 323
1497060 324
1497070 323
1497080 323
1497090 323
1497100 323
1497110 323
1497120 323
1497130 323
1497140 323
1497150 322
1497160 322
1497170 322
1497180 322
1497190 322
1497200 322
1497210 322
1497220 321
1497230 321
1497240 321
1497250 321
1497260 321
1497270 321
1497280 321
1497290 321
1497300 321
1497310 321
1497320 321
1497330 320
1497340 320
1497350 320
1497360 320
1497370 320
1497380 320
1497390 320
1497400 320
1497410 320
1497420 320
1497430 320
1497440 320
1497450 320
1497460 319
1497470 319
1497480 319
1497490 319
1497500 319
1497510 319
1497520 318
1497530 318
1497540 318
1497550 318
1497560 318
1497570 318
1497580 318
1497590 318
1497600 317
1497610 317
1497620 317
1497630 316
1497640 315
1497650 315
1497660 314
1497670 314
1497680 314
1497690 313
1497700 312
1497710 312
1497720 311
1497730 311
1497740 311
1497750 311
1497760 311
1497770 311
1497780 310
1497790 310
1497800 310
1497810 310
1497820 310
1497830 310
1497840 310
1497850 310
1497860 310
1497870 310
1497880 311
1497890 311
1497900 313
1497910 315
1497920 315
1497930 312
1497940 311
1497950 311
1497960 310
1497970 309
1497980 309
1497990 309
1498000 309
1498010 309
1498020 310
1498030 310
1498040 310
1498050 310
1498060 310
1498070 311
1498080 311
1498090 311
1498100 311
1498110 310
1498120 310
1498130 310
1498140 310
1498150 310
1498160 310
1498170 310
1498180 310
1498190 309
1498200 309
1498210 309
1498220 311
1498230 311
1498240 311
1498250 311
1498260 311
1498270 311
1498280 311
1498290 309
1498300 309
1498310 308
1498320 309
1498330 309
1498340 310
1498350 311
1498360 311
1498370 311
1498380 311
1498390 311
1498400 312
1498410 312
1498420 312
1498430 313
1498440 315
1498450 315
1498460 316
1498470 315
1498480 315
1498490 315
1498500 316
1498510 316
1498520 317
1498530 317
1498540 317
1498550 318
1498560 318
1498570 318
1498580 319
1498590 319
1498600 319
1498610 320
1498620 320
1498630 320
1498640 321
1498650 321
1498660 321
1498670 321
1498680 321
1498690 321
1498700 321
1498710 321
1498720 321
1498730 321
1498740 320
1498750 320
1498760 320
1498770 319
1498780 319
1498790 319
1498800 320
1498810 320
1498820 322
1498830 324
1498840 324
1498850 325
1498860 326
1498870 326
1498880 327
1498890 328
1498900 328
1498910 329
1498920 330
1498930 330
1498940 332
1498950 333
1498960 333
1498970 334
1498980 335
1498990 335
1499000 336
1499010 337
1499020 337
1499030 338
1499040 339
1499050 339
1499060 341
1499070 342
1499080 342
1499090 344
1499100 345
1499110 345
1499120 346
1499130 347
1499140 347
1499150 349
1499160 350
1499170 350
1499180 352
1499190 354
1499200 354
1499210 356
1499220 358
1499230 358
1499240 360
1499250 362
1499260 362
1499270 364
1499280 366
1499290 366
1499300 368
1499310 369
1499320 369
1499330 371
1499340 373
1499350 373
1499360 376
1499370 379
1499380 379
1499390 381
1499400 381
1499410 381
1499420 379
1499430 386
1499440 386
1499450 389
1499460 391
1499470 391
1499480 393
1499490 395
1499500 395
1499510 397
1499520 399
1499530 399
1499540 400
1499550 402
1499560 402
1499570 404
1499580 406
1499590 406
1499600 407
1499610 409
1499620 409
1499630 410
1499640 410
1499650 411
1499660 413
1499670 413
1499680 414
1499690 415
1499700 415
1499710 415
1499720 416
1499730 416
1499740 416
1499750 417
1499760 417
1499770 417
1499780 417
1499790 417
1499800 418
1499810 418
1499820 418
1499830 418
1499840 419
1499850 419
1499860 419
1499870 419
1499880 419
1499890 419
1499900 419
1499910 419
1499920 419
1499930 420
1499940 420
1499950 420
1499960 420
1499970 420
1499980 419
1499990 419
