1494250 334
1494260 334
1494270 333
1494280 332
1494290 332
1494300 332
1494310 332
1494320 332
1494330 332
1494340 332
1494350 332
1494360 332
1494370 332
1494380 332
1494390 332
1494400 332
1494410 332
1494420 331
1494430 331
1494440 331
1494450 331
1494460 331
1494470 331
1494480 331
1494490 331
1494500 331
1494510 331
1494520 331
1494530 331
1494540 331
1494550 332
1494560 332
1494570 332
1494580 332
1494590 332
1494600 332
1494610 332
1494620 332
1494630 332
1494640 332
1494650 332
1494660 331
1494670 331
1494680 331
1494690 330
1494700 330
1494710 330
1494720 330
1494730 329
1494740 329
1494750 329
1494760 328
1494770 328
1494780 327
1494790 326
1494800 326
1494810 325
1494820 325
1494830 325
1494840 325
1494850 325
1494860 325
1494870 326
1494880 327
1494890 327
1494900 327
1494910 328
1494920 328
1494930 329
1494940 329
1494950 329
1494960 330
1494970 330
1494980 330
1494990 330
1495000 331
1495010 331
1495020 331
1495030 331
1495040 331
1495050 331
1495060 331
1495070 331
1495080 331
1495090 331
1495100 331
1495110 331
1495120 331
1495130 331
1495140 331
1495150 330
1495160 330
1495170 330
1495180 330
1495190 330
1495200 329
1495210 329
1495220 329
1495230 328
1495240 328
1495250 328
1495260 327
1495270 326
1495280 326
1495290 325
1495300 324
1495310 324
1495320 323
1495330 322
1495340 322
1495350 321
1495360 320
1495370 320
1495380 320
1495390 319
1495400 319
1495410 318
1495420 318
1495430 317
1495440 316
1495450 316
1495460 315
1495470 314
1495480 314
1495490 313
1495500 312
1495510 312
1495520 311
1495530 310
1495540 310
1495550 309
1495560 308
1495570 308
1495580 307
1495590 306
1495600 306
1495610 305
1495620 304
1495630 304
1495640 304
1495650 303
1495660 303
1495670 304
1495680 303
1495690 303
1495700 303
1495710 303
1495720 303
1495730 303
1495740 303
1495750 303
1495760 304
1495770 304
1495780 304
1495790 305
1495800 304
1495810 304
1495820 303
1495830 303
1495840 303
1495850 303
1495860 303
1495870 303
1495880 303
1495890 303
1495900 303
1495910 303
1495920 303
1495930 303
1495940 303
1495950 303
1495960 303
1495970 303
1495980 303
1495990 303
1496000 304
1496010 303
1496020 303
1496030 303
1496040 303
1496050 303
1496060 303
1496070 304
1496080 304
1496090 303
1496100 303
1496110 303
1496120 304
1496130 306
1496140 306
1496150 309
1496160 311
1496170 311
1496180 312
1496190 314
1496200 314
1496210 316
1496220 315
1496230 315
1496240 316
1496250 319
1496260 319
1496270 323
1496280 327
1496290 327
1496300 329
1496310 330
1496320 330
1496330 331
1496340 332
1496350 332
1496360 332
1496370 333
1496380 333
1496390 333
1496400 334
1496410 334
1496420 336
1496430 337
1496440 337
1496450 338
1496460 339
1496470 339
1496480 341
1496490 342
1496500 342
1496510 343
1496520 344
1496530 344
1496540 345
1496550 345
1496560 345
1496570 346
1496580 345
1496590 345
1496600 345
1496610 344
1496620 344
1496630 345
1496640 345
1496650 345
1496660 346
1496670 346
1496680 347
1496690 348
1496700 348
1496710 349
1496720 351
1496730 351
1496740 352
1496750 352
1496760 352
1496770 353
1496780 354
1496790 354
1496800 355
1496810 356
1496820 356
1496830 357
1496840 358
1496850 358
1496860 360
1496870 362
1496880 362
1496890 364
1496900 366
1496910 366
1496920 368
1496930 370
1496940 370
1496950 370
1496960 371
1496970 371
1496980 372
1496990 372
1497000 372
1497010 373
1497020 373
1497030 373
1497040 373
1497050 374
1497060 374
1497070 375
1497080 375
1497090 375
1497100 376
1497110 377
1497120 377
1497130 378
1497140 379
1497150 379
1497160 380
1497170 381
1497180 381
1497190 382
1497200 383
1497210 383
1497220 384
1497230 385
1497240 385
1497250 386
1497260 387
1497270 387
1497280 388
1497290 389
1497300 389
1497310 390
1497320 391
1497330 391
1497340 392
1497350 392
1497360 392
1497370 392
1497380 393
1497390 393
1497400 392
1497410 393
1497420 393
1497430 394
1497440 394
1497450 394
1497460 394
1497470 394
1497480 394
1497490 394
1497500 394
1497510 394
1497520 394
1497530 394
1497540 394
1497550 394
1497560 394
1497570 394
1497580 394
1497590 394
1497600 394
1497610 394
1497620 394
1497630 394
1497640 395
1497650 395
1497660 395
1497670 395
1497680 395
1497690 395
1497700 395
1497710 395
1497720 395
1497730 395
1497740 396
1497750 396
1497760 396
1497770 397
1497780 397
1497790 397
1497800 397
1497810 397
1497820 398
1497830 398
1497840 398
1497850 398
1497860 399
1497870 399
1497880 399
1497890 399
1497900 399
1497910 400
1497920 400
1497930 400
1497940 400
1497950 400
1497960 400
1497970 401
1497980 401
1497990 401
1498000 401
1498010 401
1498020 402
1498030 402
1498040 402
1498050 402
1498060 402
1498070 402
1498080 403
1498090 403
1498100 403
1498110 403
1498120 403
1498130 403
1498140 404
1498150 404
1498160 404
1498170 404
1498180 404
1498190 404
1498200 405
1498210 405
1498220 405
1498230 405
1498240 405
1498250 405
1498260 405
1498270 405
1498280 405
1498290 405
1498300 405
1498310 405
1498320 405
1498330 406
1498340 406
1498350 406
1498360 405
1498370 405
1498380 405
1498390 405
1498400 405
1498410 405
1498420 404
1498430 404
1498440 404
1498450 403
1498460 403
1498470 403
1498480 402
1498490 402
1498500 402
1498510 402
1498520 402
1498530 402
1498540 402
1498550 402
1498560 402
1498570 401
1498580 401
1498590 401
1498600 401
1498610 401
1498620 401
1498630 400
1498640 400
1498650 400
1498660 400
1498670 400
1498680 399
1498690 399
1498700 399
1498710 398
1498720 398
1498730 398
1498740 397
1498750 396
1498760 396
1498770 395
1498780 394
1498790 394
1498800 393
1498810 392
1498820 392
1498830 390
1498840 388
1498850 388
1498860 385
1498870 382
1498880 382
1498890 378
1498900 374
1498910 374
1498920 370
1498930 366
1498940 366
1498950 361
1498960 356
1498970 356
1498980 354
1498990 355
1499000 355
1499010 355
1499020 355
1499030 355
1499040 355
1499050 355
1499060 355
1499070 356
1499080 357
1499090 357
1499100 357
1499110 357
1499120 357
1499130 358
1499140 360
1499150 360
1499160 362
1499170 364
1499180 364
1499190 366
1499200 366
1499210 367
1499220 369
1499230 369
1499240 371
1499250 373
1499260 373
1499270 376
1499280 377
1499290 377
1499300 379
1499310 381
1499320 381
1499330 382
1499340 384
1499350 384
1499360 385
1499370 387
1499380 387
1499390 388
1499400 390
1499410 390
1499420 391
1499430 392
1499440 392
1499450 393
1499460 394
1499470 394
1499480 395
1499490 396
1499500 396
1499510 397
1499520 398
1499530 398
1499540 399
1499550 399
1499560 399
1499570 400
1499580 401
1499590 401
1499600 402
1499610 403
1499620 403
1499630 403
1499640 404
1499650 404
1499660 405
1499670 405
1499680 405
1499690 405
1499700 406
1499710 406
1499720 406
1499730 406
1499740 406
1499750 407
1499760 408
1499770 408
1499780 408
1499790 409
1499800 409
1499810 409
1499820 409
1499830 409
1499840 409
1499850 409
1499860 409
1499870 409
1499880 409
1499890 409
1499900 411
1499910 412
1499920 412
1499930 414
1499940 415
1499950 415
1499960 416
1499970 417
1499980 417
1499990 418
