1494700 319
1494710 319
1494720 319
1494730 319
1494740 319
1494750 320
1494760 321
1494770 321
1494780 322
1494790 324
1494800 324
1494810 324
1494820 325
1494830 325
1494840 325
1494850 325
1494860 325
1494870 325
1494880 325
1494890 325
1494900 324
1494910 324
1494920 324
1494930 324
1494940 325
1494950 325
1494960 326
1494970 326
1494980 326
1494990 326
1495000 325
1495010 325
1495020 325
1495030 325
1495040 325
1495050 324
1495060 323
1495070 323
1495080 323
1495090 323
1495100 322
1495110 321
1495120 321
1495130 319
1495140 317
1495150 317
1495160 314
1495170 313
1495180 313
1495190 311
1495200 310
1495210 310
1495220 308
1495230 308
1495240 308
1495250 308
1495260 308
1495270 308
1495280 308
1495290 309
1495300 309
1495310 309
1495320 309
1495330 309
1495340 309
1495350 309
1495360 309
1495370 309
1495380 308
1495390 308
1495400 307
1495410 306
1495420 306
1495430 305
1495440 305
1495450 305
1495460 306
1495470 306
1495480 306
1495490 306
1495500 307
1495510 307
1495520 307
1495530 307
1495540 307
1495550 305
1495560 304
1495570 304
1495580 305
1495590 305
1495600 305
1495610 305
1495620 305
1495630 305
1495640 305
1495650 305
1495660 305
1495670 305
1495680 306
1495690 306
1495700 306
1495710 306
1495720 306
1495730 307
1495740 308
1495750 308
1495760 309
1495770 310
1495780 310
1495790 310
1495800 311
1495810 311
1495820 311
1495830 311
1495840 311
1495850 311
1495860 310
1495870 310
1495880 309
1495890 309
1495900 309
1495910 308
1495920 307
1495930 307
1495940 307
1495950 306
1495960 306
1495970 306
1495980 306
1495990 306
1496000 307
1496010 310
1496020 310
1496030 310
1496040 309
1496050 309
1496060 307
1496070 306
1496080 306
1496090 305
1496100 305
1496110 305
1496120 305
1496130 304
1496140 304
1496150 303
1496160 303
1496170 303
1496180 303
1496190 303
1496200 303
1496210 303
1496220 303
1496230 303
1496240 303
1496250 303
1496260 303
1496270 303
1496280 303
1496290 303
1496300 303
1496310 303
1496320 303
1496330 303
1496340 303
1496350 303
1496360 303
1496370 303
1496380 303
1496390 303
1496400 303
1496410 303
1496420 303
1496430 303
1496440 303
1496450 303
1496460 303
1496470 303
1496480 303
1496490 303
1496500 303
1496510 303
1496520 303
1496530 303
1496540 303
1496550 303
1496560 303
1496570 303
1496580 303
1496590 304
1496600 304
1496610 304
1496620 304
1496630 304
1496640 304
1496650 304
1496660 304
1496670 304
1496680 303
1496690 304
1496700 304
1496710 304
1496720 306
1496730 306
1496740 309
1496750 314
1496760 314
1496770 316
1496780 315
1496790 315
1496800 312
1496810 312
1496820 312
1496830 315
1496840 315
1496850 315
1496860 312
1496870 308
1496880 308
1496890 307
1496900 309
1496910 309
1496920 313
1496930 315
1496940 315
1496950 314
1496960 313
1496970 313
1496980 313
1496990 316
1497000 316
1497010 319
1497020 322
1497030 322
1497040 326
1497050 328
1497060 328
1497070 329
1497080 330
1497090 330
1497100 332
1497110 334
1497120 334
1497130 337
1497140 339
1497150 339
1497160 341
1497170 344
1497180 344
1497190 347
1497200 350
1497210 350
1497220 352
1497230 354
1497240 354
1497250 355
1497260 355
1497270 355
1497280 356
1497290 355
1497300 355
1497310 355
1497320 355
1497330 355
1497340 355
1497350 356
1497360 356
1497370 358
1497380 359
1497390 359
1497400 360
1497410 360
1497420 360
1497430 360
1497440 360
1497450 360
1497460 361
1497470 361
1497480 361
1497490 362
1497500 361
1497510 361
1497520 360
1497530 360
1497540 360
1497550 361
1497560 361
1497570 364
1497580 366
1497590 366
1497600 369
1497610 371
1497620 371
1497630 372
1497640 373
1497650 373
1497660 374
1497670 375
1497680 375
1497690 375
1497700 376
1497710 376
1497720 377
1497730 378
1497740 378
1497750 379
1497760 379
1497770 379
1497780 380
1497790 381
1497800 381
1497810 382
1497820 383
1497830 383
1497840 383
1497850 384
1497860 384
1497870 384
1497880 385
1497890 385
1497900 385
1497910 384
1497920 384
1497930 384
1497940 383
1497950 383
1497960 381
1497970 385
1497980 385
1497990 387
1498000 390
1498010 390
1498020 393
1498030 396
1498040 396
1498050 398
1498060 399
1498070 399
1498080 401
1498090 402
1498100 402
1498110 403
1498120 404
1498130 404
1498140 406
1498150 407
1498160 407
1498170 408
1498180 409
1498190 409
1498200 410
1498210 411
1498220 411
1498230 412
1498240 413
1498250 413
1498260 413
1498270 414
1498280 414
1498290 414
1498300 415
1498310 415
1498320 415
1498330 414
1498340 414
1498350 415
1498360 418
1498370 418
1498380 419
1498390 419
1498400 419
1498410 419
1498420 419
1498430 419
1498440 419
1498450 419
1498460 419
1498470 419
1498480 419
1498490 419
1498500 419
1498510 419
1498520 419
1498530 419
1498540 419
1498550 419
1498560 419
1498570 419
1498580 419
1498590 418
1498600 418
1498610 418
1498620 417
1498630 417
1498640 417
1498650 416
1498660 415
1498670 415
1498680 415
1498690 415
1498700 415
1498710 414
1498720 413
1498730 413
1498740 413
1498750 412
1498760 412
1498770 411
1498780 411
1498790 410
1498800 409
1498810 409
1498820 408
1498830 407
1498840 407
1498850 406
1498860 405
1498870 405
1498880 404
1498890 403
1498900 403
1498910 401
1498920 401
1498930 401
1498940 400
1498950 400
1498960 400
1498970 398
1498980 397
1498990 397
1499000 394
1499010 390
1499020 390
1499030 386
1499040 381
1499050 381
1499060 378
1499070 377
1499080 377
1499090 378
1499100 384
1499110 384
1499120 388
1499130 391
1499140 391
1499150 392
1499160 393
1499170 393
1499180 393
1499190 392
1499200 392
1499210 390
1499220 387
1499230 387
1499240 385
1499250 382
1499260 382
1499270 380
1499280 378
1499290 378
1499300 376
1499310 375
1499320 375
1499330 372
1499340 369
1499350 369
1499360 368
1499370 369
1499380 369
1499390 369
1499400 369
1499410 369
1499420 369
1499430 369
1499440 369
1499450 370
1499460 370
1499470 370
1499480 370
1499490 371
1499500 371
1499510 371
1499520 371
1499530 371
1499540 372
1499550 374
1499560 374
1499570 378
1499580 380
1499590 380
1499600 382
1499610 383
1499620 383
1499630 384
1499640 385
1499650 385
1499660 385
1499670 385
1499680 385
1499690 384
1499700 384
1499710 384
1499720 385
1499730 385
1499740 385
1499750 385
1499760 385
1499770 385
1499780 385
1499790 386
1499800 386
1499810 386
1499820 386
1499830 386
1499840 387
1499850 388
1499860 388
1499870 390
1499880 391
1499890 391
1499900 392
1499910 393
1499920 393
1499930 393
1499940 392
1499950 392
1499960 389
1499970 384
1499980 384
1499990 382
