1494990 349
1495000 349
1495010 349
1495020 348
1495030 348
1495040 347
1495050 346
1495060 346
1495070 344
1495080 343
1495090 343
1495100 342
1495110 341
1495120 341
1495130 340
1495140 339
1495150 339
1495160 337
1495170 337
1495180 337
1495190 336
1495200 335
1495210 335
1495220 334
1495230 334
1495240 334
1495250 333
1495260 331
1495270 331
1495280 331
1495290 329
1495300 329
1495310 329
1495320 328
1495330 328
1495340 328
1495350 328
1495360 328
1495370 327
1495380 327
1495390 327
1495400 327
1495410 326
1495420 326
1495430 325
1495440 324
1495450 324
1495460 324
1495470 323
1495480 323
1495490 323
1495500 323
1495510 323
1495520 322
1495530 322
1495540 322
1495550 322
1495560 325
1495570 325
1495580 325
1495590 326
1495600 326
1495610 327
1495620 328
1495630 328
1495640 330
1495650 330
1495660 330
1495670 330
1495680 330
1495690 330
1495700 330
1495710 330
1495720 330
1495730 330
1495740 330
1495750 330
1495760 330
1495770 329
1495780 329
1495790 329
1495800 329
1495810 329
1495820 329
1495830 328
1495840 328
1495850 326
1495860 323
1495870 323
1495880 325
1495890 326
1495900 326
1495910 325
1495920 325
1495930 325
1495940 324
1495950 324
1495960 324
1495970 323
1495980 323
1495990 323
1496000 322
1496010 321
1496020 321
1496030 320
1496040 320
1496050 320
1496060 319
1496070 319
1496080 319
1496090 319
1496100 319
1496110 319
1496120 319
1496130 319
1496140 318
1496150 318
1496160 318
1496170 318
1496180 318
1496190 318
1496200 317
1496210 317
1496220 317
1496230 317
1496240 317
1496250 317
1496260 317
1496270 317
1496280 317
1496290 317
1496300 317
1496310 317
1496320 317
1496330 317
1496340 317
1496350 318
1496360 318
1496370 318
1496380 318
1496390 317
1496400 317
1496410 316
1496420 315
1496430 315
1496440 315
1496450 314
1496460 314
1496470 313
1496480 313
1496490 313
1496500 311
1496510 310
1496520 310
1496530 309
1496540 307
1496550 307
1496560 304
1496570 303
1496580 303
1496590 303
1496600 303
1496610 303
1496620 303
1496630 303
1496640 303
1496650 303
1496660 303
1496670 303
1496680 303
1496690 303
1496700 303
1496710 303
1496720 303
1496730 303
1496740 303
1496750 304
1496760 304
1496770 308
1496780 310
1496790 310
1496800 310
1496810 312
1496820 312
1496830 317
1496840 318
1496850 318
1496860 318
1496870 318
1496880 318
1496890 318
1496900 318
1496910 318
1496920 317
1496930 318
1496940 318
1496950 322
1496960 324
1496970 324
1496980 326
1496990 327
1497000 327
1497010 328
1497020 328
1497030 328
1497040 329
1497050 330
1497060 330
1497070 331
1497080 332
1497090 332
1497100 333
1497110 334
1497120 334
1497130 336
1497140 338
1497150 338
1497160 341
1497170 345
1497180 345
1497190 348
1497200 352
1497210 352
1497220 355
1497230 357
1497240 357
1497250 359
1497260 360
1497270 360
1497280 361
1497290 363
1497300 363
1497310 364
1497320 366
1497330 366
1497340 367
1497350 367
1497360 368
1497370 369
1497380 369
1497390 370
1497400 372
1497410 372
1497420 373
1497430 375
1497440 375
1497450 377
1497460 378
1497470 378
1497480 379
1497490 381
1497500 381
1497510 383
1497520 385
1497530 385
1497540 386
1497550 388
1497560 388
1497570 390
1497580 391
1497590 391
1497600 393
1497610 395
1497620 395
1497630 397
1497640 399
1497650 399
1497660 400
1497670 401
1497680 401
1497690 402
1497700 403
1497710 403
1497720 404
1497730 405
1497740 405
1497750 406
1497760 406
1497770 406
1497780 407
1497790 408
1497800 408
1497810 409
1497820 409
1497830 409
1497840 410
1497850 411
1497860 411
1497870 411
1497880 412
1497890 412
1497900 413
1497910 413
1497920 413
1497930 414
1497940 415
1497950 415
1497960 416
1497970 416
1497980 416
1497990 417
1498000 418
1498010 418
1498020 418
1498030 419
1498040 419
1498050 419
1498060 420
1498070 420
1498080 420
1498090 420
1498100 420
1498110 420
1498120 422
1498130 422
1498140 422
1498150 422
1498160 422
1498170 423
1498180 423
1498190 423
1498200 423
1498210 424
1498220 424
1498230 424
1498240 424
1498250 424
1498260 425
1498270 425
1498280 425
1498290 425
1498300 425
1498310 425
1498320 426
1498330 426
1498340 426
1498350 426
1498360 426
1498370 426
1498380 426
1498390 426
1498400 426
1498410 426
1498420 426
1498430 426
1498440 426
1498450 426
1498460 426
1498470 426
1498480 426
1498490 426
1498500 426
1498510 426
1498520 426
1498530 425
1498540 425
1498550 425
1498560 425
1498570 425
1498580 424
1498590 424
1498600 424
1498610 423
1498620 423
1498630 423
1498640 422
1498650 422
1498660 422
1498670 421
1498680 421
1498690 421
1498700 420
1498710 419
1498720 419
1498730 417
1498740 416
1498750 416
1498760 414
1498770 412
1498780 412
1498790 411
1498800 409
1498810 409
1498820 407
1498830 405
1498840 405
1498850 408
1498860 412
1498870 412
1498880 415
1498890 416
1498900 416
1498910 416
1498920 416
1498930 416
1498940 416
1498950 417
1498960 417
1498970 417
1498980 417
1498990 417
1499000 417
1499010 417
1499020 417
1499030 417
1499040 417
1499050 417
1499060 418
1499070 418
1499080 418
1499090 418
1499100 418
1499110 418
1499120 418
1499130 418
1499140 418
1499150 417
1499160 417
1499170 417
1499180 417
1499190 416
1499200 416
1499210 415
1499220 415
1499230 415
1499240 415
1499250 416
1499260 416
1499270 416
1499280 416
1499290 416
1499300 417
1499310 417
1499320 417
1499330 417
1499340 417
1499350 417
1499360 416
1499370 417
1499380 417
1499390 416
1499400 416
1499410 416
1499420 416
1499430 415
1499440 415
1499450 415
1499460 414
1499470 414
1499480 414
1499490 414
1499500 414
1499510 413
1499520 412
1499530 412
1499540 412
1499550 411
1499560 411
1499570 410
1499580 409
1499590 409
1499600 408
1499610 407
1499620 407
1499630 407
1499640 406
1499650 406
1499660 405
1499670 405
1499680 405
1499690 404
1499700 403
1499710 403
1499720 402
1499730 401
1499740 401
1499750 399
1499760 399
1499770 398
1499780 394
1499790 394
1499800 392
1499810 389
1499820 389
1499830 387
1499840 386
1499850 386
1499860 385
1499870 385
1499880 385
1499890 385
1499900 385
1499910 385
1499920 385
1499930 385
1499940 385
1499950 385
1499960 384
1499970 384
1499980 384
1499990 384
