1495780 417
1495790 418
1495800 418
1495810 418
1495820 419
1495830 419
1495840 419
1495850 420
1495860 420
1495870 420
1495880 420
1495890 420
1495900 421
1495910 421
1495920 421
1495930 421
1495940 421
1495950 421
1495960 421
1495970 419
1495980 419
1495990 417
1496000 414
1496010 414
1496020 412
1496030 411
1496040 411
1496050 411
1496060 413
1496070 413
1496080 415
1496090 418
1496100 418
1496110 420
1496120 422
1496130 422
1496140 423
1496150 425
1496160 425
1496170 426
1496180 428
1496190 428
1496200 429
1496210 430
1496220 430
1496230 431
1496240 432
1496250 432
1496260 433
1496270 434
1496280 434
1496290 435
1496300 436
1496310 436
1496320 437
1496330 437
1496340 437
1496350 438
1496360 438
1496370 438
1496380 438
1496390 439
1496400 439
1496410 440
1496420 440
1496430 440
1496440 441
1496450 440
1496460 440
1496470 441
1496480 441
1496490 441
1496500 441
1496510 441
1496520 441
1496530 440
1496540 440
1496550 439
1496560 438
1496570 438
1496580 437
1496590 436
1496600 436
1496610 434
1496620 433
1496630 433
1496640 433
1496650 430
1496660 430
1496670 429
1496680 427
1496690 427
1496700 426
1496710 425
1496720 425
1496730 423
1496740 422
1496750 422
1496760 422
1496770 421
1496780 421
1496790 420
1496800 419
1496810 419
1496820 418
1496830 417
1496840 417
1496850 415
1496860 413
1496870 413
1496880 412
1496890 410
1496900 410
1496910 407
1496920 405
1496930 405
1496940 403
1496950 400
1496960 400
1496970 398
1496980 396
1496990 396
1497000 394
1497010 392
1497020 392
1497030 390
1497040 387
1497050 387
1497060 383
1497070 380
1497080 380
1497090 375
1497100 373
1497110 373
1497120 372
1497130 373
1497140 373
1497150 374
1497160 374
1497170 374
1497180 372
1497190 367
1497200 367
1497210 357
1497220 349
1497230 349
1497240 341
1497250 334
1497260 334
1497270 326
1497280 319
1497290 319
1497300 313
1497310 307
1497320 307
1497330 305
1497340 303
1497350 303
1497360 303
1497370 303
1497380 303
1497390 303
1497400 303
1497410 303
1497420 303
1497430 303
1497440 303
1497450 303
1497460 303
1497470 303
1497480 306
1497490 310
1497500 310
1497510 312
1497520 311
1497530 311
1497540 311
1497550 311
1497560 311
1497570 311
1497580 311
1497590 311
1497600 312
1497610 313
1497620 313
1497630 315
1497640 315
1497650 315
1497660 315
1497670 315
1497680 315
1497690 316
1497700 316
1497710 318
1497720 319
1497730 319
1497740 320
1497750 322
1497760 322
1497770 327
1497780 332
1497790 332
1497800 337
1497810 342
1497820 342
1497830 347
1497840 352
1497850 352
1497860 356
1497870 361
1497880 361
1497890 365
1497900 369
1497910 369
1497920 372
1497930 376
1497940 376
1497950 379
1497960 382
1497970 382
1497980 384
1497990 386
1498000 386
1498010 389
1498020 391
1498030 391
1498040 393
1498050 394
1498060 394
1498070 396
1498080 397
1498090 397
1498100 398
1498110 399
1498120 399
1498130 401
1498140 402
1498150 402
1498160 403
1498170 405
1498180 405
1498190 406
1498200 407
1498210 407
1498220 408
1498230 409
1498240 409
1498250 411
1498260 411
1498270 411
1498280 412
1498290 413
1498300 413
1498310 414
1498320 415
1498330 415
1498340 416
1498350 416
1498360 416
1498370 418
1498380 418
1498390 418
1498400 419
1498410 420
1498420 420
1498430 420
1498440 421
1498450 421
1498460 422
1498470 422
1498480 422
1498490 423
1498500 424
1498510 424
1498520 425
1498530 425
1498540 425
1498550 426
1498560 426
1498570 426
1498580 426
1498590 425
1498600 425
1498610 424
1498620 423
1498630 423
1498640 422
1498650 420
1498660 420
1498670 418
1498680 416
1498690 416
1498700 414
1498710 413
1498720 413
1498730 411
1498740 410
1498750 410
1498760 408
1498770 408
1498780 407
1498790 408
1498800 408
1498810 408
1498820 408
1498830 408
1498840 407
1498850 406
1498860 406
1498870 404
1498880 402
1498890 402
1498900 400
1498910 396
1498920 396
1498930 392
1498940 386
1498950 386
1498960 382
1498970 377
1498980 377
1498990 373
1499000 369
1499010 369
1499020 364
1499030 359
1499040 359
1499050 353
1499060 347
1499070 347
1499080 344
1499090 344
1499100 344
1499110 345
1499120 347
1499130 347
1499140 351
1499150 356
1499160 356
1499170 360
1499180 364
1499190 364
1499200 368
1499210 373
1499220 373
1499230 377
1499240 380
1499250 380
1499260 384
1499270 388
1499280 388
1499290 393
1499300 397
1499310 397
1499320 399
1499330 400
1499340 400
1499350 402
1499360 403
1499370 403
1499380 405
1499390 406
1499400 406
1499410 407
1499420 408
1499430 408
1499440 409
1499450 409
1499460 409
1499470 410
1499480 409
1499490 409
1499500 409
1499510 409
1499520 409
1499530 408
1499540 408
1499550 408
1499560 408
1499570 408
1499580 408
1499590 408
1499600 407
1499610 407
1499620 405
1499630 402
1499640 402
1499650 400
1499660 398
1499670 398
1499680 396
1499690 394
1499700 394
1499710 396
1499720 400
1499730 400
1499740 404
1499750 408
1499760 408
1499770 411
1499780 413
1499790 413
1499800 415
1499810 417
1499820 417
1499830 420
1499840 422
1499850 422
1499860 424
1499870 426
1499880 426
1499890 428
1499900 428
1499910 430
1499920 432
1499930 432
1499940 434
1499950 435
1499960 435
1499970 436
1499980 438
1499990 438
