1496090 449
1496100 449
1496110 449
1496120 449
1496130 449
1496140 450
1496150 450
1496160 450
1496170 450
1496180 449
1496190 449
1496200 450
1496210 451
1496220 451
1496230 451
1496240 451
1496250 451
1496260 451
1496270 451
1496280 451
1496290 451
1496300 451
1496310 451
1496320 451
1496330 451
1496340 451
1496350 451
1496360 451
1496370 451
1496380 450
1496390 450
1496400 450
1496410 450
1496420 450
1496430 450
1496440 450
1496450 450
1496460 451
1496470 451
1496480 451
1496490 451
1496500 451
1496510 451
1496520 451
1496530 450
1496540 450
1496550 450
1496560 450
1496570 450
1496580 450
1496590 450
1496600 450
1496610 450
1496620 451
1496630 451
1496640 451
1496650 450
1496660 450
1496670 450
1496680 450
1496690 450
1496700 450
1496710 449
1496720 449
1496730 448
1496740 448
1496750 448
1496760 447
1496770 447
1496780 447
1496790 446
1496800 445
1496810 445
1496820 444
1496830 444
1496840 444
1496850 443
1496860 443
1496870 443
1496880 441
1496890 440
1496900 440
1496910 439
1496920 438
1496930 438
1496940 438
1496950 436
1496960 436
1496970 435
1496980 432
1496990 432
1497000 430
1497010 428
1497020 428
1497030 426
1497040 422
1497050 422
1497060 421
1497070 420
1497080 420
1497090 418
1497100 417
1497110 417
1497120 416
1497130 415
1497140 415
1497150 411
1497160 408
1497170 408
1497180 408
1497190 408
1497200 408
1497210 408
1497220 407
1497230 407
1497240 406
1497250 404
1497260 404
1497270 402
1497280 400
1497290 400
1497300 399
1497310 396
1497320 396
1497330 392
1497340 384
1497350 384
1497360 377
1497370 377
1497380 372
1497390 366
1497400 366
1497410 360
1497420 354
1497430 354
1497440 349
1497450 345
1497460 345
1497470 342
1497480 340
1497490 340
1497500 338
1497510 335
1497520 335
1497530 332
1497540 328
1497550 328
1497560 324
1497570 322
1497580 322
1497590 318
1497600 313
1497610 313
1497620 310
1497630 305
1497640 305
1497650 303
1497660 303
1497670 303
1497680 303
1497690 303
1497700 303
1497710 303
1497720 303
1497730 303
1497740 303
1497750 303
1497760 303
1497770 303
1497780 303
1497790 303
1497800 303
1497810 303
1497820 303
1497830 303
1497840 303
1497850 303
1497860 303
1497870 303
1497880 303
1497890 303
1497900 302
1497910 302
1497920 304
1497930 306
1497940 306
1497950 307
1497960 307
1497970 307
1497980 308
1497990 308
1498000 308
1498010 309
1498020 308
1498030 308
1498040 308
1498050 309
1498060 309
1498070 309
1498080 309
1498090 309
1498100 309
1498110 310
1498120 310
1498130 313
1498140 315
1498150 315
1498160 315
1498170 315
1498180 315
1498190 316
1498200 317
1498210 317
1498220 318
1498230 319
1498240 319
1498250 320
1498260 320
1498270 320
1498280 321
1498290 322
1498300 322
1498310 322
1498320 322
1498330 322
1498340 322
1498350 322
1498360 322
1498370 322
1498380 322
1498390 322
1498400 323
1498410 324
1498420 324
1498430 323
1498440 322
1498450 322
1498460 321
1498470 321
1498480 320
1498490 317
1498500 317
1498510 313
1498520 313
1498530 313
1498540 314
1498550 314
1498560 314
1498570 314
1498580 316
1498590 316
1498600 320
1498610 324
1498620 324
1498630 330
1498640 336
1498650 336
1498660 341
1498670 346
1498680 346
1498690 351
1498700 356
1498710 356
1498720 361
1498730 366
1498740 366
1498750 370
1498760 374
1498770 374
1498780 377
1498790 381
1498800 381
1498810 384
1498820 386
1498830 386
1498840 389
1498850 391
1498860 391
1498870 393
1498880 395
1498890 395
1498900 396
1498910 398
1498920 398
1498930 399
1498940 400
1498950 400
1498960 401
1498970 402
1498980 402
1498990 403
1499000 404
1499010 404
1499020 404
1499030 405
1499040 405
1499050 405
1499060 405
1499070 405
1499080 405
1499090 404
1499100 404
1499110 404
1499120 404
1499130 404
1499140 404
1499150 404
1499160 404
1499170 404
1499180 404
1499190 404
1499200 404
1499210 404
1499220 404
1499230 404
1499240 404
1499250 404
1499260 405
1499270 405
1499280 405
1499290 404
1499300 404
1499310 404
1499320 405
1499330 406
1499340 406
1499350 407
1499360 408
1499370 408
1499380 410
1499390 411
1499400 411
1499410 413
1499420 414
1499430 414
1499440 415
1499450 416
1499460 416
1499470 417
1499480 418
1499490 418
1499500 419
1499510 420
1499520 420
1499530 420
1499540 421
1499550 421
1499560 421
1499570 421
1499580 421
1499590 422
1499600 422
1499610 424
1499620 426
1499630 426
1499640 427
1499650 428
1499660 428
1499670 430
1499680 431
1499690 431
1499700 433
1499710 434
1499720 434
1499730 436
1499740 439
1499750 439
1499760 441
1499770 444
1499780 444
1499790 446
1499800 448
1499810 448
1499820 449
1499830 450
1499840 450
1499850 450
1499860 450
1499870 450
1499880 450
1499890 450
1499900 450
1499910 449
1499920 449
1499930 449
1499940 449
1499950 448
1499960 448
1499970 448
1499980 447
1499990 447
