1495610 423
1495620 423
1495630 423
1495640 422
1495650 422
1495660 421
1495670 420
1495680 420
1495690 419
1495700 419
1495710 418
1495720 416
1495730 416
1495740 415
1495750 413
1495760 413
1495770 412
1495780 411
1495790 411
1495800 409
1495810 408
1495820 408
1495830 406
1495840 404
1495850 404
1495860 402
1495870 399
1495880 399
1495890 396
1495900 393
1495910 393
1495920 392
1495930 392
1495940 392
1495950 392
1495960 396
1495970 396
1495980 400
1495990 403
1496000 403
1496010 405
1496020 407
1496030 407
1496040 409
1496050 411
1496060 411
1496070 413
1496080 415
1496090 415
1496100 416
1496110 417
1496120 417
1496130 418
1496140 419
1496150 419
1496160 420
1496170 421
1496180 421
1496190 421
1496200 422
1496210 422
1496220 422
1496230 422
1496240 422
1496250 422
1496260 422
1496270 422
1496280 422
1496290 422
1496300 422
1496310 422
1496320 422
1496330 422
1496340 421
1496350 421
1496360 421
1496370 420
1496380 419
1496390 419
1496400 418
1496410 416
1496420 416
1496430 413
1496440 411
1496450 411
1496460 407
1496470 402
1496480 402
1496490 397
1496500 395
1496510 395
1496520 399
1496530 402
1496540 402
1496550 405
1496560 408
1496570 408
1496580 409
1496590 410
1496600 410
1496610 410
1496620 411
1496630 411
1496640 412
1496650 412
1496660 412
1496670 413
1496680 413
1496690 413
1496700 413
1496710 413
1496720 413
1496730 413
1496740 413
1496750 413
1496760 411
1496770 411
1496780 410
1496790 408
1496800 408
1496810 406
1496820 404
1496830 404
1496840 402
1496850 400
1496860 400
1496870 397
1496880 394
1496890 394
1496900 391
1496910 388
1496920 388
1496930 384
1496940 380
1496950 380
1496960 374
1496970 368
1496980 368
1496990 361
1497000 354
1497010 354
1497020 348
1497030 342
1497040 342
1497050 337
1497060 333
1497070 333
1497080 328
1497090 323
1497100 323
1497110 318
1497120 314
1497130 314
1497140 309
1497150 306
1497160 306
1497170 304
1497180 303
1497190 303
1497200 303
1497210 303
1497220 303
1497230 303
1497240 303
1497250 303
1497260 303
1497270 303
1497280 303
1497290 303
1497300 303
1497310 303
1497320 303
1497330 303
1497340 303
1497350 303
1497360 303
1497370 303
1497380 303
1497390 303
1497400 303
1497410 303
1497420 303
1497430 303
1497440 303
1497450 303
1497460 303
1497470 303
1497480 303
1497490 303
1497500 303
1497510 303
1497520 303
1497530 303
1497540 303
1497550 303
1497560 303
1497570 303
1497580 303
1497590 303
1497600 304
1497610 304
1497620 305
1497630 305
1497640 305
1497650 305
1497660 305
1497670 305
1497680 306
1497690 307
1497700 307
1497710 307
1497720 307
1497730 307
1497740 309
1497750 311
1497760 311
1497770 312
1497780 312
1497790 312
1497800 313
1497810 313
1497820 314
1497830 314
1497840 314
1497850 315
1497860 317
1497870 317
1497880 318
1497890 320
1497900 320
1497910 323
1497920 325
1497930 325
1497940 329
1497950 334
1497960 334
1497970 340
1497980 344
1497990 344
1498000 348
1498010 351
1498020 351
1498030 353
1498040 354
1498050 354
1498060 356
1498070 357
1498080 357
1498090 359
1498100 360
1498110 360
1498120 362
1498130 363
1498140 363
1498150 365
1498160 366
1498170 366
1498180 368
1498190 370
1498200 370
1498210 371
1498220 373
1498230 373
1498240 373
1498250 374
1498260 374
1498270 375
1498280 376
1498290 376
1498300 377
1498310 378
1498320 378
1498330 379
1498340 380
1498350 380
1498360 381
1498370 382
1498380 382
1498390 382
1498400 383
1498410 383
1498420 383
1498430 383
1498440 383
1498450 382
1498460 380
1498470 380
1498480 378
1498490 377
1498500 377
1498510 376
1498520 374
1498530 374
1498540 373
1498550 372
1498560 372
1498570 371
1498580 372
1498590 372
1498600 372
1498610 373
1498620 373
1498630 374
1498640 375
1498650 375
1498660 376
1498670 378
1498680 378
1498690 381
1498700 384
1498710 384
1498720 386
1498730 388
1498740 388
1498750 389
1498760 390
1498770 390
1498780 391
1498790 391
1498800 391
1498810 391
1498820 390
1498830 390
1498840 389
1498850 389
1498860 388
1498870 389
1498880 389
1498890 392
1498900 396
1498910 396
1498920 399
1498930 401
1498940 401
1498950 403
1498960 406
1498970 406
1498980 408
1498990 409
1499000 409
1499010 411
1499020 412
1499030 412
1499040 413
1499050 412
1499060 412
1499070 412
1499080 412
1499090 412
1499100 411
1499110 410
1499120 410
1499130 410
1499140 412
1499150 412
1499160 415
1499170 417
1499180 417
1499190 420
1499200 422
1499210 422
1499220 424
1499230 426
1499240 426
1499250 428
1499260 430
1499270 430
1499280 432
1499290 434
1499300 434
1499310 435
1499320 437
1499330 437
1499340 438
1499350 440
1499360 440
1499370 442
1499380 444
1499390 444
1499400 446
1499410 448
1499420 448
1499430 450
1499440 452
1499450 452
1499460 453
1499470 453
1499480 453
1499490 454
1499500 455
1499510 455
1499520 456
1499530 456
1499540 456
1499550 457
1499560 458
1499570 458
1499580 459
1499590 460
1499600 460
1499610 461
1499620 462
1499630 462
1499640 463
1499650 464
1499660 464
1499670 465
1499680 466
1499690 466
1499700 466
1499710 467
1499720 467
1499730 467
1499740 468
1499750 468
1499760 468
1499770 468
1499780 468
1499790 468
1499800 469
1499810 469
1499820 469
1499830 469
1499840 469
1499850 469
1499860 470
1499870 470
1499880 470
1499890 470
1499900 470
1499910 471
1499920 471
1499930 471
1499940 471
1499950 471
1499960 472
1499970 472
1499980 472
1499990 473
