1495210 378
1495220 378
1495230 379
1495240 380
1495250 380
1495260 382
1495270 383
1495280 383
1495290 384
1495300 385
1495310 385
1495320 387
1495330 388
1495340 388
1495350 389
1495360 390
1495370 390
1495380 391
1495390 392
1495400 392
1495410 393
1495420 394
1495430 394
1495440 394
1495450 395
1495460 395
1495470 395
1495480 395
1495490 395
1495500 395
1495510 395
1495520 395
1495530 395
1495540 395
1495550 395
1495560 395
1495570 395
1495580 395
1495590 394
1495600 393
1495610 393
1495620 390
1495630 388
1495640 388
1495650 384
1495660 380
1495670 380
1495680 379
1495690 380
1495700 380
1495710 381
1495720 382
1495730 382
1495740 383
1495750 384
1495760 384
1495770 385
1495780 386
1495790 386
1495800 385
1495810 385
1495820 385
1495830 386
1495840 386
1495850 387
1495860 388
1495870 388
1495880 390
1495890 391
1495900 391
1495910 393
1495920 394
1495930 394
1495940 395
1495950 396
1495960 396
1495970 398
1495980 400
1495990 400
1496000 401
1496010 402
1496020 402
1496030 403
1496040 404
1496050 404
1496060 405
1496070 406
1496080 406
1496090 407
1496100 407
1496110 407
1496120 408
1496130 408
1496140 408
1496150 409
1496160 409
1496170 409
1496180 409
1496190 410
1496200 410
1496210 410
1496220 410
1496230 410
1496240 410
1496250 410
1496260 410
1496270 410
1496280 409
1496290 409
1496300 409
1496310 409
1496320 409
1496330 409
1496340 409
1496350 409
1496360 408
1496370 408
1496380 408
1496390 407
1496400 406
1496410 406
1496420 405
1496430 405
1496440 405
1496450 404
1496460 403
1496470 403
1496480 401
1496490 400
1496500 400
1496510 397
1496520 394
1496530 394
1496540 391
1496550 387
1496560 387
1496570 383
1496580 379
1496590 379
1496600 375
1496610 369
1496620 369
1496630 363
1496640 358
1496650 358
1496660 354
1496670 350
1496680 350
1496690 345
1496700 341
1496710 341
1496720 336
1496730 331
1496740 331
1496750 326
1496760 323
1496770 323
1496780 320
1496790 317
1496800 317
1496810 315
1496820 315
1496830 313
1496840 311
1496850 311
1496860 309
1496870 307
1496880 307
1496890 305
1496900 305
1496910 305
1496920 304
1496930 304
1496940 304
1496950 303
1496960 303
1496970 303
1496980 303
1496990 303
1497000 303
1497010 303
1497020 303
1497030 303
1497040 303
1497050 303
1497060 303
1497070 303
1497080 303
1497090 303
1497100 303
1497110 303
1497120 303
1497130 303
1497140 303
1497150 303
1497160 303
1497170 303
1497180 303
1497190 303
1497200 303
1497210 303
1497220 303
1497230 303
1497240 303
1497250 303
1497260 303
1497270 303
1497280 303
1497290 303
1497300 303
1497310 303
1497320 303
1497330 303
1497340 303
1497350 305
1497360 305
1497370 307
1497380 308
1497390 308
1497400 308
1497410 310
1497420 310
1497430 316
1497440 322
1497450 322
1497460 328
1497470 334
1497480 334
1497490 340
1497500 346
1497510 346
1497520 353
1497530 358
1497540 358
1497550 364
1497560 370
1497570 370
1497580 376
1497590 381
1497600 381
1497610 384
1497620 386
1497630 386
1497640 386
1497650 387
1497660 387
1497670 387
1497680 388
1497690 388
1497700 389
1497710 391
1497720 391
1497730 392
1497740 392
1497750 392
1497760 392
1497770 392
1497780 392
1497790 391
1497800 391
1497810 390
1497820 388
1497830 388
1497840 387
1497850 386
1497860 386
1497870 385
1497880 386
1497890 386
1497900 388
1497910 389
1497920 389
1497930 391
1497940 393
1497950 393
1497960 394
1497970 395
1497980 395
1497990 396
1498000 397
1498010 397
1498020 397
1498030 397
1498040 397
1498050 398
1498060 398
1498070 398
1498080 398
1498090 398
1498100 398
1498110 399
1498120 400
1498130 400
1498140 401
1498150 402
1498160 402
1498170 403
1498180 405
1498190 405
1498200 405
1498210 406
1498220 406
1498230 405
1498240 403
1498250 403
1498260 402
1498270 403
1498280 403
1498290 405
1498300 406
1498310 406
1498320 407
1498330 407
1498340 407
1498350 407
1498360 408
1498370 408
1498380 408
1498390 407
1498400 407
1498410 407
1498420 407
1498430 407
1498440 408
1498450 408
1498460 408
1498470 409
1498480 409
1498490 409
1498500 409
1498510 409
1498520 409
1498530 411
1498540 412
1498550 412
1498560 413
1498570 413
1498580 413
1498590 414
1498600 414
1498610 414
1498620 415
1498630 415
1498640 415
1498650 416
1498660 417
1498670 417
1498680 418
1498690 418
1498700 418
1498710 419
1498720 420
1498730 420
1498740 421
1498750 422
1498760 422
1498770 423
1498780 423
1498790 423
1498800 424
1498810 424
1498820 424
1498830 425
1498840 425
1498850 425
1498860 426
1498870 426
1498880 426
1498890 427
1498900 427
1498910 427
1498920 427
1498930 427
1498940 427
1498950 429
1498960 429
1498970 430
1498980 430
1498990 430
1499000 431
1499010 432
1499020 432
1499030 432
1499040 433
1499050 433
1499060 434
1499070 434
1499080 434
1499090 435
1499100 436
1499110 436
1499120 436
1499130 437
1499140 437
1499150 438
1499160 439
1499170 439
1499180 439
1499190 440
1499200 440
1499210 441
1499220 441
1499230 441
1499240 442
1499250 443
1499260 443
1499270 443
1499280 444
1499290 444
1499300 444
1499310 445
1499320 445
1499330 446
1499340 446
1499350 446
1499360 447
1499370 447
1499380 447
1499390 448
1499400 448
1499410 448
1499420 449
1499430 449
1499440 449
1499450 449
1499460 450
1499470 450
1499480 450
1499490 450
1499500 450
1499510 450
1499520 450
1499530 450
1499540 450
1499550 450
1499560 450
1499570 449
1499580 449
1499590 449
1499600 448
1499610 448
1499620 448
1499630 447
1499640 447
1499650 447
1499660 446
1499670 445
1499680 445
1499690 445
1499700 444
1499710 444
1499720 443
1499730 443
1499740 443
1499750 442
1499760 442
1499770 441
1499780 440
1499790 440
1499800 439
1499810 438
1499820 438
1499830 437
1499840 436
1499850 436
1499860 434
1499870 433
1499880 433
1499890 432
1499900 431
1499910 431
1499920 430
1499930 428
1499940 428
1499950 427
1499960 428
1499970 428
1499980 431
1499990 433
